# MJPC CSV file created: Sat Dec 20 21:47:16 2025
time,com_x,com_y,com_z,torque_error_FR_hip,torque_cmd_FR_hip,torque_applied_FR_hip,joint_vel_FR_hip,torque_error_FR_thigh,torque_cmd_FR_thigh,torque_applied_FR_thigh,joint_vel_FR_thigh,torque_error_FR_calf,torque_cmd_FR_calf,torque_applied_FR_calf,joint_vel_FR_calf,torque_error_FL_hip,torque_cmd_FL_hip,torque_applied_FL_hip,joint_vel_FL_hip,torque_error_FL_thigh,torque_cmd_FL_thigh,torque_applied_FL_thigh,joint_vel_FL_thigh,torque_error_FL_calf,torque_cmd_FL_calf,torque_applied_FL_calf,joint_vel_FL_calf,torque_error_RR_hip,torque_cmd_RR_hip,torque_applied_RR_hip,joint_vel_RR_hip,torque_error_RR_thigh,torque_cmd_RR_thigh,torque_applied_RR_thigh,joint_vel_RR_thigh,torque_error_RR_calf,torque_cmd_RR_calf,torque_applied_RR_calf,joint_vel_RR_calf,torque_error_RL_hip,torque_cmd_RL_hip,torque_applied_RL_hip,joint_vel_RL_hip,torque_error_RL_thigh,torque_cmd_RL_thigh,torque_applied_RL_thigh,joint_vel_RL_thigh,torque_error_RL_calf,torque_cmd_RL_calf,torque_applied_RL_calf,joint_vel_RL_calf,grf_FL_fx,grf_FL_fy,grf_FL_fz,grf_HL_fx,grf_HL_fy,grf_HL_fz,grf_FR_fx,grf_FR_fy,grf_FR_fz,grf_HR_fx,grf_HR_fy,grf_HR_fz,alex_power_abs_j,alex_align_rad,alex_fx_smooth,energy_abs_j,energy_signed_j,phase_tag
0.000000,-0.011275,0.001552,-0.019596,0.000000,0.000000,0.000000,0.000000,0.000000,0.000000,0.000000,0.000000,0.000000,0.000000,0.000000,0.000000,0.000000,0.000000,0.000000,0.000000,0.000000,0.000000,0.000000,0.000000,0.000000,0.000000,0.000000,0.000000,0.000000,0.000000,0.000000,0.000000,0.000000,0.000000,0.000000,0.000000,0.000000,0.000000,0.000000,0.000000,0.000000,0.000000,0.000000,0.000000,0.000000,0.000000,0.000000,0.000000,0.000000,0.000000,0.000000,0.000000,72.554849,-124.193606,-102.833671,71.224269,156.092692,-9.090858,-74.008502,-121.989136,100.779722,-73.113137,155.409418,8.886116,0.000000,0.000000,0.000000,0.000000,0.000000,1
0.010000,-0.001303,0.001524,0.007399,0.000000,0.000000,0.000000,-1.702694,0.000000,0.000000,0.000000,4.273674,0.000000,0.000000,0.000000,-11.613143,0.000000,0.000000,0.000000,1.847350,0.000000,0.000000,0.000000,4.274551,0.000000,0.000000,0.000000,-11.636369,0.000000,0.000000,0.000000,-1.422299,0.000000,0.000000,0.000000,4.184817,0.000000,0.000000,0.000000,-11.510585,0.000000,0.000000,0.000000,1.612090,0.000000,0.000000,0.000000,4.174987,0.000000,0.000000,0.000000,-11.511437,16.382482,-27.703189,-4.940495,16.687490,45.807513,25.773613,-16.729715,-27.523020,4.865569,-16.985194,45.639341,-26.338359,0.000000,0.000000,0.000000,0.000000,0.000000,1
0.020000,0.005269,0.001517,0.039740,0.000000,0.000000,0.000000,-1.361910,0.000000,0.000000,0.000000,4.702665,0.000000,0.000000,0.000000,-13.675436,0.000000,0.000000,0.000000,1.634782,0.000000,0.000000,0.000000,4.720652,0.000000,0.000000,0.000000,-13.732652,0.000000,0.000000,0.000000,-0.897973,0.000000,0.000000,0.000000,4.505225,0.000000,0.000000,0.000000,-12.185753,0.000000,0.000000,0.000000,1.187570,0.000000,0.000000,0.000000,4.521251,0.000000,0.000000,0.000000,-12.226944,7.624240,-13.712815,-2.797453,6.215181,19.164101,12.022189,-7.750608,-13.711195,2.929906,-6.212574,18.783666,-12.086550,0.000000,0.000000,0.000000,0.000000,0.000000,1
0.030000,0.009977,0.001521,0.074086,0.000000,0.000000,0.000000,-0.946629,0.000000,0.000000,0.000000,3.760850,0.000000,0.000000,0.000000,-10.637927,0.000000,0.000000,0.000000,1.204611,0.000000,0.000000,0.000000,3.822856,0.000000,0.000000,0.000000,-10.707316,0.000000,0.000000,0.000000,-0.538070,0.000000,0.000000,0.000000,3.058413,0.000000,0.000000,0.000000,-8.060822,0.000000,0.000000,0.000000,0.811465,0.000000,0.000000,0.000000,3.117238,0.000000,0.000000,0.000000,-8.126645,1.821474,-3.692728,-1.013564,0.000000,0.000000,0.000000,-1.752424,-3.604756,1.112632,0.000000,0.000000,0.000000,0.000000,0.000000,0.000000,0.000000,0.000000,1
0.040000,0.014407,0.001522,0.107923,0.000000,0.000000,0.000000,-0.804002,0.000000,0.000000,0.000000,2.153250,0.000000,0.000000,0.000000,-5.792050,0.000000,0.000000,0.000000,0.985911,0.000000,0.000000,0.000000,2.222950,0.000000,0.000000,0.000000,-5.875854,0.000000,0.000000,0.000000,-0.585852,0.000000,0.000000,0.000000,1.328199,0.000000,0.000000,0.000000,-3.513648,0.000000,0.000000,0.000000,0.760800,0.000000,0.000000,0.000000,1.359329,0.000000,0.000000,0.000000,-3.543121,0.000000,0.000000,0.000000,0.000000,0.000000,0.000000,0.000000,0.000000,0.000000,0.000000,0.000000,0.000000,0.000000,0.000000,0.000000,0.000000,0.000000,1
0.050000,0.018831,0.001523,0.140776,0.000000,0.000000,0.000000,-0.749742,0.000000,0.000000,0.000000,0.955282,0.000000,0.000000,0.000000,-2.590313,0.000000,0.000000,0.000000,0.863504,0.000000,0.000000,0.000000,0.990956,0.000000,0.000000,0.000000,-2.627132,0.000000,0.000000,0.000000,-0.469950,0.000000,0.000000,0.000000,0.608779,0.000000,0.000000,0.000000,-1.581340,0.000000,0.000000,0.000000,0.575944,0.000000,0.000000,0.000000,0.625286,0.000000,0.000000,0.000000,-1.594863,0.000000,0.000000,0.000000,0.000000,0.000000,0.000000,0.000000,0.000000,0.000000,0.000000,0.000000,0.000000,0.000000,0.000000,0.000000,0.000000,0.000000,1
0.060000,0.023253,0.001525,0.172647,0.000000,0.000000,0.000000,-0.564368,0.000000,0.000000,0.000000,0.460697,0.000000,0.000000,0.000000,-1.200276,0.000000,0.000000,0.000000,0.634438,0.000000,0.000000,0.000000,0.479059,0.000000,0.000000,0.000000,-1.216912,0.000000,0.000000,0.000000,-0.318445,0.000000,0.000000,0.000000,0.317987,0.000000,0.000000,0.000000,-0.747278,0.000000,0.000000,0.000000,0.381712,0.000000,0.000000,0.000000,0.326560,0.000000,0.000000,0.000000,-0.753776,0.000000,0.000000,0.000000,0.000000,0.000000,0.000000,0.000000,0.000000,0.000000,0.000000,0.000000,0.000000,0.000000,0.000000,0.000000,0.000000,0.000000,1
0.070000,0.027672,0.001526,0.203537,0.000000,0.000000,0.000000,-0.372428,0.000000,0.000000,0.000000,0.253869,0.000000,0.000000,0.000000,-0.591789,0.000000,0.000000,0.000000,0.415341,0.000000,0.000000,0.000000,0.263212,0.000000,0.000000,0.000000,-0.599595,0.000000,0.000000,0.000000,-0.182023,0.000000,0.000000,0.000000,0.176905,0.000000,0.000000,0.000000,-0.381556,0.000000,0.000000,0.000000,0.219412,0.000000,0.000000,0.000000,0.180693,0.000000,0.000000,0.000000,-0.384850,0.000000,0.000000,0.000000,0.000000,0.000000,0.000000,0.000000,0.000000,0.000000,0.000000,0.000000,0.000000,0.000000,0.000000,0.000000,0.000000,0.000000,1
0.080000,0.032090,0.001527,0.233446,0.000000,0.000000,0.000000,-0.215712,0.000000,0.000000,0.000000,0.136338,0.000000,0.000000,0.000000,-0.310795,0.000000,0.000000,0.000000,0.242130,0.000000,0.000000,0.000000,0.140564,0.000000,0.000000,0.000000,-0.314983,0.000000,0.000000,0.000000,-0.073764,0.000000,0.000000,0.000000,0.096526,0.000000,0.000000,0.000000,-0.202151,0.000000,0.000000,0.000000,0.095668,0.000000,0.000000,0.000000,0.098150,0.000000,0.000000,0.000000,-0.203898,0.000000,0.000000,0.000000,0.000000,0.000000,0.000000,0.000000,0.000000,0.000000,0.000000,0.000000,0.000000,0.000000,0.000000,0.000000,0.000000,0.000000,1
0.090000,0.036507,0.001528,0.262374,0.000000,0.000000,0.000000,-0.096588,0.000000,0.000000,0.000000,0.071978,0.000000,0.000000,0.000000,-0.162695,0.000000,0.000000,0.000000,0.112122,0.000000,0.000000,0.000000,0.073887,0.000000,0.000000,0.000000,-0.164943,0.000000,0.000000,0.000000,-0.015317,0.000000,0.000000,0.000000,0.052312,0.000000,0.000000,0.000000,-0.106942,0.000000,0.000000,0.000000,0.023368,0.000000,0.000000,0.000000,0.052916,0.000000,0.000000,0.000000,-0.107820,0.000000,0.000000,0.000000,0.000000,0.000000,0.000000,0.000000,0.000000,0.000000,0.000000,0.000000,0.000000,0.000000,0.000000,0.000000,0.000000,0.000000,1
0.100000,0.040924,0.001528,0.290321,0.000000,0.000000,0.000000,-0.022369,0.000000,0.000000,0.000000,0.037384,0.000000,0.000000,0.000000,-0.084994,0.000000,0.000000,0.000000,0.027934,0.000000,0.000000,0.000000,0.038155,0.000000,0.000000,0.000000,-0.086129,0.000000,0.000000,0.000000,-0.000591,0.000000,0.000000,0.000000,0.028331,0.000000,0.000000,0.000000,-0.056589,0.000000,0.000000,0.000000,0.003943,0.000000,0.000000,0.000000,0.028588,0.000000,0.000000,0.000000,-0.057095,0.000000,0.000000,0.000000,0.000000,0.000000,0.000000,0.000000,0.000000,0.000000,0.000000,0.000000,0.000000,0.000000,0.000000,0.000000,0.000000,0.000000,1
0.110000,0.045341,0.001529,0.317287,0.000000,0.000000,0.000000,-0.002901,0.000000,0.000000,0.000000,0.019730,0.000000,0.000000,0.000000,-0.044583,0.000000,0.000000,0.000000,0.004899,0.000000,0.000000,0.000000,0.020023,0.000000,0.000000,0.000000,-0.045178,0.000000,0.000000,0.000000,0.001931,0.000000,0.000000,0.000000,0.015719,0.000000,0.000000,0.000000,-0.029775,0.000000,0.000000,0.000000,-0.000607,0.000000,0.000000,0.000000,0.015792,0.000000,0.000000,0.000000,-0.030071,0.000000,0.000000,0.000000,0.000000,0.000000,0.000000,0.000000,0.000000,0.000000,0.000000,0.000000,0.000000,0.000000,0.000000,0.000000,0.000000,0.000000,1
0.120000,0.049758,0.001530,0.343272,0.000000,0.000000,0.000000,0.001298,0.000000,0.000000,0.000000,0.010411,0.000000,0.000000,0.000000,-0.023395,0.000000,0.000000,0.000000,-0.000582,0.000000,0.000000,0.000000,0.010495,0.000000,0.000000,0.000000,-0.023721,0.000000,0.000000,0.000000,0.001728,0.000000,0.000000,0.000000,0.008920,0.000000,0.000000,0.000000,-0.015456,0.000000,0.000000,0.000000,-0.001242,0.000000,0.000000,0.000000,0.008901,0.000000,0.000000,0.000000,-0.015640,0.000000,0.000000,0.000000,0.000000,0.000000,0.000000,0.000000,0.000000,0.000000,0.000000,0.000000,0.000000,0.000000,0.000000,0.000000,0.000000,0.000000,1
0.130000,0.054175,0.001531,0.368276,0.000000,0.000000,0.000000,0.001635,0.000000,0.000000,0.000000,0.005403,0.000000,0.000000,0.000000,-0.012228,0.000000,0.000000,0.000000,-0.001375,0.000000,0.000000,0.000000,0.005392,0.000000,0.000000,0.000000,-0.012418,0.000000,0.000000,0.000000,0.001177,0.000000,0.000000,0.000000,0.005209,0.000000,0.000000,0.000000,-0.007794,0.000000,0.000000,0.000000,-0.001025,0.000000,0.000000,0.000000,0.005145,0.000000,0.000000,0.000000,-0.007918,0.000000,0.000000,0.000000,0.000000,0.000000,0.000000,0.000000,0.000000,0.000000,0.000000,0.000000,0.000000,0.000000,0.000000,0.000000,0.000000,0.000000,1
0.140000,0.058592,0.001532,0.392299,0.000000,0.000000,0.000000,0.001228,0.000000,0.000000,0.000000,0.002691,0.000000,0.000000,0.000000,-0.006323,0.000000,0.000000,0.000000,-0.001127,0.000000,0.000000,0.000000,0.002635,0.000000,0.000000,0.000000,-0.006443,0.000000,0.000000,0.000000,0.000760,0.000000,0.000000,0.000000,0.003172,0.000000,0.000000,0.000000,-0.003687,0.000000,0.000000,0.000000,-0.000735,0.000000,0.000000,0.000000,0.003087,0.000000,0.000000,0.000000,-0.003780,0.000000,0.000000,0.000000,0.000000,0.000000,0.000000,0.000000,0.000000,0.000000,0.000000,0.000000,0.000000,0.000000,0.000000,0.000000,0.000000,0.000000,1
0.150000,0.063009,0.001533,0.415341,0.000000,0.000000,0.000000,0.000829,0.000000,0.000000,0.000000,0.001217,0.000000,0.000000,0.000000,-0.003193,0.000000,0.000000,0.000000,-0.000782,0.000000,0.000000,0.000000,0.001140,0.000000,0.000000,0.000000,-0.003277,0.000000,0.000000,0.000000,0.000503,0.000000,0.000000,0.000000,0.002053,0.000000,0.000000,0.000000,-0.001483,0.000000,0.000000,0.000000,-0.000525,0.000000,0.000000,0.000000,0.001958,0.000000,0.000000,0.000000,-0.001560,0.000000,0.000000,0.000000,0.000000,0.000000,0.000000,0.000000,0.000000,0.000000,0.000000,0.000000,0.000000,0.000000,0.000000,0.000000,0.000000,0.000000,1
0.160000,0.067426,0.001534,0.437403,0.000000,0.000000,0.000000,0.000560,0.000000,0.000000,0.000000,0.000417,0.000000,0.000000,0.000000,-0.001532,0.000000,0.000000,0.000000,-0.000528,0.000000,0.000000,0.000000,0.000330,0.000000,0.000000,0.000000,-0.001596,0.000000,0.000000,0.000000,0.000358,0.000000,0.000000,0.000000,0.001439,0.000000,0.000000,0.000000,-0.000298,0.000000,0.000000,0.000000,-0.000395,0.000000,0.000000,0.000000,0.001339,0.000000,0.000000,0.000000,-0.000367,0.000000,0.000000,0.000000,0.000000,0.000000,0.000000,0.000000,0.000000,0.000000,0.000000,0.000000,0.000000,0.000000,0.000000,0.000000,0.000000,0.000000,1
0.170000,0.071842,0.001535,0.458483,0.000000,0.000000,0.000000,0.000399,0.000000,0.000000,0.000000,-0.000017,0.000000,0.000000,0.000000,-0.000649,0.000000,0.000000,0.000000,-0.000370,0.000000,0.000000,0.000000,-0.000110,0.000000,0.000000,0.000000,-0.000703,0.000000,0.000000,0.000000,0.000279,0.000000,0.000000,0.000000,0.001102,0.000000,0.000000,0.000000,0.000339,0.000000,0.000000,0.000000,-0.000320,0.000000,0.000000,0.000000,0.000999,0.000000,0.000000,0.000000,0.000275,0.000000,0.000000,0.000000,0.000000,0.000000,0.000000,0.000000,0.000000,0.000000,0.000000,0.000000,0.000000,0.000000,0.000000,0.000000,0.000000,0.000000,1
0.180000,0.076259,0.001536,0.478582,0.000000,0.000000,0.000000,0.000307,0.000000,0.000000,0.000000,-0.000252,0.000000,0.000000,0.000000,-0.000179,0.000000,0.000000,0.000000,-0.000279,0.000000,0.000000,0.000000,-0.000347,0.000000,0.000000,0.000000,-0.000229,0.000000,0.000000,0.000000,0.000236,0.000000,0.000000,0.000000,0.000918,0.000000,0.000000,0.000000,0.000682,0.000000,0.000000,0.000000,-0.000278,0.000000,0.000000,0.000000,0.000814,0.000000,0.000000,0.000000,0.000621,0.000000,0.000000,0.000000,0.000000,0.000000,0.000000,0.000000,0.000000,0.000000,0.000000,0.000000,0.000000,0.000000,0.000000,0.000000,0.000000,0.000000,1
0.190000,0.080676,0.001536,0.497700,0.000000,0.000000,0.000000,0.000256,0.000000,0.000000,0.000000,-0.000379,0.000000,0.000000,0.000000,0.000071,0.000000,0.000000,0.000000,-0.000227,0.000000,0.000000,0.000000,-0.000476,0.000000,0.000000,0.000000,0.000024,0.000000,0.000000,0.000000,0.000213,0.000000,0.000000,0.000000,0.000817,0.000000,0.000000,0.000000,0.000867,0.000000,0.000000,0.000000,-0.000254,0.000000,0.000000,0.000000,0.000712,0.000000,0.000000,0.000000,0.000807,0.000000,0.000000,0.000000,0.000000,0.000000,0.000000,0.000000,0.000000,0.000000,0.000000,0.000000,0.000000,0.000000,0.000000,0.000000,0.000000,0.000000,1
0.200000,0.085093,0.001537,0.515837,0.000000,0.000000,0.000000,0.000229,0.000000,0.000000,0.000000,-0.000447,0.000000,0.000000,0.000000,0.000204,0.000000,0.000000,0.000000,-0.000198,0.000000,0.000000,0.000000,-0.000545,0.000000,0.000000,0.000000,0.000159,0.000000,0.000000,0.000000,0.000201,0.000000,0.000000,0.000000,0.000762,0.000000,0.000000,0.000000,0.000967,0.000000,0.000000,0.000000,-0.000241,0.000000,0.000000,0.000000,0.000657,0.000000,0.000000,0.000000,0.000907,0.000000,0.000000,0.000000,0.000000,0.000000,0.000000,0.000000,0.000000,0.000000,0.000000,0.000000,0.000000,0.000000,0.000000,0.000000,0.000000,0.000000,1
0.210000,0.089510,0.001538,0.532993,0.000000,0.000000,0.000000,0.000214,0.000000,0.000000,0.000000,-0.000484,0.000000,0.000000,0.000000,0.000274,0.000000,0.000000,0.000000,-0.000183,0.000000,0.000000,0.000000,-0.000583,0.000000,0.000000,0.000000,0.000231,0.000000,0.000000,0.000000,0.000195,0.000000,0.000000,0.000000,0.000732,0.000000,0.000000,0.000000,0.001020,0.000000,0.000000,0.000000,-0.000234,0.000000,0.000000,0.000000,0.000626,0.000000,0.000000,0.000000,0.000961,0.000000,0.000000,0.000000,0.000000,0.000000,0.000000,0.000000,0.000000,0.000000,0.000000,0.000000,0.000000,0.000000,0.000000,0.000000,0.000000,0.000000,1
0.220000,0.093926,0.001539,0.549168,0.000000,0.000000,0.000000,0.000206,0.000000,0.000000,0.000000,-0.000504,0.000000,0.000000,0.000000,0.000312,0.000000,0.000000,0.000000,-0.000174,0.000000,0.000000,0.000000,-0.000603,0.000000,0.000000,0.000000,0.000269,0.000000,0.000000,0.000000,0.000192,0.000000,0.000000,0.000000,0.000716,0.000000,0.000000,0.000000,0.001049,0.000000,0.000000,0.000000,-0.000230,0.000000,0.000000,0.000000,0.000610,0.000000,0.000000,0.000000,0.000991,0.000000,0.000000,0.000000,0.000000,0.000000,0.000000,0.000000,0.000000,0.000000,0.000000,0.000000,0.000000,0.000000,0.000000,0.000000,0.000000,0.000000,1
0.230000,0.098343,0.001540,0.564362,0.000000,0.000000,0.000000,0.000202,0.000000,0.000000,0.000000,-0.000514,0.000000,0.000000,0.000000,0.000332,0.000000,0.000000,0.000000,-0.000169,0.000000,0.000000,0.000000,-0.000614,0.000000,0.000000,0.000000,0.000290,0.000000,0.000000,0.000000,0.000190,0.000000,0.000000,0.000000,0.000707,0.000000,0.000000,0.000000,0.001065,0.000000,0.000000,0.000000,-0.000228,0.000000,0.000000,0.000000,0.000601,0.000000,0.000000,0.000000,0.001007,0.000000,0.000000,0.000000,0.000000,0.000000,0.000000,0.000000,0.000000,0.000000,0.000000,0.000000,0.000000,0.000000,0.000000,0.000000,0.000000,0.000000,1
0.240000,0.102760,0.001541,0.578575,0.000000,0.000000,0.000000,0.000200,0.000000,0.000000,0.000000,-0.000520,0.000000,0.000000,0.000000,0.000342,0.000000,0.000000,0.000000,-0.000167,0.000000,0.000000,0.000000,-0.000620,0.000000,0.000000,0.000000,0.000301,0.000000,0.000000,0.000000,0.000189,0.000000,0.000000,0.000000,0.000703,0.000000,0.000000,0.000000,0.001073,0.000000,0.000000,0.000000,-0.000227,0.000000,0.000000,0.000000,0.000596,0.000000,0.000000,0.000000,0.001015,0.000000,0.000000,0.000000,0.000000,0.000000,0.000000,0.000000,0.000000,0.000000,0.000000,0.000000,0.000000,0.000000,0.000000,0.000000,0.000000,0.000000,1
0.250000,0.107177,0.001542,0.591807,0.000000,0.000000,0.000000,0.000199,0.000000,0.000000,0.000000,-0.000522,0.000000,0.000000,0.000000,0.000348,0.000000,0.000000,0.000000,-0.000165,0.000000,0.000000,0.000000,-0.000623,0.000000,0.000000,0.000000,0.000307,0.000000,0.000000,0.000000,0.000189,0.000000,0.000000,0.000000,0.000700,0.000000,0.000000,0.000000,0.001077,0.000000,0.000000,0.000000,-0.000226,0.000000,0.000000,0.000000,0.000593,0.000000,0.000000,0.000000,0.001020,0.000000,0.000000,0.000000,0.000000,0.000000,0.000000,0.000000,0.000000,0.000000,0.000000,0.000000,0.000000,0.000000,0.000000,0.000000,0.000000,0.000000,1
0.260000,0.111594,0.001543,0.604058,0.000000,0.000000,0.000000,0.000198,0.000000,0.000000,0.000000,-0.000524,0.000000,0.000000,0.000000,0.000351,0.000000,0.000000,0.000000,-0.000164,0.000000,0.000000,0.000000,-0.000625,0.000000,0.000000,0.000000,0.000310,0.000000,0.000000,0.000000,0.000189,0.000000,0.000000,0.000000,0.000699,0.000000,0.000000,0.000000,0.001080,0.000000,0.000000,0.000000,-0.000225,0.000000,0.000000,0.000000,0.000591,0.000000,0.000000,0.000000,0.001023,0.000000,0.000000,0.000000,0.000000,0.000000,0.000000,0.000000,0.000000,0.000000,0.000000,0.000000,0.000000,0.000000,0.000000,0.000000,0.000000,0.000000,1
0.270000,0.116011,0.001543,0.615328,0.000000,0.000000,0.000000,0.000198,0.000000,0.000000,0.000000,-0.000525,0.000000,0.000000,0.000000,0.000352,0.000000,0.000000,0.000000,-0.000164,0.000000,0.000000,0.000000,-0.000626,0.000000,0.000000,0.000000,0.000312,0.000000,0.000000,0.000000,0.000189,0.000000,0.000000,0.000000,0.000698,0.000000,0.000000,0.000000,0.001081,0.000000,0.000000,0.000000,-0.000225,0.000000,0.000000,0.000000,0.000591,0.000000,0.000000,0.000000,0.001025,0.000000,0.000000,0.000000,0.000000,0.000000,0.000000,0.000000,0.000000,0.000000,0.000000,0.000000,0.000000,0.000000,0.000000,0.000000,0.000000,0.000000,1
0.280000,0.120427,0.001544,0.625617,0.000000,0.000000,0.000000,0.000198,0.000000,0.000000,0.000000,-0.000525,0.000000,0.000000,0.000000,0.000353,0.000000,0.000000,0.000000,-0.000163,0.000000,0.000000,0.000000,-0.000626,0.000000,0.000000,0.000000,0.000313,0.000000,0.000000,0.000000,0.000189,0.000000,0.000000,0.000000,0.000698,0.000000,0.000000,0.000000,0.001081,0.000000,0.000000,0.000000,-0.000225,0.000000,0.000000,0.000000,0.000590,0.000000,0.000000,0.000000,0.001026,0.000000,0.000000,0.000000,0.000000,0.000000,0.000000,0.000000,0.000000,0.000000,0.000000,0.000000,0.000000,0.000000,0.000000,0.000000,0.000000,0.000000,1
0.290000,0.124844,0.001545,0.634925,0.000000,0.000000,0.000000,0.000198,0.000000,0.000000,0.000000,-0.000525,0.000000,0.000000,0.000000,0.000353,0.000000,0.000000,0.000000,-0.000163,0.000000,0.000000,0.000000,-0.000627,0.000000,0.000000,0.000000,0.000314,0.000000,0.000000,0.000000,0.000189,0.000000,0.000000,0.000000,0.000698,0.000000,0.000000,0.000000,0.001082,0.000000,0.000000,0.000000,-0.000224,0.000000,0.000000,0.000000,0.000590,0.000000,0.000000,0.000000,0.001026,0.000000,0.000000,0.000000,0.000000,0.000000,0.000000,0.000000,0.000000,0.000000,0.000000,0.000000,0.000000,0.000000,0.000000,0.000000,0.000000,0.000000,1
0.300000,0.129261,0.001546,0.643252,0.000000,0.000000,0.000000,0.000198,0.000000,0.000000,0.000000,-0.000525,0.000000,0.000000,0.000000,0.000353,0.000000,0.000000,0.000000,-0.000162,0.000000,0.000000,0.000000,-0.000627,0.000000,0.000000,0.000000,0.000314,0.000000,0.000000,0.000000,0.000189,0.000000,0.000000,0.000000,0.000698,0.000000,0.000000,0.000000,0.001082,0.000000,0.000000,0.000000,-0.000224,0.000000,0.000000,0.000000,0.000589,0.000000,0.000000,0.000000,0.001027,0.000000,0.000000,0.000000,0.000000,0.000000,0.000000,0.000000,0.000000,0.000000,0.000000,0.000000,0.000000,0.000000,0.000000,0.000000,0.000000,0.000000,1
0.310000,0.133678,0.001547,0.650599,0.000000,0.000000,0.000000,0.000199,0.000000,0.000000,0.000000,-0.000525,0.000000,0.000000,0.000000,0.000353,0.000000,0.000000,0.000000,-0.000162,0.000000,0.000000,0.000000,-0.000627,0.000000,0.000000,0.000000,0.000315,0.000000,0.000000,0.000000,0.000190,0.000000,0.000000,0.000000,0.000698,0.000000,0.000000,0.000000,0.001082,0.000000,0.000000,0.000000,-0.000224,0.000000,0.000000,0.000000,0.000589,0.000000,0.000000,0.000000,0.001027,0.000000,0.000000,0.000000,0.000000,0.000000,0.000000,0.000000,0.000000,0.000000,0.000000,0.000000,0.000000,0.000000,0.000000,0.000000,0.000000,0.000000,1
0.320000,0.138095,0.001548,0.656964,0.000000,0.000000,0.000000,0.000199,0.000000,0.000000,0.000000,-0.000524,0.000000,0.000000,0.000000,0.000353,0.000000,0.000000,0.000000,-0.000162,0.000000,0.000000,0.000000,-0.000628,0.000000,0.000000,0.000000,0.000315,0.000000,0.000000,0.000000,0.000190,0.000000,0.000000,0.000000,0.000699,0.000000,0.000000,0.000000,0.001081,0.000000,0.000000,0.000000,-0.000224,0.000000,0.000000,0.000000,0.000589,0.000000,0.000000,0.000000,0.001027,0.000000,0.000000,0.000000,0.000000,0.000000,0.000000,0.000000,0.000000,0.000000,0.000000,0.000000,0.000000,0.000000,0.000000,0.000000,0.000000,0.000000,1
0.330000,0.142512,0.001549,0.662348,0.000000,0.000000,0.000000,0.000199,0.000000,0.000000,0.000000,-0.000524,0.000000,0.000000,0.000000,0.000353,0.000000,0.000000,0.000000,-0.000162,0.000000,0.000000,0.000000,-0.000628,0.000000,0.000000,0.000000,0.000315,0.000000,0.000000,0.000000,0.000190,0.000000,0.000000,0.000000,0.000699,0.000000,0.000000,0.000000,0.001081,0.000000,0.000000,0.000000,-0.000223,0.000000,0.000000,0.000000,0.000589,0.000000,0.000000,0.000000,0.001028,0.000000,0.000000,0.000000,0.000000,0.000000,0.000000,0.000000,0.000000,0.000000,0.000000,0.000000,0.000000,0.000000,0.000000,0.000000,0.000000,0.000000,1
0.340000,0.146928,0.001550,0.666751,0.000000,0.000000,0.000000,0.000199,0.000000,0.000000,0.000000,-0.000524,0.000000,0.000000,0.000000,0.000353,0.000000,0.000000,0.000000,-0.000161,0.000000,0.000000,0.000000,-0.000628,0.000000,0.000000,0.000000,0.000316,0.000000,0.000000,0.000000,0.000190,0.000000,0.000000,0.000000,0.000699,0.000000,0.000000,0.000000,0.001081,0.000000,0.000000,0.000000,-0.000223,0.000000,0.000000,0.000000,0.000588,0.000000,0.000000,0.000000,0.001028,0.000000,0.000000,0.000000,0.000000,0.000000,0.000000,0.000000,0.000000,0.000000,0.000000,0.000000,0.000000,0.000000,0.000000,0.000000,0.000000,0.000000,1
0.350000,0.151345,0.001550,0.670173,0.000000,0.000000,0.000000,0.000199,0.000000,0.000000,0.000000,-0.000524,0.000000,0.000000,0.000000,0.000352,0.000000,0.000000,0.000000,-0.000161,0.000000,0.000000,0.000000,-0.000628,0.000000,0.000000,0.000000,0.000316,0.000000,0.000000,0.000000,0.000190,0.000000,0.000000,0.000000,0.000699,0.000000,0.000000,0.000000,0.001081,0.000000,0.000000,0.000000,-0.000223,0.000000,0.000000,0.000000,0.000588,0.000000,0.000000,0.000000,0.001028,0.000000,0.000000,0.000000,0.000000,0.000000,0.000000,0.000000,0.000000,0.000000,0.000000,0.000000,0.000000,0.000000,0.000000,0.000000,0.000000,0.000000,1
0.358000,-0.047885,0.000323,0.112826,-0.001835,0.000047,0.001882,0.070341,0.000864,-0.000022,-0.000886,0.317923,-0.004106,0.000105,0.004211,-2.549127,0.001890,-0.000048,-0.001938,-0.019398,0.000915,-0.000023,-0.000938,0.271422,-0.004217,0.000108,0.004325,-2.580817,-0.000834,0.000021,0.000856,0.010536,0.000679,-0.000017,-0.000696,-0.062610,-0.003254,0.000083,0.003338,-0.940091,0.000871,-0.000022,-0.000894,0.018818,0.000733,-0.000019,-0.000752,-0.084209,-0.003348,0.000086,0.003433,-0.802210,1.994919,-4.965323,-1.648339,0.072160,1.968266,1.916035,-2.090877,-4.925744,1.444322,-0.113880,1.906989,-1.846747,0.000000,0.000000,0.000000,0.000229,-0.000224,1
0.366000,-0.055291,0.000260,0.122422,-0.002189,0.000056,0.002245,0.078718,-0.002149,0.000055,0.002204,0.200588,-0.019472,0.000499,0.019971,-2.128678,0.000767,-0.000020,-0.000787,0.099740,-0.001364,0.000035,0.001399,0.344981,-0.018549,0.000476,0.019024,-2.648170,-0.000471,0.000012,0.000483,0.026436,-0.003818,0.000098,0.003916,-0.160088,-0.003530,0.000091,0.003621,-0.683054,-0.004511,0.000116,0.004627,0.074112,-0.002438,0.000063,0.002501,-0.130268,-0.003741,0.000096,0.003836,-0.995978,2.190270,-5.030051,-1.263384,0.005109,1.983499,1.905676,-2.480635,-4.813123,0.533404,-1.622688,1.559076,-0.068837,0.000000,0.000000,0.000000,0.001042,-0.001015,1
0.376000,-0.054456,0.000033,0.119784,-0.002302,0.000059,0.002361,-0.012688,-0.002360,0.000061,0.002420,0.200957,-0.019359,0.000496,0.019856,-2.224324,0.000661,-0.000017,-0.000678,0.013215,-0.001595,0.000041,0.001636,0.309297,-0.018552,0.000476,0.019027,-2.679147,-0.000494,0.000013,0.000506,-0.000287,-0.004010,0.000103,0.004112,-0.144637,-0.003361,0.000086,0.003447,-0.762745,-0.004480,0.000115,0.004595,0.042426,-0.002653,0.000068,0.002721,-0.134052,-0.003668,0.000094,0.003762,-1.068652,2.200820,-5.059625,-1.328105,0.024529,1.833087,1.777706,-2.478996,-4.920358,0.665939,-1.411408,1.596269,-0.289006,0.000000,0.000000,0.000000,0.002082,-0.002031,1
0.386000,-0.053545,0.000066,0.117190,-0.002185,0.000056,0.002241,-0.051073,-0.002389,0.000061,0.002450,0.195250,-0.019429,0.000498,0.019927,-2.378213,0.000774,-0.000020,-0.000794,-0.026485,-0.001640,0.000042,0.001682,0.269929,-0.018476,0.000474,0.018950,-2.642759,-0.000478,0.000012,0.000490,-0.021450,-0.004048,0.000104,0.004152,-0.139147,-0.003451,0.000088,0.003540,-0.807218,-0.004400,0.000113,0.004513,0.012422,-0.002690,0.000069,0.002759,-0.131562,-0.003597,0.000092,0.003689,-1.025201,2.339581,-4.908951,-0.968940,0.066257,1.756675,1.698150,-2.505886,-5.083076,0.825516,-1.100827,1.709691,-0.703335,0.000000,0.000000,0.000000,0.003144,-0.003072,1
0.396000,-0.052646,0.000136,0.114574,-0.002187,0.000056,0.002243,-0.021260,-0.002149,0.000055,0.002205,0.197407,-0.019473,0.000499,0.019973,-2.533292,0.000770,-0.000020,-0.000790,-0.003784,-0.001365,0.000035,0.001400,0.237679,-0.018547,0.000476,0.019023,-2.516794,-0.000471,0.000012,0.000483,-0.017009,-0.003819,0.000098,0.003917,-0.122442,-0.003532,0.000091,0.003623,-0.923331,-0.004509,0.000116,0.004625,0.002340,-0.002439,0.000063,0.002502,-0.114342,-0.003739,0.000096,0.003835,-0.977216,2.339634,-4.817656,-0.907796,0.378722,1.805429,1.487675,-2.190569,-5.060736,1.416248,-0.172631,1.784494,-1.724600,0.000000,0.000000,0.000000,0.004216,-0.004128,1
0.400000,-0.056974,0.001860,0.129650,0.000509,-0.000013,-0.000522,-0.024093,-0.019018,0.000488,0.019506,0.421483,-0.083550,0.002142,0.085692,-2.295155,0.002752,-0.000071,-0.002822,0.002991,-0.018251,0.000468,0.018719,0.435021,-0.071338,0.001829,0.073167,-2.271153,0.000604,-0.000015,-0.000620,-0.018798,-0.027227,0.000698,0.027925,-0.032749,-0.018456,0.000473,0.018930,-0.865840,-0.009566,0.000245,0.009811,0.033096,-0.023500,0.000603,0.024102,-0.075953,-0.006230,0.000160,0.006390,-0.419399,2.421994,-4.635838,-0.342070,0.694320,1.783073,1.065897,-2.580972,-4.767375,0.285882,-0.223800,2.052332,-1.765530,0.000000,0.000000,0.000000,0.005821,-0.005600,1
0.410000,-0.056071,0.001804,0.127272,0.000496,-0.000013,-0.000509,-0.020027,-0.019006,0.000487,0.019494,0.391445,-0.083529,0.002142,0.085671,-2.345191,0.002741,-0.000070,-0.002812,0.004142,-0.018208,0.000467,0.018675,0.401785,-0.071473,0.001833,0.073306,-2.306324,0.000588,-0.000015,-0.000603,-0.011242,-0.027222,0.000698,0.027920,-0.047482,-0.018380,0.000471,0.018851,-0.900655,-0.009568,0.000245,0.009813,0.037654,-0.023475,0.000602,0.024077,-0.082202,-0.006316,0.000162,0.006478,-0.659688,2.429174,-4.715429,-0.433067,0.763414,1.884259,1.116368,-2.549042,-4.782658,0.377013,-0.128747,1.948303,-1.777773,0.000000,0.000000,0.000000,0.009922,-0.009390,1
0.420000,-0.055226,0.001475,0.125040,0.000562,-0.000014,-0.000576,-0.012399,-0.018358,0.000471,0.018829,0.358172,-0.083915,0.002152,0.086067,-2.375627,0.002796,-0.000072,-0.002868,0.010887,-0.017578,0.000451,0.018029,0.372394,-0.071682,0.001838,0.073520,-2.344700,0.000629,-0.000016,-0.000645,-0.005330,-0.026640,0.000683,0.027323,-0.062226,-0.018823,0.000483,0.019305,-0.898009,-0.009584,0.000246,0.009830,0.037631,-0.022923,0.000588,0.023511,-0.089351,-0.006595,0.000169,0.006764,-0.766142,2.447351,-4.778502,-0.498707,0.670234,1.850299,1.189227,-2.547347,-4.799555,0.410996,-0.150306,1.820435,-1.661297,0.000000,0.000000,0.000000,0.014092,-0.013284,1
0.422000,-0.086447,0.004981,0.207399,-0.033793,0.000866,0.034660,-0.014947,-0.081231,0.002083,0.083314,0.191906,-0.550920,0.014126,0.565046,-0.569035,-0.034596,0.000887,0.035483,0.027820,-0.071495,0.001833,0.073329,0.194719,-0.578762,0.014840,0.593602,-0.574568,0.032687,-0.000838,-0.033525,0.009560,-0.162162,0.004158,0.166320,-0.018533,-0.037740,0.000968,0.038708,0.000211,-0.038526,0.000988,0.039514,-0.006874,-0.183739,0.004711,0.188450,-0.002277,-0.080977,0.002076,0.083054,-0.056923,1.922325,-3.906057,0.058035,0.000000,0.000000,0.000000,-2.083064,-3.920297,-0.094943,0.000000,0.000000,0.000000,0.000000,0.000000,0.000000,0.015499,-0.014565,1
0.432000,-0.085957,0.004976,0.206841,-0.033757,0.000866,0.034623,-0.017025,-0.080770,0.002071,0.082841,0.283643,-0.551088,0.014130,0.565218,-0.794064,-0.034554,0.000886,0.035440,0.021866,-0.071119,0.001824,0.072942,0.285760,-0.578644,0.014837,0.593481,-0.801539,0.032738,-0.000839,-0.033578,0.005254,-0.161695,0.004146,0.165841,-0.005548,-0.038114,0.000977,0.039091,0.014721,-0.038461,0.000986,0.039447,-0.001832,-0.183327,0.004701,0.188027,0.009357,-0.081041,0.002078,0.083118,0.002864,2.134278,-4.306077,0.077352,0.000000,0.000000,0.000000,-2.275362,-4.329388,-0.068448,0.000000,0.000000,0.000000,0.000000,0.000000,0.000000,0.025238,-0.023351,1
0.442000,-0.085413,0.004974,0.206170,-0.033757,0.000866,0.034623,-0.015447,-0.080770,0.002071,0.082841,0.355039,-0.551088,0.014130,0.565218,-0.975741,-0.034554,0.000886,0.035440,0.017546,-0.071119,0.001824,0.072942,0.357279,-0.578644,0.014837,0.593481,-0.984606,0.032738,-0.000839,-0.033578,0.002940,-0.161695,0.004146,0.165841,0.001499,-0.038114,0.000977,0.039091,0.028768,-0.038461,0.000986,0.039447,0.001122,-0.183327,0.004701,0.188027,0.014041,-0.081041,0.002078,0.083118,0.037426,2.267907,-4.568223,0.080611,0.000000,0.000000,0.000000,-2.408097,-4.595720,-0.057186,0.000000,0.000000,0.000000,0.000000,0.000000,0.000000,0.037236,-0.034083,1
0.452000,-0.000803,-0.000847,0.195306,-0.112705,0.002890,0.115595,0.009668,-0.260115,0.006670,0.266784,2.270894,-1.335201,0.034236,1.369437,-0.669902,-0.123680,0.003171,0.126851,0.039204,-0.192194,0.004928,0.197122,2.116609,-1.670238,0.042827,1.713064,-0.489325,0.060472,-0.001551,-0.062023,0.073354,-0.873885,0.022407,0.896292,0.486461,1.310792,-0.033610,-1.344402,-0.408679,0.047930,-0.001229,-0.049159,-0.051687,-1.007578,0.025835,1.033414,0.394131,6.238543,-0.159963,-6.398505,-3.377157,2.808099,-2.912888,0.327611,0.000000,0.000000,0.000000,-2.803732,-2.849544,-0.455141,0.000000,0.000000,0.000000,0.000000,0.000000,0.000000,0.295170,0.188647,1
0.462000,-0.001299,-0.001046,0.190137,-0.112705,0.002890,0.115595,0.006145,-0.260115,0.006670,0.266784,2.308201,-1.335201,0.034236,1.369437,-0.722571,-0.123680,0.003171,0.126851,0.042845,-0.192194,0.004928,0.197122,2.150541,-1.670238,0.042827,1.713064,-0.531300,0.060472,-0.001551,-0.062023,0.035199,-0.873885,0.022407,0.896292,0.455245,1.310792,-0.033610,-1.344402,-0.446214,0.047930,-0.001229,-0.049159,-0.052999,-1.007578,0.025835,1.033414,0.394137,6.238543,-0.159963,-6.398505,-3.185993,4.435385,-4.775052,0.441645,0.000000,0.000000,0.000000,-0.232552,-2.597409,1.516745,0.000000,0.000000,0.000000,0.000000,0.000000,0.000000,0.542681,0.398121,1
0.470000,-0.074685,0.014312,0.223564,-1.348972,0.034589,1.383561,-1.510909,-0.047799,0.001226,0.049024,0.862035,-7.011693,0.179787,7.191480,3.025279,-1.353469,0.034704,1.388174,1.545875,-0.551898,0.014151,0.566049,0.854014,-5.817941,0.149178,5.967119,0.629151,1.782068,-0.045694,-1.827762,-0.155317,0.377653,-0.009683,-0.387337,0.017929,4.165717,-0.106813,-4.272530,-2.213171,-1.033580,0.026502,1.060082,1.354389,-4.780517,0.122577,4.903094,2.236447,5.057658,-0.129684,-5.187342,-2.634820,0.179723,0.151760,0.066909,0.000000,0.000000,0.000000,0.000000,0.000000,0.000000,0.000000,0.000000,0.000000,0.000000,0.000000,0.000000,1.071386,0.893268,1
0.480000,-0.074907,0.016434,0.219425,-1.348972,0.034589,1.383561,0.725637,-0.047799,0.001226,0.049024,-0.602440,-7.011693,0.179787,7.191480,3.139963,-1.353469,0.034704,1.388174,2.777611,-0.551898,0.014151,0.566049,0.345816,-5.817941,0.149178,5.967119,-0.500794,1.782068,-0.045694,-1.827762,2.369196,0.377653,-0.009683,-0.387337,-0.805873,4.165717,-0.106813,-4.272530,-1.488770,-1.033580,0.026502,1.060082,0.447683,-4.780517,0.122577,4.903094,1.473825,5.057658,-0.129684,-5.187342,-2.421955,3.735104,0.360820,-0.408990,0.000000,0.000000,0.000000,0.000000,0.000000,0.000000,0.000000,0.000000,0.000000,0.000000,0.000000,0.000000,1.690606,1.365525,1
0.484000,-0.058403,0.077593,0.218255,-1.849818,0.047431,1.897250,-2.308259,-0.037540,0.000963,0.038502,1.312038,-3.750701,0.096172,3.846873,1.732229,-2.247243,0.057622,2.304864,2.166040,-0.762214,0.019544,0.781758,1.604196,-5.346387,0.137087,5.483474,0.893442,-2.051528,0.052603,2.104132,1.283862,3.909114,-0.100234,-4.009348,-0.691934,-0.417992,0.010718,0.428710,-4.911671,-0.975173,0.025004,1.000177,2.073824,-4.045907,0.103741,4.149648,2.267713,3.642464,-0.093397,-3.735861,-2.380339,0.000000,0.000000,0.000000,0.000000,0.000000,0.000000,-0.333096,-0.945170,0.616406,0.000000,0.000000,0.000000,0.000000,0.000000,0.000000,1.891397,1.514435,1
0.494000,-0.057344,0.080987,0.213557,-1.849818,0.047431,1.897250,1.177459,-0.037540,0.000963,0.038502,-0.543590,-3.750701,0.096172,3.846873,1.471966,-2.247243,0.057622,2.304864,4.320203,-0.762214,0.019544,0.781758,0.693945,-5.346387,0.137087,5.483474,-0.056774,-2.051528,0.052603,2.104132,2.214042,3.909114,-0.100234,-4.009348,-1.059881,-0.417992,0.010718,0.428710,-1.307332,-0.975173,0.025004,1.000177,1.351368,-4.045907,0.103741,4.149648,1.069111,3.642464,-0.093397,-3.735861,-1.903316,0.000000,0.000000,0.000000,0.000000,0.000000,0.000000,-1.115290,-2.413510,1.595654,0.000000,0.000000,0.000000,0.000000,0.000000,0.000000,2.302354,1.907538,1
0.500000,-0.011102,-0.007882,0.186479,6.042770,-0.154943,-6.197713,-8.657360,-7.888244,0.202263,8.090506,5.283183,10.342040,-0.265181,-10.607221,-5.660432,-2.302066,0.059027,2.361094,5.020866,-4.016465,0.102986,4.119451,3.716161,-3.071186,0.078748,3.149934,1.460080,0.661025,-0.016949,-0.677974,2.652884,2.705879,-0.069382,-2.775260,-1.801364,8.089387,-0.207420,-8.296807,-5.038632,-2.708071,0.069438,2.777509,3.242737,-1.133197,0.029056,1.162254,0.061235,7.156130,-0.183491,-7.339621,-3.812139,0.000000,0.000000,0.000000,0.000000,0.000000,0.000000,0.000000,0.000000,0.000000,0.000000,0.000000,0.000000,0.000000,0.000000,0.000000,3.945534,3.529135,1
0.510000,-0.007877,-0.008772,0.179236,6.042770,-0.154943,-6.197713,-8.079952,-7.888244,0.202263,8.090506,4.742117,10.342040,-0.265181,-10.607221,-5.202188,-2.302066,0.059027,2.361094,4.078235,-4.016465,0.102986,4.119451,3.003044,-3.071186,0.078748,3.149934,1.716784,0.661025,-0.016949,-0.677974,2.363424,2.705879,-0.069382,-2.775260,-1.779754,8.089387,-0.207420,-8.296807,-4.465707,-2.708071,0.069438,2.777509,2.793014,-1.133197,0.029056,1.162254,0.284653,7.156130,-0.183491,-7.339621,-3.648855,0.000000,0.000000,0.000000,0.000000,0.000000,0.000000,0.000000,0.000000,0.000000,0.000000,0.000000,0.000000,0.000000,0.000000,0.000000,6.440476,5.992031,1
0.514000,-0.030270,-0.004099,0.189613,0.153314,-0.003931,-0.157245,-2.807840,-4.527529,0.116090,4.643619,3.375774,5.788562,-0.148425,-5.936987,-3.195804,0.547595,-0.014041,-0.561636,0.348990,-2.386918,0.061203,2.448121,1.719168,-2.535103,0.065003,2.600106,1.414411,2.919381,-0.074856,-2.994237,2.449859,-3.429761,0.087943,3.517704,-2.592120,-3.708904,0.095100,3.804004,1.381491,0.555346,-0.014240,-0.569586,-0.059518,-1.890686,0.048479,1.939165,0.759107,4.895929,-0.125537,-5.021465,-2.332073,0.000000,0.000000,0.000000,0.000000,0.000000,0.000000,0.000000,0.000000,0.000000,0.000000,0.000000,0.000000,0.000000,0.000000,0.000000,6.752870,6.171226,1
0.524000,-0.027295,-0.005066,0.182229,0.153314,-0.003931,-0.157245,-1.934677,-4.527529,0.116090,4.643619,2.913214,5.788562,-0.148425,-5.936987,-2.885571,0.547595,-0.014041,-0.561636,-0.100114,-2.386918,0.061203,2.448121,1.440259,-2.535103,0.065003,2.600106,1.395675,2.919381,-0.074856,-2.994237,2.167120,-3.429761,0.087943,3.517704,-2.197127,-3.708904,0.095100,3.804004,1.597453,0.555346,-0.014240,-0.569586,-0.447984,-1.890686,0.048479,1.939165,0.861536,4.895929,-0.125537,-5.021465,-2.334740,0.000000,0.000000,0.000000,0.000000,0.000000,0.000000,0.000000,0.000000,0.000000,0.000000,0.000000,0.000000,0.000000,0.000000,0.000000,7.474058,6.608060,1
0.526000,-0.012165,0.010598,0.184553,0.585922,-0.015024,-0.600946,-3.575750,-4.095562,0.105014,4.200576,2.601390,4.541439,-0.116447,-4.657886,-2.538415,-0.240019,0.006154,0.246174,0.880138,-2.817933,0.072255,2.890187,1.406287,-2.432925,0.062383,2.495308,1.228705,3.165265,-0.081161,-3.246426,1.970436,-2.429231,0.062288,2.491519,-2.089173,-0.893919,0.022921,0.916840,-0.094126,0.418414,-0.010729,-0.429142,-0.405859,-1.286098,0.032977,1.319075,0.526392,4.744815,-0.121662,-4.866477,-1.814979,0.000000,0.000000,0.000000,0.000000,0.000000,0.000000,0.000000,0.000000,0.000000,0.000000,0.000000,0.000000,0.000000,0.000000,0.000000,7.581331,6.668579,1
0.536000,0.004898,-0.008787,0.155018,-2.800362,0.071804,2.872166,1.684989,-2.446346,0.062727,2.509073,1.490077,3.784458,-0.097037,-3.881495,-2.065880,-1.127136,0.028901,1.156036,0.838490,-5.458458,0.139960,5.598419,2.975897,-2.919456,0.074858,2.994314,1.546552,5.368550,-0.137655,-5.506205,-1.792532,-1.056351,0.027086,1.083437,-0.469832,-2.122195,0.054415,2.176611,0.784365,0.312329,-0.008008,-0.320337,-0.959569,-0.637486,0.016346,0.653832,0.144326,7.423362,-0.190343,-7.613704,-3.686113,0.000000,0.000000,0.000000,0.000000,0.000000,0.000000,0.000000,0.000000,0.000000,0.000000,0.000000,0.000000,0.000000,0.000000,0.000000,8.375436,7.452504,1
0.540000,-0.013627,-0.001833,0.189274,2.946326,-0.075547,-3.021873,-2.486013,-4.132768,0.105968,4.238736,1.885824,5.988995,-0.153564,-6.142559,-2.572348,-0.800927,0.020537,0.821464,0.656423,-2.806566,0.071963,2.878529,1.729825,-2.023961,0.051896,2.075858,1.146708,2.100569,-0.053861,-2.154429,-0.341872,-0.910713,0.023352,0.934064,-2.360101,-0.873661,0.022402,0.896063,0.778569,-0.237266,0.006084,0.243350,-0.559269,-0.631267,0.016186,0.647454,0.041727,4.440496,-0.113859,-4.554355,-2.209110,0.000000,0.000000,0.000000,0.000000,0.000000,0.000000,0.000000,0.000000,0.000000,0.000000,0.000000,0.000000,0.000000,0.000000,0.000000,8.587711,7.646054,1
0.550000,-0.035120,0.020349,0.169551,0.194925,-0.004998,-0.199923,0.099119,-3.346161,0.085799,3.431960,1.449910,4.260601,-0.109246,-4.369847,-0.514666,-1.843097,0.047259,1.890356,1.191529,-5.512265,0.141340,5.653605,2.779869,-2.523361,0.064702,2.588062,1.325418,3.166519,-0.081193,-3.247712,-0.029538,-0.553352,0.014189,0.567540,-2.394518,-0.478006,0.012257,0.490263,0.135110,-0.439874,0.011279,0.451152,-0.117834,-0.445329,0.011419,0.456748,0.081705,6.549172,-0.167927,-6.717100,-3.221320,0.000000,0.000000,0.000000,0.000000,0.000000,0.000000,0.000000,0.000000,0.000000,0.000000,0.000000,0.000000,0.000000,0.000000,0.000000,9.106645,8.136348,1
0.560000,0.001130,0.009047,0.176721,2.774755,-0.071148,-2.845903,-2.482384,-3.814726,0.097813,3.912540,1.818530,6.198920,-0.158947,-6.357867,-3.092615,-0.819468,0.021012,0.840480,1.120139,-2.651420,0.067985,2.719405,1.526308,-1.728842,0.044329,1.773171,0.925811,0.986078,-0.025284,-1.011362,0.150426,-0.262676,0.006735,0.269411,-1.410053,-0.736738,0.018891,0.755629,0.115674,-0.394367,0.010112,0.404479,0.001918,0.078420,-0.002011,-0.080430,-0.090261,4.639139,-0.118952,-4.758091,-2.162334,0.000000,0.000000,0.000000,0.000000,0.000000,0.000000,0.000000,0.000000,0.000000,0.000000,0.000000,0.000000,0.000000,0.000000,0.000000,9.621563,8.640627,1
0.562000,-0.006056,-0.024356,0.164288,6.311418,-0.161831,-6.473250,-5.382952,-4.706762,0.120686,4.827448,0.788475,13.189511,-0.338193,-13.527704,-8.456677,2.824898,-0.072433,-2.897331,0.627607,0.588248,-0.015083,-0.603331,-0.949796,-1.405868,0.036048,1.441915,0.133659,0.269625,-0.006913,-0.276538,-0.635338,1.704434,-0.043703,-1.748138,1.343152,5.326667,-0.136581,-5.463249,-8.333757,-0.401194,0.010287,0.411481,-0.676666,-0.137106,0.003516,0.140622,-0.642698,-2.599550,0.066655,2.666205,0.940491,0.000000,0.000000,0.000000,0.000000,0.000000,0.000000,0.000000,0.000000,0.000000,0.000000,0.000000,0.000000,0.000000,0.000000,0.000000,10.034693,9.035615,1
0.572000,-0.002275,-0.023966,0.154711,6.311418,-0.161831,-6.473250,-5.706638,-4.706762,0.120686,4.827448,1.404820,13.189511,-0.338193,-13.527704,-7.494367,2.824898,-0.072433,-2.897331,-0.489634,0.588248,-0.015083,-0.603331,-0.576236,-1.405868,0.036048,1.441915,0.360037,0.269625,-0.006913,-0.276538,-0.638171,1.704434,-0.043703,-1.748138,0.159315,5.326667,-0.136581,-5.463249,-5.151717,-0.401194,0.010287,0.411481,-0.325585,-0.137106,0.003516,0.140622,-0.263173,-2.599550,0.066655,2.666205,1.097018,0.000000,0.000000,0.000000,0.000000,0.000000,0.000000,0.000000,0.000000,0.000000,0.000000,0.000000,0.000000,0.000000,0.000000,0.000000,11.825544,10.817477,1
0.574000,-0.038099,0.008020,0.139962,5.971229,-0.153108,-6.124337,-5.134154,-4.480824,0.114893,4.595717,1.368666,13.107435,-0.336088,-13.443523,-7.361674,2.474183,-0.063441,-2.537623,-0.166250,0.180477,-0.004628,-0.185105,-0.163245,-1.367160,0.035055,1.402215,0.380576,0.041267,-0.001058,-0.042326,-1.858400,1.661367,-0.042599,-1.703966,0.732900,5.180323,-0.132829,-5.313152,-4.720613,-0.417356,0.010701,0.428057,0.197548,-0.136277,0.003494,0.139771,-0.459360,-2.664532,0.068321,2.732853,1.100040,2.049306,-0.805749,-1.579001,0.000000,0.000000,0.000000,0.000000,0.000000,0.000000,0.000000,0.000000,0.000000,0.000000,0.000000,0.000000,12.160043,11.146724,1
0.584000,-0.035999,0.008021,0.129226,5.971229,-0.153108,-6.124337,-5.674436,-4.480824,0.114893,4.595717,1.546451,13.107435,-0.336088,-13.443523,-3.308187,2.474183,-0.063441,-2.537623,-0.486252,0.180477,-0.004628,-0.185105,0.095490,-1.367160,0.035055,1.402215,0.170228,0.041267,-0.001058,-0.042326,-1.321233,1.661367,-0.042599,-1.703966,0.036970,5.180323,-0.132829,-5.313152,-3.521615,-0.417356,0.010701,0.428057,0.145952,-0.136277,0.003494,0.139771,-0.189244,-2.664532,0.068321,2.732853,1.178024,10.857805,-3.715762,-8.991488,0.000000,0.000000,0.000000,0.000000,0.000000,0.000000,0.000000,0.000000,0.000000,0.000000,0.000000,0.000000,13.259656,12.244195,1
0.586000,-0.036622,0.004757,0.113413,5.072572,-0.130066,-5.202638,-9.000263,-5.985671,0.153479,6.139150,1.010041,16.103787,-0.412918,-16.516705,0.814450,2.502418,-0.064165,-2.566582,-2.194681,-1.339599,0.034349,1.373948,0.281514,-2.177192,0.055825,2.233017,1.358577,-0.192176,0.004928,0.197104,1.620613,-0.277098,0.007105,0.284203,-0.076512,-3.144706,0.080633,3.225339,-0.344188,3.403115,-0.087259,-3.490375,2.816430,-1.922942,0.049306,1.972248,-1.002032,-6.910552,0.177194,7.087746,2.673453,-0.006293,-0.057759,-0.144791,0.006293,0.057759,0.144791,0.000000,0.000000,0.000000,0.000000,0.000000,0.000000,0.000000,0.000000,0.000000,13.475132,12.354108,1
0.596000,-0.042091,0.029547,0.117717,9.042312,-0.231854,-9.274166,-6.771402,-4.214934,0.108075,4.323009,1.416371,16.672968,-0.427512,-17.100480,0.618350,0.500584,-0.012835,-0.513419,-1.340313,-2.270294,0.058213,2.328506,0.462668,-1.930973,0.049512,1.980485,0.889012,-0.303109,0.007772,0.310881,1.423299,1.069641,-0.027427,-1.097068,-0.654766,2.462630,-0.063144,-2.525774,-1.738578,-2.533434,0.064960,2.598394,2.060676,-0.290280,0.007443,0.297723,-0.682122,-2.226515,0.057090,2.283605,1.155341,0.000000,0.000000,0.000000,0.000000,0.000000,0.000000,0.000000,0.000000,0.000000,0.000000,0.000000,0.000000,0.000000,0.000000,0.000000,14.442835,13.106268,1
0.606000,-0.070493,0.009361,0.149680,-7.072555,0.181348,7.253903,1.045053,-6.257616,0.160452,6.418067,4.210195,8.442375,-0.216471,-8.658846,0.567691,-0.183698,0.004710,0.188408,-0.904221,-11.116671,0.285043,11.401714,5.110557,-5.351861,0.137227,5.489088,2.775778,-1.035319,0.026547,1.061865,-0.146459,-2.933738,0.075224,3.008962,0.938501,-14.824456,0.380114,15.204571,5.950928,11.191012,-0.286949,-11.477961,-6.192864,3.674365,-0.094214,-3.768579,-0.611809,-0.962790,0.024687,0.987477,-0.477730,0.000000,0.000000,0.000000,0.628883,1.107408,-0.392367,0.000000,0.000000,0.000000,0.000000,0.000000,0.000000,0.000000,0.000000,0.000000,17.247966,15.797135,1
0.610000,-0.078574,0.103161,0.110956,1.515779,-0.038866,-1.554645,-1.463892,-9.150513,0.234629,9.385142,2.217731,6.906622,-0.177093,-7.083715,1.142480,-2.137273,0.054802,2.192075,-2.166918,-0.144990,0.003718,0.148708,0.485652,-6.008172,0.154056,6.162228,1.085221,6.473490,-0.165987,-6.639477,-2.164439,-4.175702,0.107069,4.282771,2.174229,-1.285786,0.032969,1.318755,1.109535,11.606486,-0.297602,-11.904088,-9.128886,8.757012,-0.224539,-8.981551,-1.582954,8.711287,-0.223366,-8.934653,0.030764,0.106604,0.012666,-0.290120,-0.106604,-0.012666,0.290120,0.000000,0.000000,0.000000,0.000000,0.000000,0.000000,0.000000,0.000000,0.000000,18.011971,16.456197,1
0.620000,-0.081891,0.105625,0.107779,1.515779,-0.038866,-1.554645,-0.213081,-9.150513,0.234629,9.385142,3.406773,6.906622,-0.177093,-7.083715,0.826727,-2.137273,0.054802,2.192075,-0.732256,-0.144990,0.003718,0.148708,0.215005,-6.008172,0.154056,6.162228,2.056437,6.473490,-0.165987,-6.639477,-3.467396,-4.175702,0.107069,4.282771,2.101523,-1.285786,0.032969,1.318755,0.910679,11.606486,-0.297602,-11.904088,-9.890980,8.757012,-0.224539,-8.981551,-2.628705,8.711287,-0.223366,-8.934653,-2.168152,0.035136,0.022552,-0.053131,-0.035136,-0.022552,0.053131,0.000000,0.000000,0.000000,0.000000,0.000000,0.000000,0.000000,0.000000,0.000000,20.476147,18.771144,1
0.622000,-0.004052,0.016356,0.125742,2.448707,-0.062787,-2.511494,-2.866927,-3.471637,0.089016,3.560654,2.105319,4.045638,-0.103734,-4.149372,0.121681,-3.399485,0.087166,3.486651,0.666567,1.337823,-0.034303,-1.372126,-1.176636,-2.658934,0.068178,2.727112,1.314446,3.091942,-0.079281,-3.171222,-1.288555,-0.158885,0.004074,0.162959,1.224032,5.073306,-0.130085,-5.203391,-1.354765,6.245306,-0.160136,-6.405442,-5.967046,4.547505,-0.116603,-4.664108,-1.417296,1.644965,-0.042179,-1.687144,-1.285185,0.000000,0.000000,0.000000,0.000000,0.000000,0.000000,0.000000,0.000000,0.000000,0.000000,0.000000,0.000000,0.000000,0.000000,0.000000,20.638267,18.931244,1
0.632000,-0.004654,0.014048,0.121675,2.448707,-0.062787,-2.511494,-2.626017,-3.471637,0.089016,3.560654,1.848415,4.045638,-0.103734,-4.149372,0.033879,-3.399485,0.087166,3.486651,1.221324,1.337823,-0.034303,-1.372126,-1.044547,-2.658934,0.068178,2.727112,1.201145,3.091942,-0.079281,-3.171222,-1.836449,-0.158885,0.004074,0.162959,0.668738,5.073306,-0.130085,-5.203391,-1.874424,6.245306,-0.160136,-6.405442,-6.056652,4.547505,-0.116603,-4.664108,-1.851788,1.644965,-0.042179,-1.687144,-0.904359,0.000000,0.000000,0.000000,0.000000,0.000000,0.000000,0.000000,0.000000,0.000000,0.000000,0.000000,0.000000,0.000000,0.000000,0.000000,21.507557,19.797723,1
0.636000,-0.067253,-0.015066,0.092191,8.825507,-0.226295,-9.051802,-0.430798,-1.235396,0.031677,1.267073,0.630572,4.241644,-0.108760,-4.350404,0.024903,-8.778301,0.225085,9.003386,-3.628202,-0.424366,0.010881,0.435247,-1.178386,-2.532026,0.064924,2.596950,0.564687,-0.283632,0.007273,0.290904,-3.355434,2.320951,-0.059512,-2.380462,0.397001,8.963483,-0.229833,-9.193316,-2.448996,3.988580,-0.102271,-4.090851,-5.799808,6.321874,-0.162099,-6.483974,-1.499418,2.973171,-0.076235,-3.049406,1.283148,-0.157902,0.427383,0.943985,0.157902,-0.427383,-0.943985,0.000000,0.000000,0.000000,0.000000,0.000000,0.000000,0.000000,0.000000,0.000000,21.912553,19.889748,1
0.646000,-0.047354,0.004741,0.092000,-3.497106,0.089669,3.586776,2.814298,-3.634202,0.093185,3.727387,1.906782,3.238260,-0.083032,-3.321292,-0.101165,-3.889169,0.099722,3.988891,0.007164,-0.500499,0.012833,0.513332,-0.858513,-3.150409,0.080780,3.231189,1.451249,1.361108,-0.034900,-1.396008,-2.136770,1.281442,-0.032857,-1.314299,-0.669674,1.846839,-0.047355,-1.894194,-0.811199,7.137573,-0.183015,-7.320588,-2.276934,5.961317,-0.152854,-6.114172,0.260105,3.658160,-0.093799,-3.751959,-1.776183,0.000000,0.000000,0.000000,0.000000,0.000000,0.000000,0.000000,0.000000,0.000000,0.000000,0.000000,0.000000,0.000000,0.000000,0.000000,22.442741,20.379315,1
0.650000,-0.055882,0.088268,0.114841,-16.655828,0.427073,17.082901,8.617954,4.678666,-0.119966,-4.798632,-1.117252,0.784153,-0.020106,-0.804260,-0.574977,-27.988180,0.717646,28.705826,12.180009,-5.429732,0.139224,5.568956,1.963351,5.493821,-0.140867,-5.634688,-1.385533,-21.030387,0.539241,21.569628,7.937482,24.575627,-0.630144,-25.205772,-7.147799,-4.611605,0.118246,4.729851,1.737977,10.088278,-0.258674,-10.346952,-3.927567,28.821305,-0.739008,-29.560312,-4.218732,-12.375394,0.317318,12.692712,4.475469,0.000000,0.000000,0.000000,0.000000,0.000000,0.000000,0.000000,0.000000,0.000000,0.000000,0.000000,0.000000,0.000000,0.000000,0.000000,26.855410,24.791985,1
0.660000,-0.058754,0.089752,0.114175,-16.655828,0.427073,17.082901,11.913339,4.678666,-0.119966,-4.798632,-1.879692,0.784153,-0.020106,-0.804260,-0.461251,-27.988180,0.717646,28.705826,18.685314,-5.429732,0.139224,5.568956,1.942889,5.493821,-0.140867,-5.634688,-2.294102,-21.030387,0.539241,21.569628,13.023349,24.575627,-0.630144,-25.205772,-9.785591,-4.611605,0.118246,4.729851,2.300163,10.088278,-0.258674,-10.346952,-4.707866,28.821305,-0.739008,-29.560312,-9.522650,-12.375394,0.317318,12.692712,5.582898,0.000000,0.000000,0.000000,0.000000,0.000000,0.000000,0.000000,0.000000,0.000000,0.000000,0.000000,0.000000,0.000000,0.000000,0.000000,43.980784,41.917358,1
0.664000,-0.034926,0.096766,0.121919,-4.872797,0.124944,4.997741,1.456057,6.262223,-0.160570,-6.422793,-0.363186,1.667763,-0.042763,-1.710526,0.453660,-24.281661,0.622607,24.904267,17.331496,-9.770216,0.250518,10.020735,3.427397,1.883005,-0.048282,-1.931288,-0.917635,-17.362897,0.445202,17.808100,12.383830,20.752624,-0.532119,-21.284742,-8.176931,-0.283182,0.007261,0.290443,-0.028937,4.328835,-0.110996,-4.439831,5.382645,23.535780,-0.603482,-24.139261,-5.533805,-5.414168,0.138825,5.552993,-4.542788,0.000000,0.000000,0.000000,1.426898,1.055386,1.320401,0.000000,0.000000,0.000000,-23.384056,41.989614,-6.957299,0.000000,0.000000,0.000000,48.202472,45.739778,1
0.674000,-0.036764,0.101471,0.121238,-4.806131,0.123234,4.929366,2.835938,6.294984,-0.161410,-6.456394,-2.031573,1.673087,-0.042900,-1.715987,0.421957,-24.336236,0.624006,24.960242,20.229040,-9.816479,0.251705,10.068184,3.447387,1.925293,-0.049366,-1.974660,-1.296878,-17.413836,0.446509,17.860345,9.679217,20.749325,-0.532034,-21.281359,-7.666585,-0.480902,0.012331,0.493233,-1.058721,4.286201,-0.109903,-4.396104,6.189411,23.535644,-0.603478,-24.139122,-6.877472,-5.531450,0.141832,5.673283,-3.745767,0.000000,0.000000,0.000000,0.147111,0.047889,0.043903,0.000000,0.000000,0.000000,-2.151666,3.224897,-0.319965,0.000000,0.000000,0.000000,59.412867,55.956046,1
0.684000,-0.072706,0.137426,0.221998,-3.375131,0.086542,3.461673,4.471981,-0.924456,0.023704,0.948160,1.446125,0.468023,-0.012001,-0.480024,0.183268,-9.967281,0.255571,10.222852,10.308693,-4.090303,0.104880,4.195183,0.233431,0.705042,-0.018078,-0.723120,-0.661281,-7.124279,0.182674,7.306953,6.893933,9.058970,-0.232281,-9.291251,-4.395211,-8.075150,0.207055,8.282205,4.677128,3.924912,-0.100639,-4.025551,-4.657383,12.659739,-0.324609,-12.984348,-7.100898,-0.676192,0.017338,0.693530,0.358026,0.000000,0.000000,0.000000,0.000000,0.000000,0.000000,0.000000,0.000000,0.000000,0.000000,0.000000,0.000000,0.000000,0.000000,0.000000,63.062130,59.603550,1
0.694000,0.000181,0.107314,0.177481,-2.806915,0.071972,2.878887,3.768948,-2.562866,0.065715,2.628580,1.543153,7.235136,-0.185516,-7.420653,-1.319181,8.066684,-0.206838,-8.273522,-10.840802,-0.672719,0.017249,0.689968,-2.884802,-3.080221,0.078980,3.159201,1.113395,2.113847,-0.054201,-2.168048,-0.214748,3.933604,-0.100862,-4.034466,-2.418167,-12.204004,0.312923,12.516928,3.149791,18.267910,-0.468408,-18.736317,-8.589494,1.153666,-0.029581,-1.183247,-1.007399,-16.439002,0.421513,16.860515,6.987350,-3.889512,-1.712931,-0.105596,0.000000,0.000000,0.000000,0.000000,0.000000,0.000000,0.000000,0.000000,0.000000,0.000000,0.000000,0.000000,67.556935,64.058546,1
0.698000,-0.015028,0.158774,0.251852,-5.543617,0.142144,5.685761,-0.252823,-1.010729,0.025916,1.036645,1.151284,-3.997544,0.102501,4.100045,1.528842,10.881204,-0.279005,-11.160209,0.221395,1.047171,-0.026851,-1.074022,-0.855506,-3.675849,0.094253,3.770102,2.540488,-18.075422,0.463472,18.538895,-0.220207,12.900872,-0.330792,-13.231664,-6.212916,-11.065841,0.283740,11.349580,5.696579,-3.349379,0.085882,3.435260,-0.181909,3.737698,-0.095838,-3.833536,0.950887,-1.850956,0.047460,1.898416,-1.835422,9.278370,13.169794,-3.818259,5.345761,13.395457,0.800235,-10.221012,-13.529418,3.692943,0.000000,0.000000,0.000000,0.000000,0.000000,0.000000,68.279194,64.654843,1
0.708000,-0.013462,0.163401,0.250202,-5.543617,0.142144,5.685761,-0.376180,-1.010729,0.025916,1.036645,0.963495,-3.997544,0.102501,4.100045,0.823253,10.881204,-0.279005,-11.160209,-0.129903,1.047171,-0.026851,-1.074022,-0.290093,-3.675849,0.094253,3.770102,2.613166,-18.075422,0.463472,18.538895,-0.234878,12.900872,-0.330792,-13.231664,-6.387727,-11.065841,0.283740,11.349580,5.702252,-3.349379,0.085882,3.435260,-0.165957,3.737698,-0.095838,-3.833536,0.194780,-1.850956,0.047460,1.898416,-1.644143,8.882628,12.526703,-4.086918,3.721319,10.619270,0.889219,-9.629930,-14.856055,4.434509,0.000000,0.000000,0.000000,0.000000,0.000000,0.000000,70.040765,66.197788,1
0.712000,-0.070726,0.161048,0.236553,-4.331223,0.111057,4.442280,1.977171,-2.737628,0.070196,2.807824,1.591957,1.907815,-0.048918,-1.956733,1.666536,10.453185,-0.268030,-10.721215,1.829459,0.479882,-0.012305,-0.492186,0.448212,-1.110500,0.028474,1.138974,-1.966287,-14.728179,0.377646,15.105825,-0.762935,9.683029,-0.248283,-9.931312,-4.152610,-8.159992,0.209231,8.369223,4.111824,-1.803448,0.046242,1.849691,0.498751,2.670171,-0.068466,-2.738636,-0.665875,-2.794296,0.071649,2.865945,1.543632,-9.319021,-14.497019,-10.946058,0.000000,0.000000,0.000000,14.264834,-0.496232,13.021450,0.000000,0.000000,0.000000,0.000000,0.000000,0.000000,70.572512,66.434656,1
0.722000,-0.072131,0.166955,0.230471,-4.331223,0.111057,4.442280,1.629248,-2.737628,0.070196,2.807824,1.943647,1.907815,-0.048918,-1.956733,1.623886,10.453185,-0.268030,-10.721215,1.382689,0.479882,-0.012305,-0.492186,0.555765,-1.110500,0.028474,1.138974,-1.813438,-14.728179,0.377646,15.105825,-0.575621,9.683029,-0.248283,-9.931312,-4.409027,-8.159992,0.209231,8.369223,4.175597,-1.803448,0.046242,1.849691,0.844638,2.670171,-0.068466,-2.738636,-0.985244,-2.794296,0.071649,2.865945,1.483660,-7.462541,-12.160391,-9.702717,0.000000,0.000000,0.000000,11.241512,0.759249,10.688866,0.000000,0.000000,0.000000,0.000000,0.000000,0.000000,71.862286,67.143713,1
0.724000,-0.016670,0.076211,0.231290,-13.707799,0.351482,14.059281,-0.285691,-9.883074,0.253412,10.136486,3.804034,6.661835,-0.170816,-6.832651,0.191282,11.431503,-0.293115,-11.724619,0.071187,-0.877657,0.022504,0.900161,0.672474,5.093184,-0.130594,-5.223778,-3.158623,-14.009157,0.359209,14.368367,-0.517566,9.554751,-0.244994,-9.799745,-4.797292,-6.635498,0.170141,6.805639,3.121177,-8.547996,0.219179,8.767175,3.873857,-0.581235,0.014903,0.596139,0.554464,2.782690,-0.071351,-2.854041,-1.052081,-10.903476,-1.932043,-8.513737,0.000000,0.000000,0.000000,10.903476,1.932043,8.513737,0.000000,0.000000,0.000000,0.000000,0.000000,0.000000,72.211904,67.438953,1
0.734000,-0.015956,0.078275,0.224578,-13.707799,0.351482,14.059281,-0.073921,-9.883074,0.253412,10.136486,3.409732,6.661835,-0.170816,-6.832651,0.626439,11.431503,-0.293115,-11.724619,-0.022727,-0.877657,0.022504,0.900161,0.881494,5.093184,-0.130594,-5.223778,-1.836478,-14.009157,0.359209,14.368367,-0.374689,9.554751,-0.244994,-9.799745,-4.765294,-6.635498,0.170141,6.805639,3.266805,-8.547996,0.219179,8.767175,5.268828,-0.581235,0.014903,0.596139,0.362981,2.782690,-0.071351,-2.854041,-1.084873,-9.505879,-4.382373,-7.549946,0.000000,0.000000,0.000000,9.505879,4.382373,7.549946,0.000000,0.000000,0.000000,0.000000,0.000000,0.000000,73.955464,68.968448,1
0.736000,-0.017499,0.029473,0.210689,-10.418859,0.267150,10.686009,3.350671,-7.838002,0.200974,8.038976,4.228134,3.639815,-0.093329,-3.733144,-3.292895,8.990019,-0.230513,-9.220533,-0.656839,-0.310550,0.007963,0.318513,0.700620,3.247111,-0.083259,-3.330370,0.284302,-11.397126,0.292234,11.689360,-0.580523,7.163256,-0.183673,-7.346930,-1.568656,-7.010108,0.179746,7.189854,5.000195,-0.092633,0.002375,0.095009,-1.168203,3.223977,-0.082666,-3.306643,-2.152379,-0.701567,0.017989,0.719556,0.986422,6.461601,4.883532,5.060894,9.253779,18.093101,8.486646,-6.461601,-4.883532,-5.060894,0.000000,0.000000,0.000000,0.000000,0.000000,0.000000,74.258491,69.240101,1
0.746000,-0.017603,0.029133,0.203599,-10.418859,0.267150,10.686009,3.978499,-7.838002,0.200974,8.038976,4.328901,3.639815,-0.093329,-3.733144,-3.883352,8.990019,-0.230513,-9.220533,-0.795114,-0.310550,0.007963,0.318513,0.591378,3.247111,-0.083259,-3.330370,-0.431514,-11.397126,0.292234,11.689360,-0.420948,7.163256,-0.183673,-7.346930,-2.394347,-7.010108,0.179746,7.189854,4.344965,-0.092633,0.002375,0.095009,-0.414776,3.223977,-0.082666,-3.306643,-0.022181,-0.701567,0.017989,0.719556,-0.517392,6.135468,4.851467,4.994837,9.568002,19.967984,10.080738,-6.135468,-4.851467,-4.994837,0.000000,0.000000,0.000000,0.000000,0.000000,0.000000,75.808537,70.683500,1
0.748000,-0.049674,0.022595,0.199990,-10.968175,0.281235,11.249410,0.898997,-6.673261,0.171109,6.844371,2.452425,-3.942735,0.101096,4.043831,-0.507355,9.002016,-0.230821,-9.232837,0.558999,-1.073306,0.027521,1.100826,0.965951,8.012545,-0.205450,-8.217994,0.541351,-9.229448,0.236653,9.466100,-0.325152,5.115243,-0.131160,-5.246403,-2.074947,-6.254282,0.160366,6.414648,3.728810,-2.580013,0.066154,2.646168,-2.170285,-0.816002,0.020923,0.836925,-2.521204,-3.296257,0.084519,3.380776,1.949325,9.653337,9.848721,1.871370,0.307634,-0.103803,-0.253531,-9.653337,-9.848721,-1.871370,0.000000,0.000000,0.000000,0.000000,0.000000,0.000000,75.992436,70.777029,1
0.758000,-0.050817,0.022857,0.196813,-10.968175,0.281235,11.249410,1.835426,-6.673261,0.171109,6.844371,2.813299,-3.942735,0.101096,4.043831,-1.067940,9.002016,-0.230821,-9.232837,0.504143,-1.073306,0.027521,1.100826,1.669938,8.012545,-0.205450,-8.217994,-0.882804,-9.229448,0.236653,9.466100,-1.110031,5.115243,-0.131160,-5.246403,-2.672660,-6.254282,0.160366,6.414648,3.545817,-2.580013,0.066154,2.646168,-1.522021,-0.816002,0.020923,0.836925,-1.608451,-3.296257,0.084519,3.380776,1.658781,9.401997,9.462122,1.901395,0.224299,-0.050019,-0.173476,-9.401997,-9.462122,-1.901395,0.000000,0.000000,0.000000,0.000000,0.000000,0.000000,77.154691,71.442192,1
0.768000,-0.118667,0.008443,0.213985,-6.562806,0.168277,6.731084,2.883428,-3.119464,0.079986,3.199450,0.991810,-6.539428,0.167678,6.707105,2.781106,-0.732351,0.018778,0.751129,6.708578,2.398419,-0.061498,-2.459917,-1.341392,4.147550,-0.106347,-4.253898,-1.221062,-4.516727,0.115814,4.632540,0.152100,-0.158186,0.004056,0.162242,-0.704085,-11.402093,0.292361,11.694455,0.901113,-2.335238,0.059878,2.395116,1.091920,-0.734033,0.018821,0.752855,-2.570509,0.473938,-0.012152,-0.486091,0.066063,0.000000,0.000000,0.000000,0.000000,0.000000,0.000000,-13.812322,-9.602758,7.277703,-4.561869,7.810798,-6.585359,0.000000,0.000000,0.000000,77.861766,72.107636,1
0.778000,-0.117782,0.087661,0.166216,-10.921841,0.280047,11.201888,8.777439,-5.370637,0.137709,5.508345,2.381448,1.515413,-0.038857,-1.554270,-0.968395,2.838330,-0.072778,-2.911108,-5.096846,0.671584,-0.017220,-0.688804,0.069267,9.238291,-0.236879,-9.475170,-4.881462,-8.086404,0.207344,8.293748,2.098598,-1.389066,0.035617,1.424683,0.841545,-0.641863,0.016458,0.658321,0.957698,-5.270787,0.135148,5.405936,3.861175,-2.834908,0.072690,2.907598,1.513386,3.864221,-0.099083,-3.963304,-1.397991,0.000000,0.000000,0.000000,0.000000,0.000000,0.000000,0.000000,0.000000,0.000000,0.000000,0.000000,0.000000,0.000000,0.000000,0.000000,80.103102,74.348018,1
0.780000,-0.123184,0.120007,0.180596,-6.022246,0.154417,6.176663,0.449145,-8.765296,0.224751,8.990047,4.335866,-1.130590,0.028989,1.159579,1.036354,8.904615,-0.228323,-9.132938,-2.611943,5.141044,-0.131822,-5.272866,-0.397317,-0.676762,0.017353,0.694115,0.145756,-4.942673,0.126735,5.069409,6.094069,-3.234842,0.082945,3.317787,0.895153,9.382102,-0.240567,-9.622668,-1.735950,0.746011,-0.019128,-0.765140,0.362070,-2.995148,0.076799,3.071947,1.927985,0.244781,-0.006276,-0.251057,0.094593,0.000000,0.000000,0.000000,0.000000,0.000000,0.000000,0.000000,0.000000,0.000000,0.000000,0.000000,0.000000,0.000000,0.000000,0.000000,80.354698,74.598410,1
0.790000,-0.123467,0.123435,0.174104,-6.022246,0.154417,6.176663,1.910784,-8.765296,0.224751,8.990047,4.563462,-1.130590,0.028989,1.159579,0.684368,8.904615,-0.228323,-9.132938,-4.383811,5.141044,-0.131822,-5.272866,-1.233476,-0.676762,0.017353,0.694115,0.284023,-4.942673,0.126735,5.069409,5.786991,-3.234842,0.082945,3.317787,1.401724,9.382102,-0.240567,-9.622668,-3.336598,0.746011,-0.019128,-0.765140,0.075483,-2.995148,0.076799,3.071947,1.803523,0.244781,-0.006276,-0.251057,0.061296,0.311355,0.183533,0.196872,0.000000,0.000000,0.000000,0.910645,-2.435006,-1.526235,0.000000,0.000000,0.000000,0.000000,0.000000,0.000000,82.075372,76.317622,1
0.798000,-0.021847,0.097488,0.155062,-8.021010,0.205667,8.226677,7.464430,-1.188189,0.030466,1.218656,0.366972,-7.939496,0.203577,8.143073,3.763247,-4.266769,0.109404,4.376173,5.458257,0.855159,-0.021927,-0.877086,0.036869,-2.209010,0.056641,2.265651,1.290962,-3.325178,0.085261,3.410439,2.485476,1.691552,-0.043373,-1.734925,-0.568506,-5.685354,0.145778,5.831132,2.205551,-0.523001,0.013410,0.536411,0.293175,2.162492,-0.055449,-2.217941,-0.455581,0.787242,-0.020186,-0.807428,-0.375439,0.000000,0.000000,0.000000,0.000000,0.000000,0.000000,0.000000,0.000000,0.000000,0.000000,0.000000,0.000000,0.000000,0.000000,0.000000,83.220469,77.462202,1
0.808000,-0.021600,0.100976,0.142328,-8.021010,0.205667,8.226677,1.599310,-1.188189,0.030466,1.218656,0.062135,-7.939496,0.203577,8.143073,4.114816,-4.266769,0.109404,4.376173,4.601723,0.855159,-0.021927,-0.877086,-0.243807,-2.209010,0.056641,2.265651,1.173606,-3.325178,0.085261,3.410439,2.153512,1.691552,-0.043373,-1.734925,-0.727691,-5.685354,0.145778,5.831132,2.463639,-0.523001,0.013410,0.536411,-0.022069,2.162492,-0.055449,-2.217941,-0.797163,0.787242,-0.020186,-0.807428,-0.267909,0.000000,0.000000,0.000000,0.000000,0.000000,0.000000,0.000000,0.000000,0.000000,-0.333016,1.013844,0.733452,0.000000,0.000000,0.000000,84.167666,78.409162,1
0.812000,-0.028476,0.104546,0.181805,-5.170694,0.132582,5.303276,3.655270,2.377859,-0.060971,-2.438830,-1.218815,-14.422558,0.369809,14.792367,1.648805,-2.008589,0.051502,2.060092,5.977391,-2.298243,0.058929,2.357172,2.431144,3.575445,-0.091678,-3.667123,-2.762487,-2.893352,0.074189,2.967541,-0.618644,0.572052,-0.014668,-0.586720,-0.734129,-2.231355,0.057214,2.288569,0.711712,-1.699952,0.043589,1.743540,-0.887113,3.202094,-0.082105,-3.284199,-1.635077,1.885612,-0.048349,-1.933961,-1.784198,0.000000,0.000000,0.000000,0.000000,0.000000,0.000000,-3.576158,-19.725700,-6.503717,0.000000,0.000000,0.000000,0.000000,0.000000,0.000000,84.524405,78.738840,1
0.822000,-0.028628,0.105577,0.183213,-5.170694,0.132582,5.303276,4.308293,2.377859,-0.060971,-2.438830,-0.990672,-14.422558,0.369809,14.792367,0.857493,-2.008589,0.051502,2.060092,4.768649,-2.298243,0.058929,2.357172,1.941939,3.575445,-0.091678,-3.667123,-2.033049,-2.893352,0.074189,2.967541,-0.588072,0.572052,-0.014668,-0.586720,-0.377696,-2.231355,0.057214,2.288569,0.942111,-1.699952,0.043589,1.743540,0.157735,3.202094,-0.082105,-3.284199,-1.483459,1.885612,-0.048349,-1.933961,-1.223544,0.000000,0.000000,0.000000,0.000000,0.000000,0.000000,-3.238321,-16.523632,-6.076240,0.000000,0.000000,0.000000,0.000000,0.000000,0.000000,85.238818,79.418351,1
0.826000,-0.054750,-0.021710,0.181909,1.247816,-0.031995,-1.279811,3.049672,-1.809489,0.046397,1.855886,-0.418951,-13.649376,0.349984,13.999360,7.833269,-2.149250,0.055109,2.204359,1.962234,0.664849,-0.017047,-0.681896,0.363367,-6.477073,0.166079,6.643152,3.995032,-0.783616,0.020093,0.803709,-0.200257,-2.664645,0.068324,2.732969,-0.706062,6.600307,-0.169239,-6.769546,-3.548261,-7.952669,0.203915,8.156583,3.055211,1.737103,-0.044541,-1.781644,-1.658452,10.696655,-0.274273,-10.970929,-5.165517,0.000000,0.000000,0.000000,0.000000,0.000000,0.000000,0.000000,0.000000,0.000000,0.000000,0.000000,0.000000,0.000000,0.000000,0.000000,86.263259,80.386641,1
0.836000,-0.053190,-0.023994,0.181416,1.247816,-0.031995,-1.279811,3.495814,-1.809489,0.046397,1.855886,-0.130644,-13.649376,0.349984,13.999360,7.273557,-2.149250,0.055109,2.204359,0.169163,0.664849,-0.017047,-0.681896,0.281827,-6.477073,0.166079,6.643152,3.638804,-0.783616,0.020093,0.803709,0.085946,-2.664645,0.068324,2.732969,-0.949297,6.600307,-0.169239,-6.769546,-3.381776,-7.952669,0.203915,8.156583,4.110970,1.737103,-0.044541,-1.781644,-1.299360,10.696655,-0.274273,-10.970929,-5.169908,0.000000,0.000000,0.000000,0.000000,0.000000,0.000000,-0.758598,-3.637453,-2.911896,0.000000,0.000000,0.000000,0.000000,0.000000,0.000000,88.757274,82.730595,1
0.840000,-0.065785,0.097933,0.168170,1.010654,-0.025914,-1.036568,-3.432592,-2.873005,0.073667,2.946672,3.165760,-5.479366,0.140497,5.619863,2.084980,-2.175259,0.055776,2.231035,-0.112948,11.438882,-0.293305,-11.732187,0.654941,-18.021566,0.462091,18.483657,3.507930,-16.943428,0.434447,17.377875,10.559655,-7.564905,0.193972,7.758877,5.117957,6.868646,-0.176119,-7.044765,-3.801291,2.380608,-0.061041,-2.441649,-3.043672,3.573464,-0.091627,-3.665091,-1.933875,7.694162,-0.197286,-7.891448,-4.954898,8.298349,-15.216148,-5.082081,0.000000,0.000000,0.000000,0.000000,0.000000,0.000000,-1.604238,0.269110,0.614712,0.000000,0.000000,0.000000,90.361246,84.271080,1
0.850000,-0.066133,0.103231,0.170307,1.010654,-0.025914,-1.036568,-2.214892,-2.873005,0.073667,2.946672,2.150167,-5.479366,0.140497,5.619863,2.596103,-2.175259,0.055776,2.231035,0.168462,11.438882,-0.293305,-11.732187,1.288887,-18.021566,0.462091,18.483657,1.476446,-16.943428,0.434447,17.377875,12.474186,-7.564905,0.193972,7.758877,4.446748,6.868646,-0.176119,-7.044765,-3.782339,2.380608,-0.061041,-2.441649,-2.843345,3.573464,-0.091627,-3.665091,-1.990617,7.694162,-0.197286,-7.891448,-4.215578,8.334542,-11.004573,-0.273438,0.000000,0.000000,0.000000,0.000000,0.000000,0.000000,-0.545116,0.107876,0.224883,0.000000,0.000000,0.000000,94.275611,87.883016,1
0.852000,-0.121354,0.041117,0.183909,-15.861699,0.406710,16.268409,3.635301,-4.734896,0.121408,4.856304,-0.809842,-19.614900,0.502946,20.117846,3.312170,1.417547,-0.036347,-1.453894,0.395594,10.368349,-0.265855,-10.634204,-2.707250,-11.674870,0.299356,11.974226,4.269640,-4.700203,0.120518,4.820721,6.073418,-2.868789,0.073559,2.942347,1.138183,18.986852,-0.486842,-19.473694,-9.436023,5.537431,-0.141985,-5.679416,-3.886714,2.805737,-0.071942,-2.877679,-2.351314,0.361734,-0.009275,-0.371009,-0.586657,0.000000,0.000000,0.000000,0.000000,0.000000,0.000000,-12.669274,-16.045677,-2.157242,0.000000,0.000000,0.000000,0.000000,0.000000,0.000000,95.186885,88.776258,1
0.862000,-0.125577,0.042176,0.185079,-15.861699,0.406710,16.268409,4.786716,-4.734896,0.121408,4.856304,-0.962599,-19.614900,0.502946,20.117846,4.514540,1.417547,-0.036347,-1.453894,2.150946,10.368349,-0.265855,-10.634204,-1.116529,-11.674870,0.299356,11.974226,5.258427,-4.700203,0.120518,4.820721,6.057844,-2.868789,0.073559,2.942347,1.260071,18.986852,-0.486842,-19.473694,-9.441628,5.537431,-0.141985,-5.679416,-3.848986,2.805737,-0.071942,-2.877679,-1.743703,0.361734,-0.009275,-0.371009,-0.336735,0.000000,0.000000,0.000000,0.000000,0.000000,0.000000,-13.409285,-16.836732,-2.739242,0.000000,0.000000,0.000000,0.000000,0.000000,0.000000,100.138014,93.571348,1
0.866000,-0.082474,-0.013177,0.174780,-12.450284,0.319238,12.769522,3.266703,-4.570473,0.117192,4.687665,0.064143,-18.929873,0.485381,19.415255,5.215069,3.352985,-0.085974,-3.438959,-1.327341,6.138800,-0.157405,-6.296206,-1.795381,-8.734912,0.223972,8.958884,4.633258,-5.108836,0.130996,5.239832,6.061584,-3.705822,0.095021,3.800843,1.785402,9.403032,-0.241103,-9.644135,-3.741555,4.365345,-0.111932,-4.477277,0.836146,0.049718,-0.001275,-0.050993,0.756757,1.733555,-0.044450,-1.778006,-0.444788,0.000000,0.000000,0.000000,0.000000,0.000000,0.000000,-21.021579,-19.909613,-2.823496,0.000000,0.000000,0.000000,0.000000,0.000000,0.000000,101.257411,94.660487,1
0.876000,-0.082981,-0.014284,0.177787,-12.450284,0.319238,12.769522,2.029485,-4.570473,0.117192,4.687665,-0.140031,-18.929873,0.485381,19.415255,4.117070,3.352985,-0.085974,-3.438959,-1.787170,6.138800,-0.157405,-6.296206,-2.181920,-8.734912,0.223972,8.958884,4.578526,-5.108836,0.130996,5.239832,6.107389,-3.705822,0.095021,3.800843,1.780430,9.403032,-0.241103,-9.644135,-4.123715,4.365345,-0.111932,-4.477277,1.744089,0.049718,-0.001275,-0.050993,0.917487,1.733555,-0.044450,-1.778006,-0.581519,0.000000,0.000000,0.000000,0.000000,0.000000,0.000000,-16.223231,-17.969657,0.676729,0.000000,0.000000,0.000000,0.000000,0.000000,0.000000,103.805773,97.038610,1
0.878000,-0.019694,0.083882,0.175697,-12.772914,0.327511,13.100425,6.397100,-5.018650,0.128683,5.147333,2.296574,-11.410884,0.292587,11.703471,4.962009,9.112289,-0.233648,-9.345937,-11.332199,5.641977,-0.144666,-5.786643,-1.606668,4.918525,-0.126116,-5.044641,-1.074644,-2.616698,0.067095,2.683793,6.734557,-4.361129,0.111824,4.472953,1.304162,6.256492,-0.160423,-6.416915,-2.966445,-0.350549,0.008988,0.359538,1.591744,0.719414,-0.018447,-0.737860,2.375125,3.951910,-0.101331,-4.053241,-4.695653,0.000000,0.000000,0.000000,0.000000,0.000000,0.000000,-21.378430,-9.774586,-10.536114,0.000000,0.000000,0.000000,0.000000,0.000000,0.000000,104.483028,97.708855,1
0.888000,-0.014900,0.087571,0.177408,-12.772914,0.327511,13.100425,3.642976,-5.018650,0.128683,5.147333,1.832854,-11.410884,0.292587,11.703471,3.826796,9.112289,-0.233648,-9.345937,-10.119301,5.641977,-0.144666,-5.786643,-1.852871,4.918525,-0.126116,-5.044641,-1.777712,-2.616698,0.067095,2.683793,6.235244,-4.361129,0.111824,4.472953,1.288424,6.256492,-0.160423,-6.416915,-2.825597,-0.350549,0.008988,0.359538,2.075093,0.719414,-0.018447,-0.737860,2.984610,3.951910,-0.101331,-4.053241,-3.259406,0.000000,0.000000,0.000000,0.000000,0.000000,0.000000,-12.870439,-7.436770,-4.196817,0.000000,0.000000,0.000000,0.000000,0.000000,0.000000,107.213008,100.394791,1
0.892000,-0.067284,-0.007612,0.182516,-9.299451,0.238447,9.537899,2.088476,-4.600155,0.117953,4.718107,0.482489,-17.267263,0.442750,17.710014,3.508529,3.140316,-0.080521,-3.220836,-4.289784,4.257236,-0.109160,-4.366396,-1.161373,-3.634036,0.093180,3.727216,2.189078,-2.212820,0.056739,2.269559,2.744011,-3.071565,0.078758,3.150323,1.348409,4.619895,-0.118459,-4.738354,-2.021889,2.946447,-0.075550,-3.021997,1.645899,-4.140697,0.106172,4.246868,2.133401,3.200790,-0.082072,-3.282861,-1.699998,0.000000,0.000000,0.000000,0.000000,0.000000,0.000000,-13.075117,-13.473911,4.454331,0.000000,0.000000,0.000000,0.000000,0.000000,0.000000,107.817209,100.959200,1
0.902000,-0.065489,-0.009137,0.184568,-9.299451,0.238447,9.537899,2.135242,-4.600155,0.117953,4.718107,0.443395,-17.267263,0.442750,17.710014,3.154423,3.140316,-0.080521,-3.220836,-4.033021,4.257236,-0.109160,-4.366396,-1.396899,-3.634036,0.093180,3.727216,2.091661,-2.212820,0.056739,2.269559,2.944130,-3.071565,0.078758,3.150323,1.364197,4.619895,-0.118459,-4.738354,-2.051504,2.946447,-0.075550,-3.021997,2.060098,-4.140697,0.106172,4.246868,2.359029,3.200790,-0.082072,-3.282861,-1.575050,0.000000,0.000000,0.000000,0.000000,0.000000,0.000000,-12.217496,-12.853024,4.422846,0.000000,0.000000,0.000000,0.000000,0.000000,0.000000,109.290437,102.307916,1
0.904000,-0.052907,-0.031092,0.199857,-10.788537,0.276629,11.065166,-0.912520,-2.894216,0.074211,2.968426,0.390191,-14.625035,0.375001,15.000036,2.945382,0.886903,-0.022741,-0.909644,-0.422345,5.855071,-0.150130,-6.005201,-1.571693,0.293334,-0.007521,-0.300856,0.106716,-2.747385,0.070446,2.817831,2.637437,-2.080663,0.053350,2.134013,-0.347426,6.436540,-0.165039,-6.601580,-4.812050,-1.819396,0.046651,1.866047,-0.517626,-2.261906,0.057998,2.319903,-0.048275,-2.069813,0.053072,2.122885,-1.232052,0.000000,0.000000,0.000000,0.000000,0.000000,0.000000,-13.552130,-13.930794,8.579006,0.000000,0.000000,0.000000,0.000000,0.000000,0.000000,109.508287,102.467509,1
0.914000,-0.051984,-0.031686,0.200568,-10.788537,0.276629,11.065166,0.191435,-2.894216,0.074211,2.968426,0.007967,-14.625035,0.375001,15.000036,2.060878,0.886903,-0.022741,-0.909644,-0.194733,5.855071,-0.150130,-6.005201,-2.044337,0.293334,-0.007521,-0.300856,0.026690,-2.747385,0.070446,2.817831,3.612079,-2.080663,0.053350,2.134013,0.074562,6.436540,-0.165039,-6.601580,-3.789161,-1.819396,0.046651,1.866047,1.160131,-2.261906,0.057998,2.319903,0.183592,-2.069813,0.053072,2.122885,-0.027771,0.000000,0.000000,0.000000,0.000000,0.000000,0.000000,-11.972803,-12.264635,7.667859,0.000000,0.000000,0.000000,0.000000,0.000000,0.000000,110.343472,103.301354,1
0.916000,-0.064253,-0.049866,0.223498,-8.742764,0.224173,8.966937,6.207171,2.453837,-0.062919,-2.516756,3.110668,-19.893054,0.510078,20.403132,10.036065,-3.631434,0.093114,3.724548,0.050383,2.747592,-0.070451,-2.818043,0.814149,0.356163,-0.009132,-0.365296,-0.892720,-2.395145,0.061414,2.456559,1.053736,-1.581878,0.040561,1.622439,0.621735,10.022791,-0.256995,-10.279785,-4.759344,-2.143398,0.054959,2.198357,-0.662096,-7.639000,0.195872,7.834871,2.954019,4.882273,-0.125186,-5.007459,-1.855149,0.000000,0.000000,0.000000,0.000000,0.000000,0.000000,0.000000,0.000000,0.000000,0.000000,0.000000,0.000000,0.000000,0.000000,0.000000,111.058422,103.969990,1
0.926000,-0.065546,-0.052408,0.220575,-8.742764,0.224173,8.966937,7.399487,2.453837,-0.062919,-2.516756,1.247033,-19.893054,0.510078,20.403132,10.540820,-3.631434,0.093114,3.724548,0.574049,2.747592,-0.070451,-2.818043,1.145699,0.356163,-0.009132,-0.365296,-0.441357,-2.395145,0.061414,2.456559,1.715436,-1.581878,0.040561,1.622439,0.664888,10.022791,-0.256995,-10.279785,-4.873276,-2.143398,0.054959,2.198357,0.250608,-7.639000,0.195872,7.834871,3.415567,4.882273,-0.125186,-5.007459,-2.142920,0.000000,0.000000,0.000000,0.000000,0.000000,0.000000,0.000000,0.000000,0.000000,0.000000,0.000000,0.000000,0.000000,0.000000,0.000000,114.893561,107.677787,1
0.936000,-0.055154,-0.012122,0.228783,-8.119594,0.208195,8.327788,7.544145,2.256697,-0.057864,-2.314561,0.367853,-14.647330,0.375573,15.022903,7.939345,-2.695412,0.069113,2.764525,0.877035,2.898339,-0.074316,-2.972655,1.475503,0.578893,-0.014843,-0.593736,-0.335186,-1.839346,0.047163,1.886509,1.212187,-1.075698,0.027582,1.103280,0.380704,8.310543,-0.213091,-8.523634,-4.212130,-1.974373,0.050625,2.024998,0.883183,-5.949858,0.152560,6.102418,2.741048,4.574048,-0.117283,-4.691332,-2.178412,0.000000,0.000000,0.000000,0.000000,0.000000,0.000000,0.000000,0.000000,0.000000,0.000000,0.000000,0.000000,0.000000,0.000000,0.000000,117.466600,110.146074,1
0.944000,-0.047127,0.019064,0.201895,2.399187,-0.061518,-2.460705,-2.056932,-7.051888,0.180818,7.232706,3.073459,-1.636157,0.041953,1.678110,0.821806,-0.075484,0.001935,0.077419,2.054052,0.947021,-0.024283,-0.971304,-0.237925,0.319699,-0.008197,-0.327896,0.166084,-1.187320,0.030444,1.217764,0.415154,1.568508,-0.040218,-1.608727,-1.174539,6.136580,-0.157348,-6.293928,-3.465039,-1.454070,0.037284,1.491354,1.497259,3.148426,-0.080729,-3.229155,-1.833787,12.228419,-0.313549,-12.541968,-6.451092,0.000000,0.000000,0.000000,0.000000,0.000000,0.000000,0.000000,0.000000,0.000000,0.000000,0.000000,0.000000,0.000000,0.000000,0.000000,118.605658,111.284261,1
0.952000,-0.095999,-0.027996,0.250654,-4.188934,0.107409,4.296343,2.397842,6.057149,-0.155312,-6.212461,0.455908,0.612730,-0.015711,-0.628441,1.506139,0.227442,-0.005832,-0.233274,0.224141,-2.363538,0.060604,2.424142,0.784013,-7.971306,0.204392,8.175699,4.672519,1.061658,-0.027222,-1.088880,-0.036983,2.079744,-0.053327,-2.133071,-1.828339,-0.135283,0.003469,0.138752,-0.679331,-1.885981,0.048358,1.934340,1.161646,-4.899869,0.125638,5.025506,0.903869,-19.451485,0.498756,19.950241,5.438580,0.000000,0.000000,0.000000,0.000000,0.000000,0.000000,0.000000,0.000000,0.000000,0.000000,0.000000,0.000000,0.000000,0.000000,0.000000,119.994135,112.609932,1
0.962000,-0.006728,-0.036119,0.235628,-2.543358,0.065214,2.608572,1.617236,5.617188,-0.144030,-5.761219,-2.857620,0.442292,-0.011341,-0.453633,0.174227,1.865486,-0.047833,-1.913319,-2.446067,5.120594,-0.131297,-5.251891,-0.764820,7.599539,-0.194860,-7.794399,-2.708882,2.172631,-0.055708,-2.228339,-1.819707,-1.583120,0.040593,1.623712,3.311043,-5.759418,0.147677,5.907096,-1.879997,3.680116,-0.094362,-3.774478,-3.066713,-1.652672,0.042376,1.695048,-0.325093,-9.170077,0.235130,9.405208,4.182286,0.000000,0.000000,0.000000,0.000000,0.000000,0.000000,0.000000,0.000000,0.000000,-10.151263,32.037733,-11.170978,0.000000,0.000000,0.000000,121.219836,113.600925,1
0.972000,-0.141166,-0.170663,0.266275,6.769532,-0.173578,-6.943109,-3.971579,-8.788323,0.225342,9.013664,0.443361,-0.757862,0.019432,0.777295,-0.946586,24.012433,-0.615703,-24.628137,-3.842058,-9.090184,0.233082,9.323266,1.475030,8.009012,-0.205359,-8.214372,0.018433,-2.353689,0.060351,2.414040,6.286904,-1.584035,0.040616,1.624652,-1.251500,-19.259614,0.493836,19.753450,-0.167901,-0.865071,0.022181,0.887252,3.629291,-4.457198,0.114287,4.571485,1.944188,-39.000000,1.000000,40.000000,-0.696940,0.000000,0.000000,0.000000,0.000000,0.000000,0.000000,0.000000,0.000000,0.000000,0.000000,0.000000,0.000000,0.000000,0.000000,0.000000,123.233292,114.932088,1
0.982000,-0.095518,-0.097018,0.213184,-0.108533,0.002783,0.111316,1.897345,5.869434,-0.150498,-6.019932,-2.035419,1.967296,-0.050443,-2.017739,-0.944261,1.576178,-0.040415,-1.616593,-6.484354,5.699746,-0.146147,-5.845893,0.956585,-1.768002,0.045333,1.813335,4.476717,-4.351024,0.111565,4.462589,-0.588505,1.968130,-0.050465,-2.018595,-1.375253,21.200697,-0.543608,-21.744305,-9.932283,-4.140702,0.106172,4.246874,0.415463,11.439791,-0.293328,-11.733119,-5.164697,-31.901259,0.817981,32.719240,15.504576,0.000000,0.000000,0.000000,0.000000,0.000000,0.000000,0.000000,0.000000,0.000000,0.000000,0.000000,0.000000,0.000000,0.000000,0.000000,131.529245,123.063674,1
0.992000,-0.066932,-0.006589,0.193043,1.709757,-0.043840,-1.753597,-1.864330,0.688478,-0.017653,-0.706132,0.402050,5.858040,-0.150206,-6.008246,-2.913225,1.415146,-0.036286,-1.451432,0.647331,-1.128409,0.028934,1.157343,-1.632431,-4.678740,0.119968,4.798707,0.671764,5.470153,-0.140260,-5.610413,3.738337,0.194647,-0.004991,-0.199638,0.451848,20.749023,-0.532026,-21.281049,-10.676642,-8.553726,0.219326,8.773052,-1.420014,13.398238,-0.343545,-13.741782,-7.660599,-20.832799,0.534174,21.366973,9.871706,0.000000,0.000000,0.000000,0.000000,0.000000,0.000000,0.000000,0.000000,0.000000,0.000000,0.000000,0.000000,0.000000,0.000000,0.000000,137.569641,128.371381,1
0.994000,-0.045079,-0.057341,0.194732,3.384312,-0.086777,-3.471089,-4.806459,-10.939537,0.280501,11.220038,6.662781,10.159340,-0.260496,-10.419836,1.008550,-3.292841,0.084432,3.377272,9.206939,-0.746430,0.019139,0.765569,-0.306100,-11.340485,0.290782,11.631267,2.931926,2.148269,-0.055084,-2.203353,3.198508,-1.344615,0.034477,1.379092,2.192332,16.452070,-0.421848,-16.873918,-9.658790,-4.443344,0.113932,4.557276,4.771735,6.805481,-0.174500,-6.979981,-3.490372,-12.204455,0.312935,12.517390,5.483506,0.000000,0.000000,0.000000,0.000000,0.000000,0.000000,0.000000,0.000000,0.000000,0.000000,0.000000,0.000000,0.000000,0.000000,0.000000,138.480002,129.210579,1
1.004000,-0.044975,-0.058540,0.183975,3.384312,-0.086777,-3.471089,-4.366396,-10.939537,0.280501,11.220038,6.123746,10.159340,-0.260496,-10.419836,1.449377,-3.292841,0.084432,3.377272,7.233016,-0.746430,0.019139,0.765569,-0.051517,-11.340485,0.290782,11.631267,4.441963,2.148269,-0.055084,-2.203353,2.975503,-1.344615,0.034477,1.379092,1.393559,16.452070,-0.421848,-16.873918,-8.859678,-4.443344,0.113932,4.557276,4.399687,6.805481,-0.174500,-6.979981,-3.422306,-12.204455,0.312935,12.517390,5.902790,0.000000,0.000000,0.000000,0.000000,0.000000,0.000000,0.000000,0.000000,0.000000,0.000000,0.000000,0.000000,0.000000,0.000000,0.000000,142.989014,133.285635,1
1.006000,-0.085249,-0.085559,0.161659,1.855509,-0.047577,-1.903086,-1.540662,-2.417672,0.061992,2.479663,2.404518,5.012669,-0.128530,-5.141199,-2.293225,0.499550,-0.012809,-0.512359,-0.219684,5.042183,-0.129287,-5.171470,-0.531487,-1.037689,0.026607,1.064296,0.427621,3.103631,-0.079580,-3.183211,-2.370073,1.061577,-0.027220,-1.088797,-1.001637,11.302686,-0.289812,-11.592499,-6.433649,-6.631096,0.170028,6.801124,7.843558,9.742610,-0.249811,-9.992421,-5.398577,-6.884779,0.176533,7.061312,2.926495,0.000000,0.000000,0.000000,0.000000,0.000000,0.000000,0.000000,0.000000,0.000000,0.000000,0.000000,0.000000,0.000000,0.000000,0.000000,143.459359,133.755980,1
1.016000,-0.086670,-0.088335,0.148507,1.855509,-0.047577,-1.903086,-1.719420,-2.417672,0.061992,2.479663,1.823471,5.012669,-0.128530,-5.141199,-2.345399,0.499550,-0.012809,-0.512359,-0.269356,5.042183,-0.129287,-5.171470,-1.416829,-1.037689,0.026607,1.064296,0.532739,3.103631,-0.079580,-3.183211,-2.592667,1.061577,-0.027220,-1.088797,-0.822015,11.302686,-0.289812,-11.592499,-6.043177,-6.631096,0.170028,6.801124,7.408157,9.742610,-0.249811,-9.992421,-5.190340,-6.884779,0.176533,7.061312,3.283628,0.000000,0.000000,0.000000,0.000000,0.000000,0.000000,0.000000,0.000000,0.000000,0.000000,0.000000,0.000000,0.000000,0.000000,0.000000,145.784581,136.081202,1
1.026000,-0.115475,-0.161709,0.147331,1.212237,-0.031083,-1.243320,-1.989124,-1.942615,0.049811,1.992426,1.348668,3.967646,-0.101735,-4.069380,-2.071968,0.963731,-0.024711,-0.988442,-0.799391,3.528614,-0.090477,-3.619091,-1.469644,6.082131,-0.155952,-6.238083,-2.809615,2.178248,-0.055853,-2.234100,-0.946140,1.963225,-0.050339,-2.013564,-1.519100,7.320103,-0.187695,-7.507797,-3.593285,-4.466863,0.114535,4.581398,4.939415,6.755271,-0.173212,-6.928483,-3.468035,-7.187879,0.184305,7.372183,3.144213,0.000000,0.000000,0.000000,0.000000,0.000000,0.000000,0.000000,0.000000,0.000000,0.000000,0.000000,0.000000,0.000000,0.000000,0.000000,147.176730,137.473352,1
1.036000,-0.084376,-0.090542,0.073271,1.402015,-0.035949,-1.437965,-0.813333,-2.095352,0.053727,2.149079,1.004591,5.163181,-0.132389,-5.295570,0.877156,-0.191386,0.004907,0.196294,-1.155774,3.928381,-0.100728,-4.029109,-1.913125,8.038282,-0.206110,-8.244391,-3.829695,2.018025,-0.051744,-2.069769,-0.998503,2.006247,-0.051442,-2.057689,-1.274612,7.953329,-0.203932,-8.157261,2.238390,-3.554692,0.091146,3.645838,5.832565,6.070410,-0.155652,-6.226061,-2.448749,-6.610515,0.169500,6.780015,3.047214,0.000000,0.000000,0.000000,0.000000,0.000000,0.000000,-0.481178,-0.752218,0.640500,-0.059223,0.231846,-0.177699,0.000000,0.000000,0.000000,148.452745,138.286746,1
1.042000,0.053349,-0.040631,0.067242,1.841302,-0.047213,-1.888514,-1.492484,-1.241511,0.031834,1.273344,0.365139,4.465569,-0.114502,-4.580071,1.133537,-7.134161,0.182927,7.317088,5.002100,1.684763,-0.043199,-1.727962,-1.354212,13.425377,-0.344240,-13.769618,-6.247216,3.140281,-0.080520,-3.220801,-0.694461,2.727217,-0.069929,-2.797146,-0.971645,7.708376,-0.197651,-7.906027,1.930384,-8.209437,0.210498,8.419936,10.805719,6.424778,-0.164738,-6.589516,-4.232434,-11.655457,0.298858,11.954315,6.573395,0.000000,0.000000,0.000000,0.000000,0.000000,0.000000,0.000000,0.000000,0.000000,-0.834566,0.830704,-0.485668,0.000000,0.000000,0.000000,150.559391,140.147951,1
1.052000,0.051921,-0.038112,0.069135,1.841302,-0.047213,-1.888514,-0.756721,-1.241511,0.031834,1.273344,-0.326626,4.465569,-0.114502,-4.580071,1.063370,-7.134161,0.182927,7.317088,4.526730,1.684763,-0.043199,-1.727962,-0.688344,13.425377,-0.344240,-13.769618,-6.633905,3.140281,-0.080520,-3.220801,1.726382,2.727217,-0.069929,-2.797146,-2.816672,7.708376,-0.197651,-7.906027,1.504121,-8.209437,0.210498,8.419936,7.268169,6.424778,-0.164738,-6.589516,-3.245909,-11.655457,0.298858,11.954315,5.945811,0.000000,0.000000,0.000000,0.000000,0.000000,0.000000,0.000000,0.000000,0.000000,-0.048091,0.055631,-0.049096,0.000000,0.000000,0.000000,153.673078,142.806875,1
1.056000,0.021977,-0.052476,0.118614,6.086959,-0.156076,-6.243035,-7.161787,-0.652401,0.016728,0.669129,0.068153,9.130850,-0.234124,-9.364974,-0.972512,-5.581869,0.143125,5.724993,6.602020,3.532087,-0.090566,-3.622653,-1.844165,11.595048,-0.297309,-11.892357,1.114676,4.405957,-0.112973,-4.518930,-3.514537,3.531921,-0.090562,-3.622483,-1.876983,5.899983,-0.151282,-6.051265,0.767490,-5.143712,0.131890,5.275602,2.849542,3.692492,-0.094679,-3.787171,-1.248315,-0.577310,0.014803,0.592113,0.969199,0.000000,0.000000,0.000000,0.000000,0.000000,0.000000,-4.834923,-32.362058,23.148447,0.000000,0.000000,0.000000,0.000000,0.000000,0.000000,154.310110,143.300703,1
1.066000,0.018773,-0.052904,0.116460,6.086959,-0.156076,-6.243035,-2.595820,-0.652401,0.016728,0.669129,0.094236,9.130850,-0.234124,-9.364974,-0.400355,-5.581869,0.143125,5.724993,5.419281,3.532087,-0.090566,-3.622653,-2.124007,11.595048,-0.297309,-11.892357,1.501751,4.405957,-0.112973,-4.518930,-3.101840,3.531921,-0.090562,-3.622483,-0.753815,5.899983,-0.151282,-6.051265,0.614321,-5.143712,0.131890,5.275602,6.473900,3.692492,-0.094679,-3.787171,-0.610536,-0.577310,0.014803,0.592113,0.775619,0.000000,0.000000,0.000000,0.000000,0.000000,0.000000,-0.328445,-8.401727,7.514836,0.000000,0.000000,0.000000,0.000000,0.000000,0.000000,155.649987,144.209045,1
1.068000,-0.047537,-0.085769,0.173571,7.639499,-0.195885,-7.835384,2.582942,-1.405437,0.036037,1.441474,-2.316287,5.009320,-0.128444,-5.137764,0.012674,0.360999,-0.009256,-0.370256,-5.604176,1.405109,-0.036028,-1.441137,1.174024,5.545829,-0.142201,-5.688030,-1.390383,1.955586,-0.050143,-2.005729,3.012737,6.513885,-0.167023,-6.680908,-2.426618,3.888419,-0.099703,-3.988122,-1.910344,9.590409,-0.245908,-9.836316,-0.908306,5.295832,-0.135791,-5.431623,1.712315,-6.554565,0.168066,6.722631,4.790552,0.000000,0.000000,0.000000,0.000000,0.000000,0.000000,0.000000,0.000000,0.000000,0.000000,0.000000,0.000000,0.000000,0.000000,0.000000,155.881249,144.277597,1
1.078000,-0.046634,-0.087695,0.172085,7.639499,-0.195885,-7.835384,2.677923,-1.405437,0.036037,1.441474,-0.500100,5.009320,-0.128444,-5.137764,0.582940,0.360999,-0.009256,-0.370256,-4.846075,1.405109,-0.036028,-1.441137,0.483963,5.545829,-0.142201,-5.688030,-1.408022,1.955586,-0.050143,-2.005729,4.055334,6.513885,-0.167023,-6.680908,-0.696182,3.888419,-0.099703,-3.988122,-0.837935,9.590409,-0.245908,-9.836316,-2.795542,5.295832,-0.135791,-5.431623,0.575592,-6.554565,0.168066,6.722631,4.314520,0.000000,0.000000,0.000000,0.000000,0.000000,0.000000,0.000000,0.000000,0.000000,0.000000,0.000000,0.000000,0.000000,0.000000,0.000000,156.990800,144.654023,1
1.080000,-0.009886,-0.074445,0.132429,15.496111,-0.397336,-15.893447,-9.712636,0.077546,-0.001988,-0.079534,-1.227201,16.823382,-0.431369,-17.254751,-3.814364,-11.042831,0.283150,11.325980,7.626106,3.357733,-0.086096,-3.443829,-2.195660,19.538005,-0.500974,-20.038980,-0.496801,3.424920,-0.087818,-3.512738,-5.325965,1.136393,-0.029138,-1.165531,-0.633694,0.089375,-0.002292,-0.091666,-0.558590,-3.689343,0.094599,3.783942,3.851726,7.129054,-0.182796,-7.311850,-3.933485,12.655636,-0.324503,-12.980139,-5.867227,0.000000,0.000000,0.000000,0.000000,0.000000,0.000000,0.000000,0.000000,0.000000,0.000000,0.000000,0.000000,0.000000,0.000000,0.000000,157.917125,145.580348,1
1.090000,-0.007738,-0.077751,0.122854,15.496111,-0.397336,-15.893447,-11.796958,0.077546,-0.001988,-0.079534,-0.851870,16.823382,-0.431369,-17.254751,-1.314778,-11.042831,0.283150,11.325980,8.847143,3.357733,-0.086096,-3.443829,-2.058927,19.538005,-0.500974,-20.038980,0.356650,3.424920,-0.087818,-3.512738,-4.758164,1.136393,-0.029138,-1.165531,-0.524196,0.089375,-0.002292,-0.091666,-0.272987,-3.689343,0.094599,3.783942,3.792522,7.129054,-0.182796,-7.311850,-3.740354,12.655636,-0.324503,-12.980139,-6.190841,0.000000,0.000000,0.000000,0.000000,0.000000,0.000000,0.000000,0.000000,0.000000,0.000000,0.000000,0.000000,0.000000,0.000000,0.000000,162.558085,150.078371,1
1.100000,-0.143502,-0.077193,0.134496,4.893272,-0.125469,-5.018740,0.539286,5.145282,-0.131930,-5.277212,1.009619,5.648763,-0.144840,-5.793603,-0.828283,-13.143446,0.337011,13.480457,2.617912,3.884234,-0.099596,-3.983830,2.921145,11.932533,-0.305962,-12.238495,1.116298,4.070897,-0.104382,-4.175279,-3.340922,1.489956,-0.038204,-1.528160,0.590185,5.126792,-0.131456,-5.258248,-2.046874,2.381364,-0.061061,-2.442424,-0.586238,1.100719,-0.028224,-1.128942,1.042463,4.600464,-0.117961,-4.718425,-2.598775,0.000000,0.000000,0.000000,0.000000,0.000000,0.000000,0.000000,0.000000,0.000000,0.000000,0.000000,0.000000,0.000000,0.000000,0.000000,163.697166,150.509202,1
1.102000,-0.086582,-0.037504,0.133955,4.860024,-0.124616,-4.984640,0.375988,5.416790,-0.138892,-5.555682,3.552370,14.282496,-0.366218,-14.648713,0.768521,-3.563848,0.091381,3.655229,1.356621,1.379740,-0.035378,-1.415117,-0.731641,2.339474,-0.059987,-2.399461,0.320788,2.084733,-0.053455,-2.138188,-1.721534,1.929762,-0.049481,-1.979243,-0.771765,1.260958,-0.032332,-1.293291,-0.412772,1.725697,-0.044249,-1.769945,-0.936230,2.570310,-0.065905,-2.636216,-0.717694,5.284776,-0.135507,-5.420283,-2.600827,0.000000,0.000000,0.000000,0.000000,0.000000,0.000000,0.000000,0.000000,0.000000,0.000000,0.000000,0.000000,0.000000,0.000000,0.000000,163.823206,150.500693,1
1.112000,-0.083167,-0.035299,0.130624,4.860024,-0.124616,-4.984640,0.547740,5.416790,-0.138892,-5.555682,2.605219,14.282496,-0.366218,-14.648713,0.541282,-3.563848,0.091381,3.655229,2.781340,1.379740,-0.035378,-1.415117,-0.875108,2.339474,-0.059987,-2.399461,-0.740694,2.084733,-0.053455,-2.138188,-0.201939,1.929762,-0.049481,-1.979243,0.501093,1.260958,-0.032332,-1.293291,-0.143134,1.725697,-0.044249,-1.769945,-2.244546,2.570310,-0.065905,-2.636216,-1.451894,5.284776,-0.135507,-5.420283,-2.518280,0.000000,0.000000,0.000000,0.000000,0.000000,0.000000,0.000000,0.000000,0.000000,0.000000,0.000000,0.000000,0.000000,0.000000,0.000000,164.436946,150.591933,1
1.122000,-0.018205,-0.077292,0.175913,3.716293,-0.095290,-3.811582,-3.780454,-2.806905,0.071972,2.878877,2.790532,0.870073,-0.022310,-0.892382,-0.282028,2.652424,-0.068011,-2.720434,-2.260212,0.350126,-0.008978,-0.359104,-0.612490,-2.026511,0.051962,2.078472,1.303463,-3.874100,0.099336,3.973436,2.612670,-6.878370,0.176368,7.054739,1.287104,7.092517,-0.181859,-7.274377,-3.080534,1.343604,-0.034451,-1.378055,-2.079086,-1.620058,0.041540,1.661598,-0.072193,1.979240,-0.050750,-2.029990,-1.008936,0.000000,0.000000,0.000000,0.000000,0.000000,0.000000,0.000000,0.000000,0.000000,0.000000,0.000000,0.000000,0.000000,0.000000,0.000000,165.223709,151.376297,1
1.132000,-0.028459,-0.013778,0.234337,28.730637,-0.736683,-29.467320,-18.429884,-35.688622,0.915093,36.603715,16.602869,-15.583358,0.399573,15.982931,8.424669,11.323665,-0.290350,-11.614015,-4.119491,-4.822525,0.123654,4.946179,1.309887,-3.530062,0.090514,3.620576,1.533154,17.226962,-0.441717,-17.668679,2.500712,-39.000000,1.000000,40.000000,18.177891,15.033657,-0.385478,-15.419135,-6.636624,3.760796,-0.096431,-3.857227,2.740842,-11.823181,0.303158,12.126339,5.022859,-7.340603,0.188221,7.528824,4.937549,0.000000,0.000000,0.000000,0.000000,0.000000,0.000000,0.000000,0.000000,0.000000,0.000000,0.000000,0.000000,0.000000,0.000000,0.000000,188.499872,173.557334,1
1.136000,-0.027450,-0.007082,0.129925,0.573314,-0.014700,-0.588014,0.725152,-4.126500,0.105808,4.232308,1.400611,-14.975986,0.384000,15.359986,8.297623,-0.748845,0.019201,0.768046,0.129260,2.068777,-0.053046,-2.121822,0.203844,2.408563,-0.061758,-2.470321,0.227996,5.372263,-0.137750,-5.510013,-3.224756,0.361924,-0.009280,-0.371205,0.067273,2.170537,-0.055655,-2.226192,-0.877269,0.293954,-0.007537,-0.301491,-2.844541,3.767941,-0.096614,-3.864555,-2.042547,0.623114,-0.015977,-0.639092,-1.131164,0.000000,0.000000,0.000000,0.000000,0.000000,0.000000,0.000000,0.000000,0.000000,0.000000,0.000000,0.000000,0.000000,0.000000,0.000000,189.156356,174.202242,1
1.146000,-0.028174,-0.008762,0.126369,0.573314,-0.014700,-0.588014,1.090183,-4.126500,0.105808,4.232308,1.654911,-14.975986,0.384000,15.359986,7.892776,-0.748845,0.019201,0.768046,0.328398,2.068777,-0.053046,-2.121822,-0.350840,2.408563,-0.061758,-2.470321,0.136692,5.372263,-0.137750,-5.510013,-3.823606,0.361924,-0.009280,-0.371205,0.020564,2.170537,-0.055655,-2.226192,-0.904770,0.293954,-0.007537,-0.301491,-1.851374,3.767941,-0.096614,-3.864555,-1.991146,0.623114,-0.015977,-0.639092,-0.617902,0.000000,0.000000,0.000000,0.000000,0.000000,0.000000,-0.065420,-0.254582,0.207658,0.000000,0.000000,0.000000,0.000000,0.000000,0.000000,190.775859,175.802017,1
1.150000,-0.064795,0.000547,0.120131,0.475214,-0.012185,-0.487399,-0.237183,-3.099447,0.079473,3.178920,0.565744,-10.636131,0.272721,10.908852,5.073980,-3.495754,0.089635,3.585388,-0.289646,2.213189,-0.056748,-2.269937,1.329687,2.199301,-0.056392,-2.255693,-0.375427,2.934937,-0.075255,-3.010192,-0.774501,0.100295,-0.002572,-0.102867,0.194677,-6.282533,0.161091,6.443624,-2.299571,5.534097,-0.141900,-5.675997,-3.476122,2.501269,-0.064135,-2.565404,-1.910308,0.129956,-0.003332,-0.133288,0.120242,0.000000,0.000000,0.000000,0.000000,0.000000,0.000000,0.000000,0.000000,0.000000,0.000000,0.000000,0.000000,0.000000,0.000000,0.000000,191.191800,176.066675,1
1.160000,-0.063914,0.001715,0.116951,0.475214,-0.012185,-0.487399,-0.314511,-3.099447,0.079473,3.178920,0.864841,-10.636131,0.272721,10.908852,5.168660,-3.495754,0.089635,3.585388,0.982849,2.213189,-0.056748,-2.269937,0.133970,2.199301,-0.056392,-2.255693,-0.262766,2.934937,-0.075255,-3.010192,-0.681632,0.100295,-0.002572,-0.102867,0.316917,-6.282533,0.161091,6.443624,0.640865,5.534097,-0.141900,-5.675997,-4.326439,2.501269,-0.064135,-2.565404,-1.622378,0.129956,-0.003332,-0.133288,0.035156,0.000000,0.000000,0.000000,0.000000,0.000000,0.000000,-0.034038,-0.379693,0.295182,0.000000,0.000000,0.000000,0.000000,0.000000,0.000000,192.178249,177.046296,1
1.162000,-0.044211,-0.017135,0.175790,-1.749890,0.044869,1.794759,8.468827,0.285796,-0.007328,-0.293124,-0.094060,4.891644,-0.125427,-5.017071,-1.066050,-4.628312,0.118675,4.746987,2.267459,1.070532,-0.027450,-1.097982,-0.277063,1.446101,-0.037080,-1.483181,0.061043,-3.187168,0.081722,3.268890,2.951131,-4.555579,0.116810,4.672389,1.403663,-7.495520,0.192193,7.687713,1.473859,3.756623,-0.096324,-3.852947,-5.395304,0.861348,-0.022086,-0.883434,-0.500498,-2.918342,0.074829,2.993172,1.419823,0.000000,0.000000,0.000000,0.000000,0.000000,0.000000,0.000000,0.000000,0.000000,0.000000,0.000000,0.000000,0.000000,0.000000,0.000000,192.347749,177.215434,1
1.172000,-0.046523,-0.017690,0.173613,-1.749890,0.044869,1.794759,4.113444,0.285796,-0.007328,-0.293124,0.190741,4.891644,-0.125427,-5.017071,-0.382143,-4.628312,0.118675,4.746987,3.184455,1.070532,-0.027450,-1.097982,-0.207976,1.446101,-0.037080,-1.483181,0.063319,-3.187168,0.081722,3.268890,3.921695,-4.555579,0.116810,4.672389,1.898092,-7.495520,0.192193,7.687713,2.914677,3.756623,-0.096324,-3.852947,-3.750045,0.861348,-0.022086,-0.883434,-0.075060,-2.918342,0.074829,2.993172,1.336377,0.000000,0.000000,0.000000,0.000000,0.000000,0.000000,0.000000,0.000000,0.000000,0.000000,0.000000,0.000000,0.000000,0.000000,0.000000,193.221799,178.086488,1
1.182000,-0.037093,0.026399,0.202185,1.227897,-0.031485,-1.259382,-1.984107,-1.373089,0.035207,1.408297,2.696524,-0.977845,0.025073,1.002918,-0.195254,-2.800101,0.071797,2.871899,-0.824179,-2.345586,0.060143,2.405729,1.190180,-0.065778,0.001687,0.067464,0.112290,2.771855,-0.071073,-2.842928,-0.129289,-3.901515,0.100039,4.001554,0.936845,-0.434140,0.011132,0.445272,-0.514334,0.877547,-0.022501,-0.900048,1.609909,-0.001106,0.000028,0.001135,-0.002388,-0.474232,0.012160,0.486392,0.291626,0.000000,0.000000,0.000000,0.000000,0.000000,0.000000,0.000000,0.000000,0.000000,0.000000,0.000000,0.000000,0.000000,0.000000,0.000000,193.398461,178.178333,1
1.190000,-0.067375,0.007509,0.264296,4.731744,-0.121327,-4.853071,-6.072872,-9.854297,0.252674,10.106972,6.873065,-25.128634,0.644324,25.772958,8.937675,-7.801964,0.200050,8.002014,0.631501,-34.561558,0.886194,35.447752,11.033402,-39.000000,1.000000,40.000000,16.270786,-0.248285,0.006366,0.254652,-0.787802,-2.141180,0.054902,2.196082,0.453765,-13.602737,0.348788,13.951525,6.882335,10.242975,-0.262640,-10.505616,-7.760346,4.488354,-0.115086,-4.603440,-2.922807,-6.171510,0.158244,6.329754,2.813361,0.009257,-0.104817,-0.048958,0.000000,0.000000,0.000000,0.000000,0.000000,0.000000,0.000000,0.000000,0.000000,0.000000,0.000000,0.000000,206.088769,190.865431,1
1.192000,-0.028970,0.021893,0.252462,2.786932,-0.071460,-2.858392,-2.377174,-3.576069,0.091694,3.667763,1.927912,-7.242724,0.185711,7.428435,5.077796,-5.740496,0.147192,5.887688,2.131905,-30.547578,0.783271,31.330849,8.874352,-21.050980,0.539769,21.590749,8.767923,1.086066,-0.027848,-1.113913,-1.506474,-2.287966,0.058666,2.346632,0.201331,-0.937965,0.024050,0.962015,0.174521,3.767596,-0.096605,-3.864201,-0.808804,4.227346,-0.108393,-4.335739,-1.198250,4.620482,-0.118474,-4.738956,-1.435097,-0.055437,-0.510727,-0.157474,0.000000,0.000000,0.000000,0.000000,0.000000,0.000000,-0.050359,1.595580,-0.095460,0.000000,0.000000,0.000000,207.186619,191.963281,1
1.202000,-0.026262,0.020221,0.251447,2.786932,-0.071460,-2.858392,-2.181237,-3.576069,0.091694,3.667763,1.861197,-7.242724,0.185711,7.428435,4.351207,-5.740496,0.147192,5.887688,2.716838,-30.547578,0.783271,31.330849,11.118010,-21.050980,0.539769,21.590749,9.305052,1.086066,-0.027848,-1.113913,-1.297617,-2.287966,0.058666,2.346632,0.898577,-0.937965,0.024050,0.962015,0.249304,3.767596,-0.096605,-3.864201,-1.408415,4.227346,-0.108393,-4.335739,-1.326663,4.620482,-0.118474,-4.738956,-1.766391,0.000000,0.000000,0.000000,0.000000,0.000000,0.000000,0.000000,0.000000,0.000000,2.566504,59.824386,-6.272099,0.000000,0.000000,0.000000,213.526407,198.303069,1
1.212000,-0.036281,0.028137,0.221599,0.025374,-0.000651,-0.026025,-0.212126,-1.424761,0.036532,1.461293,1.122552,-3.404931,0.087306,3.492237,2.535799,-2.113237,0.054186,2.167422,2.080624,-16.462681,0.422120,16.884801,8.341098,-13.563685,0.347787,13.911471,7.702116,-1.110045,0.028463,1.138508,1.175934,-0.255999,0.006564,0.262563,-0.358172,7.136773,-0.182994,-7.319767,-4.453455,1.669799,-0.042815,-1.712615,-0.238459,3.293345,-0.084445,-3.377790,-2.148529,4.416415,-0.113241,-4.529657,-2.669870,0.000000,0.000000,0.000000,0.000000,0.000000,0.000000,0.000000,0.000000,0.000000,0.000000,0.000000,0.000000,0.000000,0.000000,0.000000,216.694277,201.469059,1
1.222000,-0.023063,-0.008957,0.237912,-1.795963,0.046050,1.842013,-0.103460,0.863036,-0.022129,-0.885165,0.607818,4.955623,-0.127067,-5.082690,-1.187804,15.224071,-0.390361,-15.614432,-10.260850,-10.024854,0.257048,10.281902,5.231127,-3.343291,0.085725,3.429017,4.261324,-2.835974,0.072717,2.908691,0.395541,-0.588510,0.015090,0.603600,0.257720,6.258551,-0.160476,-6.419027,-3.706870,3.773070,-0.096745,-3.869815,-1.725466,0.094566,-0.002425,-0.096990,-1.051522,-5.200211,0.133339,5.333549,1.029031,0.000000,0.000000,0.000000,0.000000,0.000000,0.000000,0.000000,0.000000,0.000000,0.000000,0.000000,0.000000,0.000000,0.000000,0.000000,219.421771,204.181981,1
1.230000,-0.077508,-0.006318,0.195950,0.395992,-0.010154,-0.406145,3.571426,1.630113,-0.041798,-1.671911,-0.240655,3.892253,-0.099801,-3.992054,-0.290430,17.664794,-0.452943,-18.117737,-9.751348,-6.797914,0.174305,6.972219,3.884778,-10.907860,0.279689,11.187548,6.505798,-1.152189,0.029543,1.181732,1.654092,0.007049,-0.000181,-0.007230,0.626944,-14.048123,0.360208,14.408331,3.753218,2.018750,-0.051763,-2.070513,-2.297463,1.158922,-0.029716,-1.188638,-2.434428,-4.162623,0.106734,4.269357,1.168010,0.067073,-0.024076,-0.023185,0.000000,0.000000,0.000000,0.000000,0.000000,0.000000,0.000000,0.000000,0.000000,0.000000,0.000000,0.000000,222.207597,206.944526,1
1.240000,-0.057386,0.106543,0.222351,1.092983,-0.028025,-1.121008,0.562880,0.497115,-0.012747,-0.509861,0.022584,2.065658,-0.052966,-2.118624,0.304512,13.753695,-0.352659,-14.106354,-7.379002,-4.317267,0.110699,4.427966,3.971496,-6.000705,0.153864,6.154569,3.475487,-1.144808,0.029354,1.174162,0.882706,-2.079385,0.053318,2.132703,0.693619,-12.781745,0.327737,13.109482,4.472809,2.978837,-0.076380,-3.055217,-2.387803,-0.347013,0.008898,0.355911,-1.056044,-3.202105,0.082105,3.284210,0.796620,0.000000,0.000000,0.000000,0.000000,0.000000,0.000000,0.000000,0.000000,0.000000,0.000000,0.000000,0.000000,0.000000,0.000000,0.000000,224.365532,209.069191,1
1.250000,-0.004816,-0.021623,0.157800,0.121160,-0.003107,-0.124267,0.468991,1.905272,-0.048853,-1.954125,-0.916782,18.236768,-0.467609,-18.704377,-7.655657,23.083785,-0.591892,-23.675676,-13.837906,0.811966,-0.020820,-0.832786,4.929495,-8.052766,0.206481,8.259247,3.404067,7.796716,-0.199916,-7.996632,-8.925417,3.887688,-0.099684,-3.987372,-1.923971,39.000000,-1.000000,-40.000000,0.527369,12.814026,-0.328565,-13.142590,-15.333965,-2.713220,0.069570,2.782790,0.529112,-12.636968,0.324025,12.960993,8.888897,0.000000,0.000000,0.000000,0.000000,0.000000,0.000000,0.000000,0.000000,0.000000,0.000000,0.000000,0.000000,0.000000,0.000000,0.000000,233.597883,217.796377,1
1.252000,-0.119398,0.078339,0.150067,3.224397,-0.082677,-3.307074,-1.621359,-4.724390,0.121138,4.845528,2.673676,-6.073165,0.155722,6.228887,3.676707,6.181497,-0.158500,-6.339997,-9.503322,-8.135328,0.208598,8.343926,6.586614,-4.019705,0.103069,4.122775,4.766694,7.851920,-0.201331,-8.053251,-6.589908,1.394123,-0.035747,-1.429870,-2.564108,10.778522,-0.276372,-11.054894,-5.028351,6.475468,-0.166038,-6.641506,0.035512,-0.975308,0.025008,1.000316,-0.518175,-8.273166,0.212132,8.485299,6.406352,0.000000,0.000000,0.000000,0.000000,0.000000,0.000000,-2.686365,-5.862307,5.568166,0.000000,0.000000,0.000000,0.000000,0.000000,0.000000,234.284921,218.480397,1
1.262000,-0.122835,0.082007,0.141825,3.224397,-0.082677,-3.307074,-1.760929,-4.724390,0.121138,4.845528,2.021607,-6.073165,0.155722,6.228887,1.934125,6.181497,-0.158500,-6.339997,-2.744302,-8.135328,0.208598,8.343926,5.157693,-4.019705,0.103069,4.122775,3.843260,7.851920,-0.201331,-8.053251,-6.366614,1.394123,-0.035747,-1.429870,-1.720987,10.778522,-0.276372,-11.054894,-5.119132,6.475468,-0.166038,-6.641506,1.427658,-0.975308,0.025008,1.000316,0.035764,-8.273166,0.212132,8.485299,5.099430,0.000000,0.000000,0.000000,0.000000,0.000000,0.000000,-0.557945,-0.863741,0.772699,0.000000,0.000000,0.000000,0.000000,0.000000,0.000000,236.955499,220.961340,1
1.266000,-0.013682,-0.020557,0.173251,-1.403741,0.035993,1.439734,-0.844359,-3.119420,0.079985,3.199405,2.920557,-1.265239,0.032442,1.297681,2.001247,-0.574640,0.014734,0.589374,-2.284475,-10.460044,0.268206,10.728251,4.537038,-3.908169,0.100209,4.008379,-0.288809,4.518623,-0.115862,-4.634485,-4.120324,-1.747911,0.044818,1.792730,0.037212,3.466207,-0.088877,-3.555084,-2.174882,2.110984,-0.054128,-2.165112,-3.702471,-0.899792,0.023072,0.922863,1.937618,-6.391033,0.163873,6.554906,-2.820117,0.507536,-0.810853,-0.590666,1.445516,16.338660,3.398930,-1.373407,-2.024761,-1.229274,0.000000,0.000000,0.000000,0.000000,0.000000,0.000000,237.433577,221.261775,1
1.276000,-0.013177,-0.021480,0.170798,-1.403741,0.035993,1.439734,-0.351948,-3.119420,0.079985,3.199405,2.047136,-1.265239,0.032442,1.297681,0.840170,-0.574640,0.014734,0.589374,-1.277464,-10.460044,0.268206,10.728251,4.450399,-3.908169,0.100209,4.008379,0.646043,4.518623,-0.115862,-4.634485,-3.918406,-1.747911,0.044818,1.792730,0.150883,3.466207,-0.088877,-3.555084,-1.870819,2.110984,-0.054128,-2.165112,-3.605483,-0.899792,0.023072,0.922863,1.567285,-6.391033,0.163873,6.554906,-2.748980,0.003335,-0.004522,-0.003475,1.519323,12.799874,3.070600,-7.326277,-9.874743,-7.203571,0.000000,0.000000,0.000000,0.000000,0.000000,0.000000,238.549450,221.992069,1
1.280000,-0.035881,-0.024393,0.202974,-1.916580,0.049143,1.965723,-0.679577,1.719162,-0.044081,-1.763243,1.142049,2.775743,-0.071173,-2.846916,-0.863300,-4.581590,0.117477,4.699067,5.179388,-4.041667,0.103632,4.145300,5.372703,7.799528,-0.199988,-7.999516,-3.260815,5.076678,-0.130171,-5.206849,-3.492282,0.019358,-0.000496,-0.019854,0.434513,3.671423,-0.094139,-3.765562,-0.447655,-4.135022,0.106026,4.241048,-0.789483,13.836805,-0.354790,-14.191595,-3.668295,0.425210,-0.010903,-0.436112,-0.690345,0.000000,0.000000,0.000000,-0.434214,1.102271,0.209866,0.000000,0.000000,0.000000,-3.656335,25.281220,-18.058468,0.000000,0.000000,0.000000,239.165803,222.554771,1
1.290000,-0.035505,-0.024724,0.199526,-1.916580,0.049143,1.965723,-0.246035,1.719162,-0.044081,-1.763243,0.003828,2.775743,-0.071173,-2.846916,-1.167220,-4.581590,0.117477,4.699067,5.229379,-4.041667,0.103632,4.145300,3.685682,7.799528,-0.199988,-7.999516,-3.511107,5.076678,-0.130171,-5.206849,0.136702,0.019358,-0.000496,-0.019854,2.530457,3.671423,-0.094139,-3.765562,-2.022000,-4.135022,0.106026,4.241048,-0.327683,13.836805,-0.354790,-14.191595,-5.170862,0.425210,-0.010903,-0.436112,-0.294719,0.000000,0.000000,0.000000,-0.060009,0.105546,0.024153,0.000000,0.000000,0.000000,-7.314021,20.119290,-10.970935,0.000000,0.000000,0.000000,240.716093,224.052219,1
1.294000,-0.037075,-0.028104,0.181744,-4.640164,0.118979,4.759142,4.978743,6.157630,-0.157888,-6.315518,-2.905241,-1.814479,0.046525,1.861004,1.573657,0.716042,-0.018360,-0.734402,-0.476025,0.057283,-0.001469,-0.058752,-0.054621,-9.815110,0.251669,10.066779,4.047820,-0.174479,0.004474,0.178953,0.521896,2.683390,-0.068805,-2.752195,-2.002733,9.177484,-0.235320,-9.412804,-7.021467,-6.243834,0.160098,6.403932,-3.967985,9.923648,-0.254453,-10.178101,0.889223,-6.013722,0.154198,6.167920,0.323989,0.000000,0.000000,0.000000,-4.608581,14.384223,7.050221,0.000000,0.000000,0.000000,0.000000,0.000000,0.000000,0.000000,0.000000,0.000000,241.493010,224.553445,1
1.304000,-0.036811,-0.030494,0.180162,-4.640164,0.118979,4.759142,5.005138,6.157630,-0.157888,-6.315518,-3.249040,-1.814479,0.046525,1.861004,1.278862,0.716042,-0.018360,-0.734402,-0.144974,0.057283,-0.001469,-0.058752,-0.133420,-9.815110,0.251669,10.066779,4.414909,-0.174479,0.004474,0.178953,1.102519,2.683390,-0.068805,-2.752195,-2.287973,9.177484,-0.235320,-9.412804,-5.602303,-6.243834,0.160098,6.403932,-3.025343,9.923648,-0.254453,-10.178101,-0.162071,-6.013722,0.154198,6.167920,1.048402,0.000000,0.000000,0.000000,-4.143874,9.793057,5.740928,0.000000,0.000000,0.000000,0.000000,0.000000,0.000000,0.000000,0.000000,0.000000,243.272964,225.945918,1
1.306000,-0.077875,-0.000497,0.221905,0.519365,-0.013317,-0.532682,-2.468014,1.910653,-0.048991,-1.959644,-0.491134,1.825582,-0.046810,-1.872392,-1.178831,1.077141,-0.027619,-1.104760,0.700235,0.195357,-0.005009,-0.200366,0.064289,2.388115,-0.061234,-2.449348,-1.994523,0.909929,-0.023332,-0.933260,0.261051,0.848782,-0.021764,-0.870546,-0.845304,6.094418,-0.156267,-6.250686,-3.575692,-1.041233,0.026698,1.067931,1.321588,3.950490,-0.101295,-4.051785,-1.845500,4.485037,-0.115001,-4.600038,-3.537440,0.000000,0.000000,0.000000,0.000000,0.000000,0.000000,0.000000,0.000000,0.000000,0.000000,0.000000,0.000000,0.000000,0.000000,0.000000,243.390259,226.059092,1
1.316000,-0.079534,-0.000836,0.220250,0.519365,-0.013317,-0.532682,-1.914357,1.910653,-0.048991,-1.959644,-0.641203,1.825582,-0.046810,-1.872392,-0.981898,1.077141,-0.027619,-1.104760,0.166690,0.195357,-0.005009,-0.200366,0.029466,2.388115,-0.061234,-2.449348,-1.525915,0.909929,-0.023332,-0.933260,-0.082550,0.848782,-0.021764,-0.870546,-0.658256,6.094418,-0.156267,-6.250686,-3.283260,-1.041233,0.026698,1.067931,1.205992,3.950490,-0.101295,-4.051785,-1.963307,4.485037,-0.115001,-4.600038,-2.792227,0.000000,0.000000,0.000000,0.000000,0.000000,0.000000,0.000000,0.000000,0.000000,0.000000,0.000000,0.000000,0.000000,0.000000,0.000000,243.903281,226.568313,1
1.318000,-0.034685,0.061980,0.217755,-2.479813,0.063585,2.543398,1.885922,4.459320,-0.114342,-4.573662,-2.021166,8.910001,-0.228462,-9.138462,-4.045607,-3.393232,0.087006,3.480238,3.263985,0.871348,-0.022342,-0.893691,-0.207517,0.921617,-0.023631,-0.945248,-0.932692,8.738183,-0.224056,-8.962239,-1.964507,0.811938,-0.020819,-0.832757,-1.700651,-12.921740,0.331327,13.253067,4.820981,-1.960161,0.050261,2.010422,-0.869054,2.853160,-0.073158,-2.926318,-2.633790,4.426752,-0.113506,-4.540259,-3.256957,0.000000,0.000000,0.000000,0.000000,0.000000,0.000000,0.000000,0.000000,0.000000,0.000000,0.000000,0.000000,0.000000,0.000000,0.000000,244.244472,226.902515,1
1.328000,-0.034776,0.064024,0.211722,-2.479813,0.063585,2.543398,1.952931,4.459320,-0.114342,-4.573662,-2.045305,8.910001,-0.228462,-9.138462,-4.246983,-3.393232,0.087006,3.480238,3.137264,0.871348,-0.022342,-0.893691,-0.291683,0.921617,-0.023631,-0.945248,-0.529878,8.738183,-0.224056,-8.962239,-4.034436,0.811938,-0.020819,-0.832757,-1.173653,-12.921740,0.331327,13.253067,5.762592,-1.960161,0.050261,2.010422,-0.152604,2.853160,-0.073158,-2.926318,-2.117100,4.426752,-0.113506,-4.540259,-2.672993,0.000000,0.000000,0.000000,0.000000,0.000000,0.000000,0.000000,0.000000,0.000000,0.245647,0.401591,-0.328036,0.000000,0.000000,0.000000,246.214048,228.865955,1
1.338000,-0.053724,0.085073,0.189713,-3.161378,0.081061,3.242439,3.913460,3.561959,-0.091332,-3.653291,-2.010826,4.986311,-0.127854,-5.114165,-2.241049,-1.001761,0.025686,1.027447,2.944328,2.083999,-0.053436,-2.137435,-1.072979,0.454746,-0.011660,-0.466406,-0.173284,7.921052,-0.203104,-8.124156,-3.233317,1.340747,-0.034378,-1.375126,-0.437281,-9.202947,0.235973,9.438919,4.922575,-1.770783,0.045405,1.816188,-1.940904,1.520386,-0.038984,-1.559371,-1.021151,1.170205,-0.030005,-1.200210,-0.629264,0.000000,0.000000,0.000000,0.000000,0.000000,0.000000,0.000000,0.000000,0.000000,0.060139,0.078287,-0.065961,0.000000,0.000000,0.000000,247.375063,229.956469,1
1.348000,-0.121231,0.012830,0.164527,0.413541,-0.010604,-0.424144,-0.438344,3.972187,-0.101851,-4.074038,-2.029421,9.101319,-0.233367,-9.334686,-4.334875,-3.791878,0.097228,3.889106,3.041931,-1.079845,0.027688,1.107533,0.169575,3.465532,-0.088860,-3.554392,-1.843658,7.754341,-0.198829,-7.953170,-6.136954,1.300336,-0.033342,-1.333678,-1.129551,8.604547,-0.220629,-8.825177,-3.715824,-2.857168,0.073261,2.930429,-0.366646,4.850902,-0.124382,-4.975284,-1.539089,5.763304,-0.147777,-5.911081,-2.604521,0.000000,0.000000,0.000000,0.000000,0.000000,0.000000,0.000000,0.000000,0.000000,0.000000,0.000000,0.000000,0.000000,0.000000,0.000000,249.122310,231.682228,1
1.358000,-0.053985,0.046304,0.185339,-0.244504,0.006269,0.250773,-0.185170,1.818807,-0.046636,-1.865443,-0.607850,6.031698,-0.154659,-6.186357,-2.569744,-2.802806,0.071867,2.874673,3.316912,-0.519684,0.013325,0.533009,-0.019530,3.172889,-0.081356,-3.254245,-2.181309,4.855898,-0.124510,-4.980408,-3.991159,-0.673335,0.017265,0.690600,1.321147,10.418189,-0.267133,-10.685322,-3.943736,-1.027106,0.026336,1.053442,-0.217013,0.230036,-0.005898,-0.235934,-0.730576,2.153762,-0.055225,-2.208986,-1.990499,0.000000,0.000000,0.000000,0.000000,0.000000,0.000000,0.000000,0.000000,0.000000,0.000000,0.000000,0.000000,0.000000,0.000000,0.000000,250.136807,232.691015,1
1.366000,-0.000422,0.001637,0.280384,-5.992936,0.153665,6.146601,2.952676,-2.800020,0.071795,2.871816,-0.843751,-12.958012,0.332257,13.290268,6.075336,0.615187,-0.015774,-0.630962,0.453277,1.083712,-0.027787,-1.111499,0.229315,-1.295693,0.033223,1.328916,-0.892155,-0.755963,0.019384,0.775346,3.687137,-1.829904,0.046921,1.876824,3.549674,1.860387,-0.047702,-1.908090,0.886944,-0.408409,0.010472,0.418881,0.455400,-3.178679,0.081505,3.260184,0.954292,-6.859146,0.175876,7.035021,2.718783,-0.019307,0.069576,-0.014758,0.000000,0.000000,0.000000,1.432229,-6.569308,-0.258514,0.000000,0.000000,0.000000,0.000000,0.000000,0.000000,251.230273,233.691010,1
1.370000,-0.039669,0.057441,0.243202,1.943263,-0.049827,-1.993090,-1.378244,2.863512,-0.073423,-2.936935,-1.534163,-9.196144,0.235799,9.431943,5.413991,5.728000,-0.146872,-5.874872,-2.518205,0.000136,-0.000003,-0.000139,0.098377,-5.906184,0.151441,6.057625,2.742447,3.139068,-0.080489,-3.219557,-1.504474,-1.438481,0.036884,1.475365,1.564637,9.548303,-0.244828,-9.793132,-4.801179,-2.109576,0.054092,2.163668,0.771490,-3.983586,0.102143,4.085730,1.409676,-4.420475,0.113346,4.533820,2.313719,0.000000,0.000000,0.000000,0.000000,0.000000,0.000000,-10.322019,-14.649154,-3.271306,0.475271,3.433589,-1.042981,0.000000,0.000000,0.000000,251.877527,234.338264,1
1.380000,-0.039921,0.059351,0.238936,1.943263,-0.049827,-1.993090,-1.806963,2.863512,-0.073423,-2.936935,0.299902,-9.196144,0.235799,9.431943,1.744680,5.728000,-0.146872,-5.874872,-3.301844,0.000136,-0.000003,-0.000139,0.089548,-5.906184,0.151441,6.057625,2.910392,3.139068,-0.080489,-3.219557,-1.324758,-1.438481,0.036884,1.475365,1.555856,9.548303,-0.244828,-9.793132,-5.025092,-2.109576,0.054092,2.163668,1.236886,-3.983586,0.102143,4.085730,1.731060,-4.420475,0.113346,4.533820,2.248371,0.000000,0.000000,0.000000,0.000000,0.000000,0.000000,-8.522502,-18.040034,-0.786434,0.698210,3.043498,-1.069654,0.000000,0.000000,0.000000,253.214332,235.657453,1
1.382000,-0.011151,-0.000044,0.269789,-0.962460,0.024678,0.987139,0.650974,1.689083,-0.043310,-1.732392,-0.723815,-0.178711,0.004582,0.183294,1.599753,3.990701,-0.102326,-4.093027,-3.509274,0.182211,-0.004672,-0.186883,-0.691291,-6.191274,0.158751,6.350024,3.338356,1.417166,-0.036338,-1.453504,1.565911,5.423264,-0.139058,-5.562322,1.042081,12.111611,-0.310554,-12.422165,-4.047921,-3.978733,0.102019,4.080752,1.832014,-1.835884,0.047074,1.882958,0.420836,-0.864083,0.022156,0.886239,0.940094,13.452272,-7.967336,-1.029391,-0.001506,-0.006148,-0.001006,0.000000,0.000000,0.000000,0.314261,2.708414,-0.601889,0.000000,0.000000,0.000000,253.425010,235.835841,1
1.392000,-0.011157,0.001956,0.263582,-0.854838,0.021919,0.876757,0.374204,1.668940,-0.042793,-1.711733,-0.605793,-0.163058,0.004181,0.167238,0.774573,3.888276,-0.099699,-3.987975,-2.035289,0.162141,-0.004157,-0.166299,-0.590113,-5.929008,0.152026,6.081034,2.182790,1.934034,-0.049591,-1.983625,0.166437,5.794418,-0.148575,-5.942993,-0.265887,12.572993,-0.322384,-12.895377,-5.139133,-3.956619,0.101452,4.058071,1.885984,-1.789841,0.045893,1.835734,0.529118,-0.602342,0.015445,0.617786,0.529098,21.611503,-22.082717,-6.207714,-0.052649,0.007332,0.030558,0.000000,0.000000,0.000000,0.106567,1.389817,-0.311228,0.000000,0.000000,0.000000,254.426171,236.830399,1
1.394000,0.010796,0.025223,0.231217,1.845737,-0.047327,-1.893064,-1.086598,0.048101,-0.001233,-0.049334,-0.371794,-0.560324,0.014367,0.574691,-0.215643,-3.802393,0.097497,3.899891,0.071474,-2.215880,0.056817,2.272698,3.005211,6.628389,-0.169959,-6.798347,-4.619421,2.902451,-0.074422,-2.976872,-3.031386,0.667502,-0.017115,-0.684618,-1.328399,7.998191,-0.205082,-8.203273,-4.813127,1.023142,-0.026234,-1.049377,0.091459,-1.004171,0.025748,1.029919,1.591960,-0.813062,0.020848,0.833910,-3.534437,-1.065948,-7.419143,-3.240651,7.183811,18.692431,4.905177,0.000000,0.000000,0.000000,0.000000,0.000000,0.000000,0.000000,0.000000,0.000000,254.615795,237.007354,1
1.404000,0.011569,0.024899,0.223060,1.845737,-0.047327,-1.893064,-1.302281,0.048101,-0.001233,-0.049334,-0.388612,-0.560324,0.014367,0.574691,-0.054215,-3.802393,0.097497,3.899891,-0.522623,-2.215880,0.056817,2.272698,3.459267,6.628389,-0.169959,-6.798347,-5.747998,2.902451,-0.074422,-2.976872,-2.768117,0.667502,-0.017115,-0.684618,-1.147991,7.998191,-0.205082,-8.203273,-4.377055,1.023142,-0.026234,-1.049377,-0.332311,-1.004171,0.025748,1.029919,1.780441,-0.813062,0.020848,0.833910,-4.564437,-1.249503,-8.390376,-3.878622,6.147675,15.828285,4.205756,-0.034112,-1.075221,0.854370,0.000000,0.000000,0.000000,0.000000,0.000000,0.000000,255.639933,237.913978,1
1.408000,-0.001482,0.030166,0.204389,1.473817,-0.037790,-1.511607,0.078890,-0.945500,0.024244,0.969744,1.817193,-1.181125,0.030285,1.211410,-4.694096,-2.535275,0.065007,2.600282,1.365908,-2.095414,0.053729,2.149142,0.609209,6.114334,-0.156778,-6.271112,-2.935789,2.309749,-0.059224,-2.368974,-1.344214,0.315885,-0.008100,-0.323985,-0.625007,6.232924,-0.159819,-6.392743,-4.016929,0.770787,-0.019764,-0.790550,0.169330,-1.369448,0.035114,1.404562,0.937718,-2.811724,0.072095,2.883820,-2.623917,-0.166664,-0.798640,-0.634439,9.233667,18.433514,6.513100,-7.398413,-14.266141,3.638870,0.000000,0.000000,0.000000,0.000000,0.000000,0.000000,255.915627,238.081621,1
1.418000,-0.004052,0.028403,0.194626,1.667715,-0.042762,-1.710477,-0.387166,-0.732283,0.018776,0.751060,2.079966,-1.157692,0.029684,1.187376,-5.545787,-2.988282,0.076623,3.064905,1.923870,-2.087278,0.053520,2.140798,0.616958,6.632437,-0.170062,-6.802499,-3.762398,2.341142,-0.060029,-2.401171,-1.612889,0.381739,-0.009788,-0.391527,-0.516921,6.394940,-0.163973,-6.558913,-3.531073,0.922149,-0.023645,-0.945794,-0.063631,-1.304154,0.033440,1.337594,0.868062,-2.388013,0.061231,2.449244,-4.293751,-0.315302,-1.364621,-1.122154,6.700863,12.121253,4.444232,-7.379619,-13.127928,3.923008,0.000000,0.000000,0.000000,0.000000,0.000000,0.000000,256.721560,238.545526,1
1.422000,-0.002066,0.018272,0.195880,1.791093,-0.045925,-1.837018,-0.573777,-1.837849,0.047124,1.884973,2.178816,-1.821073,0.046694,1.867767,-5.900107,-5.889740,0.151019,6.040759,3.326379,-2.330592,0.059759,2.390351,0.524143,11.612467,-0.297756,-11.910223,-6.560784,2.044056,-0.052412,-2.096467,-0.604625,-0.157654,0.004042,0.161696,-0.397757,4.024123,-0.103183,-4.127306,-2.305773,1.563482,-0.040089,-1.603572,0.132864,-1.526821,0.039149,1.565970,0.846986,-4.364850,0.111919,4.476769,-4.606104,0.000000,0.000000,0.000000,6.418079,13.065649,2.988805,-6.736157,-15.538197,4.226920,0.000000,0.000000,0.000000,0.000000,0.000000,0.000000,257.316266,238.884890,1
1.432000,-0.001848,0.019660,0.191058,1.791093,-0.045925,-1.837018,-0.825832,-1.837849,0.047124,1.884973,2.213609,-1.821073,0.046694,1.867767,-5.880943,-5.889740,0.151019,6.040759,3.691924,-2.330592,0.059759,2.390351,0.559354,11.612467,-0.297756,-11.910223,-6.030195,2.044056,-0.052412,-2.096467,-0.631621,-0.157654,0.004042,0.161696,-0.215634,4.024123,-0.103183,-4.127306,-2.032275,1.563482,-0.040089,-1.603572,-0.028816,-1.526821,0.039149,1.565970,0.492724,-4.364850,0.111919,4.476769,-4.359934,0.000000,0.000000,0.000000,5.294367,9.326577,1.960084,-5.776846,-13.442980,3.884799,0.000000,0.000000,0.000000,0.000000,0.000000,0.000000,258.738436,239.696309,1
1.436000,0.000890,0.020716,0.202267,0.110303,-0.002828,-0.113131,-0.649154,-1.421664,0.036453,1.458117,1.585286,-1.800516,0.046167,1.846683,-4.313287,-2.514194,0.064467,2.578660,2.034943,-0.979498,0.025115,1.004613,0.058938,7.473452,-0.191627,-7.665079,-4.516001,1.572690,-0.040325,-1.613016,-0.255338,-0.104164,0.002671,0.106835,-0.060251,3.457540,-0.088655,-3.546195,-1.653381,0.296142,-0.007593,-0.303735,-0.015485,-0.809808,0.020764,0.830572,0.017943,-4.400982,0.112846,4.513827,-2.315889,0.000000,0.000000,0.000000,4.185183,8.275078,1.802881,-5.073355,-10.129525,1.613789,0.000000,0.000000,0.000000,0.000000,0.000000,0.000000,259.006544,239.817016,1
1.446000,0.001336,0.021955,0.199330,0.110303,-0.002828,-0.113131,-0.708979,-1.421664,0.036453,1.458117,1.494548,-1.800516,0.046167,1.846683,-3.879211,-2.514194,0.064467,2.578660,1.934993,-0.979498,0.025115,1.004613,0.092751,7.473452,-0.191627,-7.665079,-4.016770,1.572690,-0.040325,-1.613016,-0.338311,-0.104164,0.002671,0.106835,-0.026218,3.457540,-0.088655,-3.546195,-1.584147,0.296142,-0.007593,-0.303735,0.070750,-0.809808,0.020764,0.830572,-0.041509,-4.400982,0.112846,4.513827,-2.200539,0.000000,0.000000,0.000000,4.018996,7.655320,1.603329,-4.661880,-9.048103,1.451980,0.000000,0.000000,0.000000,0.000000,0.000000,0.000000,259.621043,240.088408,1
1.448000,-0.003964,0.025478,0.207343,-0.003384,0.000087,0.003471,-0.337468,-1.054581,0.027041,1.081622,1.214322,-1.651893,0.042356,1.694249,-3.423893,-1.839506,0.047167,1.886672,1.069087,-0.823309,0.021110,0.844419,0.067112,5.588853,-0.143304,-5.732157,-2.813705,1.113490,-0.028551,-1.142041,-0.206940,-0.120583,0.003092,0.123675,0.006849,1.834964,-0.047050,-1.882014,-0.981501,0.169800,-0.004354,-0.174154,0.224382,-0.549713,0.014095,0.563808,0.005757,-3.838993,0.098436,3.937429,-1.875255,0.000000,0.000000,0.000000,4.003050,7.006047,1.245731,-4.287315,-8.039163,1.261108,0.000000,0.000000,0.000000,0.000000,0.000000,0.000000,259.690699,240.105165,1
1.458000,-0.003375,0.026734,0.204922,-0.003384,0.000087,0.003471,-0.396771,-1.054581,0.027041,1.081622,1.117659,-1.651893,0.042356,1.694249,-3.049883,-1.839506,0.047167,1.886672,1.055169,-0.823309,0.021110,0.844419,0.107943,5.588853,-0.143304,-5.732157,-2.732197,1.113490,-0.028551,-1.142041,-0.213040,-0.120583,0.003092,0.123675,0.016759,1.834964,-0.047050,-1.882014,-0.840940,0.169800,-0.004354,-0.174154,0.300114,-0.549713,0.014095,0.563808,-0.062128,-3.838993,0.098436,3.937429,-1.756851,0.000000,0.000000,0.000000,3.918031,6.710310,1.133369,-4.111745,-7.440612,1.127685,0.000000,0.000000,0.000000,0.000000,0.000000,0.000000,260.020236,240.191233,1
1.460000,0.001603,0.014884,0.272752,-1.305214,0.033467,1.338681,0.641086,-0.511727,0.013121,0.524848,0.224202,-2.268817,0.058175,2.326992,0.595257,0.481465,-0.012345,-0.493810,-0.805090,0.170308,-0.004367,-0.174675,-0.065144,2.712353,-0.069548,-2.781900,-1.372841,0.684368,-0.017548,-0.701916,-0.057383,-0.026540,0.000681,0.027221,0.099207,0.841524,-0.021578,-0.863102,-0.185892,-0.717799,0.018405,0.736204,0.555715,0.011708,-0.000300,-0.012008,-0.444712,-3.636752,0.093250,3.730002,2.004020,0.000000,0.000000,0.000000,0.344348,-0.056944,-0.199388,0.000000,0.000000,0.000000,0.000000,0.000000,0.000000,0.000000,0.000000,0.000000,260.049600,240.220597,1
1.470000,0.001922,0.013817,0.276587,-1.305214,0.033467,1.338681,0.776018,-0.511727,0.013121,0.524848,0.172776,-2.268817,0.058175,2.326992,0.859696,0.481465,-0.012345,-0.493810,-0.660683,0.170308,-0.004367,-0.174675,-0.034942,2.712353,-0.069548,-2.781900,-1.317810,0.684368,-0.017548,-0.701916,-0.166168,-0.026540,0.000681,0.027221,0.031800,0.841524,-0.021578,-0.863102,-0.244548,-0.717799,0.018405,0.736204,0.622232,0.011708,-0.000300,-0.012008,-0.248387,-3.636752,0.093250,3.730002,1.749400,0.000000,0.000000,0.000000,0.673004,0.437504,-0.148934,0.000000,0.000000,0.000000,0.000000,0.000000,0.000000,0.000000,0.000000,0.000000,260.194033,240.365030,1
1.472000,0.006241,0.038899,0.236363,-0.718801,0.018431,0.737232,-0.016681,-0.093835,0.002406,0.096241,0.283252,-0.576381,0.014779,0.591160,-0.868557,-0.793005,0.020333,0.813338,0.077189,0.036056,-0.000925,-0.036981,-0.026136,2.845629,-0.072965,-2.918594,-1.266945,0.224980,-0.005769,-0.230749,0.137294,-0.026149,0.000670,0.026819,-0.015381,-0.251310,0.006444,0.257754,0.204190,-0.370616,0.009503,0.380119,0.360244,0.378934,-0.009716,-0.388650,-0.306323,-1.828319,0.046880,1.875199,-0.217603,0.000000,0.000000,0.000000,2.247541,4.093273,0.941343,-2.424465,-3.637137,0.012040,0.000000,0.000000,0.000000,0.000000,0.000000,0.000000,260.204159,240.371293,1
1.482000,0.007179,0.039857,0.235232,-0.718801,0.018431,0.737232,0.038625,-0.093835,0.002406,0.096241,0.433978,-0.576381,0.014779,0.591160,-1.114326,-0.793005,0.020333,0.813338,0.152197,0.036056,-0.000925,-0.036981,-0.020937,2.845629,-0.072965,-2.918594,-1.293859,0.224980,-0.005769,-0.230749,0.112395,-0.026149,0.000670,0.026819,-0.019149,-0.251310,0.006444,0.257754,0.144122,-0.370616,0.009503,0.380119,0.449111,0.378934,-0.009716,-0.388650,-0.184981,-1.828319,0.046880,1.875199,-0.439200,0.000000,0.000000,0.000000,2.778659,5.543613,1.447805,-2.763743,-4.265519,0.104755,0.000000,0.000000,0.000000,0.000000,0.000000,0.000000,260.261755,240.398713,1
1.486000,0.001461,0.033685,0.237807,-0.411564,0.010553,0.422117,-0.152155,-0.316443,0.008114,0.324557,0.334687,-0.927438,0.023780,0.951218,-0.547907,-0.667406,0.017113,0.684519,0.053553,0.034481,-0.000884,-0.035365,-0.015962,2.436811,-0.062482,-2.499293,-0.973304,0.198331,-0.005085,-0.203416,0.013650,-0.017015,0.000436,0.017451,-0.010170,-0.213645,0.005478,0.219123,0.112651,-0.065102,0.001669,0.066771,0.372796,0.011859,-0.000304,-0.012163,-0.068110,-1.881184,0.048235,1.929420,-0.458388,0.000000,0.000000,0.000000,2.823854,5.400565,1.293441,-2.720189,-3.877967,-0.072705,0.000000,0.000000,0.000000,0.000000,0.000000,0.000000,260.278161,240.403338,1
1.496000,0.002029,0.034513,0.236416,-0.411564,0.010553,0.422117,-0.139768,-0.316443,0.008114,0.324557,0.491162,-0.927438,0.023780,0.951218,-0.900938,-0.667406,0.017113,0.684519,0.086327,0.034481,-0.000884,-0.035365,-0.022024,2.436811,-0.062482,-2.499293,-1.051585,0.198331,-0.005085,-0.203416,0.040113,-0.017015,0.000436,0.017451,-0.011943,-0.213645,0.005478,0.219123,0.089387,-0.065102,0.001669,0.066771,0.417380,0.011859,-0.000304,-0.012163,0.001760,-1.881184,0.048235,1.929420,-0.723262,0.000000,0.000000,0.000000,3.101148,6.034135,1.464973,-3.120979,-4.662143,0.048479,0.000000,0.000000,0.000000,0.000000,0.000000,0.000000,260.330309,240.409089,1
1.498000,0.008384,0.042665,0.231632,-0.366813,0.009405,0.376218,-0.307290,-0.272237,0.006980,0.279217,0.485170,-1.018112,0.026105,1.044217,-0.891395,-0.977689,0.025069,1.002758,0.326803,0.026038,-0.000668,-0.026705,-0.030062,3.469180,-0.088953,-3.558134,-1.592054,0.366547,-0.009399,-0.375945,0.020625,-0.020239,0.000519,0.020758,-0.021515,-0.134672,0.003453,0.138125,0.098745,0.014015,-0.000359,-0.014374,0.269936,0.036882,-0.000946,-0.037828,-0.043190,-2.008431,0.051498,2.059929,-0.585225,0.000000,0.000000,0.000000,3.055404,6.143987,1.224371,-3.258478,-4.590757,0.190792,0.000000,0.000000,0.000000,0.000000,0.000000,0.000000,260.347126,240.416849,1
1.508000,0.009336,0.043977,0.229787,-0.366813,0.009405,0.376218,-0.299102,-0.272237,0.006980,0.279217,0.650239,-1.018112,0.026105,1.044217,-1.246780,-0.977689,0.025069,1.002758,0.369187,0.026038,-0.000668,-0.026705,-0.037380,3.469180,-0.088953,-3.558134,-1.618311,0.366547,-0.009399,-0.375945,0.028165,-0.020239,0.000519,0.020758,-0.019265,-0.134672,0.003453,0.138125,0.068807,0.014015,-0.000359,-0.014374,0.325738,0.036882,-0.000946,-0.037828,0.040791,-2.008431,0.051498,2.059929,-0.862794,0.000000,0.000000,0.000000,3.318848,6.755356,1.336135,-3.564674,-5.187411,0.347809,0.000000,0.000000,0.000000,0.000000,0.000000,0.000000,260.442419,240.447963,1
1.510000,0.004209,0.037561,0.235916,-0.350375,0.008984,0.359359,-0.114622,-0.257178,0.006594,0.263772,0.548264,-0.963769,0.024712,0.988481,-1.167155,-0.831749,0.021327,0.853076,0.198704,0.020262,-0.000520,-0.020782,-0.030857,2.946347,-0.075547,-3.021895,-1.336103,0.417770,-0.010712,-0.428482,0.004958,-0.016928,0.000434,0.017362,-0.016642,0.145671,-0.003735,-0.149406,0.033108,0.000115,-0.000003,-0.000118,0.336317,-0.010893,0.000279,0.011172,0.074097,-1.804459,0.046268,1.850727,-0.800803,0.000000,0.000000,0.000000,3.376604,6.419566,1.562786,-3.450399,-5.189435,0.187913,0.000000,0.000000,0.000000,0.000000,0.000000,0.000000,260.456494,240.451301,1
1.520000,0.004717,0.038357,0.233870,-0.350375,0.008984,0.359359,-0.116764,-0.257178,0.006594,0.263772,0.697909,-0.963769,0.024712,0.988481,-1.512369,-0.831749,0.021327,0.853076,0.208967,0.020262,-0.000520,-0.020782,-0.041507,2.946347,-0.075547,-3.021895,-1.351776,0.417770,-0.010712,-0.428482,0.008703,-0.016928,0.000434,0.017362,-0.016648,0.145671,-0.003735,-0.149406,0.018929,0.000115,-0.000003,-0.000118,0.386455,-0.010893,0.000279,0.011172,0.134193,-1.804459,0.046268,1.850727,-1.056850,0.000000,0.000000,0.000000,3.610062,6.899684,1.676080,-3.746531,-5.746117,0.292562,0.000000,0.000000,0.000000,0.000000,0.000000,0.000000,260.535988,240.460800,1
1.522000,0.005322,0.038240,0.234763,-0.365180,0.009364,0.374544,-0.163429,-0.288644,0.007401,0.296045,0.667186,-1.034170,0.026517,1.060687,-1.223524,-0.980382,0.025138,1.005520,0.305637,0.015090,-0.000387,-0.015477,-0.030695,3.184455,-0.081653,-3.266107,-1.441474,0.650551,-0.016681,-0.667232,-0.004080,0.091078,-0.002335,-0.093414,-0.045926,0.294490,-0.007551,-0.302041,0.000185,0.018263,-0.000468,-0.018731,0.348140,-0.087624,0.002247,0.089871,0.143853,-1.828813,0.046893,1.875705,-0.921034,0.000000,0.000000,0.000000,3.392696,6.569880,1.598797,-3.565144,-5.382037,0.256704,0.000000,0.000000,0.000000,0.000000,0.000000,0.000000,260.552641,240.465080,1
1.532000,0.005816,0.039001,0.232611,-0.365180,0.009364,0.374544,-0.159147,-0.288644,0.007401,0.296045,0.813602,-1.034170,0.026517,1.060687,-1.556462,-0.980382,0.025138,1.005520,0.328745,0.015090,-0.000387,-0.015477,-0.041500,3.184455,-0.081653,-3.266107,-1.464746,0.650551,-0.016681,-0.667232,0.000003,0.091078,-0.002335,-0.093414,-0.059959,0.294490,-0.007551,-0.302041,-0.004355,0.018263,-0.000468,-0.018731,0.410612,-0.087624,0.002247,0.089871,0.181986,-1.828813,0.046893,1.875705,-1.146687,0.000000,0.000000,0.000000,3.599230,6.991348,1.693696,-3.825838,-5.890852,0.366728,0.000000,0.000000,0.000000,0.000000,0.000000,0.000000,260.645125,240.480183,1
1.542000,0.004580,0.034680,0.235392,-0.311641,0.007991,0.319632,-0.093491,-0.357715,0.009172,0.366887,0.914108,-1.262859,0.032381,1.295240,-1.642722,-1.242304,0.031854,1.274158,0.479174,-0.021153,0.000542,0.021696,-0.038790,3.260855,-0.083612,-3.344467,-1.465424,1.197335,-0.030701,-1.228035,-0.227044,0.590010,-0.015128,-0.605138,-0.279921,0.479257,-0.012289,-0.491546,-0.044006,0.109505,-0.002808,-0.112313,0.385584,-0.340980,0.008743,0.349723,0.336042,-1.773996,0.045487,1.819483,-1.226407,0.000000,0.000000,0.000000,3.715004,7.160870,1.824355,-3.921623,-6.362101,0.336370,0.000000,0.000000,0.000000,0.000000,0.000000,0.000000,260.753800,240.500195,1
1.544000,0.005054,0.036967,0.234878,-0.289924,0.007434,0.297358,-0.143387,-0.343888,0.008818,0.352705,0.911209,-1.097263,0.028135,1.125398,-1.678565,-0.907812,0.023277,0.931089,0.185595,-0.010245,0.000263,0.010507,-0.040784,2.419971,-0.062051,-2.482021,-0.978432,0.882959,-0.022640,-0.905599,-0.000769,0.423590,-0.010861,-0.434452,-0.160588,0.373800,-0.009585,-0.383385,-0.014210,0.084596,-0.002169,-0.086765,0.321227,-0.335466,0.008602,0.344068,0.381618,-1.533145,0.039311,1.572457,-1.333356,0.000000,0.000000,0.000000,3.630634,7.186783,1.846071,-3.874556,-6.285837,0.331310,0.000000,0.000000,0.000000,0.000000,0.000000,0.000000,260.768173,240.498341,1
1.554000,0.005316,0.037513,0.232258,-0.289924,0.007434,0.297358,-0.139003,-0.343888,0.008818,0.352705,1.019305,-1.097263,0.028135,1.125398,-1.940234,-0.907812,0.023277,0.931089,0.197949,-0.010245,0.000263,0.010507,-0.044544,2.419971,-0.062051,-2.482021,-1.037156,0.882959,-0.022640,-0.905599,-0.005054,0.423590,-0.010861,-0.434452,-0.200875,0.373800,-0.009585,-0.383385,-0.016354,0.084596,-0.002169,-0.086765,0.391407,-0.335466,0.008602,0.344068,0.388939,-1.533145,0.039311,1.572457,-1.516024,0.000000,0.000000,0.000000,3.770072,7.403585,1.877952,-4.052490,-6.637546,0.401446,0.000000,0.000000,0.000000,0.000000,0.000000,0.000000,260.848105,240.485409,1
1.556000,0.008126,0.041122,0.231892,-0.297438,0.007627,0.305064,-0.268433,-0.335265,0.008597,0.343862,0.998289,-1.104565,0.028322,1.132887,-1.895885,-0.961739,0.024660,0.986399,0.163231,-0.019726,0.000506,0.020232,-0.039403,2.735214,-0.070134,-2.805348,-1.123861,0.845689,-0.021684,-0.867373,-0.004314,0.356831,-0.009150,-0.365980,-0.132937,0.341187,-0.008748,-0.349935,-0.010355,0.092720,-0.002377,-0.095097,0.254270,-0.293747,0.007532,0.301279,0.380492,-1.626675,0.041710,1.668385,-1.441064,0.000000,0.000000,0.000000,3.699953,7.525535,1.799958,-4.085371,-6.504471,0.477138,0.000000,0.000000,0.000000,0.000000,0.000000,0.000000,260.865079,240.483747,1
1.566000,0.008474,0.041892,0.229051,-0.297438,0.007627,0.305064,-0.256195,-0.335265,0.008597,0.343862,1.085496,-1.104565,0.028322,1.132887,-2.110851,-0.961739,0.024660,0.986399,0.203412,-0.019726,0.000506,0.020232,-0.043578,2.735214,-0.070134,-2.805348,-1.189881,0.845689,-0.021684,-0.867373,-0.007710,0.356831,-0.009150,-0.365980,-0.176866,0.341187,-0.008748,-0.349935,-0.013631,0.092720,-0.002377,-0.095097,0.342745,-0.293747,0.007532,0.301279,0.380711,-1.626675,0.041710,1.668385,-1.610532,0.000000,0.000000,0.000000,3.827791,7.700805,1.800015,-4.212528,-6.759147,0.553495,0.000000,0.000000,0.000000,0.000000,0.000000,0.000000,260.958007,240.472876,1
1.570000,0.008497,0.042525,0.228840,-0.407540,0.010450,0.417990,-0.118646,-0.242384,0.006215,0.248599,1.027845,-1.192465,0.030576,1.223041,-2.224931,-1.307947,0.033537,1.341484,0.238626,-0.027547,0.000706,0.028253,-0.043406,3.456495,-0.088628,-3.545123,-1.266408,1.203058,-0.030848,-1.233906,-0.016953,0.487307,-0.012495,-0.499802,-0.152407,0.405138,-0.010388,-0.415526,-0.010753,-0.002156,0.000055,0.002212,0.361195,-0.187598,0.004810,0.192408,0.408423,-1.766920,0.045306,1.812226,-1.655836,0.000000,0.000000,0.000000,4.002755,7.977476,1.959109,-4.321509,-7.051974,0.519554,0.000000,0.000000,0.000000,0.000000,0.000000,0.000000,261.002082,240.470769,1
1.580000,0.008655,0.043184,0.225725,-0.407540,0.010450,0.417990,-0.106137,-0.242384,0.006215,0.248599,1.075928,-1.192465,0.030576,1.223041,-2.391030,-1.307947,0.033537,1.341484,0.339744,-0.027547,0.000706,0.028253,-0.042008,3.456495,-0.088628,-3.545123,-1.450312,1.203058,-0.030848,-1.233906,-0.063598,0.487307,-0.012495,-0.499802,-0.223472,0.405138,-0.010388,-0.415526,-0.019065,-0.002156,0.000055,0.002212,0.457843,-0.187598,0.004810,0.192408,0.369801,-1.766920,0.045306,1.812226,-1.775342,0.000000,0.000000,0.000000,4.080186,8.001880,1.913797,-4.417664,-7.214280,0.562337,0.000000,0.000000,0.000000,0.000000,0.000000,0.000000,261.125305,240.470247,1
1.582000,0.010423,0.045304,0.230809,-0.328199,0.008415,0.336614,-0.262271,-0.363068,0.009309,0.372377,1.009890,-1.393272,0.035725,1.428997,-1.894617,-1.330905,0.034126,1.365031,0.369416,-0.025749,0.000660,0.026409,-0.041809,3.512379,-0.090061,-3.602440,-1.473244,1.386001,-0.035538,-1.421539,-0.167272,0.641854,-0.016458,-0.658311,-0.258948,0.457588,-0.011733,-0.469321,-0.022510,0.127119,-0.003259,-0.130379,0.279342,-0.363975,0.009333,0.373308,0.383066,-1.899773,0.048712,1.948485,-1.472510,0.000000,0.000000,0.000000,3.909044,7.647747,1.722242,-4.301333,-6.691500,0.608404,0.000000,0.000000,0.000000,0.000000,0.000000,0.000000,261.150208,240.472342,1
1.592000,0.010731,0.046098,0.227968,-0.328199,0.008415,0.336614,-0.261511,-0.363068,0.009309,0.372377,1.085926,-1.393272,0.035725,1.428997,-2.069449,-1.330905,0.034126,1.365031,0.448803,-0.025749,0.000660,0.026409,-0.044053,3.512379,-0.090061,-3.602440,-1.562136,1.386001,-0.035538,-1.421539,-0.237640,0.641854,-0.016458,-0.658311,-0.309569,0.457588,-0.011733,-0.469321,-0.025118,0.127119,-0.003259,-0.130379,0.361843,-0.363975,0.009333,0.373308,0.381242,-1.899773,0.048712,1.948485,-1.621898,0.000000,0.000000,0.000000,4.037829,7.839484,1.728604,-4.421400,-6.908771,0.677654,0.000000,0.000000,0.000000,0.000000,0.000000,0.000000,261.286149,240.483205,1
1.602000,0.005816,0.040607,0.232073,-0.035396,0.000908,0.036303,-0.323528,-0.433482,0.011115,0.444597,1.159417,-0.891098,0.022849,0.913947,-2.209108,-0.560199,0.014364,0.574563,-0.018281,-0.016721,0.000429,0.017150,-0.037666,1.873447,-0.048037,-1.921484,-0.682447,0.564015,-0.014462,-0.578477,0.055615,0.040217,-0.001031,-0.041248,-0.029414,0.107066,-0.002745,-0.109811,0.018095,0.290695,-0.007454,-0.298149,0.170432,-0.445744,0.011429,0.457173,0.536113,-1.222811,0.031354,1.254166,-1.643137,0.000000,0.000000,0.000000,3.973774,7.699845,1.752479,-4.255329,-6.789192,0.558303,0.000000,0.000000,0.000000,0.000000,0.000000,0.000000,261.348756,240.462060,1
1.606000,0.002568,0.039132,0.230595,-0.064713,0.001659,0.066372,-0.299935,-0.487185,0.012492,0.499677,1.147968,-0.920040,0.023591,0.943631,-2.164943,-0.520913,0.013357,0.534269,-0.043013,-0.017121,0.000439,0.017560,-0.030058,1.782843,-0.045714,-1.828557,-0.524004,0.583036,-0.014950,-0.597986,0.147101,0.086196,-0.002210,-0.088406,-0.019928,0.123174,-0.003158,-0.126332,0.026723,0.282391,-0.007241,-0.289631,0.235843,-0.499816,0.012816,0.512632,0.512041,-1.264566,0.032425,1.296991,-1.710747,0.000000,0.000000,0.000000,3.903543,7.623610,1.839926,-4.161797,-6.839176,0.621542,0.000000,0.000000,0.000000,0.000000,0.000000,0.000000,261.373800,240.451385,1
1.616000,0.002529,0.039639,0.227307,-0.064713,0.001659,0.066372,-0.318728,-0.487185,0.012492,0.499677,1.227746,-0.920040,0.023591,0.943631,-2.343661,-0.520913,0.013357,0.534269,-0.010509,-0.017121,0.000439,0.017560,-0.034781,1.782843,-0.045714,-1.828557,-0.647311,0.583036,-0.014950,-0.597986,0.090211,0.086196,-0.002210,-0.088406,-0.048647,0.123174,-0.003158,-0.126332,0.013711,0.282391,-0.007241,-0.289631,0.303545,-0.499816,0.012816,0.512632,0.506944,-1.264566,0.032425,1.296991,-1.862969,0.000000,0.000000,0.000000,3.987434,7.735586,1.852113,-4.310661,-7.057656,0.651490,0.000000,0.000000,0.000000,0.000000,0.000000,0.000000,261.442400,240.424010,1
1.618000,0.003601,0.038987,0.233921,0.579442,-0.014857,-0.594300,-0.356716,0.460560,-0.011809,-0.472369,0.876019,-2.019037,0.051770,2.070807,-1.916174,0.024964,-0.000640,-0.025604,-0.376791,0.007164,-0.000184,-0.007348,-0.101008,2.729775,-0.069994,-2.799769,-0.211731,-0.059817,0.001534,0.061351,0.888163,-0.613334,0.015727,0.629060,0.262318,-0.304828,0.007816,0.312644,0.315972,-0.012520,0.000321,0.012842,0.251640,1.319466,-0.033832,-1.353299,-0.049467,-2.908228,0.074570,2.982798,-1.030378,0.000000,0.000000,0.000000,4.010065,7.950803,1.769124,-4.160864,-7.260222,1.309573,0.000000,0.000000,0.000000,0.000000,0.000000,0.000000,261.459718,240.411507,1
1.628000,0.003779,0.039701,0.231298,0.579442,-0.014857,-0.594300,-0.421531,0.460560,-0.011809,-0.472369,0.934260,-2.019037,0.051770,2.070807,-2.058104,0.024964,-0.000640,-0.025604,-0.433658,0.007164,-0.000184,-0.007348,-0.111329,2.729775,-0.069994,-2.799769,-0.766746,-0.059817,0.001534,0.061351,0.816041,-0.613334,0.015727,0.629060,0.173322,-0.304828,0.007816,0.312644,0.245185,-0.012520,0.000321,0.012842,0.302370,1.319466,-0.033832,-1.353299,-0.118341,-2.908228,0.074570,2.982798,-1.098061,0.000000,0.000000,0.000000,4.017281,7.981690,1.770601,-4.351019,-7.382259,1.285634,0.000000,0.000000,0.000000,0.000000,0.000000,0.000000,261.567593,240.359811,1
1.632000,-0.036256,0.023892,0.217022,0.252159,-0.006466,-0.258625,-0.354395,0.672534,-0.017244,-0.689778,0.264250,-2.392762,0.061353,2.454115,-1.296588,0.756238,-0.019391,-0.775629,-0.678175,0.006347,-0.000163,-0.006510,-0.076664,1.877101,-0.048131,-1.925231,-0.770043,-1.064958,0.027307,1.092264,0.998090,0.007275,-0.000187,-0.007461,-0.065442,-3.191482,0.081833,3.273315,0.144866,-0.492055,0.012617,0.504672,1.217817,1.696995,-0.043513,-1.740508,-1.357949,-3.441499,0.088244,3.529742,-0.714797,0.000722,-0.001405,-0.000140,3.430620,3.528436,0.561818,-2.801888,-6.514890,1.473381,-3.097866,7.372978,-3.013173,0.000000,0.000000,0.000000,261.617717,240.362836,1
1.642000,-0.038314,0.023983,0.214418,0.252159,-0.006466,-0.258625,-0.218840,0.672534,-0.017244,-0.689778,0.146770,-2.392762,0.061353,2.454115,-1.353785,0.756238,-0.019391,-0.775629,-0.680368,0.006347,-0.000163,-0.006510,-0.077232,1.877101,-0.048131,-1.925231,-0.814663,-1.064958,0.027307,1.092264,1.199088,0.007275,-0.000187,-0.007461,-0.043070,-3.191482,0.081833,3.273315,-0.667457,-0.492055,0.012617,0.504672,1.373596,1.696995,-0.043513,-1.740508,-1.556988,-3.441499,0.088244,3.529742,-0.669852,0.222554,-0.405855,-0.026831,3.396307,3.129584,0.314953,-2.589541,-6.809137,1.854077,-2.943047,7.026752,-2.960082,0.000000,0.000000,0.000000,261.766109,240.351773,1
1.644000,0.012855,0.036024,0.233565,1.205559,-0.030912,-1.236471,-0.957583,0.220342,-0.005650,-0.225992,0.893374,-3.373382,0.086497,3.459879,-0.846771,0.325017,-0.008334,-0.333351,-0.901827,0.033670,-0.000863,-0.034533,0.546251,0.177390,-0.004548,-0.181939,-1.110141,-0.931340,0.023881,0.955221,1.514725,0.220168,-0.005645,-0.225814,-0.074974,0.874737,-0.022429,-0.897166,0.028531,0.397905,-0.010203,-0.408108,-0.056720,0.540558,-0.013860,-0.554419,-0.014126,-3.020856,0.077458,3.098314,-0.365816,1.137910,-4.127329,-1.150042,3.099514,6.953188,1.513271,-3.770198,-5.640426,0.888177,0.000000,0.000000,0.000000,0.000000,0.000000,0.000000,261.781091,240.349516,1
1.654000,0.013683,0.036733,0.232134,1.205559,-0.030912,-1.236471,-1.069239,0.220342,-0.005650,-0.225992,0.957591,-3.373382,0.086497,3.459879,-0.797180,0.325017,-0.008334,-0.333351,-1.042027,0.033670,-0.000863,-0.034533,0.751132,0.177390,-0.004548,-0.181939,-1.467739,-0.931340,0.023881,0.955221,1.443175,0.220168,-0.005645,-0.225814,-0.064826,0.874737,-0.022429,-0.897166,-0.118066,0.397905,-0.010203,-0.408108,-0.100850,0.540558,-0.013860,-0.554419,0.071560,-3.020856,0.077458,3.098314,-0.437462,1.006146,-4.112303,-1.235962,3.217622,7.409006,1.657148,-3.746516,-5.511316,0.857391,0.000000,0.000000,0.000000,0.000000,0.000000,0.000000,261.859814,240.340328,1
1.658000,0.003536,0.039702,0.232189,0.362761,-0.009302,-0.372063,-0.358992,0.936785,-0.024020,-0.960805,0.556291,-2.885953,0.073999,2.959952,-1.046234,0.716011,-0.018359,-0.734370,-0.965323,0.276637,-0.007093,-0.283730,-0.274270,-0.303142,0.007773,0.310915,0.034432,-0.827259,0.021212,0.848471,1.368383,0.238237,-0.006109,-0.244346,-0.077811,0.344194,-0.008825,-0.353019,0.231177,-0.511571,0.013117,0.524689,0.843139,1.878891,-0.048177,-1.927068,-0.645441,-3.610760,0.092584,3.703344,-0.355482,1.143698,-2.133478,-0.138122,3.596185,7.105934,1.396269,-3.985646,-6.164000,0.757284,-0.151408,0.097952,0.064029,0.000000,0.000000,0.000000,261.895120,240.335400,1
1.668000,0.004371,0.039436,0.232095,0.351764,-0.009020,-0.360783,-0.326580,0.907430,-0.023267,-0.930698,0.629211,-2.920628,0.074888,2.995516,-1.171762,0.717700,-0.018403,-0.736103,-0.947887,0.283609,-0.007272,-0.290881,-0.276922,-0.357617,0.009170,0.366786,0.052160,-0.870731,0.022326,0.893058,1.308215,0.250251,-0.006417,-0.256668,-0.105083,0.255745,-0.006558,-0.262303,0.111958,-0.516532,0.013244,0.529776,0.848323,1.830458,-0.046935,-1.877393,-0.565236,-3.615001,0.092692,3.707694,-0.451412,1.239903,-2.257548,-0.097937,3.828308,7.537339,1.488337,-4.142992,-6.496035,0.818900,-0.480773,0.344079,0.196042,0.000000,0.000000,0.000000,261.989319,240.313624,1
1.676000,-0.010689,0.038682,0.225184,-0.003084,0.000079,0.003163,-0.507793,1.058092,-0.027131,-1.085222,0.428305,-2.375837,0.060919,2.436756,-1.032917,0.617675,-0.015838,-0.633513,-0.654962,0.801017,-0.020539,-0.821556,-0.334209,-1.188615,0.030477,1.219092,-1.261789,-0.647552,0.016604,0.664156,0.962277,0.086045,-0.002206,-0.088251,-0.042596,0.518648,-0.013299,-0.531947,-0.103050,-0.874401,0.022421,0.896822,1.007554,2.509703,-0.064351,-2.574054,-0.895766,-4.027526,0.103270,4.130796,-0.688010,2.862883,-7.831678,-1.506510,3.072761,7.670172,2.361141,-4.362691,-5.229452,-0.211282,-0.320833,0.369189,0.010537,0.000000,0.000000,0.000000,262.085000,240.291487,1
1.686000,-0.010826,0.038570,0.223453,0.007353,-0.000189,-0.007541,-0.689262,1.022354,-0.026214,-1.048568,0.532681,-2.383001,0.061103,2.444104,-1.051641,0.627990,-0.016102,-0.644092,-0.779366,0.757410,-0.019421,-0.776831,-0.108029,-1.183733,0.030352,1.214085,-1.902755,-0.650275,0.016674,0.666948,0.867365,0.085895,-0.002202,-0.088098,-0.021642,0.513050,-0.013155,-0.526205,-0.145496,-0.862894,0.022125,0.885020,0.869175,2.478620,-0.063554,-2.542174,-0.864098,-4.039719,0.103583,4.143302,-0.668254,2.488254,-7.528210,-1.698440,3.027941,7.745727,2.461614,-4.192810,-4.988286,-0.238210,-0.484591,0.849307,-0.117672,0.000000,0.000000,0.000000,262.209217,240.251549,1
1.694000,-0.016538,0.031645,0.218934,0.358544,-0.009193,-0.367738,-0.547034,0.711425,-0.018242,-0.729666,0.158878,-2.860302,0.073341,2.933643,-0.549504,0.651804,-0.016713,-0.668517,-0.498403,1.197957,-0.030717,-1.228674,-0.413305,-2.883465,0.073935,2.957400,-1.233239,-1.030436,0.026421,1.056858,0.927895,0.067795,-0.001738,-0.069533,0.095713,-0.399394,0.010241,0.409635,-0.704559,-0.594297,0.015238,0.609536,0.944953,2.066251,-0.052981,-2.119232,-1.298185,-4.214746,0.108070,4.322816,0.024138,3.270771,-8.571328,-2.188706,2.638233,5.266426,1.531695,-3.195666,-4.602879,0.109537,-1.742371,4.341018,-0.945986,0.000000,0.000000,0.000000,262.298215,240.249820,1
1.704000,-0.017743,0.031571,0.217965,0.358544,-0.009193,-0.367738,-0.629781,0.711425,-0.018242,-0.729666,0.170416,-2.860302,0.073341,2.933643,-0.469241,0.651804,-0.016713,-0.668517,-0.609424,1.197957,-0.030717,-1.228674,-0.273386,-2.883465,0.073935,2.957400,-1.567821,-1.030436,0.026421,1.056858,0.820686,0.067795,-0.001738,-0.069533,0.197171,-0.399394,0.010241,0.409635,-0.831355,-0.594297,0.015238,0.609536,0.809049,2.066251,-0.052981,-2.119232,-1.187289,-4.214746,0.108070,4.322816,-0.054762,2.989859,-8.053925,-2.114426,2.581145,5.350689,1.649742,-2.979862,-4.414707,0.153687,-1.869405,4.557952,-0.976685,0.000000,0.000000,0.000000,262.414017,240.231050,1
1.710000,0.005639,0.033437,0.229332,0.755885,-0.019382,-0.775266,-1.331825,0.703115,-0.018029,-0.721144,0.813310,-3.031697,0.077736,3.109433,-0.180206,1.041385,-0.026702,-1.068087,-1.460095,0.722665,-0.018530,-0.741195,0.198519,-2.276083,0.058361,2.334444,-1.368549,-0.974576,0.024989,0.999565,1.072511,0.103551,-0.002655,-0.106206,-0.020279,0.155167,-0.003979,-0.159146,0.016610,-0.150098,0.003849,0.153947,0.385382,1.697488,-0.043525,-1.741013,-0.564983,-3.801413,0.097472,3.898885,-0.085515,1.944947,-6.006739,-1.448359,2.819688,6.976729,1.897212,-3.520523,-3.938426,-0.124618,-0.655456,0.740635,0.124640,0.000000,0.000000,0.000000,262.471221,240.230356,1
1.720000,0.005413,0.033401,0.228146,0.755885,-0.019382,-0.775266,-1.391592,0.703115,-0.018029,-0.721144,0.862756,-3.031697,0.077736,3.109433,-0.155210,1.041385,-0.026702,-1.068087,-1.549267,0.722665,-0.018530,-0.741195,0.179957,-2.276083,0.058361,2.334444,-1.274670,-0.974576,0.024989,0.999565,0.975748,0.103551,-0.002655,-0.106206,-0.015815,0.155167,-0.003979,-0.159146,0.001190,-0.150098,0.003849,0.153947,0.335129,1.697488,-0.043525,-1.741013,-0.479305,-3.801413,0.097472,3.898885,-0.189819,1.842994,-5.675271,-1.364998,2.865961,7.175515,1.988546,-3.423590,-3.991921,-0.037079,-1.267898,1.611622,0.162883,0.000000,0.000000,0.000000,262.566728,240.226782,1
1.730000,-0.014587,0.028870,0.230002,1.159368,-0.029727,-1.189096,0.293711,0.685223,-0.017570,-0.702793,-0.203385,-4.200428,0.107703,4.308131,0.323104,1.060041,-0.027181,-1.087221,0.355560,1.806760,-0.046327,-1.853087,0.309765,-4.934618,0.126529,5.061147,0.629094,-1.678592,0.043041,1.721633,-0.501024,0.766404,-0.019651,-0.786056,0.782711,-1.397568,0.035835,1.433403,-1.455853,-0.101563,0.002604,0.104167,0.510589,1.457756,-0.037378,-1.495134,-0.785876,-3.976026,0.101949,4.077975,2.200652,3.821546,-5.968124,-0.105866,0.000000,0.000000,0.000000,-1.967138,-6.017775,2.476696,-3.593211,9.150139,-0.274344,0.000000,0.000000,0.000000,262.764686,240.327249,1
1.740000,-0.022508,0.031657,0.233195,0.939583,-0.024092,-0.963675,0.588775,0.534466,-0.013704,-0.548171,-0.314886,-3.956325,0.101444,4.057769,0.361701,0.816947,-0.020947,-0.837894,0.599593,1.699334,-0.043573,-1.742907,0.010183,-5.028535,0.128937,5.157471,0.996945,-1.528867,0.039202,1.568069,-0.344276,0.721516,-0.018500,-0.740017,0.523361,-1.444667,0.037043,1.481710,-1.188884,-0.127345,0.003265,0.130610,0.276451,1.429883,-0.036664,-1.466546,-0.730848,-4.214428,0.108062,4.322491,2.260172,3.261732,-5.396700,0.272082,0.000000,0.000000,0.000000,-0.914929,-4.473446,1.752935,-3.185326,8.349340,-0.355127,0.000000,0.000000,0.000000,262.979044,240.466082,1
1.746000,-0.010349,0.026603,0.242937,0.592704,-0.015198,-0.607901,-4.499061,0.383503,-0.009833,-0.393336,0.329511,-4.711274,0.120802,4.832076,0.628886,0.745563,-0.019117,-0.764680,2.003778,1.657558,-0.042501,-1.700059,0.100466,-4.965561,0.127322,5.092883,0.504578,-1.654696,0.042428,1.697124,1.189117,0.267453,-0.006858,-0.274310,-0.484076,-2.808202,0.072005,2.880208,0.569206,-3.107871,0.079689,3.187560,1.678435,0.202952,-0.005204,-0.208156,-0.159673,2.475367,-0.063471,-2.538838,-1.001491,4.942826,-5.866381,0.854620,0.000000,0.000000,0.000000,0.000000,0.000000,0.000000,-1.416503,5.250860,-1.146828,0.000000,0.000000,0.000000,263.110399,240.575445,1
1.756000,-0.010984,0.026174,0.243175,0.592704,-0.015198,-0.607901,-3.331509,0.383503,-0.009833,-0.393336,0.030019,-4.711274,0.120802,4.832076,1.614748,0.745563,-0.019117,-0.764680,2.012788,1.657558,-0.042501,-1.700059,0.294751,-4.965561,0.127322,5.092883,0.356520,-1.654696,0.042428,1.697124,1.175492,0.267453,-0.006858,-0.274310,-0.174702,-2.808202,0.072005,2.880208,0.206535,-3.107871,0.079689,3.187560,1.922499,0.202952,-0.005204,-0.208156,-0.111932,2.475367,-0.063471,-2.538838,-1.042525,4.799455,-6.127159,0.622205,0.000000,0.000000,0.000000,0.000000,0.000000,0.000000,-1.782813,6.800566,-1.519667,0.000000,0.000000,0.000000,263.361714,240.785719,1
1.762000,-0.007190,0.023225,0.257909,-3.344327,0.085752,3.430079,0.273404,0.781790,-0.020046,-0.801836,-0.298957,-5.301015,0.135923,5.436938,1.645573,2.581597,-0.066195,-2.647792,0.818611,1.750335,-0.044880,-1.795215,-0.147386,-3.061039,0.078488,3.139527,1.258369,1.045122,-0.026798,-1.071920,0.140520,1.052767,-0.026994,-1.079761,-0.096950,-2.045738,0.052455,2.098193,0.359992,-1.700191,0.043595,1.743785,0.146553,0.262626,-0.006734,-0.269360,-0.212890,5.075801,-0.130149,-5.205950,-2.033248,4.305391,-2.417964,1.789007,0.000000,0.000000,0.000000,0.000000,0.000000,0.000000,-0.452566,6.691078,-2.258471,0.000000,0.000000,0.000000,263.532208,240.928396,1
1.772000,-0.007377,0.022831,0.257880,-3.344327,0.085752,3.430079,1.059508,0.781790,-0.020046,-0.801836,-0.342977,-5.301015,0.135923,5.436938,2.122151,2.581597,-0.066195,-2.647792,0.633306,1.750335,-0.044880,-1.795215,-0.009681,-3.061039,0.078488,3.139527,0.923931,1.045122,-0.026798,-1.071920,-0.050039,1.052767,-0.026994,-1.079761,0.044444,-2.045738,0.052455,2.098193,-0.043428,-1.700191,0.043595,1.743785,0.280841,0.262626,-0.006734,-0.269360,-0.213761,5.075801,-0.130149,-5.205950,-2.236686,4.377379,-3.483110,1.338433,0.000000,0.000000,0.000000,0.000000,0.000000,0.000000,-0.823857,7.609255,-2.334350,0.000000,0.000000,0.000000,263.856471,241.216339,1
1.776000,-0.002982,0.034805,0.268808,-0.184724,0.004737,0.189460,3.758611,0.276284,-0.007084,-0.283369,-0.257594,-1.841507,0.047218,1.888725,1.681696,2.395973,-0.061435,-2.457409,-2.131283,-0.104109,0.002669,0.106778,-0.082815,-0.135722,0.003480,0.139202,0.127340,2.038223,-0.052262,-2.090485,-0.880288,0.148933,-0.003819,-0.152752,0.322904,-1.131381,0.029010,1.160391,-0.237045,0.300373,-0.007702,-0.308074,-1.916664,0.204893,-0.005254,-0.210147,-0.508696,2.654878,-0.068074,-2.722952,-1.391441,1.143908,-0.759795,0.486444,0.000000,0.000000,0.000000,0.000000,0.000000,0.000000,-1.158419,6.402345,-2.132620,0.000000,0.000000,0.000000,263.919975,241.277178,1
1.786000,-0.003032,0.035806,0.267338,-0.184724,0.004737,0.189460,2.566761,0.276284,-0.007084,-0.283369,-0.238424,-1.841507,0.047218,1.888725,1.285676,2.395973,-0.061435,-2.457409,-1.961389,-0.104109,0.002669,0.106778,-0.055722,-0.135722,0.003480,0.139202,-0.041320,2.038223,-0.052262,-2.090485,-1.050091,0.148933,-0.003819,-0.152752,0.331736,-1.131381,0.029010,1.160391,-0.675881,0.300373,-0.007702,-0.308074,-1.629044,0.204893,-0.005254,-0.210147,-0.430420,2.654878,-0.068074,-2.722952,-1.287347,2.545130,-1.794246,1.074044,0.000000,0.000000,0.000000,0.000000,0.000000,0.000000,-1.474496,6.994364,-2.227622,0.000000,0.000000,0.000000,264.069392,241.409661,1
1.790000,-0.002731,0.022177,0.237211,0.476029,-0.012206,-0.488234,-0.012942,-0.068347,0.001752,0.070100,-0.009952,1.616663,-0.041453,-1.658116,-0.693786,0.255026,-0.006539,-0.261565,0.468384,-0.265770,0.006815,0.272585,0.885229,-0.933519,0.023936,0.957455,-1.097393,0.061940,-0.001588,-0.063528,-0.311868,-0.338405,0.008677,0.347082,0.329875,-1.133711,0.029070,1.162780,-1.196862,-0.782711,0.020070,0.802780,-0.001665,-0.005705,0.000146,0.005851,-0.050233,1.489397,-0.038190,-1.527587,-0.432234,2.875713,-5.476061,-0.676920,0.000000,0.000000,0.000000,0.000000,0.000000,0.000000,-2.154886,7.151310,-1.187512,0.000000,0.000000,0.000000,264.088431,241.408163,1
1.800000,-0.002698,0.021638,0.234703,0.476029,-0.012206,-0.488234,-0.005441,-0.068347,0.001752,0.070100,-0.010109,1.616663,-0.041453,-1.658116,-0.692595,0.255026,-0.006539,-0.261565,0.482978,-0.265770,0.006815,0.272585,1.039948,-0.933519,0.023936,0.957455,-1.403637,0.061940,-0.001588,-0.063528,-0.361471,-0.338405,0.008677,0.347082,0.377421,-1.133711,0.029070,1.162780,-1.433954,-0.782711,0.020070,0.802780,0.001391,-0.005705,0.000146,0.005851,-0.038174,1.489397,-0.038190,-1.527587,-0.513322,3.045330,-6.033355,-0.857506,0.000000,0.000000,0.000000,0.000000,0.000000,0.000000,-2.283323,7.615158,-1.266136,0.000000,0.000000,0.000000,264.143554,241.400515,1
1.804000,-0.007333,0.035039,0.243783,0.040801,-0.001046,-0.041847,0.137411,-0.008038,0.000206,0.008244,-0.021626,0.579697,-0.014864,-0.594561,0.026387,-0.072146,0.001850,0.073996,0.389099,-0.390017,0.010000,0.400018,0.955670,-1.162009,0.029795,1.191804,-1.073690,-0.199282,0.005110,0.204392,-0.284485,-0.782819,0.020072,0.802892,0.531150,-0.738367,0.018932,0.757299,-1.201117,-0.045197,0.001159,0.046356,-0.186130,0.014122,-0.000362,-0.014484,-0.037723,1.831059,-0.046950,-1.878009,-0.331311,2.655366,-5.937629,-0.461123,0.000000,0.000000,0.000000,0.000000,0.000000,0.000000,-2.357817,6.715530,-1.403882,0.000000,0.000000,0.000000,264.158506,241.397245,1
1.814000,-0.005703,0.029948,0.238540,0.077931,-0.001998,-0.079929,0.152376,-0.011938,0.000306,0.012244,-0.055489,1.519369,-0.038958,-1.558327,-0.333263,0.036866,-0.000945,-0.037811,0.469358,-0.264380,0.006779,0.271159,1.168853,-1.246547,0.031963,1.278510,-1.499545,-0.148465,0.003807,0.152271,-0.326110,-0.688878,0.017664,0.706541,0.579935,-0.852558,0.021860,0.874418,-1.589984,-0.095878,0.002458,0.098336,-0.300627,0.013313,-0.000341,-0.013655,-0.079161,3.149454,-0.080755,-3.230209,-0.996365,3.024793,-6.771559,-0.747478,0.000000,0.000000,0.000000,0.000000,0.000000,0.000000,-2.456233,7.524289,-1.541018,0.000000,0.000000,0.000000,264.237335,241.407728,1
1.818000,-0.002348,0.024188,0.235380,0.231507,-0.005936,-0.237444,0.050487,-0.009991,0.000256,0.010247,-0.044116,1.201863,-0.030817,-1.232680,-0.272709,-0.047922,0.001229,0.049151,0.570120,-0.394333,0.010111,0.404444,1.176862,-1.178663,0.030222,1.208885,-1.329474,-0.250895,0.006433,0.257328,-0.319858,-0.823069,0.021104,0.844173,0.583034,-0.797186,0.020441,0.817627,-1.562439,-0.185177,0.004748,0.189925,-0.152286,0.014147,-0.000363,-0.014509,-0.058692,2.152762,-0.055199,-2.207961,-0.752153,2.847727,-6.257906,-1.072336,0.000000,0.000000,0.000000,0.000000,0.000000,0.000000,-2.296887,7.449822,-1.069535,0.000000,0.000000,0.000000,264.261344,241.407670,1
1.828000,-0.002229,0.023602,0.232265,0.203829,-0.005226,-0.209056,0.088836,-0.009805,0.000251,0.010056,-0.038357,1.118459,-0.028678,-1.147138,-0.343786,-0.043441,0.001114,0.044555,0.608361,-0.396195,0.010159,0.406354,1.321267,-1.175316,0.030136,1.205452,-1.588045,-0.244828,0.006278,0.251106,-0.368509,-0.827104,0.021208,0.848312,0.612596,-0.787231,0.020185,0.807416,-1.777545,-0.174195,0.004467,0.178662,-0.206645,0.014506,-0.000372,-0.014878,-0.042011,2.158467,-0.055345,-2.213812,-0.847124,2.976599,-6.659645,-1.215342,0.000000,0.000000,0.000000,0.000000,0.000000,0.000000,-2.365486,7.755140,-1.122287,0.000000,0.000000,0.000000,264.329864,241.406231,1
1.832000,0.003939,0.018481,0.239167,0.046148,-0.001183,-0.047331,0.040614,-0.009140,0.000234,0.009374,-0.049557,2.408948,-0.061768,-2.470716,-0.577864,0.203711,-0.005223,-0.208934,0.185322,-0.172834,0.004432,0.177266,0.904320,-0.436023,0.011180,0.447203,-1.619967,0.007539,-0.000193,-0.007732,-0.247328,0.020530,-0.000526,-0.021057,0.296308,-1.128427,0.028934,1.157361,-1.118484,-0.465227,0.011929,0.477156,-0.272425,-0.013422,0.000344,0.013766,-0.043280,-0.347653,0.008914,0.356568,0.690876,2.765631,-5.808728,-1.126357,0.000000,0.000000,0.000000,0.000000,0.000000,0.000000,-2.247443,7.650342,-1.025097,0.000000,0.000000,0.000000,264.345996,241.404789,1
1.842000,0.004329,0.017730,0.236464,0.046148,-0.001183,-0.047331,0.109932,-0.009140,0.000234,0.009374,-0.057518,2.408948,-0.061768,-2.470716,-0.856668,0.203711,-0.005223,-0.208934,0.247619,-0.172834,0.004432,0.177266,1.046310,-0.436023,0.011180,0.447203,-1.892496,0.007539,-0.000193,-0.007732,-0.252478,0.020530,-0.000526,-0.021057,0.345269,-1.128427,0.028934,1.157361,-1.349363,-0.465227,0.011929,0.477156,-0.206548,-0.013422,0.000344,0.013766,-0.058727,-0.347653,0.008914,0.356568,0.407172,3.010192,-6.270059,-1.236982,0.000000,0.000000,0.000000,0.000000,0.000000,0.000000,-2.340588,8.058039,-1.083428,0.000000,0.000000,0.000000,264.396210,241.403559,1
1.846000,-0.021911,0.043908,0.235226,0.203995,-0.005231,-0.209226,0.129664,-0.079832,0.002047,0.081879,-0.023651,0.844847,-0.021663,-0.866510,-0.235484,0.036227,-0.000929,-0.037156,0.111553,-0.516293,0.013238,0.529531,0.744027,-0.675186,0.017312,0.692499,-1.629612,-0.136371,0.003497,0.139868,-0.316861,-0.592420,0.015190,0.607610,0.275936,-0.819254,0.021007,0.840260,-1.494125,0.023700,-0.000608,-0.024308,-0.195855,-0.050200,0.001287,0.051487,-0.019128,-0.827580,0.021220,0.848800,0.411102,2.451253,-6.545394,-0.430188,0.068029,-0.051477,-0.057944,0.000000,0.000000,0.000000,-2.430909,6.437369,-1.544901,0.000000,0.000000,0.000000,264.410537,241.398187,1
1.856000,-0.023191,0.044734,0.232210,0.203995,-0.005231,-0.209226,0.127015,-0.079832,0.002047,0.081879,-0.017182,0.844847,-0.021663,-0.866510,-0.254606,0.036227,-0.000929,-0.037156,0.126886,-0.516293,0.013238,0.529531,0.869944,-0.675186,0.017312,0.692499,-1.894228,-0.136371,0.003497,0.139868,-0.364393,-0.592420,0.015190,0.607610,0.312612,-0.819254,0.021007,0.840260,-1.717064,0.023700,-0.000608,-0.024308,-0.237979,-0.050200,0.001287,0.051487,-0.037649,-0.827580,0.021220,0.848800,0.331652,2.581544,-7.007944,-0.465566,0.262054,0.304019,0.035683,0.000000,0.000000,0.000000,-2.589857,6.743314,-1.639729,0.000000,0.000000,0.000000,264.450524,241.381371,1
1.858000,-0.001254,0.026435,0.235414,0.252571,-0.006476,-0.259047,0.206653,-0.076180,0.001953,0.078134,-0.025083,1.078002,-0.027641,-1.105643,-0.144252,0.269582,-0.006912,-0.276494,0.247375,-0.368617,0.009452,0.378069,1.033297,-0.452115,0.011593,0.463708,-1.797172,0.058321,-0.001495,-0.059816,-0.296331,-0.318902,0.008177,0.327079,0.317233,-0.885203,0.022698,0.907901,-1.305535,-0.008031,0.000206,0.008237,-0.501683,-0.077907,0.001998,0.079904,-0.034706,-0.602049,0.015437,0.617486,0.465559,2.687511,-6.248785,-0.940408,0.000000,0.000000,0.000000,0.000000,0.000000,0.000000,-2.060768,7.314283,-1.197013,0.000000,0.000000,0.000000,264.456741,241.378990,1
1.868000,-0.001221,0.026134,0.232428,0.252571,-0.006476,-0.259047,0.140364,-0.076180,0.001953,0.078134,-0.031713,1.078002,-0.027641,-1.105643,-0.282797,0.269582,-0.006912,-0.276494,0.244720,-0.368617,0.009452,0.378069,1.166135,-0.452115,0.011593,0.463708,-2.033975,0.058321,-0.001495,-0.059816,-0.367281,-0.318902,0.008177,0.327079,0.385900,-0.885203,0.022698,0.907901,-1.554587,-0.008031,0.000206,0.008237,-0.515632,-0.077907,0.001998,0.079904,-0.031131,-0.602049,0.015437,0.617486,0.371439,2.819551,-6.643108,-1.048965,0.000000,0.000000,0.000000,0.000000,0.000000,0.000000,-2.197991,7.806593,-1.281112,0.000000,0.000000,0.000000,264.492730,241.365623,1
1.872000,-0.004337,0.028932,0.230849,1.448911,-0.037152,-1.486063,-0.021968,-0.167427,0.004293,0.171719,-0.076992,3.704369,-0.094984,-3.799353,-0.704116,0.245379,-0.006292,-0.251671,0.246916,0.043904,-0.001126,-0.045030,1.228444,-1.424361,0.036522,1.460883,-2.071686,0.083934,-0.002152,-0.086086,-0.527782,-0.089259,0.002289,0.091548,0.392777,-1.539495,0.039474,1.578969,-1.735586,-0.388500,0.009962,0.398462,-0.585348,-0.040347,0.001035,0.041381,-0.072325,2.844022,-0.072924,-2.916946,-0.450029,3.134430,-7.785577,-1.267033,0.000000,0.000000,0.000000,0.000000,0.000000,0.000000,-2.623781,8.455095,-1.615617,0.000000,0.000000,0.000000,264.533673,241.357495,1
1.882000,-0.004601,0.028799,0.227552,1.448911,-0.037152,-1.486063,-0.190997,-0.167427,0.004293,0.171719,-0.078952,3.704369,-0.094984,-3.799353,-1.256435,0.245379,-0.006292,-0.251671,0.254028,0.043904,-0.001126,-0.045030,1.295733,-1.424361,0.036522,1.460883,-2.238394,0.083934,-0.002152,-0.086086,-0.617714,-0.089259,0.002289,0.091548,0.339549,-1.539495,0.039474,1.578969,-1.852796,-0.388500,0.009962,0.398462,-0.525197,-0.040347,0.001035,0.041381,-0.078813,2.844022,-0.072924,-2.916946,-0.878630,3.236333,-7.949009,-1.284313,0.000000,0.000000,0.000000,0.000000,0.000000,0.000000,-2.666785,8.477096,-1.603859,0.000000,0.000000,0.000000,264.676159,241.369103,1
1.884000,-0.000798,0.024998,0.234205,-0.747548,0.019168,0.766716,1.035984,0.246388,-0.006318,-0.252705,-0.157286,1.379516,-0.035372,-1.414888,-0.039681,-0.229866,0.005894,0.235760,0.401425,0.904087,-0.023182,-0.927269,0.658755,-2.596227,0.066570,2.662797,-1.321703,0.536662,-0.013761,-0.550423,-0.591861,1.919835,-0.049227,-1.969061,-0.697660,-3.696983,0.094794,3.791777,-0.249470,1.016147,-0.026055,-1.042202,-1.585884,0.001449,-0.000037,-0.001486,-0.064756,-0.969073,0.024848,0.993921,1.142431,2.742871,-6.890798,-1.385195,0.000000,0.000000,0.000000,-0.005422,-0.005756,-0.000470,-2.188160,7.244202,-1.132040,0.000000,0.000000,0.000000,264.697257,241.369896,1
1.894000,-0.000759,0.024542,0.232154,-0.747548,0.019168,0.766716,1.057204,0.246388,-0.006318,-0.252705,-0.135469,1.379516,-0.035372,-1.414888,-0.314357,-0.229866,0.005894,0.235760,0.424441,0.904087,-0.023182,-0.927269,0.738975,-2.596227,0.066570,2.662797,-1.389562,0.536662,-0.013761,-0.550423,-0.683193,1.919835,-0.049227,-1.969061,-0.669161,-3.696983,0.094794,3.791777,-0.370272,1.016147,-0.026055,-1.042202,-1.598009,0.001449,-0.000037,-0.001486,-0.077189,-0.969073,0.024848,0.993921,0.793068,2.879674,-7.086472,-1.406923,0.045834,0.009570,-0.023901,-0.308152,-0.344363,-0.015404,-2.276578,7.808391,-1.279984,0.000000,0.000000,0.000000,264.810521,241.367374,1
1.898000,-0.007259,0.027251,0.228084,0.083616,-0.002144,-0.085760,0.757755,0.189140,-0.004850,-0.193990,-0.116663,2.397935,-0.061486,-2.459421,-0.709354,-0.217940,0.005588,0.223528,0.553148,1.015590,-0.026041,-1.041631,0.752631,-2.635295,0.067572,2.702867,-1.310051,0.480968,-0.012333,-0.493300,-0.864571,1.883521,-0.048295,-1.931816,-0.799584,-3.559222,0.091262,3.650484,-0.512418,0.144568,-0.003707,-0.148274,-1.206807,0.036877,-0.000946,-0.037822,-0.085652,1.144102,-0.029336,-1.173438,-0.008014,2.810524,-7.061645,-1.205510,0.150850,0.130380,-0.010863,-0.267533,-0.669726,0.268457,-2.226568,7.380572,-1.378389,0.000000,0.000000,0.000000,264.851777,241.358547,1
1.908000,-0.007688,0.026993,0.225651,0.083616,-0.002144,-0.085760,0.630264,0.189140,-0.004850,-0.193990,-0.174594,2.397935,-0.061486,-2.459421,-1.012339,-0.217940,0.005588,0.223528,0.596690,1.015590,-0.026041,-1.041631,0.844507,-2.635295,0.067572,2.702867,-1.416088,0.480968,-0.012333,-0.493300,-0.920326,1.883521,-0.048295,-1.931816,-0.771494,-3.559222,0.091262,3.650484,-0.665696,0.144568,-0.003707,-0.148274,-1.043933,0.036877,-0.000946,-0.037822,-0.064053,1.144102,-0.029336,-1.173438,-0.225362,2.879481,-7.217097,-1.238215,0.160416,0.309470,0.098089,-0.316467,-1.275656,0.668259,-2.291837,7.893726,-1.554583,0.000000,0.000000,0.000000,264.973921,241.336864,1
1.912000,-0.019159,0.034954,0.227144,-0.528012,0.013539,0.541551,0.957048,0.338549,-0.008681,-0.347229,-0.318025,0.545365,-0.013984,-0.559349,-0.142771,0.020629,-0.000529,-0.021158,0.248440,1.055521,-0.027065,-1.082586,0.436234,-2.487255,0.063776,2.551031,-1.067963,0.790190,-0.020261,-0.810452,-1.141224,2.292606,-0.058785,-2.351390,-0.681744,-3.961724,0.101583,4.063307,-1.039135,0.492084,-0.012618,-0.504702,-0.963770,0.011753,-0.000301,-0.012055,-0.106386,0.276787,-0.007097,-0.283884,0.134113,2.894404,-6.881313,-0.729221,0.016706,0.038183,0.022585,-1.196869,-1.671504,0.135490,-2.404966,7.930771,-1.929911,0.000000,0.000000,0.000000,265.018667,241.321911,1
1.922000,-0.020371,0.035207,0.224660,-0.528012,0.013539,0.541551,0.807841,0.338549,-0.008681,-0.347229,-0.456617,0.545365,-0.013984,-0.559349,-0.420401,0.020629,-0.000529,-0.021158,0.379204,1.055521,-0.027065,-1.082586,0.524125,-2.487255,0.063776,2.551031,-1.282473,0.790190,-0.020261,-0.810452,-1.133252,2.292606,-0.058785,-2.351390,-0.851037,-3.961724,0.101583,4.063307,-0.977866,0.492084,-0.012618,-0.504702,-0.960026,0.011753,-0.000301,-0.012055,-0.083501,0.276787,-0.007097,-0.283884,0.036999,3.204628,-7.047495,-0.528512,0.056898,0.185487,0.114143,-3.470951,-5.457848,0.748110,-2.270045,7.869706,-2.040251,0.000000,0.000000,0.000000,265.139340,241.285965,1
1.926000,-0.006397,0.030485,0.225881,-0.524798,0.013456,0.538255,0.977592,1.161994,-0.029795,-1.191789,-0.164041,-1.445326,0.037060,1.482386,-1.429936,-0.387050,0.009924,0.396974,0.827321,0.891093,-0.022849,-0.913942,0.672812,-2.674315,0.068572,2.742887,-0.896070,0.518916,-0.013306,-0.532221,-0.820207,2.221465,-0.056961,-2.278425,-1.082039,-4.126873,0.105817,4.232691,0.056956,0.900100,-0.023079,-0.923180,-1.177533,0.021052,-0.000540,-0.021591,-0.029933,-0.074779,0.001917,0.076697,0.107846,3.003456,-5.516790,-0.295088,0.791204,0.498212,-0.174430,-3.246989,-6.204964,1.676532,-1.959203,7.972519,-1.917619,0.000000,0.000000,0.000000,265.181266,241.286351,1
1.936000,-0.006932,0.030681,0.224415,-0.524798,0.013456,0.538255,1.126592,1.161994,-0.029795,-1.191789,-0.078657,-1.445326,0.037060,1.482386,-1.690559,-0.387050,0.009924,0.396974,0.954878,0.891093,-0.022849,-0.913942,0.717283,-2.674315,0.068572,2.742887,-0.810769,0.518916,-0.013306,-0.532221,-0.707414,2.221465,-0.056961,-2.278425,-0.878606,-4.126873,0.105817,4.232691,-0.239889,0.900100,-0.023079,-0.923180,-1.008227,0.021052,-0.000540,-0.021591,-0.024763,-0.074779,0.001917,0.076697,0.057570,2.858335,-5.312127,-0.294610,1.382529,1.097229,-0.151271,-2.934336,-6.048580,1.811674,-1.902371,8.198164,-2.093431,0.000000,0.000000,0.000000,265.289207,241.266276,1
1.942000,-0.024303,0.033114,0.236837,-0.618436,0.015857,0.634293,0.167615,2.401325,-0.061572,-2.462897,-0.102683,-5.163345,0.132393,5.295739,0.676878,-0.689873,0.017689,0.707562,0.271092,0.776983,-0.019923,-0.796905,0.172512,-3.092915,0.079306,3.172221,0.358146,0.325994,-0.008359,-0.334353,-1.548997,2.303398,-0.059061,-2.362460,-0.488925,-4.729542,0.121270,4.850812,2.560700,1.644628,-0.042170,-1.686798,0.042852,0.012142,-0.000311,-0.012453,1.021940,-0.181604,0.004657,0.186260,-1.091027,1.294457,-3.391776,-0.498395,4.801552,9.146094,1.801229,-4.971388,-7.541713,1.404145,0.000000,0.000000,0.000000,0.000000,0.000000,0.000000,265.407958,241.379919,1
1.952000,-0.026208,0.033101,0.236087,-0.618436,0.015857,0.634293,0.080654,2.401325,-0.061572,-2.462897,0.104008,-5.163345,0.132393,5.295739,0.040738,-0.689873,0.017689,0.707562,0.165168,0.776983,-0.019923,-0.796905,0.100108,-3.092915,0.079306,3.172221,0.223087,0.325994,-0.008359,-0.334353,-0.981639,2.303398,-0.059061,-2.362460,-0.785775,-4.729542,0.121270,4.850812,2.506813,1.644628,-0.042170,-1.686798,0.017469,0.012142,-0.000311,-0.012453,1.095579,-0.181604,0.004657,0.186260,-1.525742,1.044431,-3.508539,-0.754208,4.659043,8.941856,1.820320,-4.940459,-7.614611,1.401992,0.000000,0.000000,0.000000,0.000000,0.000000,0.000000,265.568951,241.527647,1
1.956000,-0.011785,0.014895,0.236090,-0.506139,0.012978,0.519117,0.024617,0.436005,-0.011180,-0.447185,0.654717,-5.889165,0.151004,6.040170,-0.356438,-0.582519,0.014936,0.597456,0.567529,-1.625968,0.041691,1.667660,1.058339,-3.055938,0.078357,3.134295,0.457327,7.365779,-0.188866,-7.554645,-3.040131,-3.366582,0.086323,3.452905,1.158100,15.164612,-0.388836,-15.553449,-6.994803,0.228865,-0.005868,-0.234733,0.099870,-1.028481,0.026371,1.054852,0.967482,-4.541247,0.116442,4.657689,-1.082587,0.000000,0.000000,0.000000,4.057633,9.598926,2.919750,-5.388165,-7.602391,0.853155,0.000000,0.000000,0.000000,0.000000,0.000000,0.000000,266.160317,242.058921,1
1.966000,-0.012675,0.014110,0.236359,-0.506139,0.012978,0.519117,-0.241517,0.436005,-0.011180,-0.447185,0.659949,-5.889165,0.151004,6.040170,-0.290524,-0.582519,0.014936,0.597456,0.263998,-1.625968,0.041691,1.667660,0.768282,-3.055938,0.078357,3.134295,1.081846,7.365779,-0.188866,-7.554645,-4.208403,-3.366582,0.086323,3.452905,1.245104,15.164612,-0.388836,-15.553449,-7.247488,0.228865,-0.005868,-0.234733,-0.036759,-1.028481,0.026371,1.054852,0.921145,-4.541247,0.116442,4.657689,-1.086866,0.000000,0.000000,0.000000,4.084714,9.268254,2.748675,-5.268856,-7.421385,0.775689,0.000000,0.000000,0.000000,0.000000,0.000000,0.000000,267.778950,243.532802,1
1.970000,-0.007798,0.036055,0.240412,3.500781,-0.089764,-3.590544,-1.721609,-1.586203,0.040672,1.626875,0.838151,-3.990455,0.102319,4.092774,-0.503281,-1.025996,0.026308,1.052304,0.058037,-1.876342,0.048111,1.924453,0.803581,4.294459,-0.110114,-4.404573,-2.180806,-1.269269,0.032545,1.301815,0.469579,-0.945232,0.024237,0.969469,0.233798,-2.933194,0.075210,3.008404,0.499055,3.546748,-0.090942,-3.637690,-1.278965,-2.407965,0.061743,2.469708,0.594245,-2.820177,0.072312,2.892489,-0.613752,0.000000,0.000000,0.000000,4.159444,4.639366,-0.070717,-2.279557,-6.611050,1.875739,0.000000,0.000000,0.000000,0.000000,0.000000,0.000000,267.903161,243.626332,1
1.980000,-0.008025,0.036979,0.239678,3.500781,-0.089764,-3.590544,-2.026135,-1.586203,0.040672,1.626875,0.929975,-3.990455,0.102319,4.092774,-0.500698,-1.025996,0.026308,1.052304,0.023496,-1.876342,0.048111,1.924453,0.740153,4.294459,-0.110114,-4.404573,-2.068714,-1.269269,0.032545,1.301815,0.587350,-0.945232,0.024237,0.969469,0.252129,-2.933194,0.075210,3.008404,1.004850,3.546748,-0.090942,-3.637690,-1.505995,-2.407965,0.061743,2.469708,0.721771,-2.820177,0.072312,2.892489,-0.787235,0.000000,0.000000,0.000000,4.268328,5.351716,0.241366,-2.602391,-6.735900,1.762870,0.000000,0.000000,0.000000,0.000000,0.000000,0.000000,268.252842,243.889487,1
1.984000,0.004029,0.031858,0.249489,-0.577969,0.014820,0.592789,-0.922219,-1.174774,0.030122,1.204897,0.575530,-1.437311,0.036854,1.474165,0.515372,0.114584,-0.002938,-0.117522,-0.665009,0.014086,-0.000361,-0.014447,-0.039368,1.194328,-0.030624,-1.224951,-0.598738,-0.514583,0.013194,0.527778,1.995955,0.269673,-0.006915,-0.276587,-0.274570,1.437216,-0.036852,-1.474067,-0.609842,-0.557633,0.014298,0.571932,-0.028482,-1.054870,0.027048,1.081918,0.118380,-2.072276,0.053135,2.125411,0.228487,0.000000,0.000000,0.000000,1.689462,4.155927,1.207619,-2.727672,-2.039292,-0.430367,0.000000,0.000000,0.000000,0.000000,0.000000,0.000000,268.274723,243.906864,1
1.994000,0.004789,0.031466,0.248936,-0.577969,0.014820,0.592789,-0.774718,-1.174774,0.030122,1.204897,0.777804,-1.437311,0.036854,1.474165,0.173920,0.114584,-0.002938,-0.117522,-0.439817,0.014086,-0.000361,-0.014447,-0.017652,1.194328,-0.030624,-1.224951,-0.540511,-0.514583,0.013194,0.527778,1.669936,0.269673,-0.006915,-0.276587,-0.240852,1.437216,-0.036852,-1.474067,-0.565532,-0.557633,0.014298,0.571932,0.137043,-1.054870,0.027048,1.081918,0.329643,-2.072276,0.053135,2.125411,-0.165077,0.000000,0.000000,0.000000,2.238252,5.361950,1.534947,-3.189094,-3.018186,-0.131509,0.000000,0.000000,0.000000,0.000000,0.000000,0.000000,268.324066,243.940006,1
1.996000,-0.007271,0.030873,0.237375,-0.014885,0.000382,0.015266,-0.359551,-0.306288,0.007854,0.314141,0.739331,-0.999928,0.025639,1.025568,-0.924272,-0.357115,0.009157,0.366271,-0.011526,-0.115524,0.002962,0.118486,-0.007306,1.473110,-0.037772,-1.510882,-0.627578,0.885441,-0.022704,-0.908145,-0.042023,0.057325,-0.001470,-0.058795,-0.084437,1.789003,-0.045872,-1.834875,-0.724002,0.046386,-0.001189,-0.047575,0.313751,-0.380117,0.009747,0.389863,0.302335,-1.149748,0.029481,1.179229,-1.025515,0.000000,0.000000,0.000000,3.175672,6.086865,1.265161,-3.288539,-4.526201,0.475896,0.000000,0.000000,0.000000,0.000000,0.000000,0.000000,268.333771,243.940980,1
2.006000,-0.007636,0.030869,0.235372,-0.014885,0.000382,0.015266,-0.386763,-0.306288,0.007854,0.314141,0.878743,-0.999928,0.025639,1.025568,-1.211211,-0.357115,0.009157,0.366271,-0.003632,-0.115524,0.002962,0.118486,-0.006954,1.473110,-0.037772,-1.510882,-0.622699,0.885441,-0.022704,-0.908145,-0.072437,0.057325,-0.001470,-0.058795,-0.074378,1.789003,-0.045872,-1.834875,-0.736483,0.046386,-0.001189,-0.047575,0.345969,-0.380117,0.009747,0.389863,0.352191,-1.149748,0.029481,1.179229,-1.258240,0.000000,0.000000,0.000000,3.386966,6.529796,1.386640,-3.613204,-5.108656,0.604721,0.000000,0.000000,0.000000,0.000000,0.000000,0.000000,268.389033,243.941232,1
2.010000,-0.007979,0.029799,0.236111,0.148209,-0.003800,-0.152009,-0.385065,-0.352565,0.009040,0.361605,0.853804,-1.327295,0.034033,1.361328,-1.185757,-0.352543,0.009040,0.361583,-0.003697,-0.110933,0.002844,0.113778,-0.007363,1.861240,-0.047724,-1.908964,-0.438261,1.060064,-0.027181,-1.087245,-0.050834,0.113438,-0.002909,-0.116347,-0.085134,2.405268,-0.061674,-2.466941,-0.787509,0.275137,-0.007055,-0.282192,0.283357,-0.582858,0.014945,0.597803,0.399628,-1.287345,0.033009,1.320353,-1.254560,0.000000,0.000000,0.000000,3.563035,6.499168,1.280786,-3.684098,-5.567232,0.764767,0.000000,0.000000,0.000000,0.000000,0.000000,0.000000,268.416247,243.941624,1
2.020000,-0.008382,0.029744,0.233754,0.148209,-0.003800,-0.152009,-0.430366,-0.352565,0.009040,0.361605,0.997455,-1.327295,0.034033,1.361328,-1.474098,-0.352543,0.009040,0.361583,-0.004578,-0.110933,0.002844,0.113778,-0.028608,1.861240,-0.047724,-1.908964,-0.631321,1.060064,-0.027181,-1.087245,-0.116719,0.113438,-0.002909,-0.116347,-0.071199,2.405268,-0.061674,-2.466941,-0.928423,0.275137,-0.007055,-0.282192,0.302263,-0.582858,0.014945,0.597803,0.433568,-1.287345,0.033009,1.320353,-1.460918,0.000000,0.000000,0.000000,3.711515,6.829490,1.387419,-3.983710,-6.037515,0.839976,0.000000,0.000000,0.000000,0.000000,0.000000,0.000000,268.499666,243.944525,1
2.022000,-0.009560,0.029716,0.236371,0.202426,-0.005190,-0.207617,-0.469912,-0.410537,0.010527,0.421064,0.833910,-1.440889,0.036946,1.477835,-1.134842,-0.534399,0.013703,0.548102,0.002177,-0.093418,0.002395,0.095814,-0.032881,2.155050,-0.055258,-2.210308,-0.823045,0.966563,-0.024784,-0.991346,-0.135886,0.127965,-0.003281,-0.131246,-0.068376,2.236705,-0.057351,-2.294057,-0.877805,0.362700,-0.009300,-0.372000,0.223226,-0.679695,0.017428,0.697123,0.356021,-1.359455,0.034858,1.394313,-1.198202,0.000000,0.000000,0.000000,3.523692,6.357140,1.211149,-3.657933,-5.586397,0.728389,0.000000,0.000000,0.000000,0.000000,0.000000,0.000000,268.515883,243.947007,1
2.032000,-0.009931,0.029735,0.234033,0.202426,-0.005190,-0.207617,-0.509995,-0.410537,0.010527,0.421064,0.983596,-1.440889,0.036946,1.477835,-1.416756,-0.534399,0.013703,0.548102,0.006707,-0.093418,0.002395,0.095814,-0.026525,2.155050,-0.055258,-2.210308,-0.892194,0.966563,-0.024784,-0.991346,-0.155929,0.127965,-0.003281,-0.131246,-0.068481,2.236705,-0.057351,-2.294057,-0.923646,0.362700,-0.009300,-0.372000,0.249890,-0.679695,0.017428,0.697123,0.410041,-1.359455,0.034858,1.394313,-1.421189,0.000000,0.000000,0.000000,3.707106,6.773236,1.338981,-3.923050,-6.057479,0.822951,0.000000,0.000000,0.000000,0.000000,0.000000,0.000000,268.608232,243.955939,1
2.036000,-0.009566,0.028756,0.245647,0.143874,-0.003689,-0.147563,-0.418614,-0.498519,0.012783,0.511302,0.614834,-1.580292,0.040520,1.620812,-0.669487,-0.252027,0.006462,0.258489,-0.061226,-0.058503,0.001500,0.060003,-0.033455,2.000440,-0.051293,-2.051733,-0.820853,0.869399,-0.022292,-0.891691,-0.164462,0.167471,-0.004294,-0.171765,-0.115458,2.226081,-0.057079,-2.283160,-0.993492,0.386866,-0.009920,-0.396786,0.058050,-0.798867,0.020484,0.819351,0.390371,-1.516526,0.038885,1.555412,-0.856961,0.000000,0.000000,0.000000,3.343730,6.167874,1.131772,-3.401474,-5.143303,0.559065,0.000000,0.000000,0.000000,0.000000,0.000000,0.000000,268.637327,243.965363,1
2.046000,-0.009918,0.028720,0.244172,0.197898,-0.005074,-0.202972,-0.468693,-0.501989,0.012872,0.514861,0.789327,-1.616575,0.041451,1.658026,-1.007657,-0.259852,0.006663,0.266515,-0.037347,-0.060151,0.001542,0.061693,-0.025429,2.291229,-0.058749,-2.349978,-0.993738,0.916362,-0.023496,-0.939859,-0.195325,0.155803,-0.003995,-0.159798,-0.101596,2.262715,-0.058018,-2.320733,-0.993968,0.444180,-0.011389,-0.455569,0.057860,-0.800321,0.020521,0.820842,0.470019,-1.563636,0.040093,1.603729,-1.107613,0.000000,0.000000,0.000000,3.616572,6.751095,1.275225,-3.743917,-5.802242,0.684878,0.000000,0.000000,0.000000,0.000000,0.000000,0.000000,268.729468,243.987806,1
2.048000,-0.008064,0.029536,0.238378,0.112857,-0.002894,-0.115751,-0.428770,-0.511822,0.013124,0.524946,0.971449,-1.243928,0.031896,1.275824,-1.296248,-0.273818,0.007021,0.280839,-0.006518,-0.045137,0.001157,0.046294,-0.021953,1.242680,-0.031864,-1.274544,-0.427435,0.602912,-0.015459,-0.618371,0.003954,0.130307,-0.003341,-0.133648,-0.071448,1.531558,-0.039271,-1.570829,-0.540792,0.292910,-0.007511,-0.300420,0.265044,-0.770373,0.019753,0.790126,0.498450,-1.139462,0.029217,1.168679,-1.342945,0.000000,0.000000,0.000000,3.654246,6.731513,1.281591,-3.856304,-5.750363,0.768507,0.000000,0.000000,0.000000,0.000000,0.000000,0.000000,268.740799,243.985904,1
2.058000,-0.008958,0.029517,0.234992,0.119408,-0.003062,-0.122470,-0.444459,-0.511413,0.013113,0.524526,1.123790,-1.250684,0.032069,1.282752,-1.642958,-0.255933,0.006562,0.262495,-0.041521,-0.044928,0.001152,0.046080,-0.024885,1.207291,-0.030956,-1.238247,-0.438713,0.601702,-0.015428,-0.617130,0.005533,0.132506,-0.003398,-0.135903,-0.077137,1.518879,-0.038946,-1.557825,-0.570473,0.300610,-0.007708,-0.308318,0.314721,-0.775183,0.019876,0.795059,0.538466,-1.138629,0.029196,1.167824,-1.595297,0.000000,0.000000,0.000000,3.849979,7.079769,1.377035,-4.128151,-6.277912,0.889606,0.000000,0.000000,0.000000,0.000000,0.000000,0.000000,268.806773,243.970218,1
2.060000,-0.008821,0.029503,0.235861,0.057377,-0.001471,-0.058849,-0.409761,-0.488151,0.012517,0.500668,1.099773,-1.246618,0.031965,1.278583,-1.533402,-0.390932,0.010024,0.400956,-0.014266,-0.039871,0.001022,0.040894,-0.031583,1.533934,-0.039332,-1.573266,-0.513446,0.504118,-0.012926,-0.517044,0.000523,0.116947,-0.002999,-0.119946,-0.062866,1.578107,-0.040464,-1.618571,-0.544052,0.255343,-0.006547,-0.261890,0.402767,-0.723060,0.018540,0.741600,0.467832,-1.198694,0.030736,1.229430,-1.531459,0.000000,0.000000,0.000000,3.766466,6.885611,1.362967,-4.023515,-6.141411,0.911451,0.000000,0.000000,0.000000,0.000000,0.000000,0.000000,268.819921,243.967541,1
2.070000,-0.009147,0.029553,0.233004,0.057377,-0.001471,-0.058849,-0.446121,-0.488151,0.012517,0.500668,1.221653,-1.246618,0.031965,1.278583,-1.767952,-0.390932,0.010024,0.400956,-0.005582,-0.039871,0.001022,0.040894,-0.029814,1.533934,-0.039332,-1.573266,-0.575406,0.504118,-0.012926,-0.517044,0.004513,0.116947,-0.002999,-0.119946,-0.066136,1.578107,-0.040464,-1.618571,-0.582904,0.255343,-0.006547,-0.261890,0.449358,-0.723060,0.018540,0.741600,0.486139,-1.198694,0.030736,1.229430,-1.720215,0.000000,0.000000,0.000000,3.881522,7.125363,1.437451,-4.209446,-6.471117,0.989406,0.000000,0.000000,0.000000,0.000000,0.000000,0.000000,268.893460,243.951103,1
2.072000,-0.008320,0.028917,0.234957,0.065370,-0.001676,-0.067046,-0.398346,-0.461973,0.011845,0.473819,1.204509,-1.216276,0.031187,1.247463,-1.747858,-0.333621,0.008554,0.342176,-0.022851,-0.034478,0.000884,0.035362,-0.029904,1.558848,-0.039970,-1.598818,-0.416289,0.483946,-0.012409,-0.496355,0.047840,0.139903,-0.003587,-0.143490,-0.079367,1.788488,-0.045859,-1.834346,-0.518299,0.275336,-0.007060,-0.282396,0.381511,-0.712943,0.018281,0.731224,0.539301,-1.150190,0.029492,1.179682,-1.654672,0.000000,0.000000,0.000000,3.875960,7.200278,1.443429,-4.186713,-6.441838,0.955405,0.000000,0.000000,0.000000,0.000000,0.000000,0.000000,268.907244,243.947797,1
2.082000,-0.008630,0.028938,0.231917,0.065370,-0.001676,-0.067046,-0.434938,-0.461973,0.011845,0.473819,1.311406,-1.216276,0.031187,1.247463,-1.953833,-0.333621,0.008554,0.342176,-0.030871,-0.034478,0.000884,0.035362,-0.032304,1.558848,-0.039970,-1.598818,-0.536943,0.483946,-0.012409,-0.496355,0.038785,0.139903,-0.003587,-0.143490,-0.077131,1.788488,-0.045859,-1.834346,-0.626994,0.275336,-0.007060,-0.282396,0.430180,-0.712943,0.018281,0.731224,0.543436,-1.150190,0.029492,1.179682,-1.823144,0.000000,0.000000,0.000000,3.962716,7.347525,1.485328,-4.348615,-6.709493,1.011924,0.000000,0.000000,0.000000,0.000000,0.000000,0.000000,268.985325,243.931067,1
2.084000,-0.003169,0.032448,0.257108,0.044576,-0.001143,-0.045719,-0.048142,-0.912654,0.023401,0.936056,0.489549,-1.117595,0.028656,1.146251,-0.559610,0.311809,-0.007995,-0.319804,-0.280039,0.001175,-0.000030,-0.001205,-0.021291,-0.725628,0.018606,0.744234,0.293937,-0.653228,0.016749,0.669977,0.650163,-0.014878,0.000381,0.015260,-0.022902,-1.561944,0.040050,1.601994,0.595414,0.331124,-0.008490,-0.339615,-0.031649,-1.203295,0.030854,1.234149,0.567391,-1.073239,0.027519,1.100758,-0.684033,0.000000,0.000000,0.000000,2.873205,5.910458,0.882016,-2.966042,-4.601612,0.761518,0.000000,0.000000,0.000000,0.000000,0.000000,0.000000,268.993853,243.934016,1
2.094000,-0.002767,0.032718,0.255403,0.044576,-0.001143,-0.045719,-0.054752,-0.912654,0.023401,0.936056,0.693864,-1.117595,0.028656,1.146251,-0.931566,0.311809,-0.007995,-0.319804,-0.330920,0.001175,-0.000030,-0.001205,-0.017865,-0.725628,0.018606,0.744234,0.298625,-0.653228,0.016749,0.669977,0.744643,-0.014878,0.000381,0.015260,-0.013446,-1.561944,0.040050,1.601994,0.684397,0.331124,-0.008490,-0.339615,-0.003981,-1.203295,0.030854,1.234149,0.721124,-1.073239,0.027519,1.100758,-1.032037,0.000000,0.000000,0.000000,3.389845,6.762509,0.929472,-3.452353,-5.378615,0.912984,0.000000,0.000000,0.000000,0.000000,0.000000,0.000000,269.050560,243.946643,1
2.098000,-0.004751,0.031257,0.235573,0.006319,-0.000162,-0.006481,-0.263609,-0.276728,0.007096,0.283823,1.175609,-0.634321,0.016265,0.650585,-1.995632,-0.454771,0.011661,0.466432,-0.008839,-0.011223,0.000288,0.011511,-0.048872,2.117021,-0.054283,-2.171303,-0.411360,0.746679,-0.019146,-0.765825,0.080906,0.020910,-0.000536,-0.021446,-0.034430,0.949365,-0.024343,-0.973708,0.090279,0.208831,-0.005355,-0.214185,0.382901,-0.288282,0.007392,0.295674,0.434284,-0.934940,0.023973,0.958913,-1.594991,0.000000,0.000000,0.000000,3.876793,7.291733,1.399602,-4.156118,-6.251209,1.046257,0.000000,0.000000,0.000000,0.000000,0.000000,0.000000,269.068249,243.939816,1
2.108000,-0.004881,0.031446,0.232409,0.006319,-0.000162,-0.006481,-0.308025,-0.276728,0.007096,0.283823,1.284894,-0.634321,0.016265,0.650585,-2.219808,-0.454771,0.011661,0.466432,0.008645,-0.011223,0.000288,0.011511,-0.058134,2.117021,-0.054283,-2.171303,-0.690110,0.746679,-0.019146,-0.765825,0.013521,0.020910,-0.000536,-0.021446,-0.041921,0.949365,-0.024343,-0.973708,-0.113789,0.208831,-0.005355,-0.214185,0.418574,-0.288282,0.007392,0.295674,0.441270,-0.934940,0.023973,0.958913,-1.777074,0.000000,0.000000,0.000000,3.975150,7.461348,1.436870,-4.358980,-6.525140,1.096014,0.000000,0.000000,0.000000,0.000000,0.000000,0.000000,269.121851,243.928441,1
2.110000,-0.007654,0.022220,0.242797,0.077133,-0.001978,-0.079111,-0.162227,-0.627226,0.016083,0.643309,1.005081,-0.502898,0.012895,0.515793,-1.847629,0.159305,-0.004085,-0.163390,-0.469143,-0.004220,0.000108,0.004328,-0.027818,0.303258,-0.007776,-0.311034,-0.033067,-0.019101,0.000490,0.019591,0.340498,-0.005239,0.000134,0.005374,-0.020830,-1.827388,0.046856,1.874244,0.868706,0.271825,-0.006970,-0.278795,0.219964,-0.580572,0.014886,0.595458,0.369205,-0.864518,0.022167,0.886686,-1.192249,0.000000,0.000000,0.000000,3.746554,6.236028,1.415545,-3.797269,-5.858324,0.586776,0.000000,0.000000,0.000000,0.000000,0.000000,0.000000,269.131196,243.929499,1
2.120000,-0.007969,0.021777,0.239944,0.077133,-0.001978,-0.079111,-0.173503,-0.627226,0.016083,0.643309,1.138575,-0.502898,0.012895,0.515793,-2.080133,0.159305,-0.004085,-0.163390,-0.472115,-0.004220,0.000108,0.004328,-0.034289,0.303258,-0.007776,-0.311034,-0.023449,-0.019101,0.000490,0.019591,0.360927,-0.005239,0.000134,0.005374,-0.016720,-1.827388,0.046856,1.874244,0.892841,0.271825,-0.006970,-0.278795,0.272998,-0.580572,0.014886,0.595458,0.454161,-0.864518,0.022167,0.886686,-1.437308,0.000000,0.000000,0.000000,4.002604,6.718505,1.578765,-4.032203,-6.248763,0.628858,0.000000,0.000000,0.000000,0.000000,0.000000,0.000000,269.183249,243.933077,1
2.122000,-0.006218,0.032447,0.228729,-0.129999,0.003333,0.133333,-0.278223,-0.140092,0.003592,0.143684,1.228751,-0.974521,0.024988,0.999509,-2.132195,-1.106643,0.028375,1.135018,0.095748,-0.005698,0.000146,0.005844,-0.085855,2.519433,-0.064601,-2.584034,-0.679285,0.009465,-0.000243,-0.009707,0.447284,-0.002059,0.000053,0.002111,-0.060936,1.600734,-0.041044,-1.641779,-0.273988,0.019004,-0.000487,-0.019491,0.491307,-0.225948,0.005794,0.231742,0.411287,-1.072897,0.027510,1.100407,-1.781452,-0.006629,-0.018637,-0.014727,3.984571,7.466198,1.540301,-4.403336,-6.601564,1.062344,0.000000,0.000000,0.000000,0.000000,0.000000,0.000000,269.196706,243.929962,1
2.132000,-0.006493,0.032707,0.225295,-0.129999,0.003333,0.133333,-0.278241,-0.140092,0.003592,0.143684,1.305547,-0.974521,0.024988,0.999509,-2.296043,-1.106643,0.028375,1.135018,0.178435,-0.005698,0.000146,0.005844,-0.071465,2.519433,-0.064601,-2.584034,-0.931985,0.009465,-0.000243,-0.009707,0.505538,-0.002059,0.000053,0.002111,-0.051848,1.600734,-0.041044,-1.641779,-0.464555,0.019004,-0.000487,-0.019491,0.593660,-0.225948,0.005794,0.231742,0.387121,-1.072897,0.027510,1.100407,-1.926957,-0.062191,-0.200940,-0.153022,4.076483,7.561157,1.542303,-4.508829,-6.762752,1.107400,-0.003052,0.035487,-0.015403,0.000000,0.000000,0.000000,269.277909,243.921776,1
2.134000,-0.006128,0.032244,0.227926,-0.012334,0.000316,0.012650,-0.306288,-0.008510,0.000218,0.008728,1.192870,-1.472073,0.037745,1.509819,-2.092523,-0.882464,0.022627,0.905092,0.008843,-0.018631,0.000478,0.019108,-0.071260,2.468579,-0.063297,-2.531876,-0.790373,-0.079597,0.002041,0.081638,0.715434,0.001716,-0.000044,-0.001760,-0.051912,1.622885,-0.041612,-1.664497,-0.377828,0.011995,-0.000308,-0.012303,0.565361,0.006849,-0.000176,-0.007025,0.243624,-1.624293,0.041649,1.665942,-1.656157,0.000000,0.000000,0.000000,4.003678,7.457909,1.507644,-4.494005,-6.911718,1.212421,0.000000,0.000000,0.000000,0.000000,0.000000,0.000000,269.295187,243.915325,1
2.144000,-0.006411,0.032533,0.224598,-0.012334,0.000316,0.012650,-0.340687,-0.008510,0.000218,0.008728,1.263122,-1.472073,0.037745,1.509819,-2.208170,-0.882464,0.022627,0.905092,0.033422,-0.018631,0.000478,0.019108,-0.055751,2.468579,-0.063297,-2.531876,-0.961360,-0.079597,0.002041,0.081638,0.710125,0.001716,-0.000044,-0.001760,-0.042238,1.622885,-0.041612,-1.664497,-0.514855,0.011995,-0.000308,-0.012303,0.644462,0.006849,-0.000176,-0.007025,0.212451,-1.624293,0.041649,1.665942,-1.763691,-0.009664,-0.055027,-0.037383,4.081305,7.562768,1.523879,-4.575932,-7.011762,1.237709,0.000000,0.000000,0.000000,0.000000,0.000000,0.000000,269.391960,243.886359,1
2.148000,0.000124,0.027436,0.239610,0.202192,-0.005184,-0.207377,-0.178201,0.509687,-0.013069,-0.522756,0.478113,-3.131895,0.080305,3.212200,-0.512334,2.498191,-0.064056,-2.562247,-1.331527,0.050249,-0.001288,-0.051538,-0.096015,-2.666113,0.068362,2.734475,1.127328,-2.158679,0.055351,2.214030,1.971598,0.019100,-0.000490,-0.019590,-0.048445,-2.627609,0.067375,2.694983,1.466926,-0.679717,0.017429,0.697145,1.038282,1.546595,-0.039656,-1.586251,-0.919198,-4.054864,0.103971,4.158835,0.447837,0.000000,0.000000,0.000000,3.143047,5.663602,0.983648,-3.446576,-5.321330,0.898756,0.000000,0.000000,0.000000,0.000000,0.000000,0.000000,269.475143,243.954377,1
2.158000,0.000489,0.027356,0.238178,0.202192,-0.005184,-0.207377,-0.267964,0.509687,-0.013069,-0.522756,0.616481,-3.131895,0.080305,3.212200,-0.608144,2.498191,-0.064056,-2.562247,-1.750649,0.050249,-0.001288,-0.051538,-0.072523,-2.666113,0.068362,2.734475,1.222526,-2.158679,0.055351,2.214030,2.096020,0.019100,-0.000490,-0.019590,-0.047963,-2.627609,0.067375,2.694983,1.383060,-0.679717,0.017429,0.697145,1.039187,1.546595,-0.039656,-1.586251,-0.764303,-4.054864,0.103971,4.158835,0.166091,0.015135,-0.019260,0.001749,3.397078,6.445397,1.253955,-3.684399,-5.689565,0.968238,0.000000,0.000000,0.000000,0.000000,0.000000,0.000000,269.686744,244.120463,1
2.162000,-0.007197,0.033709,0.229832,0.099697,-0.002556,-0.102254,-0.476630,0.896954,-0.022999,-0.919953,0.558425,-2.221624,0.056965,2.278588,-0.876172,0.957563,-0.024553,-0.982116,-1.022967,0.096295,-0.002469,-0.098764,-0.269853,-0.372689,0.009556,0.382245,0.045733,-0.701441,0.017986,0.719426,1.449260,0.011845,-0.000304,-0.012148,-0.057136,0.111660,-0.002863,-0.114523,0.208740,-0.741144,0.019004,0.760147,1.046011,2.231594,-0.057220,-2.288815,-0.879841,-3.717180,0.095312,3.812492,-0.423726,3.422351,-6.449025,-0.390930,3.150078,6.786996,1.719807,-4.168357,-5.291820,0.451688,-0.293541,0.172632,0.121999,0.000000,0.000000,0.000000,269.723141,244.123664,1
2.172000,-0.007647,0.033964,0.227795,0.099697,-0.002556,-0.102254,-0.660097,0.896954,-0.022999,-0.919953,0.710946,-2.221624,0.056965,2.278588,-1.036061,0.957563,-0.024553,-0.982116,-0.806272,0.096295,-0.002469,-0.098764,-0.157853,-0.372689,0.009556,0.382245,-1.120299,-0.701441,0.017986,0.719426,1.188296,0.011845,-0.000304,-0.012148,-0.023874,0.111660,-0.002863,-0.114523,0.105813,-0.741144,0.019004,0.760147,0.927249,2.231594,-0.057220,-2.288815,-0.851468,-3.717180,0.095312,3.812492,-0.505798,2.547988,-6.557080,-1.171134,3.047931,7.244804,2.078430,-4.441276,-5.211268,0.212607,-0.592414,0.550661,0.141998,0.000000,0.000000,0.000000,269.820815,244.113668,1
2.180000,-0.004685,0.034579,0.228917,0.337871,-0.008663,-0.346535,-0.658532,0.752493,-0.019295,-0.771788,0.651373,-2.584876,0.066279,2.651155,-0.950814,0.673354,-0.017265,-0.690619,-0.622607,0.876923,-0.022485,-0.899409,-0.261983,-1.829215,0.046903,1.876118,-0.861355,-0.907603,0.023272,0.930875,1.078704,0.011331,-0.000291,-0.011621,-0.006763,0.012190,-0.000313,-0.012503,0.076831,-0.557922,0.014306,0.572228,0.806705,2.008532,-0.051501,-2.060033,-0.827865,-3.851804,0.098764,3.950568,-0.281916,2.983097,-8.045132,-1.939750,3.087793,6.934097,1.770173,-4.396404,-5.015599,0.195046,-0.289855,0.258937,0.093426,0.000000,0.000000,0.000000,269.899369,244.100155,1
2.190000,-0.005069,0.034671,0.227324,0.337871,-0.008663,-0.346535,-0.842624,0.752493,-0.019295,-0.771788,0.752267,-2.584876,0.066279,2.651155,-0.918144,0.673354,-0.017265,-0.690619,-0.782351,0.876923,-0.022485,-0.899409,0.087650,-1.829215,0.046903,1.876118,-1.613493,-0.907603,0.023272,0.930875,0.973794,0.011331,-0.000291,-0.011621,-0.007848,0.012190,-0.000313,-0.012503,0.043048,-0.557922,0.014306,0.572228,0.645888,2.008532,-0.051501,-2.060033,-0.703055,-3.851804,0.098764,3.950568,-0.347793,2.594125,-7.738774,-2.121702,3.122496,7.378287,2.022964,-4.215537,-4.715383,0.116963,-0.649498,0.692967,0.159222,0.000000,0.000000,0.000000,270.009888,244.060771,1
2.196000,-0.007869,0.032967,0.225865,0.529527,-0.013578,-0.543104,-0.998200,0.660639,-0.016939,-0.677578,0.667690,-2.795140,0.071670,2.866810,-0.295866,0.842332,-0.021598,-0.863931,-1.126599,0.737268,-0.018904,-0.756173,0.079027,-1.950368,0.050009,2.000377,-1.554923,-1.089207,0.027928,1.117135,0.902496,0.035329,-0.000906,-0.036235,0.053387,-0.008880,0.000228,0.009108,0.013554,-0.383725,0.009839,0.393564,0.679174,1.815485,-0.046551,-1.862036,-0.602952,-3.852246,0.098776,3.951021,-0.398218,1.908502,-6.590149,-1.709301,3.267639,6.646501,1.587660,-3.269921,-4.097915,0.275970,-3.372602,7.841457,-1.311112,0.000000,0.000000,0.000000,270.069648,244.047977,1
2.206000,-0.008767,0.032691,0.224720,0.529527,-0.013578,-0.543104,-0.942394,0.660639,-0.016939,-0.677578,0.609013,-2.795140,0.071670,2.866810,-0.314382,0.842332,-0.021598,-0.863931,-1.097058,0.737268,-0.018904,-0.756173,-0.012969,-1.950368,0.050009,2.000377,-1.550922,-1.089207,0.027928,1.117135,0.708584,0.035329,-0.000906,-0.036235,0.561732,-0.008880,0.000228,0.009108,-0.692826,-0.383725,0.009839,0.393564,0.679436,1.815485,-0.046551,-1.862036,-0.685303,-3.852246,0.098776,3.951021,-0.401812,2.055375,-6.547210,-1.565755,3.173252,5.723332,1.119742,-2.951473,-4.329195,0.624468,-2.621763,7.201540,-1.574731,0.000000,0.000000,0.000000,270.167998,244.025716,1
2.212000,-0.022505,0.036931,0.235199,0.826081,-0.021182,-0.847262,0.026425,-0.026723,0.000685,0.027408,-0.427633,-3.665458,0.093986,3.759444,1.510652,0.781389,-0.020036,-0.801425,0.153314,1.475288,-0.037828,-1.513116,-0.276881,-5.200597,0.133349,5.333946,1.204189,-0.061380,0.001574,0.062954,0.031379,1.378848,-0.035355,-1.414203,1.000541,-6.745651,0.172965,6.918616,-1.244479,-0.322661,0.008273,0.330934,0.844913,0.957172,-0.024543,-0.981715,-0.896160,-3.980235,0.102057,4.082292,2.707709,2.947906,-4.964040,-0.539455,0.000000,0.000000,0.000000,0.172243,-2.559480,1.656452,-3.859318,13.089218,-2.844170,0.000000,0.000000,0.000000,270.377508,244.113041,1
2.222000,-0.023928,0.037416,0.235638,0.826081,-0.021182,-0.847262,0.079900,-0.026723,0.000685,0.027408,-0.520554,-3.665458,0.093986,3.759444,1.165062,0.781389,-0.020036,-0.801425,0.242001,1.475288,-0.037828,-1.513116,-0.308602,-5.200597,0.133349,5.333946,0.877138,-0.061380,0.001574,0.062954,-0.001862,1.378848,-0.035355,-1.414203,0.475777,-6.745651,0.172965,6.918616,-0.916566,-0.322661,0.008273,0.330934,0.337136,0.957172,-0.024543,-0.981715,-0.757666,-3.980235,0.102057,4.082292,2.288567,3.184474,-5.614011,-0.691466,0.000000,0.000000,0.000000,0.190209,-3.228885,2.085050,-3.512675,11.327960,-2.355351,0.000000,0.000000,0.000000,270.647645,244.237374,1
2.228000,-0.010139,0.041037,0.240943,1.045100,-0.026797,-1.071898,-1.381569,-12.233389,0.313677,12.547066,6.889399,9.066361,-0.232471,-9.298832,-5.739376,-3.626927,0.092998,3.719926,2.113334,-4.062003,0.104154,4.166157,0.552153,-1.275384,0.032702,1.308086,-0.360089,-3.207820,0.082252,3.290072,1.051630,-0.189578,0.004861,0.194439,-0.555466,-7.635667,0.195786,7.831453,0.154895,-2.353948,0.060358,2.414306,2.760919,-1.581098,0.040541,1.621639,0.439165,-0.231544,0.005937,0.237481,-0.664358,0.884154,-5.215858,-1.399240,0.000000,0.000000,0.000000,0.000000,0.000000,0.000000,-2.542485,5.286116,-0.356776,0.000000,0.000000,0.000000,271.633095,245.213982,1
2.238000,-0.010542,0.041288,0.241123,1.045100,-0.026797,-1.071898,-1.051874,-12.233389,0.313677,12.547066,6.444558,9.066361,-0.232471,-9.298832,-4.936931,-3.626927,0.092998,3.719926,2.795245,-4.062003,0.104154,4.166157,0.842995,-1.275384,0.032702,1.308086,-0.770854,-3.207820,0.082252,3.290072,1.590244,-0.189578,0.004861,0.194439,-0.701538,-7.635667,0.195786,7.831453,0.370836,-2.353948,0.060358,2.414306,2.738514,-1.581098,0.040541,1.621639,0.535983,-0.231544,0.005937,0.237481,-0.308570,1.010336,-5.965410,-1.590950,0.000000,0.000000,0.000000,0.000000,0.000000,0.000000,-2.634831,5.341023,-0.331354,0.000000,0.000000,0.000000,273.219502,246.776028,1
2.242000,-0.005690,0.028811,0.256251,-11.764782,0.301661,12.066443,7.368141,8.390263,-0.215135,-8.605398,-3.910791,-18.998482,0.487141,19.485623,8.514089,3.717999,-0.095333,-3.813333,0.929076,0.228773,-0.005866,-0.234639,0.893023,0.031152,-0.000799,-0.031951,0.068833,3.695557,-0.094758,-3.790315,-0.353099,-0.687683,0.017633,0.705316,0.848833,1.795249,-0.046032,-1.841281,-0.869975,4.098453,-0.105089,-4.203542,-4.465156,0.957807,-0.024559,-0.982366,-0.067740,-1.987179,0.050953,2.038132,1.973446,1.330943,-0.329897,0.696726,4.247552,2.821475,-1.438615,0.000000,0.000000,0.000000,0.388645,0.973514,-0.648923,0.000000,0.000000,0.000000,274.493962,248.020452,1
2.252000,-0.005323,0.028269,0.255491,-11.764782,0.301661,12.066443,8.205866,8.390263,-0.215135,-8.605398,-4.023523,-18.998482,0.487141,19.485623,9.134041,3.717999,-0.095333,-3.813333,-0.167765,0.228773,-0.005866,-0.234639,0.599057,0.031152,-0.000799,-0.031951,0.010476,3.695557,-0.094758,-3.790315,-1.314571,-0.687683,0.017633,0.705316,0.641153,1.795249,-0.046032,-1.841281,-0.890348,4.098453,-0.105089,-4.203542,-3.854918,0.957807,-0.024559,-0.982366,-0.104329,-1.987179,0.050953,2.038132,1.053714,1.223965,-0.319608,0.648614,17.893264,16.234026,-5.103625,0.000000,0.000000,0.000000,0.252645,0.653048,-0.442056,0.000000,0.000000,0.000000,277.873276,251.396948,1
2.256000,-0.005622,0.030840,0.242072,1.735812,-0.044508,-1.780320,-0.183930,-0.355195,0.009108,0.364303,-0.042476,5.243471,-0.134448,-5.377919,-1.166457,-0.349422,0.008960,0.358381,0.264458,-0.401243,0.010288,0.411531,0.582574,-1.014609,0.026016,1.040624,-0.731486,-0.495908,0.012716,0.508623,-0.316495,-0.420931,0.010793,0.431724,0.117092,-1.307065,0.033514,1.340579,-0.658910,-0.993563,0.025476,1.019039,0.016269,-0.143755,0.003686,0.147441,-0.013015,0.864457,-0.022166,-0.886622,-0.274629,1.770663,-4.937152,-0.980965,0.000000,0.000000,0.000000,0.000000,0.000000,0.000000,-2.313078,5.694866,-0.404040,0.000000,0.000000,0.000000,277.909551,251.418639,1
2.266000,-0.005667,0.030687,0.240349,1.735812,-0.044508,-1.780320,-0.396601,-0.355195,0.009108,0.364303,0.021055,5.243471,-0.134448,-5.377919,-1.904271,-0.349422,0.008960,0.358381,0.314541,-0.401243,0.010288,0.411531,0.767334,-1.014609,0.026016,1.040624,-1.092612,-0.495908,0.012716,0.508623,-0.300548,-0.420931,0.010793,0.431724,0.211020,-1.307065,0.033514,1.340579,-0.935449,-0.993563,0.025476,1.019039,0.122525,-0.143755,0.003686,0.147441,0.000346,0.864457,-0.022166,-0.886622,-0.278633,2.160353,-5.724785,-1.078364,0.000000,0.000000,0.000000,0.000000,0.000000,0.000000,-2.404879,6.515894,-0.655252,0.000000,0.000000,0.000000,278.053453,251.511663,1
2.270000,-0.006070,0.033084,0.239756,1.481385,-0.037984,-1.519369,-0.410267,-0.310087,0.007951,0.318038,0.009409,3.929121,-0.100747,-4.029868,-1.740638,-0.192040,0.004924,0.196964,0.419886,-0.450584,0.011553,0.462137,0.861440,-1.259985,0.032307,1.292293,-1.073056,-0.395035,0.010129,0.405164,-0.226687,-0.652767,0.016738,0.669505,0.366387,-1.310570,0.033604,1.344175,-1.081187,-1.074850,0.027560,1.102410,0.142560,-0.122702,0.003146,0.125848,-0.010272,1.914319,-0.049085,-1.963404,-0.434089,2.489237,-6.031474,-0.933307,0.000000,0.000000,0.000000,0.000000,0.000000,0.000000,-2.266638,6.856080,-1.038544,0.000000,0.000000,0.000000,278.102691,251.537436,1
2.280000,-0.006213,0.033024,0.237548,1.481385,-0.037984,-1.519369,-0.518257,-0.310087,0.007951,0.318038,-0.001624,3.929121,-0.100747,-4.029868,-1.798555,-0.192040,0.004924,0.196964,0.486753,-0.450584,0.011553,0.462137,1.025970,-1.259985,0.032307,1.292293,-1.391457,-0.395035,0.010129,0.405164,-0.218713,-0.652767,0.016738,0.669505,0.433382,-1.310570,0.033604,1.344175,-1.333978,-1.074850,0.027560,1.102410,0.187903,-0.122702,0.003146,0.125848,-0.028852,1.914319,-0.049085,-1.963404,-0.628658,2.661690,-6.588704,-1.073015,0.000000,0.000000,0.000000,0.000000,0.000000,0.000000,-2.395664,7.394096,-1.166072,0.000000,0.000000,0.000000,278.242901,251.603966,1
2.282000,-0.008055,0.037079,0.246092,0.330085,-0.008464,-0.338549,-0.068408,-0.174567,0.004476,0.179043,-0.019075,0.661021,-0.016949,-0.677971,-0.520099,0.447388,-0.011471,-0.458860,0.260733,-0.382338,0.009804,0.392141,0.779269,-1.064697,0.027300,1.091997,-0.986759,0.218411,-0.005600,-0.224011,-0.220978,-0.513911,0.013177,0.527088,0.379004,-1.278634,0.032785,1.311419,-0.890430,-0.752443,0.019293,0.771736,0.021509,-0.058634,0.001503,0.060137,-0.056296,2.224378,-0.057035,-2.281413,-0.819299,2.748614,-5.557844,-0.323991,0.000000,0.000000,0.000000,0.000000,0.000000,0.000000,-1.984650,6.933730,-1.562552,0.000000,0.000000,0.000000,278.253278,251.604855,1
2.292000,-0.008085,0.037494,0.243117,0.193509,-0.004962,-0.198471,0.020318,-0.174386,0.004471,0.178858,0.000070,0.297272,-0.007622,-0.304894,-0.175637,0.438976,-0.011256,-0.450232,0.213169,-0.382329,0.009803,0.392132,0.960510,-1.041106,0.026695,1.067801,-1.325026,0.222976,-0.005717,-0.228693,-0.340826,-0.527716,0.013531,0.541247,0.485314,-1.207080,0.030951,1.238030,-1.231758,-0.657660,0.016863,0.674523,-0.001245,-0.057817,0.001482,0.059299,-0.040657,2.103596,-0.053938,-2.157535,-0.838904,2.880265,-6.214656,-0.505734,0.000000,0.000000,0.000000,0.000000,0.000000,0.000000,-2.192811,7.519926,-1.669279,0.000000,0.000000,0.000000,278.309516,251.600232,1
2.296000,-0.001842,0.028652,0.251157,-0.866433,0.022216,0.888650,0.731727,0.007825,-0.000201,-0.008025,-0.057513,-2.363781,0.060610,2.424391,0.955022,0.518375,-0.013292,-0.531667,0.051036,-0.326080,0.008361,0.334441,0.594424,-0.987074,0.025310,1.012383,-0.479356,0.314074,-0.008053,-0.322127,-0.419346,-0.639550,0.016399,0.655948,0.463496,-0.813685,0.020864,0.834549,-0.770299,0.108827,-0.002790,-0.111617,-0.172336,0.022911,-0.000587,-0.023499,-0.058817,1.026340,-0.026316,-1.052657,-0.439264,2.244220,-4.647922,-0.375159,0.000000,0.000000,0.000000,0.000000,0.000000,0.000000,-1.764545,6.663611,-0.984124,0.000000,0.000000,0.000000,278.330485,251.611959,1
2.306000,-0.001525,0.028468,0.249332,-0.866433,0.022216,0.888650,0.789684,0.007825,-0.000201,-0.008025,-0.056428,-2.363781,0.060610,2.424391,1.053045,0.518375,-0.013292,-0.531667,0.052492,-0.326080,0.008361,0.334441,0.795748,-0.987074,0.025310,1.012383,-0.885806,0.314074,-0.008053,-0.322127,-0.453846,-0.639550,0.016399,0.655948,0.575248,-0.813685,0.020864,0.834549,-1.093229,0.108827,-0.002790,-0.111617,-0.256740,0.022911,-0.000587,-0.023499,-0.052064,1.026340,-0.026316,-1.052657,-0.401012,2.525895,-5.528691,-0.559809,0.000000,0.000000,0.000000,0.000000,0.000000,0.000000,-1.947324,7.393270,-1.099056,0.000000,0.000000,0.000000,278.393824,251.638557,1
2.308000,-0.007364,0.032714,0.238050,0.876758,-0.022481,-0.899239,-0.063954,-0.004511,0.000116,0.004627,-0.047367,2.121815,-0.054406,-2.176220,-0.719851,0.101984,-0.002615,-0.104599,0.316644,-0.246947,0.006332,0.253279,0.969779,-0.859756,0.022045,0.881801,-1.394532,-0.098335,0.002521,0.100856,-0.437143,-0.404408,0.010369,0.414777,0.344407,-0.929069,0.023822,0.952892,-1.356635,-0.461778,0.011840,0.473619,-0.028594,0.003161,-0.000081,-0.003243,-0.036657,1.214215,-0.031134,-1.245348,-0.306940,2.770200,-6.113757,-0.960587,0.000000,0.000000,0.000000,0.000000,0.000000,0.000000,-2.328193,7.158251,-1.171366,0.000000,0.000000,0.000000,278.403841,251.638120,1
2.318000,-0.007580,0.032562,0.235332,0.876758,-0.022481,-0.899239,-0.095866,-0.004511,0.000116,0.004627,-0.038977,2.121815,-0.054406,-2.176220,-0.837145,0.101984,-0.002615,-0.104599,0.359431,-0.246947,0.006332,0.253279,1.119907,-0.859756,0.022045,0.881801,-1.684378,-0.098335,0.002521,0.100856,-0.468313,-0.404408,0.010369,0.414777,0.384538,-0.929069,0.023822,0.952892,-1.585159,-0.461778,0.011840,0.473619,-0.014375,0.003161,-0.000081,-0.003243,-0.029314,1.214215,-0.031134,-1.245348,-0.379167,2.929260,-6.585120,-1.088871,0.000000,0.000000,0.000000,0.000000,0.000000,0.000000,-2.428126,7.546691,-1.263792,0.000000,0.000000,0.000000,278.462951,251.635479,1
2.320000,-0.004936,0.029521,0.240829,0.513174,-0.013158,-0.526333,0.029802,-0.004364,0.000112,0.004476,-0.028198,1.179159,-0.030235,-1.209394,-0.062851,0.168661,-0.004325,-0.172986,0.203736,-0.427007,0.010949,0.437956,0.916211,-0.690919,0.017716,0.708635,-1.440739,-0.039003,0.001000,0.040003,-0.321869,-0.495540,0.012706,0.508247,0.391256,-0.908094,0.023284,0.931378,-1.233944,-0.231337,0.005932,0.237268,-0.265550,-0.001911,0.000049,0.001960,-0.014275,0.346896,-0.008895,-0.355791,0.058209,2.542380,-6.023887,-0.865399,0.000000,0.000000,0.000000,0.000000,0.000000,0.000000,-2.206441,7.052928,-1.180427,0.000000,0.000000,0.000000,278.468939,251.632196,1
2.330000,-0.004991,0.029368,0.238205,0.513174,-0.013158,-0.526333,0.001856,-0.004364,0.000112,0.004476,-0.041486,1.179159,-0.030235,-1.209394,-0.272042,0.168661,-0.004325,-0.172986,0.221555,-0.427007,0.010949,0.437956,1.066664,-0.690919,0.017716,0.708635,-1.728757,-0.039003,0.001000,0.040003,-0.367413,-0.495540,0.012706,0.508247,0.450707,-0.908094,0.023284,0.931378,-1.473959,-0.231337,0.005932,0.237268,-0.249898,-0.001911,0.000049,0.001960,-0.016627,0.346896,-0.008895,-0.355791,0.024544,2.750268,-6.543325,-0.963518,0.000000,0.000000,0.000000,0.000000,0.000000,0.000000,-2.317680,7.552154,-1.305867,0.000000,0.000000,0.000000,278.506393,251.615247,1
2.334000,-0.007350,0.031781,0.236913,1.288901,-0.033049,-1.321950,-0.024954,-0.052876,0.001356,0.054232,-0.061061,3.170414,-0.081293,-3.251707,-0.546857,0.072304,-0.001854,-0.074158,0.342875,-0.158039,0.004052,0.162091,1.176782,-0.998001,0.025590,1.023591,-1.847692,-0.188256,0.004827,0.193083,-0.340732,-0.360883,0.009253,0.370137,0.460516,-1.057503,0.027115,1.084618,-1.560269,-1.048945,0.026896,1.075841,-0.064385,0.003391,-0.000087,-0.003478,-0.040075,2.327218,-0.059672,-2.386890,-0.243162,2.914057,-7.151853,-1.101631,0.000000,0.000000,0.000000,0.000000,0.000000,0.000000,-2.468601,7.945467,-1.397393,0.000000,0.000000,0.000000,278.532394,251.611269,1
2.344000,-0.007545,0.031657,0.233889,1.288901,-0.033049,-1.321950,-0.154653,-0.052876,0.001356,0.054232,-0.084062,3.170414,-0.081293,-3.251707,-1.035904,0.072304,-0.001854,-0.074158,0.365193,-0.158039,0.004052,0.162091,1.287127,-0.998001,0.025590,1.023591,-2.084160,-0.188256,0.004827,0.193083,-0.391121,-0.360883,0.009253,0.370137,0.465161,-1.057503,0.027115,1.084618,-1.746362,-1.048945,0.026896,1.075841,0.019321,0.003391,-0.000087,-0.003478,-0.062538,2.327218,-0.059672,-2.386890,-0.641380,3.037251,-7.456718,-1.165323,0.000000,0.000000,0.000000,0.000000,0.000000,0.000000,-2.561306,8.162458,-1.425613,0.000000,0.000000,0.000000,278.628797,251.624979,1
2.346000,0.002846,0.028626,0.241802,-0.140858,0.003612,0.144470,0.262218,-0.000891,0.000023,0.000914,-0.022037,-0.232679,0.005966,0.238645,0.014793,0.121283,-0.003110,-0.124392,0.277295,-0.553561,0.014194,0.567755,1.072278,-0.682883,0.017510,0.700393,-1.393830,-0.114083,0.002925,0.117008,-0.308351,-0.659352,0.016906,0.676259,0.433235,-0.874733,0.022429,0.897162,-1.087552,0.021764,-0.000558,-0.022322,-0.285703,-0.000828,0.000021,0.000850,-0.033385,-1.118150,0.028671,1.146821,0.395717,2.490960,-5.846218,-0.813810,0.000000,0.000000,0.000000,0.000000,0.000000,0.000000,-2.019821,6.869854,-1.087271,0.000000,0.000000,0.000000,278.635648,251.623740,1
2.356000,0.003188,0.028465,0.239208,-0.140858,0.003612,0.144470,0.299183,-0.000891,0.000023,0.000914,-0.028765,-0.232679,0.005966,0.238645,0.042330,0.121283,-0.003110,-0.124392,0.296444,-0.553561,0.014194,0.567755,1.233848,-0.682883,0.017510,0.700393,-1.651048,-0.114083,0.002925,0.117008,-0.353661,-0.659352,0.016906,0.676259,0.526070,-0.874733,0.022429,0.897162,-1.345263,0.021764,-0.000558,-0.022322,-0.317027,-0.000828,0.000021,0.000850,-0.035117,-1.118150,0.028671,1.146821,0.477378,2.650170,-6.355667,-0.942955,0.000000,0.000000,0.000000,0.000000,0.000000,0.000000,-2.142794,7.460006,-1.225351,0.000000,0.000000,0.000000,278.676706,251.615966,1
2.358000,-0.006930,0.030476,0.235137,1.079793,-0.027687,-1.107480,0.056134,-0.176594,0.004528,0.181122,-0.036048,2.673691,-0.068556,-2.742247,-0.093141,0.098854,-0.002535,-0.101389,0.311759,-0.170531,0.004373,0.174904,1.160507,-0.784906,0.020126,0.805032,-1.858247,-0.142532,0.003655,0.146187,-0.365146,-0.344791,0.008841,0.353632,0.471911,-0.869619,0.022298,0.891917,-1.599672,-0.809018,0.020744,0.829762,-0.291412,0.022029,-0.000565,-0.022594,-0.035413,1.665455,-0.042704,-1.708159,0.121853,2.868124,-6.832415,-0.990794,0.000000,0.000000,0.000000,0.000000,0.000000,0.000000,-2.452590,7.856716,-1.433845,0.000000,0.000000,0.000000,278.685011,251.610165,1
2.368000,-0.007135,0.030305,0.231994,1.079793,-0.027687,-1.107480,-0.029868,-0.176594,0.004528,0.181122,-0.039068,2.673691,-0.068556,-2.742247,-0.696850,0.098854,-0.002535,-0.101389,0.347958,-0.170531,0.004373,0.174904,1.272111,-0.784906,0.020126,0.805032,-2.102944,-0.142532,0.003655,0.146187,-0.398138,-0.344791,0.008841,0.353632,0.474445,-0.869619,0.022298,0.891917,-1.788676,-0.809018,0.020744,0.829762,-0.148565,0.022029,-0.000565,-0.022594,-0.062799,1.665455,-0.042704,-1.708159,-0.291329,3.064644,-7.214048,-1.036333,0.000000,0.000000,0.000000,0.000000,0.000000,0.000000,-2.507530,8.050581,-1.484624,0.000000,0.000000,0.000000,278.748466,251.603378,1
2.370000,-0.007231,0.029823,0.231122,0.995951,-0.025537,-1.021488,-0.020920,-0.151969,0.003897,0.155866,-0.062642,2.588727,-0.066378,-2.655104,-0.681494,0.100578,-0.002579,-0.103157,0.360932,-0.110309,0.002828,0.113138,1.242662,-0.916255,0.023494,0.939749,-2.073714,-0.094986,0.002436,0.097422,-0.408120,-0.219919,0.005639,0.225558,0.420337,-1.069359,0.027419,1.096779,-1.737661,-0.677919,0.017383,0.695302,-0.257560,0.020886,-0.000536,-0.021422,-0.057202,1.536220,-0.039390,-1.575610,-0.229023,3.039994,-7.270868,-1.093354,0.000000,0.000000,0.000000,0.000000,0.000000,0.000000,-2.443614,8.114395,-1.544501,0.000000,0.000000,0.000000,278.761563,251.599993,1
2.380000,-0.007499,0.029594,0.227769,0.995951,-0.025537,-1.021488,-0.068870,-0.151969,0.003897,0.155866,-0.059064,2.588727,-0.066378,-2.655104,-0.943145,0.100578,-0.002579,-0.103157,0.410233,-0.110309,0.002828,0.113138,1.337447,-0.916255,0.023494,0.939749,-2.262693,-0.094986,0.002436,0.097422,-0.455050,-0.219919,0.005639,0.225558,0.402665,-1.069359,0.027419,1.096779,-1.884567,-0.677919,0.017383,0.695302,-0.160992,0.020886,-0.000536,-0.021422,-0.049887,1.536220,-0.039390,-1.575610,-0.420953,3.130257,-7.493949,-1.148104,0.000000,0.000000,0.000000,0.000000,0.000000,0.000000,-2.505105,8.233351,-1.557158,0.000000,0.000000,0.000000,278.840384,251.590792,1
2.382000,-0.006634,0.030518,0.233855,-0.860950,0.022076,0.883026,0.885498,0.252024,-0.006462,-0.258486,-0.227788,0.510228,-0.013083,-0.523311,0.177427,-0.293609,0.007528,0.301137,0.482168,0.650042,-0.016668,-0.666710,0.707141,-2.673230,0.068544,2.741774,-1.236432,0.381091,-0.009772,-0.390862,-0.612624,1.510792,-0.038738,-1.549530,-0.579396,-3.575710,0.091685,3.667394,-0.469320,0.992386,-0.025446,-1.017832,-1.657369,0.008913,-0.000229,-0.009141,-0.056242,-0.435857,0.011176,0.447033,0.742235,2.686963,-7.053532,-1.206414,0.000000,0.000000,0.000000,0.000000,0.000000,0.000000,-2.095223,6.785568,-1.323751,0.000000,0.000000,0.000000,278.860020,251.587726,1
2.392000,-0.006894,0.030398,0.231733,-0.860950,0.022076,0.883026,0.997418,0.252024,-0.006462,-0.258486,-0.184139,0.510228,-0.013083,-0.523311,0.024085,-0.293609,0.007528,0.301137,0.540941,0.650042,-0.016668,-0.666710,0.795445,-2.673230,0.068544,2.741774,-1.316551,0.381091,-0.009772,-0.390862,-0.666685,1.510792,-0.038738,-1.549530,-0.588539,-3.575710,0.091685,3.667394,-0.546640,0.992386,-0.025446,-1.017832,-1.610698,0.008913,-0.000229,-0.009141,-0.063995,-0.435857,0.011176,0.447033,0.462516,2.789433,-7.246046,-1.227292,0.078330,0.023982,-0.032151,-0.066217,-0.081750,0.005042,-2.187254,7.306432,-1.487075,0.000000,0.000000,0.000000,278.962699,251.567258,1
2.396000,-0.005637,0.029139,0.230351,0.032396,-0.000831,-0.033227,0.715280,0.114483,-0.002935,-0.117418,-0.125480,2.085487,-0.053474,-2.138961,-0.586668,-0.287903,0.007382,0.295285,0.555157,0.833520,-0.021372,-0.854892,0.836334,-2.518590,0.064579,2.583169,-1.483052,0.311589,-0.007989,-0.319578,-0.684712,1.664523,-0.042680,-1.707203,-0.626219,-3.469024,0.088949,3.557973,-0.603805,-0.079880,0.002048,0.081928,-1.167110,0.007053,-0.000181,-0.007234,-0.083752,1.194373,-0.030625,-1.224998,-0.074122,2.884712,-7.435380,-1.224178,0.013375,0.009405,-0.002295,-0.056428,-0.157379,0.061533,-2.264545,7.640718,-1.482815,0.000000,0.000000,0.000000,279.001205,251.551254,1
2.406000,-0.005973,0.028901,0.227845,0.032396,-0.000831,-0.033227,0.635007,0.114483,-0.002935,-0.117418,-0.122855,2.085487,-0.053474,-2.138961,-0.778161,-0.287903,0.007382,0.295285,0.615720,0.833520,-0.021372,-0.854892,0.927159,-2.518590,0.064579,2.583169,-1.589755,0.311589,-0.007989,-0.319578,-0.726850,1.664523,-0.042680,-1.707203,-0.601400,-3.469024,0.088949,3.557973,-0.754376,-0.079880,0.002048,0.081928,-0.975764,0.007053,-0.000181,-0.007234,-0.061332,1.194373,-0.030625,-1.224998,-0.253953,2.950909,-7.592600,-1.259332,0.058385,0.070176,0.008656,-0.135665,-0.567486,0.274451,-2.338418,8.088829,-1.624082,0.000000,0.000000,0.000000,279.112360,251.508723,1
2.408000,-0.005497,0.027801,0.229264,-0.545402,0.013985,0.559387,0.997425,0.279205,-0.007159,-0.286365,-0.201104,0.700292,-0.017956,-0.718248,-0.188581,-0.207594,0.005323,0.212917,0.590057,0.947560,-0.024296,-0.971857,0.668097,-2.500099,0.064105,2.564204,-1.214629,0.554249,-0.014212,-0.568461,-0.867406,2.075688,-0.053223,-2.128911,-0.966805,-3.779534,0.096911,3.876445,-0.199144,0.441964,-0.011332,-0.453296,-1.291008,0.010844,-0.000278,-0.011122,-0.056469,0.453881,-0.011638,-0.465519,0.128614,2.889610,-6.698849,-0.931098,0.123859,0.040852,-0.050293,-0.920377,-1.593006,0.361689,-2.222169,7.608482,-1.441699,0.000000,0.000000,0.000000,279.129579,251.507560,1
2.418000,-0.005805,0.027507,0.227051,-0.545402,0.013985,0.559387,0.885247,0.279205,-0.007159,-0.286365,-0.346151,0.700292,-0.017956,-0.718248,-0.468564,-0.207594,0.005323,0.212917,0.659713,0.947560,-0.024296,-0.971857,0.775638,-2.500099,0.064105,2.564204,-1.319646,0.554249,-0.014212,-0.568461,-0.880068,2.075688,-0.053223,-2.128911,-0.857061,-3.779534,0.096911,3.876445,-0.465511,0.441964,-0.011332,-0.453296,-1.152226,0.010844,-0.000278,-0.011122,-0.039747,0.453881,-0.011638,-0.465519,0.021402,3.162928,-6.775244,-0.770048,0.296095,0.135077,-0.095314,-3.100664,-4.937132,0.911383,-2.189295,8.171022,-1.718925,0.000000,0.000000,0.000000,279.228290,251.487228,1
2.424000,-0.011770,0.028753,0.224075,-0.641454,0.016448,0.657902,0.803061,0.318696,-0.008172,-0.326868,-0.134187,0.212987,-0.005461,-0.218448,-1.850996,-0.187476,0.004807,0.192284,0.677365,0.982969,-0.025204,-1.008173,0.520001,-2.517696,0.064556,2.582252,-0.908422,0.626431,-0.016062,-0.642493,-0.784311,2.228930,-0.057152,-2.286083,-0.851700,-3.941882,0.101074,4.042956,-0.620744,0.608557,-0.015604,-0.624161,-0.750101,0.012706,-0.000326,-0.013032,0.303100,0.199773,-0.005122,-0.204896,-0.726705,2.655141,-5.912332,-0.662901,2.272671,4.319693,1.320871,-3.095872,-5.553834,1.361511,-1.949142,6.518139,-1.345371,0.000000,0.000000,0.000000,279.285641,251.479975,1
2.434000,-0.012681,0.028676,0.222501,-0.641454,0.016448,0.657902,0.863225,0.318696,-0.008172,-0.326868,-0.087515,0.212987,-0.005461,-0.218448,-2.161336,-0.187476,0.004807,0.192284,0.696432,0.982969,-0.025204,-1.008173,0.483867,-2.517696,0.064556,2.582252,-0.943310,0.626431,-0.016062,-0.642493,-0.761248,2.228930,-0.057152,-2.286083,-0.988384,-3.941882,0.101074,4.042956,-0.493535,0.608557,-0.015604,-0.624161,-0.749207,0.012706,-0.000326,-0.013032,0.341237,0.199773,-0.005122,-0.204896,-0.939450,2.506486,-5.793934,-0.720988,2.212950,4.334301,1.388720,-3.003944,-5.573406,1.437908,-1.630217,5.111916,-0.952809,0.000000,0.000000,0.000000,279.380989,251.476853,1
2.438000,-0.004712,0.027180,0.225607,-0.517107,0.013259,0.530366,1.047458,0.640156,-0.016414,-0.656570,0.057274,-0.725796,0.018610,0.744406,-1.748741,-0.324957,0.008332,0.333289,0.911513,0.760838,-0.019509,-0.780347,0.741914,-2.755402,0.070651,2.826054,-0.733340,0.494777,-0.012687,-0.507464,-0.673944,1.882345,-0.048265,-1.930611,-0.780715,-3.937860,0.100971,4.038831,-0.217878,0.709387,-0.018189,-0.727576,-0.938855,0.020525,-0.000526,-0.021052,-0.013498,-0.091011,0.002334,0.093344,0.051722,2.890829,-5.321844,-0.331556,0.817811,0.762144,-0.038918,-2.731205,-5.376118,1.557384,-1.829941,7.454834,-1.697525,0.000000,0.000000,0.000000,279.414059,251.470958,1
2.448000,-0.005152,0.027284,0.224052,-0.517107,0.013259,0.530366,1.149122,0.640156,-0.016414,-0.656570,0.110839,-0.725796,0.018610,0.744406,-1.845823,-0.324957,0.008332,0.333289,0.971296,0.760838,-0.019509,-0.780347,0.786281,-2.755402,0.070651,2.826054,-0.681656,0.494777,-0.012687,-0.507464,-0.634123,1.882345,-0.048265,-1.930611,-0.680294,-3.937860,0.100971,4.038831,-0.329226,0.709387,-0.018189,-0.727576,-0.817511,0.020525,-0.000526,-0.021052,-0.004597,-0.091011,0.002334,0.093344,0.030054,2.722764,-5.250773,-0.416859,2.190823,2.830463,0.405200,-2.558473,-5.147264,1.534673,-1.884656,7.659351,-1.755723,0.000000,0.000000,0.000000,279.498884,251.449454,1
2.454000,-0.024190,0.029252,0.226901,-0.596143,0.015286,0.611429,-0.128771,1.993506,-0.051116,-2.044622,-0.063510,-5.222248,0.133904,5.356152,1.212586,-0.689235,0.017673,0.706908,-0.149357,0.504226,-0.012929,-0.517155,-0.089078,-3.342113,0.085695,3.427808,1.269839,0.342169,-0.008774,-0.350942,-0.905774,1.944736,-0.049865,-1.994601,-0.057460,-4.740204,0.121544,4.861747,1.492365,1.602188,-0.041082,-1.643269,-0.022621,0.324941,-0.008332,-0.333273,1.476650,-0.217160,0.005568,0.222729,-1.698488,0.538791,-3.448979,-1.172323,4.865654,7.341821,1.512287,-2.810674,-4.743193,1.093484,-2.660873,12.000085,-5.413445,0.000000,0.000000,0.000000,279.617705,251.555617,1
2.464000,-0.026164,0.029839,0.226834,-0.596143,0.015286,0.611429,0.031743,1.993506,-0.051116,-2.044622,-0.390986,-5.222248,0.133904,5.356152,0.818602,-0.689235,0.017673,0.706908,0.020863,0.504226,-0.012929,-0.517155,-0.253441,-3.342113,0.085695,3.427808,0.714453,0.342169,-0.008774,-0.350942,-0.454489,1.944736,-0.049865,-1.994601,-0.022255,-4.740204,0.121544,4.861747,0.347610,1.602188,-0.041082,-1.643269,-0.061939,0.324941,-0.008332,-0.333273,0.962771,-0.217160,0.005568,0.222729,-1.605455,1.130454,-4.905181,-1.337270,4.089453,5.325309,0.729383,-3.053004,-5.445466,1.380897,-2.664715,10.157936,-4.236334,0.000000,0.000000,0.000000,279.722428,251.646771,1
2.472000,-0.006475,0.031828,0.242057,-1.710913,0.043870,1.754783,0.440782,1.182606,-0.030323,-1.212929,0.013662,-3.676818,0.094277,3.771096,0.547576,-1.772626,0.045452,1.818078,0.464719,-0.399767,0.010250,0.410017,0.111350,-2.731969,0.070050,2.802020,0.611057,-0.205717,0.005275,0.210992,-2.014778,2.185878,-0.056048,-2.241926,-0.609004,-4.940917,0.126690,5.067607,1.160435,1.007873,-0.025843,-1.033716,0.268834,0.960767,-0.024635,-0.985402,0.938380,-3.205686,0.082197,3.287883,-0.904583,-0.439075,-2.540221,-1.422005,5.008254,8.620203,0.840336,-3.003166,-3.851234,0.785154,0.000000,0.000000,0.000000,0.000000,0.000000,0.000000,279.860872,251.711321,1
2.482000,-0.007198,0.031961,0.242692,-1.710913,0.043870,1.754783,0.529822,1.182606,-0.030323,-1.212929,-0.074999,-3.676818,0.094277,3.771096,0.364761,-1.772626,0.045452,1.818078,0.536674,-0.399767,0.010250,0.410017,-0.047256,-2.731969,0.070050,2.802020,0.494088,-0.205717,0.005275,0.210992,-1.128750,2.185878,-0.056048,-2.241926,-0.961856,-4.940917,0.126690,5.067607,1.899383,1.007873,-0.025843,-1.033716,0.392606,0.960767,-0.024635,-0.985402,0.620606,-3.205686,0.082197,3.287883,-0.737235,-0.119250,-3.049341,-1.416057,4.773989,8.058011,0.725556,-3.288627,-4.208482,0.827509,0.000000,0.000000,0.000000,0.000000,0.000000,0.000000,280.063242,251.839714,1
2.488000,-0.006413,0.044349,0.253572,-0.844991,0.021666,0.866658,-0.849099,0.767042,-0.019668,-0.786709,-0.190868,-3.841691,0.098505,3.940195,0.517415,-7.449613,0.191016,7.640628,6.806387,-3.457926,0.088665,3.546591,1.507322,11.401622,-0.292349,-11.693972,-5.673564,6.063192,-0.155466,-6.218659,-4.815580,-1.103269,0.028289,1.131557,0.366091,5.685840,-0.145791,-5.831631,-3.046284,0.918020,-0.023539,-0.941559,-0.139739,0.833867,-0.021381,-0.855248,-0.631402,-4.579217,0.117416,4.696633,0.422902,0.000000,0.000000,0.000000,3.348903,5.835132,0.714950,-4.175109,-4.550076,0.181090,0.000000,0.000000,0.000000,0.000000,0.000000,0.000000,281.127675,252.895316,1
2.498000,-0.006407,0.045466,0.254707,-0.844991,0.021666,0.866658,-0.809849,0.767042,-0.019668,-0.786709,-0.030050,-3.841691,0.098505,3.940195,0.292981,-7.449613,0.191016,7.640628,7.039806,-3.457926,0.088665,3.546591,1.446129,11.401622,-0.292349,-11.693972,-5.611188,6.063192,-0.155466,-6.218659,-5.022668,-1.103269,0.028289,1.131557,0.324240,5.685840,-0.145791,-5.831631,-2.823668,0.918020,-0.023539,-0.941559,-0.027498,0.833867,-0.021381,-0.855248,-0.511126,-4.579217,0.117416,4.696633,0.164536,0.000000,0.000000,0.000000,3.985852,6.698165,0.694750,-4.519334,-5.184936,0.365308,0.000000,0.000000,0.000000,0.000000,0.000000,0.000000,282.884854,254.638458,1
2.502000,-0.009925,0.037837,0.244160,-0.000789,0.000020,0.000810,-0.596747,-0.017912,0.000459,0.018372,0.304939,-1.855099,0.047567,1.902665,-0.502644,-3.021414,0.077472,3.098886,1.455435,-1.258641,0.032273,1.290914,0.236544,4.422168,-0.113389,-4.535557,-1.964099,0.789570,-0.020245,-0.809815,-0.290109,0.349284,-0.008956,-0.358240,-0.293824,-0.545665,0.013991,0.559656,0.129605,0.982619,-0.025195,-1.007814,0.014907,0.323548,-0.008296,-0.331844,-0.124572,-2.714918,0.069613,2.784531,-0.525291,0.000000,0.000000,0.000000,4.052468,6.592583,0.759834,-3.353611,-4.697343,0.715165,0.000000,0.000000,0.000000,0.000000,0.000000,0.000000,282.951327,254.685454,1
2.512000,-0.010318,0.038579,0.242960,-0.000789,0.000020,0.000810,-0.617654,-0.017912,0.000459,0.018372,0.432033,-1.855099,0.047567,1.902665,-0.783614,-3.021414,0.077472,3.098886,1.741187,-1.258641,0.032273,1.290914,0.290161,4.422168,-0.113389,-4.535557,-2.052225,0.789570,-0.020245,-0.809815,-0.205472,0.349284,-0.008956,-0.358240,-0.277716,-0.545665,0.013991,0.559656,0.184207,0.982619,-0.025195,-1.007814,0.041068,0.323548,-0.008296,-0.331844,-0.078835,-2.714918,0.069613,2.784531,-0.759875,0.000000,0.000000,0.000000,4.209716,7.018351,0.868513,-3.769138,-5.349500,0.863463,0.000000,0.000000,0.000000,0.000000,0.000000,0.000000,283.142628,254.803780,1
2.514000,-0.006631,0.033827,0.243541,-2.254258,0.057801,2.312060,0.117927,-0.446464,0.011448,0.457912,0.374157,0.192528,-0.004937,-0.197464,-0.630442,4.539656,-0.116401,-4.656057,-6.171070,0.592879,-0.015202,-0.608081,-0.625424,-5.344260,0.137032,5.481293,3.540516,-0.682662,0.017504,0.700167,3.080177,0.211968,-0.005435,-0.217403,-0.420772,1.093774,-0.028045,-1.121820,0.051140,-1.991689,0.051069,2.042758,0.429747,0.117016,-0.003000,-0.120016,0.122690,-1.195200,0.030646,1.225846,-0.548710,0.000000,0.000000,0.000000,2.217341,6.675203,2.025193,-3.162103,-2.848411,-0.327507,0.000000,0.000000,0.000000,0.000000,0.000000,0.000000,283.248546,254.906719,1
2.524000,-0.006645,0.033520,0.241200,-2.254258,0.057801,2.312060,0.395541,-0.446464,0.011448,0.457912,0.545489,0.192528,-0.004937,-0.197464,-1.063015,4.539656,-0.116401,-4.656057,-5.563234,0.592879,-0.015202,-0.608081,-0.494854,-5.344260,0.137032,5.481293,3.128836,-0.682662,0.017504,0.700167,2.671299,0.211968,-0.005435,-0.217403,-0.339321,1.093774,-0.028045,-1.121820,-0.154289,-1.991689,0.051069,2.042758,0.710638,0.117016,-0.003000,-0.120016,0.252460,-1.195200,0.030646,1.225846,-0.990620,0.000000,0.000000,0.000000,2.719856,7.443202,2.122800,-3.736354,-3.853615,-0.103183,0.000000,0.000000,0.000000,0.000000,0.000000,0.000000,283.743960,255.377240,1
2.528000,-0.004018,0.038258,0.244997,-0.588061,0.015078,0.603140,-0.248682,-0.092578,0.002374,0.094952,0.597744,-0.026571,0.000681,0.027252,-1.247476,0.327522,-0.008398,-0.335920,-0.860093,0.064950,-0.001665,-0.066616,-0.144980,1.519465,-0.038961,-1.558426,-0.405208,0.095183,-0.002441,-0.097624,1.099446,-0.115420,0.002959,0.118379,-0.057314,-0.708375,0.018163,0.726538,0.285587,-0.362807,0.009303,0.372110,-0.044348,0.406170,-0.010415,-0.416585,0.135269,-1.268997,0.032538,1.301535,-0.523399,0.000000,0.000000,0.000000,2.766903,6.939784,1.888764,-3.419009,-4.461970,0.129406,0.000000,0.000000,0.000000,0.000000,0.000000,0.000000,283.752946,255.377809,1
2.538000,-0.003944,0.038043,0.242942,-0.588061,0.015078,0.603140,-0.162217,-0.092578,0.002374,0.094952,0.761502,-0.026571,0.000681,0.027252,-1.649024,0.327522,-0.008398,-0.335920,-0.725318,0.064950,-0.001665,-0.066616,-0.101298,1.519465,-0.038961,-1.558426,-0.544972,0.095183,-0.002441,-0.097624,0.910535,-0.115420,0.002959,0.118379,-0.048551,-0.708375,0.018163,0.726538,0.331845,-0.362807,0.009303,0.372110,0.085167,0.406170,-0.010415,-0.416585,0.229702,-1.268997,0.032538,1.301535,-0.848185,0.000000,0.000000,0.000000,3.112815,7.554540,1.996128,-3.726927,-5.151046,0.295430,0.000000,0.000000,0.000000,0.000000,0.000000,0.000000,283.781764,255.377886,1
2.542000,-0.003546,0.026215,0.245542,-0.402204,0.010313,0.412517,-0.148902,-0.262115,0.006721,0.268836,0.635534,-0.589263,0.015109,0.604372,-1.075077,-0.332624,0.008529,0.341153,-0.017516,-0.020887,0.000536,0.021423,-0.045072,1.301676,-0.033376,-1.335053,-0.630692,0.026952,-0.000691,-0.027643,0.428903,-0.007113,0.000182,0.007296,-0.031327,0.323534,-0.008296,-0.331830,0.006204,-0.220500,0.005654,0.226154,0.051575,-0.094678,0.002428,0.097106,0.347184,-1.148077,0.029438,1.177514,-0.898000,0.000000,0.000000,0.000000,3.582980,6.517201,1.057892,-3.968556,-4.264847,0.706440,0.000000,0.000000,0.000000,0.000000,0.000000,0.000000,283.793156,255.374961,1
2.552000,-0.003418,0.026544,0.243433,-0.402204,0.010313,0.412517,-0.118534,-0.262115,0.006721,0.268836,0.783259,-0.589263,0.015109,0.604372,-1.396577,-0.332624,0.008529,0.341153,-0.014309,-0.020887,0.000536,0.021423,-0.039651,1.301676,-0.033376,-1.335053,-0.583831,0.026952,-0.000691,-0.027643,0.451500,-0.007113,0.000182,0.007296,-0.039680,0.323534,-0.008296,-0.331830,-0.001685,-0.220500,0.005654,0.226154,0.122619,-0.094678,0.002428,0.097106,0.416934,-1.148077,0.029438,1.177514,-1.179577,0.000000,0.000000,0.000000,3.934532,7.052719,1.102168,-4.343586,-4.843238,0.904108,0.000000,0.000000,0.000000,0.000000,0.000000,0.000000,283.826748,255.362544,1
2.554000,-0.020551,0.021439,0.242514,-0.132337,0.003393,0.135731,-0.214537,-0.388544,0.009963,0.398507,0.809971,-0.728245,0.018673,0.746918,-1.230470,-0.265030,0.006796,0.271826,-0.005992,-0.051617,0.001324,0.052941,-0.016742,0.767425,-0.019678,-0.787103,-0.264964,0.304009,-0.007795,-0.311804,0.017371,0.003219,-0.000083,-0.003302,-0.018008,0.434090,-0.011131,-0.445221,-0.049087,0.088156,-0.002260,-0.090417,0.533272,-0.479822,0.012303,0.492126,0.183720,-0.918279,0.023546,0.941824,-1.013582,0.000000,0.000000,0.000000,3.189466,5.582034,1.726430,-3.249760,-5.378978,0.018142,0.000000,0.000000,0.000000,0.000000,0.000000,0.000000,283.831953,255.359914,1
2.564000,-0.021541,0.020382,0.239943,-0.132337,0.003393,0.135731,-0.212303,-0.388544,0.009963,0.398507,0.967116,-0.728245,0.018673,0.746918,-1.555381,-0.265030,0.006796,0.271826,-0.010571,-0.051617,0.001324,0.052941,-0.011374,0.767425,-0.019678,-0.787103,-0.248884,0.304009,-0.007795,-0.311804,0.014365,0.003219,-0.000083,-0.003302,-0.013643,0.434090,-0.011131,-0.445221,-0.048853,0.088156,-0.002260,-0.090417,0.600625,-0.479822,0.012303,0.492126,0.251071,-0.918279,0.023546,0.941824,-1.271983,0.000000,0.000000,0.000000,3.404486,6.033247,1.949420,-3.505785,-5.979275,0.064679,0.000000,0.000000,0.000000,0.000000,0.000000,0.000000,283.863728,255.342672,1
2.566000,-0.005643,0.032518,0.237973,-0.073187,0.001877,0.075063,-0.200257,-0.291800,0.007482,0.299282,0.973333,-0.768671,0.019710,0.788381,-1.590209,-0.891742,0.022865,0.914607,0.079768,-0.107418,0.002754,0.110172,-0.051186,2.228326,-0.057137,-2.285463,-0.737152,0.511166,-0.013107,-0.524273,0.031648,-0.001522,0.000039,0.001561,-0.028036,0.994610,-0.025503,-1.020113,-0.193570,0.150290,-0.003854,-0.154143,0.307810,-0.410209,0.010518,0.420727,0.457134,-0.900864,0.023099,0.923963,-1.358909,0.000000,0.000000,0.000000,3.659137,6.817350,1.443199,-3.897254,-5.790104,0.700346,0.000000,0.000000,0.000000,0.000000,0.000000,0.000000,283.873793,255.342362,1
2.576000,-0.005784,0.032468,0.236050,-0.077160,0.001978,0.079138,-0.205306,-0.280393,0.007190,0.287582,1.098752,-0.782743,0.020070,0.802813,-1.861066,-0.921787,0.023636,0.945422,0.138498,-0.106299,0.002726,0.109024,-0.041355,2.247532,-0.057629,-2.305161,-0.883680,0.552786,-0.014174,-0.566960,-0.004725,-0.001009,0.000026,0.001035,-0.029699,1.125271,-0.028853,-1.154124,-0.323086,0.148004,-0.003795,-0.151799,0.366829,-0.405385,0.010394,0.415780,0.484526,-0.906199,0.023236,0.929435,-1.556769,0.000000,0.000000,0.000000,3.850587,7.146136,1.502070,-4.114121,-6.192325,0.792770,0.000000,0.000000,0.000000,0.000000,0.000000,0.000000,283.934578,255.342797,1
2.578000,-0.005783,0.031988,0.236286,-0.111833,0.002868,0.114700,-0.235320,-0.323324,0.008290,0.331615,1.024984,-0.776182,0.019902,0.796084,-1.703980,-0.737776,0.018917,0.756693,0.034793,-0.082601,0.002118,0.084719,-0.041654,1.970888,-0.050536,-2.021423,-0.734296,0.478188,-0.012261,-0.490449,0.041365,-0.001279,0.000033,0.001312,-0.023389,0.842216,-0.021595,-0.863812,-0.171899,0.128844,-0.003304,-0.132148,0.324531,-0.409044,0.010488,0.419533,0.425713,-0.985002,0.025256,1.010258,-1.402743,0.000000,0.000000,0.000000,3.689771,6.934553,1.360211,-4.038015,-5.871082,0.836117,0.000000,0.000000,0.000000,0.000000,0.000000,0.000000,283.944668,255.341417,1
2.588000,-0.005896,0.032135,0.233454,-0.111833,0.002868,0.114700,-0.252827,-0.323324,0.008290,0.331615,1.151974,-0.776182,0.019902,0.796084,-1.954891,-0.737776,0.018917,0.756693,0.042210,-0.082601,0.002118,0.084719,-0.030943,1.970888,-0.050536,-2.021423,-0.803283,0.478188,-0.012261,-0.490449,0.033189,-0.001279,0.000033,0.001312,-0.024068,0.842216,-0.021595,-0.863812,-0.209775,0.128844,-0.003304,-0.132148,0.380810,-0.409044,0.010488,0.419533,0.463594,-0.985002,0.025256,1.010258,-1.614232,0.000000,0.000000,0.000000,3.867292,7.262039,1.432066,-4.237773,-6.223559,0.926961,0.000000,0.000000,0.000000,0.000000,0.000000,0.000000,284.001655,255.332698,1
2.590000,-0.008032,0.030086,0.239732,-0.188139,0.004824,0.192963,-0.230752,-0.587782,0.015071,0.602854,0.889250,-0.633665,0.016248,0.649912,-1.409650,0.147378,-0.003779,-0.151157,-0.223226,0.000317,-0.000008,-0.000325,-0.037133,-0.533602,0.013682,0.547284,0.306069,-0.117728,0.003019,0.120747,0.380053,0.002812,-0.000072,-0.002885,-0.031276,-0.625830,0.016047,0.641877,0.395673,0.033123,-0.000849,-0.033972,0.222055,-0.664613,0.017041,0.681654,0.462260,-0.821942,0.021075,0.843017,-1.252827,0.000000,0.000000,0.000000,3.276262,6.444214,1.397854,-3.609270,-5.292283,0.583230,0.000000,0.000000,0.000000,0.000000,0.000000,0.000000,284.008409,255.331355,1
2.600000,-0.008212,0.030093,0.237103,-0.188139,0.004824,0.192963,-0.224854,-0.587782,0.015071,0.602854,1.031766,-0.633665,0.016248,0.649912,-1.689769,0.147378,-0.003779,-0.151157,-0.258415,0.000317,-0.000008,-0.000325,-0.033132,-0.533602,0.013682,0.547284,0.253735,-0.117728,0.003019,0.120747,0.434342,0.002812,-0.000072,-0.002885,-0.027486,-0.625830,0.016047,0.641877,0.341619,0.033123,-0.000849,-0.033972,0.290896,-0.664613,0.017041,0.681654,0.526750,-0.821942,0.021075,0.843017,-1.506699,0.000000,0.000000,0.000000,3.512820,6.902658,1.509582,-3.883684,-5.791003,0.687699,0.000000,0.000000,0.000000,0.000000,0.000000,0.000000,284.046933,255.321446,1
2.602000,-0.005483,0.031411,0.234146,-0.040185,0.001030,0.041215,-0.292671,-0.224859,0.005766,0.230625,1.226760,-0.911264,0.023366,0.934629,-2.056254,-1.354200,0.034723,1.388923,0.100037,-0.049451,0.001268,0.050719,-0.081073,3.086816,-0.079149,-3.165965,-0.710415,1.031159,-0.026440,-1.057599,0.055734,0.003357,-0.000086,-0.003443,-0.062803,2.179282,-0.055879,-2.235161,-0.352015,0.202967,-0.005204,-0.208172,0.384647,-0.382004,0.009795,0.391799,0.508691,-1.007907,0.025844,1.033751,-1.722698,0.000000,0.000000,0.000000,4.006367,7.518664,1.501607,-4.377593,-6.644911,1.026395,0.000000,0.000000,0.000000,0.000000,0.000000,0.000000,284.061964,255.321045,1
2.612000,-0.005664,0.031580,0.230895,-0.040185,0.001030,0.041215,-0.311651,-0.224859,0.005766,0.230625,1.317486,-0.911264,0.023366,0.934629,-2.265494,-1.354200,0.034723,1.388923,0.231858,-0.049451,0.001268,0.050719,-0.081541,3.086816,-0.079149,-3.165965,-1.092164,1.031159,-0.026440,-1.057599,-0.015602,0.003357,-0.000086,-0.003443,-0.062440,2.179282,-0.055879,-2.235161,-0.653113,0.202967,-0.005204,-0.208172,0.449877,-0.382004,0.009795,0.391799,0.496199,-1.007907,0.025844,1.033751,-1.885531,0.000000,0.000000,0.000000,4.121242,7.642339,1.503728,-4.513016,-6.868165,1.083944,0.000000,0.000000,0.000000,0.000000,0.000000,0.000000,284.161281,255.336819,1
2.614000,-0.007841,0.025966,0.234821,0.060214,-0.001544,-0.061758,-0.243495,-0.796537,0.020424,0.816961,0.910258,-0.545718,0.013993,0.559710,-1.631645,0.449889,-0.011536,-0.461424,-0.283721,0.000091,-0.000002,-0.000093,-0.038121,-0.664938,0.017050,0.681987,0.149190,-0.035570,0.000912,0.036482,0.189315,-0.002536,0.000065,0.002601,-0.052345,-2.206754,0.056583,2.263337,0.821379,0.287495,-0.007372,-0.294866,0.166204,-0.807254,0.020699,0.827953,0.403598,-0.837443,0.021473,0.858915,-1.295827,0.000000,0.000000,0.000000,3.547985,6.081778,1.106684,-3.734302,-5.341070,0.815900,0.000000,0.000000,0.000000,0.000000,0.000000,0.000000,284.171815,255.339051,1
2.624000,-0.007987,0.026079,0.231969,0.060214,-0.001544,-0.061758,-0.295383,-0.796537,0.020424,0.816961,1.059533,-0.545718,0.013993,0.559710,-1.871843,0.449889,-0.011536,-0.461424,-0.408586,0.000091,-0.000002,-0.000093,-0.044217,-0.664938,0.017050,0.681987,0.220537,-0.035570,0.000912,0.036482,0.230029,-0.002536,0.000065,0.002601,-0.049087,-2.206754,0.056583,2.263337,0.970391,0.287495,-0.007372,-0.294866,0.183892,-0.807254,0.020699,0.827953,0.493009,-0.837443,0.021473,0.858915,-1.547473,0.069828,-0.187733,-0.031956,3.801629,6.626188,1.260255,-4.014821,-5.746634,0.890411,0.000000,0.000000,0.000000,0.000000,0.000000,0.000000,284.234484,255.353096,1
2.628000,-0.005147,0.031903,0.230138,-0.115741,0.002968,0.118709,-0.269076,-0.012146,0.000311,0.012457,1.194520,-1.210206,0.031031,1.241237,-2.030210,-1.077415,0.027626,1.105041,-0.005858,0.005141,-0.000132,-0.005273,-0.083618,2.621665,-0.067222,-2.688888,-0.672339,-0.088357,0.002266,0.090623,0.718506,0.000572,-0.000015,-0.000587,-0.063243,1.672935,-0.042896,-1.715830,-0.246729,-0.036985,0.000948,0.037933,0.525788,-0.034196,0.000877,0.035072,0.315811,-1.356719,0.034788,1.391506,-1.621608,0.000000,0.000000,0.000000,3.857553,7.458798,1.550702,-4.323237,-6.669601,1.096706,0.000000,0.000000,0.000000,0.000000,0.000000,0.000000,284.263114,255.343207,1
2.638000,-0.005333,0.032166,0.226868,-0.115741,0.002968,0.118709,-0.270867,-0.012146,0.000311,0.012457,1.272514,-1.210206,0.031031,1.241237,-2.189495,-1.077415,0.027626,1.105041,0.093112,0.005141,-0.000132,-0.005273,-0.072920,2.621665,-0.067222,-2.688888,-0.950532,-0.088357,0.002266,0.090623,0.733949,0.000572,-0.000015,-0.000587,-0.055997,1.672935,-0.042896,-1.715830,-0.469261,-0.036985,0.000948,0.037933,0.626688,-0.034196,0.000877,0.035072,0.289662,-1.356719,0.034788,1.391506,-1.757054,-0.000157,-0.000661,-0.000488,3.957275,7.587931,1.563271,-4.431295,-6.838244,1.144669,0.000000,0.000000,0.000000,0.000000,0.000000,0.000000,284.350868,255.327066,1
2.640000,-0.001537,0.030421,0.241710,0.425436,-0.010909,-0.436345,-0.279869,0.528434,-0.013550,-0.541984,0.488383,-2.971507,0.076192,3.047699,-0.822961,1.670267,-0.042827,-1.713095,-1.327133,0.336497,-0.008628,-0.345126,-0.105897,-0.455548,0.011681,0.467229,0.108427,-1.908702,0.048941,1.957643,1.641080,0.009960,-0.000255,-0.010215,-0.023824,-2.898248,0.074314,2.972562,1.381167,-0.444399,0.011395,0.455794,0.807952,1.535852,-0.039381,-1.575232,-0.890606,-3.898588,0.099964,3.998551,0.230898,0.000000,0.000000,0.000000,3.487437,5.833021,0.838105,-3.585606,-5.771330,1.203000,0.000000,0.000000,0.000000,0.000000,0.000000,0.000000,284.381405,255.346512,1
2.650000,-0.001421,0.030607,0.240097,0.425436,-0.010909,-0.436345,-0.327844,0.528434,-0.013550,-0.541984,0.598819,-2.971507,0.076192,3.047699,-0.882859,1.670267,-0.042827,-1.713095,-1.519697,0.336497,-0.008628,-0.345126,-0.139054,-0.455548,0.011681,0.467229,0.161386,-1.908702,0.048941,1.957643,1.808440,0.009960,-0.000255,-0.010215,-0.018028,-2.898248,0.074314,2.972562,1.420169,-0.444399,0.011395,0.455794,0.877301,1.535852,-0.039381,-1.575232,-0.743272,-3.898588,0.099964,3.998551,-0.020887,0.000000,0.000000,0.000000,3.719273,6.626399,1.121177,-3.798021,-6.050786,1.250966,0.000000,0.000000,0.000000,0.000000,0.000000,0.000000,284.534418,255.437549,1
2.654000,-0.007723,0.030546,0.230470,0.374540,-0.009604,-0.384144,-0.412658,0.834844,-0.021406,-0.856250,0.696616,-2.676487,0.068628,2.745115,-1.051590,-0.443795,0.011379,0.455174,-0.760847,0.110833,-0.002842,-0.113675,-0.110993,2.901093,-0.074387,-2.975480,-0.849029,-0.156231,0.004006,0.160237,1.339886,0.024591,-0.000631,-0.025221,-0.078382,0.942925,-0.024178,-0.967103,0.054284,-0.344852,0.008842,0.353694,1.025716,1.788386,-0.045856,-1.834242,-0.738908,-3.708454,0.095089,3.803542,-0.497628,0.028258,-0.245064,-0.098482,3.742529,6.827111,1.403666,-3.908528,-6.301463,1.162604,-0.072417,0.120347,-0.009173,0.000000,0.000000,0.000000,284.576046,255.432979,1
2.664000,-0.008113,0.030749,0.228124,0.374540,-0.009604,-0.384144,-0.480901,0.834844,-0.021406,-0.856250,0.809003,-2.676487,0.068628,2.745115,-1.239135,-0.443795,0.011379,0.455174,-0.557512,0.110833,-0.002842,-0.113675,-0.117331,2.901093,-0.074387,-2.975480,-1.137195,-0.156231,0.004006,0.160237,1.145444,0.024591,-0.000631,-0.025221,-0.056864,0.942925,-0.024178,-0.967103,-0.137892,-0.344852,0.008842,0.353694,1.052514,1.788386,-0.045856,-1.834242,-0.739199,-3.708454,0.095089,3.803542,-0.648301,-0.048708,-0.538648,-0.307165,3.869354,7.191160,1.538819,-4.080138,-6.609904,1.239816,-0.050066,0.281560,-0.108905,0.000000,0.000000,0.000000,284.700468,255.421123,1
2.668000,-0.005473,0.032076,0.229961,0.363178,-0.009312,-0.372491,-0.493442,0.723536,-0.018552,-0.742088,0.709584,-2.880273,0.073853,2.954126,-0.827326,0.239253,-0.006135,-0.245387,-0.758073,0.309089,-0.007925,-0.317014,-0.164164,0.935216,-0.023980,-0.959196,-0.208862,-0.569531,0.014603,0.584134,1.051507,0.038606,-0.000990,-0.039596,-0.042332,0.010873,-0.000279,-0.011151,0.154226,-0.430924,0.011049,0.441974,1.135356,1.743353,-0.044701,-1.788055,-0.795679,-3.907810,0.100200,4.008010,-0.454981,0.154567,-0.507017,-0.141398,3.557892,6.413704,1.184932,-3.816799,-6.069227,1.115182,-0.001209,0.003882,-0.001409,0.000000,0.000000,0.000000,284.732302,255.414590,1
2.678000,-0.005717,0.032321,0.227733,0.363178,-0.009312,-0.372491,-0.565640,0.723536,-0.018552,-0.742088,0.836319,-2.880273,0.073853,2.954126,-1.003867,0.239253,-0.006135,-0.245387,-0.705995,0.309089,-0.007925,-0.317014,-0.224879,0.935216,-0.023980,-0.959196,-0.343840,-0.569531,0.014603,0.584134,1.039869,0.038606,-0.000990,-0.039596,-0.029666,0.010873,-0.000279,-0.011151,0.087751,-0.430924,0.011049,0.441974,1.166017,1.743353,-0.044701,-1.788055,-0.814361,-3.907810,0.100200,4.008010,-0.552478,0.296854,-1.413370,-0.518476,3.653072,6.862509,1.384711,-3.990099,-6.333214,1.167701,-0.019762,0.077722,-0.031518,0.000000,0.000000,0.000000,284.823968,255.390226,1
2.684000,-0.012433,0.028904,0.226555,0.380610,-0.009759,-0.390369,-0.571493,0.698863,-0.017920,-0.716783,0.538283,-2.889803,0.074098,2.963901,-0.480113,0.352800,-0.009046,-0.361846,-0.665327,1.079564,-0.027681,-1.107245,-0.265550,-1.421913,0.036459,1.458372,-1.027084,-1.003464,0.025730,1.029194,1.106013,0.022561,-0.000578,-0.023140,0.009700,0.031798,-0.000815,-0.032614,0.067366,-0.547307,0.014034,0.561340,1.100151,1.959316,-0.050239,-2.009555,-0.885045,-4.143655,0.106248,4.249903,-0.249191,1.930151,-6.142474,-1.420745,3.208156,6.375564,1.621243,-3.703354,-4.756827,0.222661,-0.660774,1.273031,-0.208283,0.000000,0.000000,0.000000,284.875930,255.389770,1
2.694000,-0.013196,0.028676,0.225063,0.380610,-0.009759,-0.390369,-0.701868,0.698863,-0.017920,-0.716783,0.617222,-2.889803,0.074098,2.963901,-0.519696,0.352800,-0.009046,-0.361846,-0.792653,1.079564,-0.027681,-1.107245,-0.149868,-1.421913,0.036459,1.458372,-1.366872,-1.003464,0.025730,1.029194,0.996178,0.022561,-0.000578,-0.023140,0.057700,0.031798,-0.000815,-0.032614,0.034798,-0.547307,0.014034,0.561340,0.990276,1.959316,-0.050239,-2.009555,-0.843058,-4.143655,0.106248,4.249903,-0.304386,1.780947,-6.236893,-1.607952,3.322118,6.322660,1.534037,-3.486081,-4.819262,0.394497,-2.409941,6.763020,-1.702367,0.000000,0.000000,0.000000,284.968673,255.377069,1
2.698000,-0.004124,0.033833,0.227552,0.571005,-0.014641,-0.585647,-1.023022,0.680504,-0.017449,-0.697953,0.628878,-3.077533,0.078911,3.156444,0.006763,0.540255,-0.013853,-0.554108,-1.164861,1.150756,-0.029507,-1.180262,0.110645,-1.955904,0.050151,2.006055,-1.437558,-1.058556,0.027142,1.085698,1.138770,0.104764,-0.002686,-0.107450,-0.018988,-0.004128,0.000106,0.004234,0.045293,-0.388588,0.009964,0.398552,0.686629,1.820853,-0.046689,-1.867542,-0.723286,-4.073132,0.104439,4.177571,0.038833,1.586357,-5.830252,-1.640731,2.925729,6.619177,1.631209,-3.355041,-3.736302,0.109669,-0.675482,0.893987,0.028825,0.000000,0.000000,0.000000,284.999651,255.380420,1
2.708000,-0.004563,0.033600,0.226519,0.571005,-0.014641,-0.585647,-1.077905,0.680504,-0.017449,-0.697953,0.681397,-3.077533,0.078911,3.156444,-0.003374,0.540255,-0.013853,-0.554108,-1.252207,1.150756,-0.029507,-1.180262,0.084600,-1.955904,0.050151,2.006055,-1.367375,-1.058556,0.027142,1.085698,1.045248,0.104764,-0.002686,-0.107450,-0.013654,-0.004128,0.000106,0.004234,0.023732,-0.388588,0.009964,0.398552,0.628698,1.820853,-0.046689,-1.867542,-0.634602,-4.073132,0.104439,4.177571,-0.084823,1.445009,-5.612533,-1.639347,2.996028,6.906092,1.761498,-3.281721,-3.863501,0.224776,-1.252542,1.820811,-0.035047,0.000000,0.000000,0.000000,285.075458,255.382558,1
2.714000,-0.014621,0.029656,0.221496,0.543234,-0.013929,-0.557163,-0.772093,0.758482,-0.019448,-0.777930,0.393366,-2.946044,0.075540,3.021584,-0.106094,0.506182,-0.012979,-0.519161,-0.993909,1.339063,-0.034335,-1.373398,-0.418462,-2.138840,0.054842,2.193682,-1.198008,-0.935636,0.023991,0.959627,0.887205,0.203713,-0.005223,-0.208936,0.715368,0.029796,-0.000764,-0.030560,-0.998607,-0.384657,0.009863,0.394520,0.889483,1.926656,-0.049401,-1.976057,-1.119264,-4.030622,0.103349,4.133972,-0.022453,1.954727,-5.993155,-1.472260,2.633627,4.040191,0.593439,-2.547500,-4.323786,0.800266,-2.312018,6.732007,-2.132993,0.000000,0.000000,0.000000,285.126232,255.391369,1
2.724000,-0.015911,0.029262,0.220481,0.543234,-0.013929,-0.557163,-0.697633,0.758482,-0.019448,-0.777930,0.328573,-2.946044,0.075540,3.021584,-0.175135,0.506182,-0.012979,-0.519161,-0.938729,1.339063,-0.034335,-1.373398,-0.489221,-2.138840,0.054842,2.193682,-1.195216,-0.935636,0.023991,0.959627,0.914783,0.203713,-0.005223,-0.208936,0.722592,0.029796,-0.000764,-0.030560,-1.212143,-0.384657,0.009863,0.394520,0.884535,1.926656,-0.049401,-1.976057,-1.185594,-4.030622,0.103349,4.133972,-0.012525,2.020153,-5.918111,-1.382964,2.507817,3.850986,0.584803,-2.495128,-4.494726,0.928060,-2.258541,6.364410,-1.978486,0.000000,0.000000,0.000000,285.213873,255.406820,1
2.732000,-0.016768,0.024842,0.233323,0.314826,-0.008072,-0.322899,-0.715351,0.657846,-0.016868,-0.674714,-0.216966,-2.628193,0.067390,2.695582,1.791771,0.268759,-0.006891,-0.275651,0.901879,2.846651,-0.072991,-2.919643,-0.237920,-5.013500,0.128551,5.142051,0.435989,-0.940896,0.024126,0.965021,0.539370,1.650322,-0.042316,-1.692638,-0.316915,-4.749227,0.121775,4.871002,-0.022666,-1.083750,0.027788,1.111538,0.549209,1.368176,-0.035081,-1.403257,-0.603412,-1.966802,0.050431,2.017233,1.183225,2.984121,-5.294974,-0.337614,1.695795,4.268837,1.686115,0.000000,0.000000,0.000000,-2.225410,5.230270,-0.806281,0.000000,0.000000,0.000000,285.321103,255.508306,1
2.742000,-0.017889,0.024462,0.234202,0.314826,-0.008072,-0.322899,-0.535554,0.657846,-0.016868,-0.674714,-0.252428,-2.628193,0.067390,2.695582,1.487215,0.268759,-0.006891,-0.275651,0.781879,2.846651,-0.072991,-2.919643,-0.332453,-5.013500,0.128551,5.142051,0.363982,-0.940896,0.024126,0.965021,0.382334,1.650322,-0.042316,-1.692638,-0.579761,-4.749227,0.121775,4.871002,0.187284,-1.083750,0.027788,1.111538,0.415441,1.368176,-0.035081,-1.403257,-0.379211,-1.966802,0.050431,2.017233,0.598402,2.901175,-5.644995,-0.570973,1.452049,4.310588,1.907539,0.000000,0.000000,0.000000,-2.037388,3.900609,-0.261747,0.000000,0.000000,0.000000,285.439838,255.622731,1
2.746000,-0.006779,0.021991,0.262582,6.677512,-0.171218,-6.848731,-6.612697,-3.215684,0.082453,3.298137,1.499314,6.269762,-0.160763,-6.430526,-4.280717,0.292762,-0.007507,-0.300269,0.922900,2.944884,-0.075510,-3.020394,-0.782583,-4.036875,0.103510,4.140384,1.430403,-0.492265,0.012622,0.504887,0.398033,2.848310,-0.073034,-2.921343,-1.338167,-5.141823,0.131842,5.273665,1.841159,-0.658049,0.016873,0.674922,0.278221,-1.565268,0.040135,1.605403,0.405654,4.638514,-0.118936,-4.757451,-2.325167,2.456058,-3.134666,0.410406,0.000000,0.000000,0.000000,0.000000,0.000000,0.000000,-1.239653,5.111259,-0.976219,0.000000,0.000000,0.000000,285.888017,256.068693,1
2.756000,-0.007204,0.021513,0.264492,6.677512,-0.171218,-6.848731,-6.751854,-3.215684,0.082453,3.298137,1.381314,6.269762,-0.160763,-6.430526,-3.562958,0.292762,-0.007507,-0.300269,0.828699,2.944884,-0.075510,-3.020394,-0.582300,-4.036875,0.103510,4.140384,1.061542,-0.492265,0.012622,0.504887,0.249173,2.848310,-0.073034,-2.921343,-1.146504,-5.141823,0.131842,5.273665,1.472897,-0.658049,0.016873,0.674922,0.169497,-1.565268,0.040135,1.605403,0.469339,4.638514,-0.118936,-4.757451,-2.285045,2.685931,-4.145165,0.167047,0.000000,0.000000,0.000000,0.000000,0.000000,0.000000,-1.490851,6.480545,-1.278018,0.000000,0.000000,0.000000,286.918952,257.094651,1
2.760000,-0.007946,0.026866,0.267426,-0.301185,0.007723,0.308907,1.605138,1.966887,-0.050433,-2.017320,-1.395406,-8.549009,0.219205,8.768214,3.765411,5.022952,-0.128794,-5.151746,-2.701788,2.608028,-0.066873,-2.674900,-0.926850,0.031540,-0.000809,-0.032349,0.438222,4.470226,-0.114621,-4.584847,-2.055589,2.350663,-0.060273,-2.410937,-0.107151,-0.276544,0.007091,0.283635,-0.094513,-0.728265,0.018673,0.746939,-1.509793,-0.579057,0.014848,0.593905,-0.296696,7.992056,-0.204925,-8.196981,-4.094337,0.918458,-0.359482,0.552838,0.000000,0.000000,0.000000,0.000000,0.000000,0.000000,0.996471,7.721247,-3.133707,0.000000,0.000000,0.000000,287.308207,257.473147,1
2.770000,-0.009084,0.027744,0.267126,-0.301185,0.007723,0.308907,0.995481,1.966887,-0.050433,-2.017320,-1.286856,-8.549009,0.219205,8.768214,4.037791,5.022952,-0.128794,-5.151746,-3.131168,2.608028,-0.066873,-2.674900,-0.983986,0.031540,-0.000809,-0.032349,0.153113,4.470226,-0.114621,-4.584847,-2.342556,2.350663,-0.060273,-2.410937,-0.042522,-0.276544,0.007091,0.283635,-0.586855,-0.728265,0.018673,0.746939,-1.088299,-0.579057,0.014848,0.593905,-0.192036,7.992056,-0.204925,-8.196981,-4.004786,1.148796,-0.525261,0.689487,0.000000,0.000000,0.000000,0.000000,0.000000,0.000000,0.758426,8.311047,-3.175891,0.000000,0.000000,0.000000,288.326598,258.469571,1
2.776000,-0.004369,0.021927,0.241477,2.328242,-0.059699,-2.387941,-0.506411,0.610281,-0.015648,-0.625929,-0.269970,0.846105,-0.021695,-0.867800,-0.211517,0.119017,-0.003052,-0.122068,0.057239,0.148205,-0.003800,-0.152006,0.572512,-0.983231,0.025211,1.008442,-1.106804,-0.074865,0.001920,0.076785,-0.378308,0.308782,-0.007917,-0.316700,0.101661,-1.666788,0.042738,1.709526,-0.866075,-0.126540,0.003245,0.129784,-0.304038,-0.042128,0.001080,0.043208,-0.024736,0.995079,-0.025515,-1.020594,-0.034265,2.266205,-5.652783,-1.167972,0.000000,0.000000,0.000000,0.000000,0.000000,0.000000,-2.461548,7.299854,-0.819647,0.000000,0.000000,0.000000,288.352934,258.462396,1
2.786000,-0.004283,0.021479,0.239399,2.328242,-0.059699,-2.387941,-0.860763,0.610281,-0.015648,-0.625929,-0.327163,0.846105,-0.021695,-0.867800,-0.232406,0.119017,-0.003052,-0.122068,0.063254,0.148205,-0.003800,-0.152006,0.732527,-0.983231,0.025211,1.008442,-1.471022,-0.074865,0.001920,0.076785,-0.419202,0.308782,-0.007917,-0.316700,0.126544,-1.666788,0.042738,1.709526,-1.086243,-0.126540,0.003245,0.129784,-0.322374,-0.042128,0.001080,0.043208,-0.031308,0.995079,-0.025515,-1.020594,-0.196826,2.616124,-6.294391,-1.262496,0.000000,0.000000,0.000000,0.000000,0.000000,0.000000,-2.553444,7.715932,-0.895876,0.000000,0.000000,0.000000,288.415311,258.453275,1
2.788000,-0.007004,0.027191,0.243773,1.356048,-0.034770,-1.390819,-0.295809,0.361061,-0.009258,-0.370319,-0.228800,1.376366,-0.035291,-1.411658,-0.450927,0.105073,-0.002694,-0.107767,0.088017,0.033095,-0.000849,-0.033944,0.718593,-0.712251,0.018263,0.730514,-1.297791,-0.058071,0.001489,0.059560,-0.367535,0.265566,-0.006809,-0.272375,0.144374,-1.451312,0.037213,1.488525,-0.924891,-0.503215,0.012903,0.516118,0.006236,-0.032602,0.000836,0.033438,-0.022791,0.814475,-0.020884,-0.835359,-0.138494,2.554719,-5.792171,-1.025502,0.000000,0.000000,0.000000,0.000000,0.000000,0.000000,-2.372155,7.317696,-0.938735,0.000000,0.000000,0.000000,288.422655,258.450937,1
2.798000,-0.007029,0.027068,0.241564,1.356048,-0.034770,-1.390819,-0.410885,0.361061,-0.009258,-0.370319,-0.234384,1.376366,-0.035291,-1.411658,-0.504805,0.105073,-0.002694,-0.107767,0.125705,0.033095,-0.000849,-0.033944,0.879356,-0.712251,0.018263,0.730514,-1.640492,-0.058071,0.001489,0.059560,-0.386703,0.265566,-0.006809,-0.272375,0.179647,-1.451312,0.037213,1.488525,-1.146518,-0.503215,0.012903,0.516118,0.001946,-0.032602,0.000836,0.033438,-0.020190,0.814475,-0.020884,-0.835359,-0.193607,2.775843,-6.367628,-1.164182,0.000000,0.000000,0.000000,0.000000,0.000000,0.000000,-2.483641,7.750683,-1.020030,0.000000,0.000000,0.000000,288.468202,258.436062,1
2.800000,-0.012667,0.034584,0.237160,0.986078,-0.025284,-1.011362,-0.169103,0.176797,-0.004533,-0.181330,-0.145403,1.698291,-0.043546,-1.741837,-0.684954,0.124018,-0.003180,-0.127198,0.179070,-0.119811,0.003072,0.122883,0.858018,-0.750361,0.019240,0.769601,-1.481976,-0.036363,0.000932,0.037296,-0.536386,0.011466,-0.000294,-0.011760,0.129216,-1.288159,0.033030,1.321189,-1.232977,-0.425720,0.010916,0.436636,-0.007137,-0.024101,0.000618,0.024719,-0.012721,0.575208,-0.014749,-0.589957,-0.092436,2.693099,-6.171942,-0.868790,0.000000,0.000000,0.000000,0.000000,0.000000,0.000000,-2.427454,7.038102,-1.241182,0.000000,0.000000,0.000000,288.476938,258.433529,1
2.810000,-0.013258,0.034838,0.234521,0.986078,-0.025284,-1.011362,-0.201079,0.176797,-0.004533,-0.181330,-0.142319,1.698291,-0.043546,-1.741837,-0.698257,0.124018,-0.003180,-0.127198,0.225973,-0.119811,0.003072,0.122883,0.998916,-0.750361,0.019240,0.769601,-1.770454,-0.036363,0.000932,0.037296,-0.560126,0.011466,-0.000294,-0.011760,0.153147,-1.288159,0.033030,1.321189,-1.442545,-0.425720,0.010916,0.436636,-0.010135,-0.024101,0.000618,0.024719,-0.011469,0.575208,-0.014749,-0.589957,-0.104868,2.859787,-6.649080,-0.965406,0.000000,0.000000,0.000000,0.000000,0.000000,0.000000,-2.515409,7.391407,-1.353005,0.000000,0.000000,0.000000,288.526484,258.416584,1
2.814000,-0.007959,0.031814,0.239360,0.639134,-0.016388,-0.655522,-0.040135,0.076234,-0.001955,-0.078189,-0.050194,0.894459,-0.022935,-0.917394,-0.284633,0.065829,-0.001688,-0.067517,0.542349,-0.376609,0.009657,0.386266,1.133410,-0.933555,0.023937,0.957493,-1.379354,-0.119878,0.003074,0.122952,-0.372976,-0.452066,0.011591,0.463658,0.305005,-1.164889,0.029869,1.194758,-1.262976,-0.344035,0.008821,0.352856,-0.092939,-0.009974,0.000256,0.010230,-0.020518,0.826208,-0.021185,-0.847393,-0.181513,2.799514,-6.219722,-0.771732,0.000000,0.000000,0.000000,0.000000,0.000000,0.000000,-2.197046,6.999543,-1.397527,0.000000,0.000000,0.000000,288.542362,258.408900,1
2.824000,-0.008164,0.031950,0.236666,0.639134,-0.016388,-0.655522,-0.026727,0.076234,-0.001955,-0.078189,-0.064679,0.894459,-0.022935,-0.917394,-0.295830,0.065829,-0.001688,-0.067517,0.559307,-0.376609,0.009657,0.386266,1.274519,-0.933555,0.023937,0.957493,-1.637102,-0.119878,0.003074,0.122952,-0.432413,-0.452066,0.011591,0.463658,0.343519,-1.164889,0.029869,1.194758,-1.489156,-0.344035,0.008821,0.352856,-0.099239,-0.009974,0.000256,0.010230,-0.018245,0.826208,-0.021185,-0.847393,-0.211654,2.912170,-6.653038,-0.891174,0.000000,0.000000,0.000000,0.000000,0.000000,0.000000,-2.293278,7.365060,-1.502639,0.000000,0.000000,0.000000,288.588339,258.385421,1
2.826000,-0.001672,0.035334,0.251220,0.087568,-0.002245,-0.089813,0.063597,-0.004355,0.000112,0.004466,-0.029112,0.586687,-0.015043,-0.601730,-0.088291,-0.075126,0.001926,0.077052,0.135203,-0.691501,0.017731,0.709232,0.876032,-1.073099,0.027515,1.100614,-0.958068,-0.310922,0.007972,0.318894,-0.033046,-0.990450,0.025396,1.015846,0.656150,-1.039098,0.026644,1.065741,-0.757157,0.002486,-0.000064,-0.002550,-0.312085,-0.000001,0.000000,0.000001,-0.010481,-0.195199,0.005005,0.200204,0.043466,2.341428,-5.596319,-0.817827,0.000000,0.000000,0.000000,0.000000,0.000000,0.000000,-2.140599,6.812174,-0.843146,0.000000,0.000000,0.000000,288.594816,258.384387,1
2.836000,-0.000997,0.035360,0.249294,0.087568,-0.002245,-0.089813,0.097137,-0.004355,0.000112,0.004466,-0.025100,0.586687,-0.015043,-0.601730,-0.124234,-0.075126,0.001926,0.077052,0.168488,-0.691501,0.017731,0.709232,1.057697,-1.073099,0.027515,1.100614,-1.281059,-0.310922,0.007972,0.318894,-0.038110,-0.990450,0.025396,1.015846,0.780113,-1.039098,0.026644,1.065741,-1.053860,0.002486,-0.000064,-0.002550,-0.314385,-0.000001,0.000000,0.000001,-0.013081,-0.195199,0.005005,0.200204,0.058896,2.608994,-6.277587,-0.942672,0.000000,0.000000,0.000000,0.000000,0.000000,0.000000,-2.367304,7.537183,-0.933962,0.000000,0.000000,0.000000,288.636787,258.375276,1
2.838000,-0.001655,0.021785,0.239505,0.336098,-0.008618,-0.344716,0.040964,-0.004777,0.000122,0.004899,-0.041230,1.255082,-0.032182,-1.287264,-0.361628,0.080625,-0.002067,-0.082692,0.405816,-0.295162,0.007568,0.302730,1.097429,-0.554158,0.014209,0.568367,-1.669505,-0.100689,0.002582,0.103271,-0.227146,-0.303472,0.007781,0.311254,0.365814,-0.822347,0.021086,0.843433,-1.259649,-0.169755,0.004353,0.174108,-0.306765,-0.005351,0.000137,0.005488,-0.033431,-0.454747,0.011660,0.466408,0.297610,2.743246,-6.092476,-0.933679,0.000000,0.000000,0.000000,0.000000,0.000000,0.000000,-2.164891,7.328558,-1.134565,0.000000,0.000000,0.000000,288.643160,258.373105,1
2.848000,-0.001498,0.021336,0.236668,0.336098,-0.008618,-0.344716,0.015957,-0.004777,0.000122,0.004899,-0.037234,1.255082,-0.032182,-1.287264,-0.435034,0.080625,-0.002067,-0.082692,0.417403,-0.295162,0.007568,0.302730,1.233462,-0.554158,0.014209,0.568367,-1.907079,-0.100689,0.002582,0.103271,-0.287933,-0.303472,0.007781,0.311254,0.428888,-0.822347,0.021086,0.843433,-1.490927,-0.169755,0.004353,0.174108,-0.317078,-0.005351,0.000137,0.005488,-0.031978,-0.454747,0.011660,0.466408,0.253031,2.879297,-6.494919,-1.053305,0.000000,0.000000,0.000000,0.000000,0.000000,0.000000,-2.288752,7.809041,-1.219288,0.000000,0.000000,0.000000,288.679677,258.360286,1
2.850000,-0.005028,0.026877,0.234381,0.802131,-0.020567,-0.822698,-0.003892,-0.012621,0.000324,0.012944,-0.065486,2.936337,-0.075291,-3.011628,-0.664511,0.215797,-0.005533,-0.221330,0.274884,-0.094647,0.002427,0.097074,1.205195,-0.665341,0.017060,0.682401,-2.092043,-0.020627,0.000529,0.021156,-0.367111,-0.072323,0.001854,0.074177,0.393229,-1.078104,0.027644,1.105748,-1.612304,-0.912936,0.023409,0.936344,-0.172778,-0.007314,0.000188,0.007502,-0.043718,1.496657,-0.038376,-1.535033,-0.136332,3.086415,-7.059898,-1.103247,0.000000,0.000000,0.000000,0.000000,0.000000,0.000000,-2.450440,8.202372,-1.479993,0.000000,0.000000,0.000000,288.691280,258.358122,1
2.860000,-0.005176,0.026647,0.231150,0.802131,-0.020567,-0.822698,-0.030906,-0.012621,0.000324,0.012944,-0.073790,2.936337,-0.075291,-3.011628,-1.031284,0.215797,-0.005533,-0.221330,0.315083,-0.094647,0.002427,0.097074,1.303364,-0.665341,0.017060,0.682401,-2.300845,-0.020627,0.000529,0.021156,-0.409140,-0.072323,0.001854,0.074177,0.387683,-1.078104,0.027644,1.105748,-1.782641,-0.912936,0.023409,0.936344,-0.037854,-0.007314,0.000188,0.007502,-0.047247,1.496657,-0.038376,-1.535033,-0.364761,3.213960,-7.313312,-1.150835,0.000000,0.000000,0.000000,0.000000,0.000000,0.000000,-2.519827,8.344443,-1.492024,0.000000,0.000000,0.000000,288.766309,258.360023,1
2.864000,-0.015092,0.037859,0.230451,0.458655,-0.011760,-0.470416,0.036432,-0.008444,0.000217,0.008660,-0.039624,1.729893,-0.044356,-1.774250,-0.613624,0.272104,-0.006977,-0.279081,0.130854,-0.263880,0.006766,0.270646,1.040002,-0.607692,0.015582,0.623274,-2.142975,0.029927,-0.000767,-0.030695,-0.508422,-0.234711,0.006018,0.240729,0.236121,-1.035927,0.026562,1.062489,-1.659250,-0.439856,0.011278,0.451135,-0.129307,-0.006132,0.000157,0.006289,-0.027387,0.282572,-0.007245,-0.289817,0.024721,2.840106,-7.100094,-0.761603,-0.074520,0.178655,0.153677,0.000000,0.000000,0.000000,-2.489341,7.335096,-1.646356,0.000000,0.000000,0.000000,288.784953,258.352920,1
2.874000,-0.015917,0.038308,0.227087,0.458655,-0.011760,-0.470416,0.015524,-0.008444,0.000217,0.008660,-0.041412,1.729893,-0.044356,-1.774250,-0.670486,0.272104,-0.006977,-0.279081,0.157171,-0.263880,0.006766,0.270646,1.128185,-0.607692,0.015582,0.623274,-2.332373,0.029927,-0.000767,-0.030695,-0.565926,-0.234711,0.006018,0.240729,0.236023,-1.035927,0.026562,1.062489,-1.832618,-0.439856,0.011278,0.451135,-0.156760,-0.006132,0.000157,0.006289,-0.043700,0.282572,-0.007245,-0.289817,-0.046762,2.929335,-7.392589,-0.803380,-0.184915,0.637202,0.509377,0.000000,0.000000,0.000000,-2.569844,7.406896,-1.659459,0.000000,0.000000,0.000000,288.836013,258.333514,1
2.878000,-0.003296,0.035014,0.248868,-1.440264,0.036930,1.477194,1.148534,0.023129,-0.000593,-0.023723,-0.056422,-0.270278,0.006930,0.277208,0.057430,-0.246276,0.006315,0.252591,0.175220,0.421805,-0.010816,-0.432621,0.580079,-2.614561,0.067040,2.681601,-1.103457,0.387016,-0.009923,-0.396940,-0.351370,1.251816,-0.032098,-1.283914,-0.383346,-3.556926,0.091203,3.648129,-0.072545,1.908655,-0.048940,-1.957594,-1.664389,0.003494,-0.000090,-0.003584,-0.043838,-2.633101,0.067515,2.700616,1.200464,2.779332,-6.743119,-0.957921,0.000000,0.000000,0.000000,0.000000,0.000000,0.000000,-2.462624,6.702226,-1.241744,0.000000,0.000000,0.000000,288.885472,258.355176,1
2.888000,-0.003107,0.035318,0.247274,-1.440264,0.036930,1.477194,1.323205,0.023129,-0.000593,-0.023723,-0.046607,-0.270278,0.006930,0.277208,0.075230,-0.246276,0.006315,0.252591,0.178915,0.421805,-0.010816,-0.432621,0.684457,-2.614561,0.067040,2.681601,-1.210159,0.387016,-0.009923,-0.396940,-0.446128,1.251816,-0.032098,-1.283914,-0.337644,-3.556926,0.091203,3.648129,-0.197538,1.908655,-0.048940,-1.957594,-1.858599,0.003494,-0.000090,-0.003584,-0.026176,-2.633101,0.067515,2.700616,1.267814,2.895737,-7.020870,-0.996645,0.000000,0.000000,0.000000,0.000000,0.000000,0.000000,-2.670381,7.358968,-1.401589,0.000000,0.000000,0.000000,289.025039,258.409504,1
2.890000,-0.011160,0.032987,0.233061,-0.537920,0.013793,0.551713,1.247033,0.262757,-0.006737,-0.269494,-0.100965,0.800639,-0.020529,-0.821168,0.096277,-0.545868,0.013997,0.559865,0.592718,0.859887,-0.022048,-0.881935,0.580564,-2.827584,0.072502,2.900086,-0.976895,0.220274,-0.005648,-0.225922,-0.742855,1.717599,-0.044041,-1.761640,-0.970751,-3.649225,0.093570,3.742795,0.024336,0.777836,-0.019945,-0.797780,-1.559655,0.011360,-0.000291,-0.011651,-0.060439,0.211286,-0.005418,-0.216704,0.652127,2.443401,-6.677153,-0.946773,0.094994,0.038793,-0.031890,-0.001728,-0.002099,0.000133,-2.339739,6.346055,-1.137428,0.000000,0.000000,0.000000,289.040692,258.410895,1
2.900000,-0.011662,0.033150,0.231112,-0.537920,0.013793,0.551713,1.166074,0.262757,-0.006737,-0.269494,-0.111942,0.800639,-0.020529,-0.821168,-0.076369,-0.545868,0.013997,0.559865,0.638985,0.859887,-0.022048,-0.881935,0.689353,-2.827584,0.072502,2.900086,-1.087497,0.220274,-0.005648,-0.225922,-0.789098,1.717599,-0.044041,-1.761640,-0.852804,-3.649225,0.093570,3.742795,-0.242376,0.777836,-0.019945,-0.797780,-1.445200,0.011360,-0.000291,-0.011651,-0.070134,0.211286,-0.005418,-0.216704,0.337301,2.568994,-7.020750,-0.991709,0.471521,0.208778,-0.148474,-0.158083,-0.214178,0.026969,-2.429980,7.072782,-1.428104,0.000000,0.000000,0.000000,289.127396,258.402758,1
2.902000,-0.009618,0.023059,0.228318,-0.054637,0.001401,0.056038,1.012528,0.198138,-0.005080,-0.203218,-0.201303,2.153952,-0.055230,-2.209182,-0.556230,-0.390500,0.010013,0.400513,0.605015,0.969647,-0.024863,-0.994509,0.633345,-2.598202,0.066621,2.664823,-0.801838,0.329763,-0.008455,-0.338219,-0.862194,2.070505,-0.053090,-2.123595,-0.568913,-3.910761,0.100276,4.011037,-0.767781,0.269217,-0.006903,-0.276120,-1.260823,0.033165,-0.000850,-0.034015,-0.074375,1.016057,-0.026053,-1.042110,0.033708,2.719316,-6.423302,-1.115881,0.121359,0.084109,-0.020290,-0.333742,-0.837110,0.297656,-2.359232,8.241382,-1.667595,0.000000,0.000000,0.000000,289.145997,258.397833,1
2.912000,-0.010077,0.022571,0.225992,-0.054637,0.001401,0.056038,0.870112,0.198138,-0.005080,-0.203218,-0.253593,2.153952,-0.055230,-2.209182,-0.911489,-0.390500,0.010013,0.400513,0.730266,0.969647,-0.024863,-0.994509,0.739585,-2.598202,0.066621,2.664823,-1.038936,0.329763,-0.008455,-0.338219,-0.847687,2.070505,-0.053090,-2.123595,-0.678892,-3.910761,0.100276,4.011037,-0.814754,0.269217,-0.006903,-0.276120,-1.109959,0.033165,-0.000850,-0.034015,-0.059942,1.016057,-0.026053,-1.042110,-0.174420,2.910029,-6.739983,-1.142520,0.236012,0.217149,-0.002574,-0.850561,-3.049523,1.340996,-2.332259,8.341832,-1.732448,0.000000,0.000000,0.000000,289.259969,258.376363,1
2.918000,-0.006065,0.027733,0.229051,-0.102387,0.002625,0.105012,0.854994,0.247580,-0.006348,-0.253928,-0.215195,1.624002,-0.041641,-1.665643,-0.673976,-0.528195,0.013543,0.541739,0.715558,0.845737,-0.021686,-0.867422,0.814832,-2.748582,0.070476,2.819058,-1.163539,0.236541,-0.006065,-0.242606,-0.836306,1.867853,-0.047894,-1.915747,-0.817707,-3.849355,0.098701,3.948056,-0.444820,0.426960,-0.010948,-0.437908,-1.143648,0.045891,-0.001177,-0.047068,-0.046141,0.741684,-0.019018,-0.760701,-0.114524,2.729650,-7.050664,-1.215315,0.376275,0.323986,-0.030164,-0.290629,-1.199385,0.559541,-2.443333,7.498733,-1.361823,0.000000,0.000000,0.000000,289.318512,258.365990,1
2.928000,-0.006371,0.027489,0.226682,-0.102387,0.002625,0.105012,0.799340,0.247580,-0.006348,-0.253928,-0.289889,1.624002,-0.041641,-1.665643,-0.876777,-0.528195,0.013543,0.541739,0.765593,0.845737,-0.021686,-0.867422,0.928101,-2.748582,0.070476,2.819058,-1.296136,0.236541,-0.006065,-0.242606,-0.872179,1.867853,-0.047894,-1.915747,-0.785758,-3.849355,0.098701,3.948056,-0.589848,0.426960,-0.010948,-0.437908,-1.014906,0.045891,-0.001177,-0.047068,-0.028831,0.741684,-0.019018,-0.760701,-0.184543,2.859346,-7.113664,-1.159520,0.558865,0.752710,0.123580,-1.599032,-3.845993,1.276803,-2.474105,7.922815,-1.532771,0.000000,0.000000,0.000000,289.429747,258.341471,1
2.932000,-0.009119,0.029035,0.226114,-0.663768,0.017020,0.680787,1.148384,0.079798,-0.002046,-0.081844,-0.092368,-0.217040,0.005565,0.222605,-1.356763,-0.781600,0.020041,0.801641,0.975418,0.575087,-0.014746,-0.589833,0.749516,-3.175012,0.081411,3.256423,-0.513053,0.058867,-0.001509,-0.060376,-0.845087,1.462158,-0.037491,-1.499649,-0.776875,-3.908911,0.100228,4.009140,-0.457761,0.731453,-0.018755,-0.750209,-0.993423,0.035341,-0.000906,-0.036247,0.027131,0.042767,-0.001097,-0.043863,0.093145,2.607273,-5.959551,-0.746329,3.835593,6.437752,1.616185,-2.615440,-5.229228,1.413262,-2.269036,5.691889,-0.775465,0.000000,0.000000,0.000000,289.460898,258.338581,1
2.942000,-0.009729,0.029109,0.224609,-0.663768,0.017020,0.680787,1.193534,0.079798,-0.002046,-0.081844,0.017469,-0.217040,0.005565,0.222605,-1.726335,-0.781600,0.020041,0.801641,1.007089,0.575087,-0.014746,-0.589833,0.783322,-3.175012,0.081411,3.256423,-0.597571,0.058867,-0.001509,-0.060376,-0.766072,1.462158,-0.037491,-1.499649,-0.854566,-3.908911,0.100228,4.009140,-0.366737,0.731453,-0.018755,-0.750209,-0.757548,0.035341,-0.000906,-0.036247,0.530758,0.042767,-0.001097,-0.043863,-0.574966,2.211138,-5.967841,-1.056803,3.371880,6.449632,1.934667,-2.707104,-5.276643,1.379695,-2.388049,5.291145,-0.495160,0.000000,0.000000,0.000000,289.539143,258.331161,1
2.950000,-0.010973,0.030422,0.222925,-0.556918,0.014280,0.571198,1.014270,0.638118,-0.016362,-0.654480,0.059279,-1.307549,0.033527,1.341076,-1.555998,-0.642344,0.016470,0.658814,0.859125,0.593266,-0.015212,-0.608478,0.661609,-3.102425,0.079549,3.181974,-0.445249,0.256196,-0.006569,-0.262765,-0.673968,1.648559,-0.042271,-1.690830,-0.721041,-4.054152,0.103953,4.158104,-0.264853,0.874502,-0.022423,-0.896925,-0.638388,0.030984,-0.000794,-0.031778,0.593388,-0.171140,0.004388,0.175529,-0.590470,1.953128,-5.338621,-1.002946,3.889156,6.608873,2.028891,-2.895037,-5.599085,1.582436,-2.238115,6.480177,-1.199091,0.000000,0.000000,0.000000,289.605405,258.314725,1
2.960000,-0.011854,0.030835,0.221779,-0.556918,0.014280,0.571198,1.015091,0.638118,-0.016362,-0.654480,-0.039333,-1.307549,0.033527,1.341076,-1.594269,-0.642344,0.016470,0.658814,0.815892,0.593266,-0.015212,-0.608478,0.554687,-3.102425,0.079549,3.181974,-0.441056,0.256196,-0.006569,-0.262765,-0.663365,1.648559,-0.042271,-1.690830,-0.807700,-4.054152,0.103953,4.158104,-0.294140,0.874502,-0.022423,-0.896925,-0.621939,0.030984,-0.000794,-0.031778,0.728066,-0.171140,0.004388,0.175529,-1.004957,1.825834,-5.427566,-1.138356,3.596645,6.161993,1.930293,-2.852411,-5.472097,1.526073,-2.097231,5.783806,-1.004992,0.000000,0.000000,0.000000,289.690830,258.294119,1
2.966000,-0.004448,0.028374,0.226318,-0.614731,0.015762,0.630493,0.739177,0.640401,-0.016421,-0.656822,-0.096267,-1.987134,0.050952,2.038086,-1.138911,-0.692558,0.017758,0.710315,0.596520,0.420225,-0.010775,-0.431000,0.307934,-3.301719,0.084659,3.386378,-0.147977,0.236775,-0.006071,-0.242846,-0.559779,1.382813,-0.035457,-1.418270,-0.892511,-4.030745,0.103352,4.134098,0.279699,0.774973,-0.019871,-0.794844,-0.566769,0.252968,-0.006486,-0.259454,0.537893,-1.332105,0.034157,1.366262,-0.734605,1.674884,-5.200824,-1.191891,3.212416,5.978179,1.534870,-2.919398,-5.179379,1.190276,-1.960922,4.783884,-0.494162,0.000000,0.000000,0.000000,289.739189,258.293298,1
2.976000,-0.004900,0.028542,0.225670,-0.614731,0.015762,0.630493,0.735117,0.640401,-0.016421,-0.656822,-0.134058,-1.987134,0.050952,2.038086,-1.114553,-0.692558,0.017758,0.710315,0.588494,0.420225,-0.010775,-0.431000,0.308766,-3.301719,0.084659,3.386378,-0.222222,0.236775,-0.006071,-0.242846,-0.545160,1.382813,-0.035457,-1.418270,-0.838050,-4.030745,0.103352,4.134098,0.170342,0.774973,-0.019871,-0.794844,-0.552311,0.252968,-0.006486,-0.259454,0.499313,-1.332105,0.034157,1.366262,-0.773829,1.652348,-5.336402,-1.269716,3.192082,5.688080,1.376488,-2.866401,-5.104676,1.181980,-1.869956,4.937736,-0.647855,0.000000,0.000000,0.000000,289.816966,258.284196,1
2.982000,-0.021798,0.022869,0.234366,-0.510450,0.013088,0.523539,-0.189633,2.342377,-0.060061,-2.402438,-0.723234,-5.641306,0.144649,5.785955,1.107288,-0.572339,0.014675,0.587015,-0.277126,0.551224,-0.014134,-0.565358,-0.675101,-3.544864,0.090894,3.635758,0.497170,0.630524,-0.016167,-0.646691,-1.035588,1.810547,-0.046424,-1.856971,0.148530,-4.403678,0.112915,4.516593,1.541525,0.431414,-0.011062,-0.442476,0.480060,2.169581,-0.055630,-2.225211,-0.834583,-6.860956,0.175922,7.036878,0.573191,0.829531,-6.183773,-2.303394,4.195836,7.310923,1.597377,-3.813283,-4.377651,-0.084418,0.000000,0.000000,0.000000,0.000000,0.000000,0.000000,289.964605,258.422833,1
2.992000,-0.022831,0.023032,0.235141,-0.510450,0.013088,0.523539,-0.278859,2.342377,-0.060061,-2.402438,-0.642985,-5.641306,0.144649,5.785955,0.985853,-0.572339,0.014675,0.587015,-0.278710,0.551224,-0.014134,-0.565358,-0.585542,-3.544864,0.090894,3.635758,0.010498,0.630524,-0.016167,-0.646691,-0.787255,1.810547,-0.046424,-1.856971,-0.351114,-4.403678,0.112915,4.516593,1.980902,0.431414,-0.011062,-0.442476,0.419377,2.169581,-0.055630,-2.225211,-0.868653,-6.860956,0.175922,7.036878,0.501570,0.777424,-6.075810,-2.279239,4.230233,7.670695,1.800081,-3.817794,-4.607084,0.041856,0.000000,0.000000,0.000000,0.000000,0.000000,0.000000,290.201441,258.649766,1
3.000000,-0.008653,0.033800,0.247620,-0.158179,0.004056,0.162235,-0.887715,1.383046,-0.035463,-1.418509,-0.155787,-4.220750,0.108224,4.328974,0.054898,-0.188227,0.004826,0.193053,0.342825,0.570622,-0.014631,-0.585254,-0.140833,-3.670981,0.094128,3.765108,2.057827,0.898781,-0.023046,-0.921827,-0.310790,0.504928,-0.012947,-0.517875,-0.280831,-0.376068,0.009643,0.385711,0.248723,0.590812,-0.015149,-0.605961,-0.690156,1.106429,-0.028370,-1.134799,-0.230247,-4.852565,0.124425,4.976989,0.038812,0.000000,0.000000,0.000000,3.332622,7.155179,1.744867,-4.370749,-5.703585,0.259611,0.000000,0.000000,0.000000,0.000000,0.000000,0.000000,290.280639,258.726660,1
3.010000,-0.003501,0.037845,0.252181,0.172114,-0.004413,-0.176527,-1.109921,1.224106,-0.031387,-1.255493,-0.038186,-4.234731,0.108583,4.343314,0.022361,0.131226,-0.003365,-0.134591,0.053632,0.934477,-0.023961,-0.958438,-0.374609,-4.690910,0.120280,4.811190,2.461657,0.798909,-0.020485,-0.819394,-0.506348,0.560269,-0.014366,-0.574635,-0.326023,-1.157423,0.029678,1.187100,0.475062,0.981683,-0.025171,-1.006854,-0.834463,0.974894,-0.024997,-0.999891,-0.181467,-4.987384,0.127882,5.115266,0.016715,0.000000,0.000000,0.000000,3.535069,7.288493,1.298171,-4.268189,-5.978695,0.506842,0.000000,0.000000,0.000000,0.000000,0.000000,0.000000,290.428880,258.874756,1
3.014000,-0.003287,0.035111,0.247088,-2.143242,0.054955,2.198197,0.164481,0.497862,-0.012766,-0.510627,0.086572,-2.281974,0.058512,2.340487,-0.380934,0.167828,-0.004303,-0.172132,-0.502804,-0.076490,0.001961,0.078451,-0.137297,-7.635661,0.195786,7.831447,1.448877,-1.016268,0.026058,1.042326,0.695032,0.848912,-0.021767,-0.870679,-0.417061,-0.307904,0.007895,0.315799,0.021895,-1.740157,0.044619,1.784777,0.348148,0.221401,-0.005677,-0.227078,0.063507,-2.326606,0.059657,2.386262,-0.602722,5.122007,-14.032285,-1.367756,1.488467,6.766829,2.431151,-5.021237,-3.282322,-1.508036,0.000000,0.000000,0.000000,0.000000,0.000000,0.000000,290.492520,258.919202,1
3.024000,-0.003166,0.035180,0.246893,-2.143242,0.054955,2.198197,0.058078,0.497862,-0.012766,-0.510627,0.232651,-2.281974,0.058512,2.340487,-0.290812,0.167828,-0.004303,-0.172132,-0.058745,-0.076490,0.001961,0.078451,0.316492,-7.635661,0.195786,7.831447,0.081651,-1.016268,0.026058,1.042326,0.837261,0.848912,-0.021767,-0.870679,-0.340496,-0.307904,0.007895,0.315799,0.084018,-1.740157,0.044619,1.784777,0.264220,0.221401,-0.005677,-0.227078,0.266685,-2.326606,0.059657,2.386262,-0.623453,3.788369,-13.458405,-2.133042,1.819099,7.657218,2.681242,-4.340453,-2.064368,-1.704216,0.000000,0.000000,0.000000,0.000000,0.000000,0.000000,290.540690,258.920418,1
3.030000,-0.012526,0.032274,0.242122,-0.276682,0.007094,0.283777,-0.065710,-0.002124,0.000054,0.002178,0.351194,-1.815452,0.046550,1.862002,-0.701000,0.013977,-0.000358,-0.014335,-1.102006,-0.085244,0.002186,0.087430,-0.001317,-1.903596,0.048810,1.952406,1.022950,0.432467,-0.011089,-0.443556,0.238835,0.318006,-0.008154,-0.326160,-0.261354,0.581513,-0.014911,-0.596424,-0.086838,0.047688,-0.001223,-0.048911,0.484449,0.061278,-0.001571,-0.062849,0.023019,-2.384098,0.061131,2.445228,-0.762040,0.000000,0.000000,0.000000,3.857406,6.636700,1.173956,-3.536923,-5.294571,0.598388,0.000000,0.000000,0.000000,0.000000,0.000000,0.000000,290.573506,258.913412,1
3.040000,-0.012869,0.032355,0.240301,-0.276682,0.007094,0.283777,-0.078172,-0.002124,0.000054,0.002178,0.507905,-1.815452,0.046550,1.862002,-1.049391,0.013977,-0.000358,-0.014335,-0.873833,-0.085244,0.002186,0.087430,-0.013179,-1.903596,0.048810,1.952406,0.980655,0.432467,-0.011089,-0.443556,0.169856,0.318006,-0.008154,-0.326160,-0.233874,0.581513,-0.014911,-0.596424,-0.102861,0.047688,-0.001223,-0.048911,0.520392,0.061278,-0.001571,-0.062849,0.062345,-2.384098,0.061131,2.445228,-0.975998,0.077030,-0.164797,-0.008031,4.053362,7.045025,1.285619,-3.916708,-5.928260,0.703149,0.000000,0.000000,0.000000,0.000000,0.000000,0.000000,290.638851,258.889386,1
3.042000,-0.009701,0.033703,0.238275,-0.103293,0.002649,0.105942,-0.395670,0.244937,-0.006280,-0.251217,0.598755,-2.079822,0.053329,2.133151,-1.210464,-0.081777,0.002097,0.083874,-0.160657,-0.115908,0.002972,0.118880,-0.048164,1.669880,-0.042817,-1.712698,-0.417653,1.113768,-0.028558,-1.142326,-0.080376,0.094952,-0.002435,-0.097387,-0.105615,1.438151,-0.036876,-1.475027,-0.396865,0.173643,-0.004452,-0.178095,0.195123,0.284648,-0.007299,-0.291947,0.015469,-2.580489,0.066166,2.646656,-0.930164,0.000000,0.000000,0.000000,3.829249,7.221204,1.529543,-4.240358,-6.224416,0.722613,0.000000,0.000000,0.000000,0.000000,0.000000,0.000000,290.652246,258.881602,1
3.052000,-0.010047,0.033950,0.236197,-0.102308,0.002623,0.104931,-0.415266,0.244411,-0.006267,-0.250677,0.712048,-2.080039,0.053334,2.133373,-1.447448,-0.081979,0.002102,0.084081,-0.189086,-0.116065,0.002976,0.119041,-0.042425,1.670380,-0.042830,-1.713211,-0.573190,1.113273,-0.028545,-1.141819,-0.111923,0.094939,-0.002434,-0.097373,-0.093671,1.435943,-0.036819,-1.472762,-0.474981,0.174683,-0.004479,-0.179162,0.252239,0.283852,-0.007278,-0.291130,0.024742,-2.580263,0.066161,2.646423,-1.095602,0.000000,0.000000,0.000000,3.988604,7.481920,1.579140,-4.429366,-6.580994,0.807928,0.000000,0.000000,0.000000,0.000000,0.000000,0.000000,290.733258,258.836958,1
3.054000,-0.011316,0.027211,0.239864,0.150181,-0.003851,-0.154032,-0.269506,-0.299507,0.007680,0.307187,0.802783,-1.810847,0.046432,1.857279,-1.123681,-0.338631,0.008683,0.347314,-0.485068,-0.091118,0.002336,0.093454,-0.044018,1.421312,-0.036444,-1.457756,-0.380125,0.645443,-0.016550,-0.661993,0.002966,0.101432,-0.002601,-0.104033,-0.105005,1.068366,-0.027394,-1.095760,-0.252278,0.382193,-0.009800,-0.391993,0.396911,-0.430853,0.011048,0.441901,0.273675,-1.897903,0.048664,1.946567,-1.046431,0.000000,0.000000,0.000000,3.913692,6.691240,1.340696,-3.785394,-6.136819,0.788957,0.000000,0.000000,0.000000,0.000000,0.000000,0.000000,290.744667,258.830551,1
3.064000,-0.011717,0.026922,0.237596,0.150181,-0.003851,-0.154032,-0.305778,-0.299507,0.007680,0.307187,0.945609,-1.810847,0.046432,1.857279,-1.408724,-0.338631,0.008683,0.347314,-0.364656,-0.091118,0.002336,0.093454,-0.033560,1.421312,-0.036444,-1.457756,-0.477258,0.645443,-0.016550,-0.661993,-0.005766,0.101432,-0.002601,-0.104033,-0.083076,1.068366,-0.027394,-1.095760,-0.313333,0.382193,-0.009800,-0.391993,0.427043,-0.430853,0.011048,0.441901,0.314930,-1.897903,0.048664,1.946567,-1.262344,0.000000,0.000000,0.000000,4.069556,7.024704,1.458078,-4.048346,-6.601444,0.859830,0.000000,0.000000,0.000000,0.000000,0.000000,0.000000,290.813658,258.792126,1
3.066000,-0.008146,0.029050,0.239802,0.158404,-0.004062,-0.162465,-0.553259,-0.369076,0.009463,0.378540,1.059384,-1.511174,0.038748,1.549922,-1.360781,-0.579235,0.014852,0.594087,0.004308,-0.050704,0.001300,0.052004,-0.027963,0.981058,-0.025155,-1.006213,-0.066529,0.761778,-0.019533,-0.781311,0.037335,0.236461,-0.006063,-0.242524,-0.167679,2.169266,-0.055622,-2.224888,-0.606382,0.370919,-0.009511,-0.380430,0.149962,-0.660603,0.016939,0.677542,0.538807,-1.293997,0.033179,1.327177,-1.374202,0.000000,0.000000,0.000000,3.757467,7.187248,1.369423,-4.123047,-6.108127,0.840260,0.000000,0.000000,0.000000,0.000000,0.000000,0.000000,290.826330,258.788715,1
3.076000,-0.008247,0.029175,0.237219,0.158404,-0.004062,-0.162465,-0.579311,-0.369076,0.009463,0.378540,1.183179,-1.511174,0.038748,1.549922,-1.609557,-0.579235,0.014852,0.594087,0.012273,-0.050704,0.001300,0.052004,-0.035492,0.981058,-0.025155,-1.006213,-0.219150,0.761778,-0.019533,-0.781311,0.002669,0.236461,-0.006063,-0.242524,-0.149641,2.169266,-0.055622,-2.224888,-0.776066,0.370919,-0.009511,-0.380430,0.193926,-0.660603,0.016939,0.677542,0.570736,-1.293997,0.033179,1.327177,-1.583971,0.000000,0.000000,0.000000,3.891456,7.432974,1.421100,-4.332575,-6.486577,0.934701,0.000000,0.000000,0.000000,0.000000,0.000000,0.000000,290.902270,258.771164,1
3.080000,-0.010100,0.028641,0.233124,0.128017,-0.003282,-0.131299,-0.597213,-0.380882,0.009766,0.390648,1.228853,-1.458338,0.037393,1.495732,-1.697101,-0.536927,0.013767,0.550695,0.008997,-0.046775,0.001199,0.047974,-0.031121,0.919523,-0.023578,-0.943100,-0.221143,0.704452,-0.018063,-0.722515,0.003069,0.228645,-0.005863,-0.234507,-0.151184,1.997749,-0.051224,-2.048973,-0.737768,0.341148,-0.008747,-0.349896,0.316819,-0.660268,0.016930,0.677198,0.506218,-1.267506,0.032500,1.300006,-1.665768,0.000000,0.000000,0.000000,3.861435,7.250731,1.529559,-4.314164,-6.526175,0.859917,0.000000,0.000000,0.000000,0.000000,0.000000,0.000000,290.932192,258.762538,1
3.090000,-0.010452,0.028693,0.230075,0.128017,-0.003282,-0.131299,-0.625182,-0.380882,0.009766,0.390648,1.325417,-1.458338,0.037393,1.495732,-1.885254,-0.536927,0.013767,0.550695,0.003456,-0.046775,0.001199,0.047974,-0.033896,0.919523,-0.023578,-0.943100,-0.272031,0.704452,-0.018063,-0.722515,-0.000393,0.228645,-0.005863,-0.234507,-0.147589,1.997749,-0.051224,-2.048973,-0.785771,0.341148,-0.008747,-0.349896,0.379895,-0.660268,0.016930,0.677198,0.501963,-1.267506,0.032500,1.300006,-1.826562,0.000000,0.000000,0.000000,3.940327,7.358355,1.555462,-4.436148,-6.771334,0.927170,0.000000,0.000000,0.000000,0.000000,0.000000,0.000000,291.013913,258.737680,1
3.094000,-0.008341,0.027858,0.233963,0.230333,-0.005906,-0.236239,-0.510792,-0.498296,0.012777,0.511072,1.296105,-1.585686,0.040659,1.626345,-1.776325,-0.462018,0.011847,0.473864,0.007152,-0.043848,0.001124,0.044972,-0.045069,1.348895,-0.034587,-1.383482,-0.337051,0.586459,-0.015037,-0.601497,0.012572,0.190322,-0.004880,-0.195202,-0.137724,1.818624,-0.046631,-1.865255,-0.636609,0.467009,-0.011975,-0.478983,0.304357,-0.830484,0.021294,0.851779,0.607994,-1.356296,0.034777,1.391073,-1.671383,0.000000,0.000000,0.000000,4.106363,7.346390,1.394761,-4.373302,-6.768550,1.013919,0.000000,0.000000,0.000000,0.000000,0.000000,0.000000,291.047330,258.728142,1
3.104000,-0.008476,0.027885,0.230925,0.230333,-0.005906,-0.236239,-0.556567,-0.498296,0.012777,0.511072,1.396063,-1.585686,0.040659,1.626345,-1.954860,-0.462018,0.011847,0.473864,0.004945,-0.043848,0.001124,0.044972,-0.037345,1.348895,-0.034587,-1.383482,-0.440238,0.586459,-0.015037,-0.601497,0.005319,0.190322,-0.004880,-0.195202,-0.127835,1.818624,-0.046631,-1.865255,-0.689840,0.467009,-0.011975,-0.478983,0.349053,-0.830484,0.021294,0.851779,0.605345,-1.356296,0.034777,1.391073,-1.813223,0.000000,0.000000,0.000000,4.173911,7.451779,1.423007,-4.501951,-6.979029,1.061995,0.000000,0.000000,0.000000,0.000000,0.000000,0.000000,291.138903,258.702243,1
3.106000,-0.009226,0.028698,0.234681,0.253399,-0.006497,-0.259897,-0.478737,-0.663395,0.017010,0.680405,1.196263,-1.258756,0.032276,1.291031,-1.750223,-0.090861,0.002330,0.093191,-0.300544,-0.026695,0.000684,0.027380,-0.027770,0.653790,-0.016764,-0.670554,0.001250,0.331450,-0.008499,-0.339949,0.031951,0.110268,-0.002827,-0.113095,-0.091686,0.451638,-0.011580,-0.463219,0.017757,0.493126,-0.012644,-0.505770,0.299278,-0.953366,0.024445,0.977811,0.535848,-1.110575,0.028476,1.139051,-1.682380,0.000000,0.000000,0.000000,3.887055,6.849192,1.364648,-4.078540,-6.516717,0.934405,0.000000,0.000000,0.000000,0.000000,0.000000,0.000000,291.150601,258.696436,1
3.116000,-0.009552,0.028757,0.231555,0.253399,-0.006497,-0.259897,-0.530067,-0.663395,0.017010,0.680405,1.307840,-1.258756,0.032276,1.291031,-1.941588,-0.090861,0.002330,0.093191,-0.304828,-0.026695,0.000684,0.027380,-0.028953,0.653790,-0.016764,-0.670554,-0.092264,0.331450,-0.008499,-0.339949,0.050219,0.110268,-0.002827,-0.113095,-0.078550,0.451638,-0.011580,-0.463219,-0.016600,0.493126,-0.012644,-0.505770,0.333630,-0.953366,0.024445,0.977811,0.553715,-1.110575,0.028476,1.139051,-1.853597,0.000000,0.000000,0.000000,3.992099,7.053133,1.430237,-4.242246,-6.788754,0.986623,0.000000,0.000000,0.000000,0.000000,0.000000,0.000000,291.215406,258.664581,1
3.120000,-0.008542,0.025721,0.232199,0.300123,-0.007695,-0.307819,-0.557688,-0.403812,0.010354,0.414167,1.329959,-1.791176,0.045928,1.837104,-1.853776,0.406064,-0.010412,-0.416476,-0.712390,-0.002635,0.000068,0.002703,-0.052895,-0.067178,0.001723,0.068900,0.139514,-0.282555,0.007245,0.289800,0.430029,0.129366,-0.003317,-0.132684,-0.046746,-0.136064,0.003489,0.139553,0.112639,0.235089,-0.006028,-0.241117,0.319187,-0.437292,0.011213,0.448504,0.471705,-1.782161,0.045696,1.827858,-1.537638,0.000000,0.000000,0.000000,3.992120,7.495310,1.553831,-4.370134,-6.940397,1.169179,0.000000,0.000000,0.000000,0.000000,0.000000,0.000000,291.246126,258.644955,1
3.130000,-0.008619,0.025681,0.229095,0.300123,-0.007695,-0.307819,-0.575028,-0.403812,0.010354,0.414167,1.406120,-1.791176,0.045928,1.837104,-1.978080,0.406064,-0.010412,-0.416476,-0.728580,-0.002635,0.000068,0.002703,-0.056987,-0.067178,0.001723,0.068900,0.081111,-0.282555,0.007245,0.289800,0.548853,0.129366,-0.003317,-0.132684,-0.065816,-0.136064,0.003489,0.139553,0.088351,0.235089,-0.006028,-0.241117,0.413453,-0.437292,0.011213,0.448504,0.441408,-1.782161,0.045696,1.827858,-1.646037,0.000000,0.000000,0.000000,4.062516,7.546874,1.549367,-4.447660,-7.079097,1.211602,-0.036731,0.043749,0.002993,0.000000,0.000000,0.000000,291.328016,258.591995,1
3.134000,-0.010588,0.026463,0.229513,0.403529,-0.010347,-0.413876,-0.663403,0.224933,-0.005768,-0.230700,1.145366,-2.648188,0.067902,2.716090,-1.625330,-0.644055,0.016514,0.660569,-0.656190,-0.009884,0.000253,0.010137,-0.073300,2.476196,-0.063492,-2.539688,-0.102663,0.487501,-0.012500,-0.500001,0.839732,0.331933,-0.008511,-0.340445,-0.103683,2.519522,-0.064603,-2.584125,-0.123206,0.219223,-0.005621,-0.224844,0.496518,0.225562,-0.005784,-0.231345,0.032260,-2.601262,0.066699,2.667961,-1.300136,0.000000,0.000000,0.000000,3.929072,7.207387,1.551091,-4.424248,-7.401031,1.254504,0.000000,0.000000,0.000000,0.000000,0.000000,0.000000,291.368055,258.559069,1
3.144000,-0.011037,0.026546,0.226593,0.403529,-0.010347,-0.413876,-0.690392,0.224933,-0.005768,-0.230700,1.211636,-2.648188,0.067902,2.716090,-1.728642,-0.644055,0.016514,0.660569,-0.439263,-0.009884,0.000253,0.010137,-0.095706,2.476196,-0.063492,-2.539688,-0.626106,0.487501,-0.012500,-0.500001,0.657303,0.331933,-0.008511,-0.340445,-0.106423,2.519522,-0.064603,-2.584125,-0.631258,0.219223,-0.005621,-0.224844,0.568648,0.225562,-0.005784,-0.231345,0.001683,-2.601262,0.066699,2.667961,-1.408594,-0.004705,-0.019538,-0.014321,3.996654,7.256734,1.548929,-4.523848,-7.520461,1.262939,-0.004148,0.016293,-0.005413,0.000000,0.000000,0.000000,291.498296,258.499694,1
3.148000,-0.010370,0.027051,0.228669,0.483133,-0.012388,-0.495521,-0.618749,0.258070,-0.006617,-0.264687,0.941219,-2.995209,0.076800,3.072009,-1.136366,0.107716,-0.002762,-0.110478,-0.879293,0.004400,-0.000113,-0.004513,-0.052755,0.923373,-0.023676,-0.947049,-0.082973,-0.309010,0.007923,0.316933,1.097699,0.193952,-0.004973,-0.198925,-0.067251,0.825368,-0.021163,-0.846531,-0.051735,0.073931,-0.001896,-0.075827,0.700732,0.226846,-0.005817,-0.232662,-0.131461,-2.624661,0.067299,2.691960,-1.007024,0.066992,-0.205448,-0.053432,3.715553,6.251527,1.192101,-4.034506,-6.660941,0.999727,-0.097117,0.147461,-0.006420,0.000000,0.000000,0.000000,291.527985,258.477351,1
3.158000,-0.010823,0.027111,0.226045,0.483133,-0.012388,-0.495521,-0.662235,0.258070,-0.006617,-0.264687,1.039366,-2.995209,0.076800,3.072009,-1.246554,0.107716,-0.002762,-0.110478,-0.778449,0.004400,-0.000113,-0.004513,-0.059534,0.923373,-0.023676,-0.947049,-0.229724,-0.309010,0.007923,0.316933,0.980089,0.193952,-0.004973,-0.198925,-0.062657,0.825368,-0.021163,-0.846531,-0.154170,0.073931,-0.001896,-0.075827,0.753619,0.226846,-0.005817,-0.232662,-0.094956,-2.624661,0.067299,2.691960,-1.162872,0.133694,-0.698757,-0.264289,3.873839,6.693295,1.366391,-4.153839,-6.883050,1.046258,-0.310710,0.627085,-0.096619,0.000000,0.000000,0.000000,291.611982,258.415507,1
3.160000,-0.012552,0.026679,0.223779,0.209961,-0.005384,-0.215345,-0.558522,0.293868,-0.007535,-0.301403,1.036984,-2.775016,0.071154,2.846170,-1.283562,-0.033684,0.000864,0.034548,-0.632668,0.014667,-0.000376,-0.015043,-0.065618,1.034895,-0.026536,-1.061431,-0.307540,0.018327,-0.000470,-0.018797,0.779275,0.186529,-0.004783,-0.191312,-0.045119,1.149131,-0.029465,-1.178596,-0.343699,-0.143550,0.003681,0.147231,0.953852,0.312634,-0.008016,-0.320651,-0.233590,-2.562437,0.065704,2.628141,-1.199196,0.131062,-0.803576,-0.318022,3.739487,6.192123,1.229086,-4.112998,-6.832323,1.087300,-0.259924,2.900308,-1.258241,0.000000,0.000000,0.000000,291.628444,258.403352,1
3.170000,-0.013453,0.027071,0.220512,0.197541,-0.005065,-0.202606,-0.421040,0.306910,-0.007869,-0.314779,0.911664,-2.765357,0.070907,2.836264,-1.482607,-0.030548,0.000783,0.031331,-0.433209,0.016881,-0.000433,-0.017314,-0.223311,1.036689,-0.026582,-1.063271,-0.585434,0.018629,-0.000478,-0.019106,0.963622,0.186876,-0.004792,-0.191668,0.551076,1.153972,-0.029589,-1.183561,-1.371569,-0.157315,0.004034,0.161349,1.026767,0.334305,-0.008572,-0.342877,-0.485054,-2.566277,0.065802,2.632079,-1.197238,1.743578,-4.909365,-1.132154,3.473054,4.735162,0.503532,-3.988257,-7.245585,1.448341,-0.827496,5.905608,-2.320892,0.000000,0.000000,0.000000,291.732922,258.352213,1
3.176000,-0.012794,0.025064,0.222368,0.614927,-0.015767,-0.630695,-0.882013,0.004133,-0.000106,-0.004239,1.140871,-3.139481,0.080500,3.219980,-1.023109,0.024743,-0.000634,-0.025377,-0.649813,0.019962,-0.000512,-0.020473,-0.092313,0.691298,-0.017726,-0.709023,-0.354378,-0.215064,0.005514,0.220579,0.774986,0.211731,-0.005429,-0.217160,0.030600,0.578722,-0.014839,-0.593561,-0.296289,0.195591,-0.005015,-0.200607,0.819789,-0.082666,0.002120,0.084786,-0.125953,-2.656239,0.068109,2.724348,-1.260506,-0.040076,-1.217682,-0.699012,4.007749,5.779407,0.815786,-3.724745,-6.851651,1.330299,-2.391731,9.337648,-3.039822,0.000000,0.000000,0.000000,291.781449,258.317759,1
3.186000,-0.017727,0.021439,0.220115,0.507178,-0.013005,-0.520182,-0.464423,0.079641,-0.002042,-0.081683,0.861564,-3.186484,0.081705,3.268188,-1.323628,0.155308,-0.003982,-0.159290,-0.484859,0.064062,-0.001643,-0.065705,-0.143173,0.457410,-0.011728,-0.469138,-0.108473,-0.287277,0.007366,0.294643,0.986931,0.204307,-0.005239,-0.209545,0.684373,0.380055,-0.009745,-0.389800,-1.530053,0.083551,-0.002142,-0.085693,1.025678,-0.041681,0.001069,0.042749,-0.536458,-2.639203,0.067672,2.706875,-1.154795,0.317708,-0.956156,-0.300528,3.622069,3.649082,-0.121861,-3.481139,-7.806928,1.860662,-1.460779,7.362712,-2.661572,0.000000,0.000000,0.000000,291.871876,258.252659,1
3.192000,0.005643,0.046105,0.228759,0.511123,-0.013106,-0.524229,-1.173867,-0.140839,0.003611,0.144451,0.753059,-3.401110,0.087208,3.488318,-0.009094,0.564308,-0.014469,-0.578778,-1.273245,0.276934,-0.007101,-0.284035,0.507698,-0.983681,0.025223,1.008904,-1.394783,-0.273030,0.007001,0.280031,0.792408,0.143873,-0.003689,-0.147563,-0.026130,-2.193318,0.056239,2.249557,1.120661,-0.135328,0.003470,0.138798,0.119468,0.198389,-0.005087,-0.203476,-0.071676,-3.374783,0.086533,3.461316,-0.278812,1.272885,-4.782773,-1.401825,2.828181,7.128931,1.276353,-3.546957,-4.167645,0.716526,-0.094700,0.064914,0.034201,0.000000,0.000000,0.000000,291.912599,258.262804,1
3.202000,0.006255,0.046878,0.227457,0.511123,-0.013106,-0.524229,-1.221758,-0.140839,0.003611,0.144451,0.825446,-3.401110,0.087208,3.488318,-0.007660,0.564308,-0.014469,-0.578778,-1.349125,0.276934,-0.007101,-0.284035,0.572583,-0.983681,0.025223,1.008904,-1.447085,-0.273030,0.007001,0.280031,0.716253,0.143873,-0.003689,-0.147563,-0.040204,-2.193318,0.056239,2.249557,1.111073,-0.135328,0.003470,0.138798,0.089254,0.198389,-0.005087,-0.203476,0.064200,-3.374783,0.086533,3.461316,-0.443846,1.241857,-4.705802,-1.384180,2.965787,7.689146,1.418442,-3.565092,-4.257202,0.789724,-0.728152,0.582385,0.217517,0.000000,0.000000,0.000000,291.987174,258.273406,1
3.206000,-0.015714,0.027706,0.223773,0.315109,-0.008080,-0.323188,-0.691238,0.797038,-0.020437,-0.817475,0.464368,-2.803164,0.071876,2.875040,-0.205973,0.279439,-0.007165,-0.286604,-0.831055,0.835515,-0.021423,-0.856939,-0.265310,-1.324417,0.033959,1.358377,-1.305846,-0.686639,0.017606,0.704245,0.797376,1.081497,-0.027731,-1.109228,-0.272728,-1.471982,0.037743,1.509725,0.624170,-0.413211,0.010595,0.423806,0.969505,1.727464,-0.044294,-1.771758,-0.872789,-3.678907,0.094331,3.773238,-0.176441,1.234057,-5.227832,-1.645700,3.134525,5.895698,1.350033,-3.009112,-4.099652,0.280991,-1.709178,6.048128,-2.051163,0.000000,0.000000,0.000000,292.018630,258.277570,1
3.216000,-0.016871,0.027182,0.222532,0.323839,-0.008304,-0.332143,-0.652149,0.788756,-0.020225,-0.808981,0.427332,-2.811150,0.072081,2.883231,-0.286369,0.288848,-0.007406,-0.296254,-0.810014,0.818587,-0.020989,-0.839576,-0.326781,-1.316306,0.033751,1.350057,-1.320308,-0.688488,0.017654,0.706142,0.850486,1.081041,-0.027719,-1.108760,0.155355,-1.470107,0.037695,1.507802,-0.105101,-0.405660,0.010402,0.416062,0.926028,1.714904,-0.043972,-1.758875,-0.891612,-3.677101,0.094285,3.771386,-0.281017,1.507297,-5.536334,-1.583278,3.123932,4.999440,0.841006,-2.719526,-4.602684,0.779711,-2.724869,8.815383,-2.750279,0.000000,0.000000,0.000000,292.094924,258.266976,1
3.222000,-0.035531,0.023642,0.234857,0.353066,-0.009053,-0.362119,0.635594,-0.229709,0.005890,0.235599,-0.190826,-3.683010,0.094436,3.777447,1.619628,0.281618,-0.007221,-0.288839,0.636626,1.421722,-0.036454,-1.458177,0.064923,-5.816061,0.149130,5.965190,1.423528,-0.385990,0.009897,0.395887,0.027435,0.995830,-0.025534,-1.021364,1.250081,-6.734918,0.172690,6.907608,-1.119789,-0.600469,0.015397,0.615866,1.376175,0.843858,-0.021637,-0.865495,-0.500471,-4.432225,0.113647,4.545872,3.028418,2.843286,-4.900533,-0.846039,0.000000,0.000000,0.000000,0.347763,-2.770030,1.781087,-4.096512,15.712780,-4.435570,0.000000,0.000000,0.000000,292.330326,258.387592,1
3.232000,-0.037190,0.023700,0.235236,0.353066,-0.009053,-0.362119,0.738450,-0.229709,0.005890,0.235599,-0.387926,-3.683010,0.094436,3.777447,1.221507,0.281618,-0.007221,-0.288839,0.740028,1.421722,-0.036454,-1.458177,-0.062907,-5.816061,0.149130,5.965190,1.175502,-0.385990,0.009897,0.395887,0.030346,0.995830,-0.025534,-1.021364,0.785289,-6.734918,0.172690,6.907608,-1.179687,-0.600469,0.015397,0.615866,0.731386,0.843858,-0.021637,-0.865495,-0.532557,-4.432225,0.113647,4.545872,2.585927,3.093134,-5.509744,-1.003955,0.000000,0.000000,0.000000,0.256898,-3.392421,2.063052,-3.851432,13.078050,-3.368254,0.000000,0.000000,0.000000,292.669527,258.536324,1
3.240000,-0.018612,0.027706,0.246020,3.614032,-0.092667,-3.706699,-2.800413,-6.078463,0.155858,6.234321,3.014070,1.486051,-0.038104,-1.524155,-1.124436,0.089158,-0.002286,-0.091444,0.489556,1.501214,-0.038493,-1.539707,-0.161550,-5.023007,0.128795,5.151802,0.668368,-0.598858,0.015355,0.614213,0.264173,0.085162,-0.002184,-0.087345,0.242316,-3.941673,0.101069,4.042742,-0.366417,-1.348001,0.034564,1.382565,1.103402,0.738647,-0.018940,-0.757587,-0.519121,-0.258422,0.006626,0.265049,-0.405344,2.919358,-6.038948,-0.593224,0.000000,0.000000,0.000000,0.000000,0.000000,0.000000,-2.405286,7.121615,-1.711501,0.000000,0.000000,0.000000,292.976027,258.816349,1
3.250000,-0.019710,0.027954,0.246394,3.614032,-0.092667,-3.706699,-2.961994,-6.078463,0.155858,6.234321,2.881360,1.486051,-0.038104,-1.524155,-0.829067,0.089158,-0.002286,-0.091444,0.454457,1.501214,-0.038493,-1.539707,-0.053772,-5.023007,0.128795,5.151802,0.409689,-0.598858,0.015355,0.614213,0.124898,0.085162,-0.002184,-0.087345,0.157151,-3.941673,0.101069,4.042742,-0.408621,-1.348001,0.034564,1.382565,0.905472,0.738647,-0.018940,-0.757587,-0.503592,-0.258422,0.006626,0.265049,-0.132240,3.224383,-7.103424,-0.826447,0.000000,0.000000,0.000000,0.000000,0.000000,0.000000,-2.827981,7.317568,-1.522880,0.000000,0.000000,0.000000,293.334547,259.140024,1
3.254000,-0.009578,0.022320,0.247816,1.836047,-0.047078,-1.883126,-3.359643,-2.670348,0.068470,2.738819,1.523558,0.160095,-0.004105,-0.164200,-1.023845,0.815174,-0.020902,-0.836076,0.650567,0.994658,-0.025504,-1.020162,0.311063,-3.221860,0.082612,3.304472,0.124145,0.372636,-0.009555,-0.382191,-0.026679,0.154956,-0.003973,-0.158930,-0.024227,-2.690358,0.068984,2.759341,-0.080062,-1.020599,0.026169,1.046768,0.374927,0.676644,-0.017350,-0.693994,-0.624470,2.731081,-0.070028,-2.801109,-1.302617,3.357192,-4.949854,0.003827,0.000000,0.000000,0.000000,0.000000,0.000000,0.000000,-1.585320,6.561858,-1.656807,0.000000,0.000000,0.000000,293.401142,259.197960,1
3.264000,-0.009761,0.022074,0.247534,1.836047,-0.047078,-1.883126,-2.818822,-2.670348,0.068470,2.738819,1.333983,0.160095,-0.004105,-0.164200,-0.543651,0.815174,-0.020902,-0.836076,0.606977,0.994658,-0.025504,-1.020162,0.416331,-3.221860,0.082612,3.304472,-0.013331,0.372636,-0.009555,-0.382191,-0.128563,0.154956,-0.003973,-0.158930,0.097374,-2.690358,0.068984,2.759341,-0.362456,-1.020599,0.026169,1.046768,0.322054,0.676644,-0.017350,-0.693994,-0.513766,2.731081,-0.070028,-2.801109,-1.271519,3.444351,-5.435571,-0.164587,0.000000,0.000000,0.000000,0.000000,0.000000,0.000000,-1.791346,7.280241,-1.806999,0.000000,0.000000,0.000000,293.554615,259.311596,1
3.266000,-0.013917,0.027121,0.245618,-0.258039,0.006616,0.264655,-0.699949,-0.886221,0.022724,0.908945,0.211052,-2.104115,0.053952,2.158067,0.512182,1.286755,-0.032994,-1.319749,0.344224,0.715170,-0.018338,-0.733508,0.276681,-1.798077,0.046105,1.844181,-0.223383,0.994330,-0.025496,-1.019825,-0.213727,0.473175,-0.012133,-0.485308,-0.052149,-1.998136,0.051234,2.049370,-0.312888,-0.458341,0.011752,0.470094,-0.068011,0.399556,-0.010245,-0.409801,-0.361000,1.589132,-0.040747,-1.629879,-0.710785,3.326148,-4.436338,0.301586,0.000000,0.000000,0.000000,0.000000,0.000000,0.000000,-1.336756,6.717965,-2.065582,0.000000,0.000000,0.000000,293.564164,259.313435,1
3.276000,-0.012417,0.023967,0.242817,2.583210,-0.066236,-2.649446,-1.533446,-3.199832,0.082047,3.281879,1.245862,3.054371,-0.078317,-3.132688,-1.188040,0.033166,-0.000850,-0.034017,0.304561,0.493650,-0.012658,-0.506308,0.516296,-2.075186,0.053210,2.128396,-0.899662,-0.315898,0.008100,0.323998,-0.202524,0.264097,-0.006772,-0.270869,0.055496,-2.411011,0.061821,2.472832,-0.781824,-1.245668,0.031940,1.277609,0.329149,0.152797,-0.003918,-0.156715,-0.154444,0.492797,-0.012636,-0.505433,-0.046336,2.858268,-6.458404,-1.027561,0.000000,0.000000,0.000000,0.000000,0.000000,0.000000,-2.645066,7.524766,-1.293303,0.000000,0.000000,0.000000,293.729584,259.394844,1
3.280000,-0.010518,0.022779,0.245165,-0.445109,0.011413,0.456522,1.119008,-0.643881,0.016510,0.660391,0.002419,-1.824075,0.046771,1.870846,0.723898,0.529876,-0.013587,-0.543463,0.005145,0.154755,-0.003968,-0.158723,0.569969,-1.402586,0.035964,1.438550,-0.761234,0.294815,-0.007559,-0.302374,-0.572380,-0.190474,0.004884,0.195358,0.236250,-1.281563,0.032861,1.314424,-0.905687,-0.114715,0.002941,0.117656,-0.432460,0.395930,-0.010152,-0.406082,-0.374541,0.568069,-0.014566,-0.582635,-0.161346,2.483003,-5.445170,-0.841431,0.000000,0.000000,0.000000,0.000000,0.000000,0.000000,-2.233920,6.954197,-1.298943,0.000000,0.000000,0.000000,293.748631,259.394453,1
3.290000,-0.010782,0.023182,0.242415,0.203477,-0.005217,-0.208694,0.498257,-0.953621,0.024452,0.978073,0.146549,-0.443061,0.011361,0.454422,0.225684,0.279878,-0.007176,-0.287055,0.080869,0.125958,-0.003230,-0.129187,0.763299,-1.468692,0.037659,1.506350,-1.182795,0.039431,-0.001011,-0.040442,-0.498200,-0.203725,0.005224,0.208949,0.350922,-1.391988,0.035692,1.427680,-1.235502,-0.300212,0.007698,0.307909,-0.260067,0.312932,-0.008024,-0.320956,-0.272099,0.475494,-0.012192,-0.487686,-0.075642,2.880388,-6.393727,-1.052615,0.000000,0.000000,0.000000,0.000000,0.000000,0.000000,-2.591763,7.722027,-1.341537,0.000000,0.000000,0.000000,293.791782,259.360574,1
3.292000,-0.011846,0.031547,0.253157,0.053237,-0.001365,-0.054602,0.306463,0.100894,-0.002587,-0.103481,-0.254507,1.048860,-0.026894,-1.075753,-0.494351,0.199581,-0.005117,-0.204698,0.062843,-0.369266,0.009468,0.378734,0.576978,-0.820797,0.021046,0.841843,-0.813191,0.039809,-0.001021,-0.040829,-0.068763,-0.422064,0.010822,0.432886,0.456101,-1.039218,0.026647,1.065864,-0.773490,-0.016698,0.000428,0.017127,-0.386727,0.035928,-0.000921,-0.036849,-0.062505,0.706346,-0.018111,-0.724458,-0.153161,2.528097,-5.248069,-0.577104,0.000000,0.000000,0.000000,0.000000,0.000000,0.000000,-2.145581,6.760072,-1.363404,0.000000,0.000000,0.000000,293.797053,259.359664,1
3.302000,-0.012037,0.032162,0.251406,0.053237,-0.001365,-0.054602,0.260121,0.100894,-0.002587,-0.103481,-0.187055,1.048860,-0.026894,-1.075753,-0.449086,0.199581,-0.005117,-0.204698,0.056872,-0.369266,0.009468,0.378734,0.767677,-0.820797,0.021046,0.841843,-1.212966,0.039809,-0.001021,-0.040829,-0.117270,-0.422064,0.010822,0.432886,0.539997,-1.039218,0.026647,1.065864,-1.066045,-0.016698,0.000428,0.017127,-0.376085,0.035928,-0.000921,-0.036849,-0.049933,0.706346,-0.018111,-0.724458,-0.172073,2.815160,-6.038359,-0.714501,0.000000,0.000000,0.000000,0.000000,0.000000,0.000000,-2.369258,7.369714,-1.489391,0.000000,0.000000,0.000000,293.830532,259.349350,1
3.306000,-0.012389,0.028901,0.237624,0.946012,-0.024257,-0.970269,-0.162239,-0.184609,0.004734,0.189342,-0.054925,1.741805,-0.044662,-1.786467,-0.582469,0.130724,-0.003352,-0.134076,0.270524,-0.210953,0.005409,0.216362,1.027352,-0.848304,0.021751,0.870056,-1.499540,-0.026717,0.000685,0.027402,-0.485910,-0.393387,0.010087,0.403474,0.379392,-0.822720,0.021095,0.843815,-1.445890,-0.149102,0.003823,0.152925,-0.186632,0.047589,-0.001220,-0.048809,-0.043582,1.467154,-0.037619,-1.504773,-0.463947,2.839472,-6.271213,-0.823758,0.000000,0.000000,0.000000,0.000000,0.000000,0.000000,-2.470908,7.163679,-1.355314,0.000000,0.000000,0.000000,293.850079,259.347991,1
3.316000,-0.012776,0.029040,0.234814,0.946012,-0.024257,-0.970269,-0.190908,-0.184609,0.004734,0.189342,-0.036707,1.741805,-0.044662,-1.786467,-0.671607,0.130724,-0.003352,-0.134076,0.291793,-0.210953,0.005409,0.216362,1.163473,-0.848304,0.021751,0.870056,-1.774741,-0.026717,0.000685,0.027402,-0.539265,-0.393387,0.010087,0.403474,0.404283,-0.822720,0.021095,0.843815,-1.663281,-0.149102,0.003823,0.152925,-0.225435,0.047589,-0.001220,-0.048809,-0.039520,1.467154,-0.037619,-1.504773,-0.520741,2.986738,-6.717174,-0.925958,0.000000,0.000000,0.000000,0.000000,0.000000,0.000000,-2.565472,7.456972,-1.436125,0.000000,0.000000,0.000000,293.906363,259.343416,1
3.320000,-0.011014,0.026139,0.237476,1.303757,-0.033430,-1.337187,-0.057041,-0.118271,0.003033,0.121303,-0.038650,3.148361,-0.080727,-3.229088,-0.665131,0.165366,-0.004240,-0.169606,0.220194,-0.112286,0.002879,0.115165,1.107448,-0.907240,0.023263,0.930503,-1.780111,-0.044303,0.001136,0.045439,-0.473134,-0.204897,0.005254,0.210151,0.383262,-1.142391,0.029292,1.171683,-1.515263,-0.665784,0.017071,0.682855,-0.197011,0.026117,-0.000670,-0.026787,-0.030727,1.971305,-0.050546,-2.021851,-0.262394,2.976703,-6.871463,-1.173672,0.000000,0.000000,0.000000,0.000000,0.000000,0.000000,-2.607887,7.836611,-1.342814,0.000000,0.000000,0.000000,293.932736,259.340750,1
3.330000,-0.012027,0.029887,0.239985,0.472326,-0.012111,-0.484437,0.003369,-0.103536,0.002655,0.106190,-0.021218,0.648663,-0.016632,-0.665295,-0.159437,0.110399,-0.002831,-0.113230,0.230420,-0.417447,0.010704,0.428151,1.173909,-1.025584,0.026297,1.051881,-1.724222,-0.106173,0.002722,0.108896,-0.388486,-0.742711,0.019044,0.761754,0.606955,-0.858119,0.022003,0.880122,-1.631675,-0.178960,0.004589,0.183549,-0.175918,0.034694,-0.000890,-0.035584,-0.037436,1.347938,-0.034563,-1.382501,-0.496439,3.052804,-6.883361,-0.912901,0.000000,0.000000,0.000000,0.000000,0.000000,0.000000,-2.669233,7.572362,-1.442986,0.000000,0.000000,0.000000,293.983866,259.324794,1
3.336000,-0.013433,0.029350,0.230740,0.843982,-0.021641,-0.865623,-0.031709,-0.106059,0.002719,0.108778,-0.034020,1.632806,-0.041867,-1.674673,-0.571383,0.027463,-0.000704,-0.028167,0.468586,-0.293405,0.007523,0.300928,1.373175,-1.035121,0.026542,1.061663,-1.933239,-0.184191,0.004723,0.188914,-0.559753,-0.613905,0.015741,0.629647,0.454051,-0.863829,0.022149,0.885979,-1.870316,-0.345191,0.008851,0.354042,-0.174483,0.034202,-0.000877,-0.035079,-0.032663,1.614540,-0.041398,-1.655938,-0.541392,3.062921,-7.155887,-1.060688,0.000000,0.000000,0.000000,0.000000,0.000000,0.000000,-2.580259,7.544221,-1.495338,0.000000,0.000000,0.000000,294.022717,259.316917,1
3.346000,-0.013907,0.029427,0.227302,0.843982,-0.021641,-0.865623,-0.040193,-0.106059,0.002719,0.108778,-0.025149,1.632806,-0.041867,-1.674673,-0.627636,0.027463,-0.000704,-0.028167,0.513808,-0.293405,0.007523,0.300928,1.471702,-1.035121,0.026542,1.061663,-2.102687,-0.184191,0.004723,0.188914,-0.614345,-0.613905,0.015741,0.629647,0.437134,-0.863829,0.022149,0.885979,-2.016090,-0.345191,0.008851,0.354042,-0.168759,0.034202,-0.000877,-0.035079,-0.029173,1.614540,-0.041398,-1.655938,-0.589254,3.131881,-7.358060,-1.112119,0.000000,0.000000,0.000000,0.000000,0.000000,0.000000,-2.626297,7.625899,-1.520485,0.000000,0.000000,0.000000,294.092640,259.302609,1
3.350000,-0.023468,0.033817,0.247337,-0.535695,0.013736,0.549431,0.620884,0.007252,-0.000186,-0.007438,-0.023102,-1.283925,0.032921,1.316846,0.535594,0.042154,-0.001081,-0.043234,0.069245,-0.781749,0.020045,0.801794,0.524371,-1.121715,0.028762,1.150477,-0.922491,-0.254491,0.006525,0.261017,-0.039212,-1.217875,0.031228,1.249103,0.525308,-0.914540,0.023450,0.937989,-1.092531,0.527497,-0.013526,-0.541022,-0.403302,0.004891,-0.000125,-0.005017,-0.005564,-1.576109,0.040413,1.616522,0.602467,2.327264,-5.551369,-0.675593,0.000000,0.000000,0.000000,0.000000,0.000000,0.000000,-2.365712,6.307250,-0.969494,0.000000,0.000000,0.000000,294.114299,259.307473,1
3.360000,-0.023947,0.034050,0.245141,-0.535695,0.013736,0.549431,0.674020,0.007252,-0.000186,-0.007438,-0.027728,-1.283925,0.032921,1.316846,0.572778,0.042154,-0.001081,-0.043234,0.098311,-0.781749,0.020045,0.801794,0.696019,-1.121715,0.028762,1.150477,-1.242634,-0.254491,0.006525,0.261017,-0.051059,-1.217875,0.031228,1.249103,0.637050,-0.914540,0.023450,0.937989,-1.390949,0.527497,-0.013526,-0.541022,-0.517054,0.004891,-0.000125,-0.005017,-0.002327,-1.576109,0.040413,1.616522,0.691208,2.611221,-6.250443,-0.762717,0.000000,0.000000,0.000000,0.000000,0.000000,0.000000,-2.558186,6.991575,-1.137374,0.000000,0.000000,0.000000,294.180575,259.318711,1
3.362000,-0.005788,0.015244,0.232356,1.204956,-0.030896,-1.235852,-0.126184,-0.052936,0.001357,0.054293,-0.078628,2.900429,-0.074370,-2.974799,-0.888569,0.227834,-0.005842,-0.233675,0.313591,-0.254410,0.006523,0.260933,1.106718,-0.666389,0.017087,0.683476,-1.988776,-0.031586,0.000810,0.032396,-0.318633,-0.298514,0.007654,0.306168,0.375342,-1.049138,0.026901,1.076039,-1.613387,-0.702688,0.018018,0.720706,-0.144413,-0.057045,0.001463,0.058508,-0.056054,0.989605,-0.025374,-1.014980,0.041480,3.087917,-6.769615,-1.145274,0.000000,0.000000,0.000000,0.000000,0.000000,0.000000,-2.478120,7.834765,-1.338481,0.000000,0.000000,0.000000,294.193646,259.318452,1
3.372000,-0.005827,0.014668,0.229126,1.204956,-0.030896,-1.235852,-0.231429,-0.052936,0.001357,0.054293,-0.064420,2.900429,-0.074370,-2.974799,-1.127220,0.227834,-0.005842,-0.233675,0.342292,-0.254410,0.006523,0.260933,1.213461,-0.666389,0.017087,0.683476,-2.197355,-0.031586,0.000810,0.032396,-0.375908,-0.298514,0.007654,0.306168,0.392302,-1.049138,0.026901,1.076039,-1.804426,-0.702688,0.018018,0.720706,-0.078921,-0.057045,0.001463,0.058508,-0.049399,0.989605,-0.025374,-1.014980,-0.149064,3.207911,-7.043840,-1.227369,0.000000,0.000000,0.000000,0.000000,0.000000,0.000000,-2.578995,8.116683,-1.372674,0.000000,0.000000,0.000000,294.271908,259.324736,1
3.376000,-0.005104,0.022924,0.240252,-1.359975,0.034871,1.394846,0.847260,0.279802,-0.007174,-0.286976,-0.148681,-0.473817,0.012149,0.485966,0.090197,-0.163001,0.004180,0.167181,0.323802,0.379714,-0.009736,-0.389451,1.018302,-2.377830,0.060970,2.438800,-1.372183,0.502938,-0.012896,-0.515834,-0.666962,1.220894,-0.031305,-1.252199,-0.208098,-3.295319,0.084495,3.379814,-0.653910,1.917647,-0.049170,-1.966817,-1.374084,0.000710,-0.000018,-0.000729,-0.068802,-2.770195,0.071031,2.841226,1.192074,2.739684,-7.143462,-1.214287,0.870527,0.160462,-0.431571,0.000000,0.000000,0.000000,-2.309433,7.568863,-1.796828,0.000000,0.000000,0.000000,294.327787,259.332990,1
3.386000,-0.004915,0.023115,0.237985,-1.359975,0.034871,1.394846,1.059574,0.279802,-0.007174,-0.286976,-0.167008,-0.473817,0.012149,0.485966,0.141988,-0.163001,0.004180,0.167181,0.310218,0.379714,-0.009736,-0.389451,1.095343,-2.377830,0.060970,2.438800,-1.454490,0.502938,-0.012896,-0.515834,-0.812905,1.220894,-0.031305,-1.252199,-0.260025,-3.295319,0.084495,3.379814,-0.717355,1.917647,-0.049170,-1.966817,-1.522413,0.000710,-0.000018,-0.000729,-0.100006,-2.770195,0.071031,2.841226,1.166979,2.613790,-7.212573,-1.336461,3.531608,1.386577,-1.321931,0.000000,0.000000,0.000000,-2.546253,7.738289,-1.700127,0.000000,0.000000,0.000000,294.478787,259.356024,1
3.388000,-0.012496,0.025353,0.230473,0.029850,-0.000765,-0.030615,0.669752,0.137300,-0.003521,-0.140820,-0.112119,2.610038,-0.066924,-2.676962,-0.745985,-0.212519,0.005449,0.217968,0.370858,0.913567,-0.023425,-0.936992,0.777365,-2.609875,0.066920,2.676795,-1.628954,0.410518,-0.010526,-0.421044,-0.757393,1.724600,-0.044221,-1.768820,-0.666321,-3.553619,0.091118,3.644737,-0.652233,0.279872,-0.007176,-0.287049,-1.194415,0.000974,-0.000025,-0.000999,-0.064055,0.613509,-0.015731,-0.629240,0.187074,3.088444,-7.727311,-1.198435,0.044915,0.011805,-0.018735,0.000000,0.000000,0.000000,-2.577537,7.279447,-1.477869,0.000000,0.000000,0.000000,294.501864,259.348683,1
3.398000,-0.013018,0.025381,0.228017,0.029850,-0.000765,-0.030615,0.601277,0.137300,-0.003521,-0.140820,-0.095228,2.610038,-0.066924,-2.676962,-0.966156,-0.212519,0.005449,0.217968,0.403180,0.913567,-0.023425,-0.936992,0.849408,-2.609875,0.066920,2.676795,-1.701394,0.410518,-0.010526,-0.421044,-0.836756,1.724600,-0.044221,-1.768820,-0.671026,-3.553619,0.091118,3.644737,-0.750631,0.279872,-0.007176,-0.287049,-1.097031,0.000974,-0.000025,-0.000999,-0.049890,0.613509,-0.015731,-0.629240,0.021855,3.122296,-7.827056,-1.220339,0.179600,0.048884,-0.070014,-0.002070,-0.005770,0.002032,-2.683388,7.673412,-1.601299,0.000000,0.000000,0.000000,294.628464,259.312920,1
3.400000,-0.008637,0.019161,0.226619,0.246466,-0.006320,-0.252786,0.693221,0.052430,-0.001344,-0.053774,-0.025568,2.979167,-0.076389,-3.055555,-1.657883,-0.184962,0.004743,0.189705,0.532896,1.031362,-0.026445,-1.057808,0.788665,-2.629658,0.067427,2.697086,-1.489266,0.411876,-0.010561,-0.422437,-0.702462,1.860325,-0.047701,-1.908026,-0.717751,-3.645332,0.093470,3.738803,-0.576194,-0.007992,0.000205,0.008197,-1.024961,0.001426,-0.000037,-0.001462,-0.073434,1.239249,-0.031776,-1.271024,-0.091535,3.236240,-7.016982,-1.157378,0.001918,0.001826,-0.000134,-0.814861,-2.725438,0.981002,-2.449238,7.731049,-1.518746,0.000000,0.000000,0.000000,294.656743,259.312444,1
3.410000,-0.008647,0.018528,0.225131,0.253497,-0.006500,-0.259997,0.476313,0.052441,-0.001345,-0.053786,-0.124232,2.978177,-0.076364,-3.054540,-1.377019,-0.169854,0.004355,0.174210,0.543584,1.029408,-0.026395,-1.055803,0.867887,-2.618317,0.067136,2.685453,-1.594313,0.426451,-0.010935,-0.437386,-0.803284,1.868476,-0.047910,-1.916386,-0.712528,-3.652218,0.093647,3.745865,-0.711188,-0.015812,0.000405,0.016218,-0.928162,0.001403,-0.000036,-0.001439,-0.059219,1.241295,-0.031828,-1.273123,-0.272413,3.215866,-7.355383,-1.359813,0.003549,0.009750,0.003891,0.059359,-1.485750,0.977925,-2.610361,8.204620,-1.585392,0.000000,0.000000,0.000000,294.800463,259.296150,1
3.414000,-0.009381,0.021963,0.226238,0.316750,-0.008122,-0.324871,0.437400,0.071740,-0.001839,-0.073580,-0.086845,2.776783,-0.071200,-2.847982,-1.218855,-0.333032,0.008539,0.341571,0.674887,0.887491,-0.022756,-0.910247,0.929063,-2.741392,0.070292,2.811684,-1.496732,0.253192,-0.006492,-0.259684,-0.834034,1.624257,-0.041648,-1.665905,-0.736071,-3.603782,0.092405,3.696187,-0.683391,-0.018232,0.000467,0.018699,-0.956828,0.005799,-0.000149,-0.005948,-0.049415,1.141448,-0.029268,-1.170716,-0.319093,3.107469,-7.491930,-1.278587,0.058633,0.140950,0.050164,-0.009353,-0.394144,0.245990,-2.646609,7.666432,-1.449495,0.000000,0.000000,0.000000,294.853522,259.287289,1
3.424000,-0.009797,0.021648,0.223559,0.316750,-0.008122,-0.324871,0.384374,0.071740,-0.001839,-0.073580,-0.115842,2.776783,-0.071200,-2.847982,-1.300936,-0.333032,0.008539,0.341571,0.725604,0.887491,-0.022756,-0.910247,1.015725,-2.741392,0.070292,2.811684,-1.575171,0.253192,-0.006492,-0.259684,-0.881977,1.624257,-0.041648,-1.665905,-0.700137,-3.603782,0.092405,3.696187,-0.850245,-0.018232,0.000467,0.018699,-0.834597,0.005799,-0.000149,-0.005948,-0.030180,1.141448,-0.029268,-1.170716,-0.361172,3.125844,-7.573520,-1.318993,0.063492,0.315881,0.154965,-0.000732,-0.777385,0.506125,-2.696551,8.017778,-1.579231,0.000000,0.000000,0.000000,294.997686,259.258722,1
3.428000,-0.006734,0.020076,0.231542,-0.540233,0.013852,0.554085,0.778442,0.362838,-0.009304,-0.372141,-0.249731,0.369869,-0.009484,-0.379353,-0.033530,-0.221176,0.005671,0.226847,0.401081,0.851769,-0.021840,-0.873610,0.517796,-2.911111,0.074644,2.985755,-1.157492,0.495029,-0.012693,-0.507722,-0.791567,1.866677,-0.047864,-1.914540,-0.882442,-4.088580,0.104835,4.193415,-0.184897,0.560395,-0.014369,-0.574764,-0.903808,0.017218,-0.000441,-0.017659,-0.050735,-0.245144,0.006286,0.251430,0.227021,3.094222,-6.900404,-1.134390,0.000000,0.000000,0.000000,-0.838799,-1.426280,0.251822,-2.614836,7.060214,-1.037314,0.000000,0.000000,0.000000,295.029608,259.253174,1
3.438000,-0.006862,0.019707,0.229573,-0.540233,0.013852,0.554085,0.711890,0.362838,-0.009304,-0.372141,-0.368935,0.369869,-0.009484,-0.379353,-0.270781,-0.221176,0.005671,0.226847,0.470634,0.851769,-0.021840,-0.873610,0.638792,-2.911111,0.074644,2.985755,-1.264453,0.495029,-0.012693,-0.507722,-0.810326,1.866677,-0.047864,-1.914540,-0.811622,-4.088580,0.104835,4.193415,-0.334943,0.560395,-0.014369,-0.574764,-0.911951,0.017218,-0.000441,-0.017659,-0.031412,-0.245144,0.006286,0.251430,0.163553,3.413454,-6.938203,-0.938292,0.000000,0.000000,0.000000,-3.199681,-4.953119,0.645259,-2.629259,7.738208,-1.327641,0.000000,0.000000,0.000000,295.119711,259.228518,1
3.442000,-0.013958,0.023874,0.227252,-1.131999,0.029026,1.161024,0.272311,1.590875,-0.040792,-1.631667,1.036658,-5.283017,0.135462,5.418479,-0.227191,-1.143598,0.029323,1.172921,0.201006,-0.499756,0.012814,0.512570,1.055651,-2.618421,0.067139,2.685561,0.895345,0.088101,-0.002259,-0.090360,-2.390860,1.821923,-0.046716,-1.868639,0.060461,-5.358012,0.137385,5.495397,1.585696,1.591460,-0.040807,-1.632267,-0.336694,0.000552,-0.000014,-0.000566,1.905123,-0.128730,0.003301,0.132030,-1.170031,0.546417,-1.961036,-0.488140,6.653955,13.860337,5.135429,-5.054037,-7.290902,0.935170,0.000000,0.000000,0.000000,0.000000,0.000000,0.000000,295.184384,259.267663,1
3.452000,-0.015389,0.023401,0.225697,-1.131999,0.029026,1.161024,0.363205,1.590875,-0.040792,-1.631667,0.836081,-5.283017,0.135462,5.418479,-0.417320,-1.143598,0.029323,1.172921,0.276764,-0.499756,0.012814,0.512570,0.807575,-2.618421,0.067139,2.685561,0.631105,0.088101,-0.002259,-0.090360,-1.312972,1.821923,-0.046716,-1.868639,-0.547523,-5.358012,0.137385,5.495397,2.255593,1.591460,-0.040807,-1.632267,-0.256108,0.000552,-0.000014,-0.000566,2.121728,-0.128730,0.003301,0.132030,-1.898007,0.459899,-2.480806,-0.820975,6.305697,12.337329,4.421529,-5.254814,-7.472815,0.841700,-0.061340,0.035889,0.034840,0.000000,0.000000,0.000000,295.391260,259.396993,1
3.458000,0.033766,0.024764,0.260392,-2.259434,0.057934,2.317368,0.667845,1.229144,-0.031517,-1.260661,1.565404,-6.750005,0.173077,6.923082,1.669260,-2.354674,0.060376,2.415050,3.289275,-1.678503,0.043039,1.721542,0.909205,-3.016790,0.077354,3.094143,1.727694,9.524001,-0.244205,-9.768206,-5.309512,-2.558396,0.065600,2.623996,1.012591,19.261642,-0.493888,-19.755531,-9.075046,-1.138480,0.029192,1.167672,1.567209,-1.230680,0.031556,1.262236,1.689365,-4.446573,0.114015,4.560588,1.221128,0.000000,0.000000,0.000000,5.000929,19.301406,4.390977,-4.966295,-5.885490,-0.125448,0.000000,0.000000,0.000000,0.000000,0.000000,0.000000,297.030864,261.012917,1
3.468000,0.035920,0.025107,0.260329,-2.259434,0.057934,2.317368,0.228401,1.229144,-0.031517,-1.260661,1.584393,-6.750005,0.173077,6.923082,1.358923,-2.354674,0.060376,2.415050,2.688421,-1.678503,0.043039,1.721542,0.660037,-3.016790,0.077354,3.094143,1.568518,9.524001,-0.244205,-9.768206,-6.487960,-2.558396,0.065600,2.623996,0.747851,19.261642,-0.493888,-19.755531,-9.251988,-1.138480,0.029192,1.167672,1.576404,-1.230680,0.031556,1.262236,1.984195,-4.446573,0.114015,4.560588,-0.551370,0.000000,0.000000,0.000000,3.723656,17.793430,4.561666,-5.009560,-6.746414,0.272235,0.000000,0.000000,0.000000,0.000000,0.000000,0.000000,299.824790,263.716604,1
3.472000,-0.008965,0.030819,0.229764,2.020063,-0.051796,-2.071860,-1.548895,-0.331615,0.008503,0.340118,0.821462,-3.123162,0.080081,3.203243,-1.610560,-1.408058,0.036104,1.444162,1.194671,-1.488485,0.038166,1.526652,0.378722,2.760650,-0.070786,-2.831435,-1.239801,-0.837203,0.021467,0.858670,0.622680,0.094862,-0.002432,-0.097295,-0.143575,-0.371081,0.009515,0.380596,-0.278576,2.332159,-0.059799,-2.391958,-1.110728,-0.985861,0.025278,1.011140,0.173719,-2.619967,0.067179,2.687145,-1.084102,0.000000,0.000000,0.000000,3.924583,5.866044,0.600600,-4.085802,-7.148887,2.156547,0.000000,0.000000,0.000000,0.000000,0.000000,0.000000,299.908237,263.734625,1
3.482000,-0.009430,0.032168,0.228008,2.020063,-0.051796,-2.071860,-1.684097,-0.331615,0.008503,0.340118,0.864993,-3.123162,0.080081,3.203243,-1.530842,-1.408058,0.036104,1.444162,0.986921,-1.488485,0.038166,1.526652,0.435526,2.760650,-0.070786,-2.831435,-1.249911,-0.837203,0.021467,0.858670,0.748734,0.094862,-0.002432,-0.097295,-0.103394,-0.371081,0.009515,0.380596,-0.043406,2.332159,-0.059799,-2.391958,-1.149304,-0.985861,0.025278,1.011140,0.253152,-2.619967,0.067179,2.687145,-1.227534,0.000000,0.000000,0.000000,4.042959,6.295870,0.730132,-4.085572,-6.908789,2.046339,0.000000,0.000000,0.000000,0.000000,0.000000,0.000000,300.121131,263.783144,1
3.484000,-0.007705,0.025328,0.242453,-0.382355,0.009804,0.392159,-0.138236,-0.388800,0.009969,0.398770,0.440618,-1.000461,0.025653,1.026114,-0.537324,-0.874671,0.022427,0.897098,-0.099843,-0.037572,0.000963,0.038536,-0.051899,2.777643,-0.071222,-2.848865,-1.596049,0.814617,-0.020888,-0.835505,0.333531,-0.033398,0.000856,0.034255,-0.121867,1.886176,-0.048363,-1.934540,-1.425520,-0.240869,0.006176,0.247045,0.308257,-0.150001,0.003846,0.153847,-0.003211,-1.793152,0.045978,1.839131,-0.325628,0.000000,0.000000,0.000000,2.565660,5.337304,0.983204,-2.792354,-3.659191,0.334144,0.000000,0.000000,0.000000,0.000000,0.000000,0.000000,300.139403,263.795098,1
3.494000,-0.007555,0.025305,0.241407,-0.382355,0.009804,0.392159,-0.135027,-0.388800,0.009969,0.398770,0.593174,-1.000461,0.025653,1.026114,-0.809249,-0.874671,0.022427,0.897098,0.047806,-0.037572,0.000963,0.038536,-0.043882,2.777643,-0.071222,-2.848865,-1.425022,0.814617,-0.020888,-0.835505,0.113058,-0.033398,0.000856,0.034255,-0.109428,1.886176,-0.048363,-1.934540,-1.082468,-0.240869,0.006176,0.247045,0.356361,-0.150001,0.003846,0.153847,0.118123,-1.793152,0.045978,1.839131,-0.607806,0.000000,0.000000,0.000000,2.909294,6.158864,1.180497,-3.130521,-4.318508,0.506671,0.000000,0.000000,0.000000,0.000000,0.000000,0.000000,300.225808,263.839482,1
3.496000,-0.008943,0.023945,0.240478,0.095856,-0.002458,-0.098314,-0.314461,-0.432059,0.011078,0.443138,0.624122,-0.956172,0.024517,0.980689,-0.871763,0.028917,-0.000741,-0.029658,-0.043004,-0.012666,0.000325,0.012991,-0.025083,0.691802,-0.017739,-0.709541,-0.427416,0.213171,-0.005466,-0.218637,0.044874,0.072437,-0.001857,-0.074294,-0.089741,0.640539,-0.016424,-0.656963,-0.352824,0.146777,-0.003764,-0.150541,0.234827,-0.472701,0.012121,0.484821,0.202876,-1.044889,0.026792,1.071681,-0.820147,0.000000,0.000000,0.000000,2.854869,5.300676,0.996412,-2.987280,-4.394409,0.462599,0.000000,0.000000,0.000000,0.000000,0.000000,0.000000,300.231264,263.837821,1
3.506000,-0.009188,0.023893,0.238725,0.095856,-0.002458,-0.098314,-0.346325,-0.432059,0.011078,0.443138,0.779150,-0.956172,0.024517,0.980689,-1.141326,0.028917,-0.000741,-0.029658,-0.091685,-0.012666,0.000325,0.012991,-0.029560,0.691802,-0.017739,-0.709541,-0.313081,0.213171,-0.005466,-0.218637,0.036441,0.072437,-0.001857,-0.074294,-0.073395,0.640539,-0.016424,-0.656963,-0.253482,0.146777,-0.003764,-0.150541,0.251809,-0.472701,0.012121,0.484821,0.296073,-1.044889,0.026792,1.071681,-1.066165,0.000000,0.000000,0.000000,3.137426,5.967536,1.189247,-3.322064,-4.988039,0.575245,0.000000,0.000000,0.000000,0.000000,0.000000,0.000000,300.263542,263.823937,1
3.508000,-0.007677,0.024501,0.240702,-0.079686,0.002043,0.081729,-0.277233,-0.281527,0.007219,0.288746,0.694108,-1.038597,0.026631,1.065228,-0.841853,-0.342688,0.008787,0.351475,0.013608,-0.032362,0.000830,0.033192,-0.021393,1.411606,-0.036195,-1.447801,-0.622761,0.498410,-0.012780,-0.511190,0.062053,0.092509,-0.002372,-0.094881,-0.122624,1.515773,-0.038866,-1.554639,-0.548047,0.052367,-0.001343,-0.053710,0.350552,-0.350283,0.008982,0.359264,0.241548,-1.179078,0.030233,1.209310,-0.853774,0.000000,0.000000,0.000000,3.068001,6.021521,1.065573,-3.255355,-4.562701,0.552266,0.000000,0.000000,0.000000,0.000000,0.000000,0.000000,300.271663,263.824045,1
3.518000,-0.007387,0.024881,0.238804,-0.078828,0.002021,0.080849,-0.314626,-0.267957,0.006871,0.274827,0.875173,-1.094326,0.028060,1.122386,-1.147087,-0.404085,0.010361,0.414447,0.010497,-0.036724,0.000942,0.037665,-0.020222,1.549026,-0.039719,-1.588744,-0.649336,0.536890,-0.013766,-0.550657,0.029079,0.102895,-0.002638,-0.105533,-0.096850,1.679588,-0.043066,-1.722655,-0.632267,0.059452,-0.001524,-0.060977,0.380300,-0.356357,0.009137,0.365494,0.335878,-1.210981,0.031051,1.242032,-1.112853,0.000000,0.000000,0.000000,3.341945,6.649343,1.231460,-3.612399,-5.217948,0.706596,0.000000,0.000000,0.000000,0.000000,0.000000,0.000000,300.324001,263.821681,1
3.520000,-0.007645,0.026373,0.240469,-0.060217,0.001544,0.061761,-0.230739,-0.323972,0.008307,0.332279,0.638046,-1.199856,0.030766,1.230621,-0.874871,-0.625159,0.016030,0.641188,0.009888,-0.069935,0.001793,0.071728,-0.037832,1.922507,-0.049295,-1.971802,-0.722088,0.765169,-0.019620,-0.784789,0.008446,0.138353,-0.003548,-0.141900,-0.085268,2.192282,-0.056212,-2.248494,-0.855338,0.125381,-0.003215,-0.128596,0.325686,-0.484654,0.012427,0.497081,0.263472,-1.260672,0.032325,1.292996,-0.928701,0.000000,0.000000,0.000000,3.263100,6.085657,1.027743,-3.311011,-4.823218,0.625172,0.000000,0.000000,0.000000,0.000000,0.000000,0.000000,300.336103,263.824412,1
3.530000,-0.007697,0.026581,0.238460,-0.060217,0.001544,0.061761,-0.266706,-0.323972,0.008307,0.332279,0.802207,-1.199856,0.030766,1.230621,-1.191579,-0.625159,0.016030,0.641188,0.012588,-0.069935,0.001793,0.071728,-0.029459,1.922507,-0.049295,-1.971802,-0.789288,0.765169,-0.019620,-0.784789,-0.002644,0.138353,-0.003548,-0.141900,-0.081896,2.192282,-0.056212,-2.248494,-0.906607,0.125381,-0.003215,-0.128596,0.342511,-0.484654,0.012427,0.497081,0.346379,-1.260672,0.032325,1.292996,-1.199994,0.000000,0.000000,0.000000,3.502991,6.659720,1.175782,-3.658803,-5.430296,0.760666,0.000000,0.000000,0.000000,0.000000,0.000000,0.000000,300.407463,263.834159,1
3.532000,-0.012834,0.019644,0.245842,-0.359052,0.009206,0.368259,-0.074023,-0.314458,0.008063,0.322521,0.466810,-1.081629,0.027734,1.109364,-0.529214,-0.061743,0.001583,0.063326,-0.120026,-0.012055,0.000309,0.012365,-0.057265,1.990182,-0.051030,-2.041213,-0.894266,0.069181,-0.001774,-0.070955,0.004802,-0.110526,0.002834,0.113360,-0.051381,1.705070,-0.043720,-1.748790,-0.756639,-0.149090,0.003823,0.152912,0.425684,-0.302631,0.007760,0.310391,0.143257,-1.442823,0.036995,1.479818,-0.564457,0.000000,0.000000,0.000000,2.791698,5.734934,1.113422,-2.987875,-4.400636,0.391485,0.000000,0.000000,0.000000,0.000000,0.000000,0.000000,300.417208,263.838048,1
3.542000,-0.013055,0.019323,0.244209,-0.359052,0.009206,0.368259,-0.065821,-0.314458,0.008063,0.322521,0.652579,-1.081629,0.027734,1.109364,-0.913140,-0.061743,0.001583,0.063326,-0.100085,-0.012055,0.000309,0.012365,-0.038777,1.990182,-0.051030,-2.041213,-0.892011,0.069181,-0.001774,-0.070955,0.083045,-0.110526,0.002834,0.113360,-0.026080,1.705070,-0.043720,-1.748790,-0.736020,-0.149090,0.003823,0.152912,0.486361,-0.302631,0.007760,0.310391,0.243285,-1.442823,0.036995,1.479818,-0.882468,0.000000,0.000000,0.000000,3.099808,6.478794,1.311334,-3.355261,-5.178702,0.566857,0.000000,0.000000,0.000000,0.000000,0.000000,0.000000,300.475479,263.849143,1
3.544000,-0.001364,0.021737,0.247094,-0.098853,0.002535,0.101388,-0.356137,-0.387842,0.009945,0.397787,0.815045,-0.864916,0.022177,0.887093,-0.623347,-0.635245,0.016288,0.651533,0.083034,-0.064363,0.001650,0.066013,-0.036999,1.609612,-0.041272,-1.650884,-0.591754,0.398026,-0.010206,-0.408232,0.014566,0.002292,-0.000059,-0.002351,-0.044122,0.858350,-0.022009,-0.880359,-0.240876,0.079588,-0.002041,-0.081629,0.356243,-0.469074,0.012028,0.481102,0.320990,-1.018663,0.026120,1.044783,-0.734095,0.000000,0.000000,0.000000,3.164041,5.829708,0.928677,-3.466238,-4.162979,0.682509,0.000000,0.000000,0.000000,0.000000,0.000000,0.000000,300.481710,263.849800,1
3.554000,-0.000812,0.021913,0.245116,-0.098853,0.002535,0.101388,-0.373076,-0.387842,0.009945,0.397787,1.021041,-0.864916,0.022177,0.887093,-1.007705,-0.635245,0.016288,0.651533,0.084921,-0.064363,0.001650,0.066013,-0.028989,1.609612,-0.041272,-1.650884,-0.650781,0.398026,-0.010206,-0.408232,0.013472,0.002292,-0.000059,-0.002351,-0.034414,0.858350,-0.022009,-0.880359,-0.258718,0.079588,-0.002041,-0.081629,0.390465,-0.469074,0.012028,0.481102,0.420780,-1.018663,0.026120,1.044783,-1.049048,0.000000,0.000000,0.000000,3.460047,6.517839,1.085938,-3.864634,-4.872278,0.924008,0.000000,0.000000,0.000000,0.000000,0.000000,0.000000,300.522042,263.848790,1
3.556000,-0.008391,0.023585,0.237718,-0.173144,0.004440,0.177584,-0.320008,-0.234814,0.006021,0.240835,1.074766,-0.620790,0.015918,0.636708,-1.535968,-0.356415,0.009139,0.365554,0.000324,-0.026848,0.000688,0.027536,-0.029062,1.333320,-0.034188,-1.367507,-0.456226,0.457234,-0.011724,-0.468958,0.010078,0.001195,-0.000031,-0.001226,-0.036370,1.015415,-0.026036,-1.041452,-0.260586,-0.004428,0.000114,0.004542,0.483006,-0.255219,0.006544,0.261763,0.331792,-0.860044,0.022052,0.882097,-1.361958,0.000000,0.000000,0.000000,3.366106,6.803292,1.393935,-3.834474,-5.532459,0.697368,0.000000,0.000000,0.000000,0.000000,0.000000,0.000000,300.529012,263.846793,1
3.566000,-0.008561,0.023618,0.234879,-0.173144,0.004440,0.177584,-0.328253,-0.234814,0.006021,0.240835,1.214041,-0.620790,0.015918,0.636708,-1.816966,-0.356415,0.009139,0.365554,-0.003039,-0.026848,0.000688,0.027536,-0.029931,1.333320,-0.034188,-1.367507,-0.502058,0.457234,-0.011724,-0.468958,0.016950,0.001195,-0.000031,-0.001226,-0.034556,1.015415,-0.026036,-1.041452,-0.300718,-0.004428,0.000114,0.004542,0.546369,-0.255219,0.006544,0.261763,0.364436,-0.860044,0.022052,0.882097,-1.589308,0.000000,0.000000,0.000000,3.525134,7.114436,1.468383,-4.034991,-5.960516,0.822643,0.000000,0.000000,0.000000,0.000000,0.000000,0.000000,300.569182,263.834424,1
3.568000,-0.010649,0.022550,0.242589,0.033858,-0.000868,-0.034727,-0.129674,-0.395550,0.010142,0.405692,0.724713,-0.990941,0.025409,1.016350,-1.302347,-0.048933,0.001255,0.050188,-0.289593,-0.012062,0.000309,0.012371,-0.050339,2.039618,-0.052298,-2.091915,-0.773706,0.033935,-0.000870,-0.034805,0.136326,-0.006042,0.000155,0.006197,-0.018627,0.397313,-0.010188,-0.407501,-0.072792,0.272243,-0.006981,-0.279224,0.180649,-0.475836,0.012201,0.488037,0.266198,-1.262562,0.032373,1.294936,-0.816265,0.000000,0.000000,0.000000,3.274061,6.016223,1.435483,-3.214445,-5.641255,0.340456,0.000000,0.000000,0.000000,0.000000,0.000000,0.000000,300.578237,263.833675,1
3.578000,-0.011007,0.021969,0.240352,0.033858,-0.000868,-0.034727,-0.119075,-0.395550,0.010142,0.405692,0.879821,-0.990941,0.025409,1.016350,-1.600466,-0.048933,0.001255,0.050188,-0.276006,-0.012062,0.000309,0.012371,-0.035284,2.039618,-0.052298,-2.091915,-0.835730,0.033935,-0.000870,-0.034805,0.186700,-0.006042,0.000155,0.006197,-0.012278,0.397313,-0.010188,-0.407501,-0.052037,0.272243,-0.006981,-0.279224,0.246478,-0.475836,0.012201,0.488037,0.364279,-1.262562,0.032373,1.294936,-1.082354,0.000000,0.000000,0.000000,3.550905,6.632241,1.655857,-3.489837,-6.181448,0.380529,0.000000,0.000000,0.000000,0.000000,0.000000,0.000000,300.632500,263.825580,1
3.582000,-0.007018,0.025494,0.236395,-0.100230,0.002570,0.102800,-0.268454,-0.193310,0.004957,0.198267,1.168154,-0.928361,0.023804,0.952166,-1.889617,-0.561604,0.014400,0.576004,-0.140302,-0.016182,0.000415,0.016597,-0.046289,2.930835,-0.075150,-3.005985,-0.519839,0.480564,-0.012322,-0.492887,0.287844,-0.001683,0.000043,0.001726,-0.046142,2.099298,-0.053828,-2.153126,-0.243711,0.101795,-0.002610,-0.104405,0.424550,-0.260206,0.006672,0.266878,0.423648,-1.163244,0.029827,1.193071,-1.540795,0.000000,0.000000,0.000000,3.781684,7.493406,1.455824,-4.139811,-6.502293,1.023682,0.000000,0.000000,0.000000,0.000000,0.000000,0.000000,300.657960,263.819576,1
3.592000,-0.007145,0.025656,0.233321,-0.100230,0.002570,0.102800,-0.272746,-0.193310,0.004957,0.198267,1.269810,-0.928361,0.023804,0.952166,-2.119086,-0.561604,0.014400,0.576004,-0.048658,-0.016182,0.000415,0.016597,-0.073750,2.930835,-0.075150,-3.005985,-0.960119,0.480564,-0.012322,-0.492887,0.252746,-0.001683,0.000043,0.001726,-0.058979,2.099298,-0.053828,-2.153126,-0.581432,0.101795,-0.002610,-0.104405,0.495292,-0.260206,0.006672,0.266878,0.422894,-1.163244,0.029827,1.193071,-1.727466,0.000000,0.000000,0.000000,3.872563,7.666937,1.497470,-4.336179,-6.776258,1.069372,0.000000,0.000000,0.000000,0.000000,0.000000,0.000000,300.746110,263.821478,1
3.594000,-0.012981,0.013923,0.244690,-0.036141,0.000927,0.037068,-0.096797,-0.629005,0.016128,0.645134,0.820710,-0.773399,0.019831,0.793230,-1.427469,-0.451280,0.011571,0.462851,0.020343,-0.006585,0.000169,0.006754,-0.033400,1.175102,-0.030131,-1.205233,-0.422078,0.072109,-0.001849,-0.073958,0.046773,-0.005928,0.000152,0.006080,-0.010609,-1.025938,0.026306,1.052244,0.415866,0.219435,-0.005627,-0.225062,0.321499,-0.652507,0.016731,0.669238,0.263128,-1.127938,0.028921,1.156859,-1.006200,0.000000,0.000000,0.000000,3.402660,5.812869,1.331858,-3.500912,-5.615320,0.570421,0.000000,0.000000,0.000000,0.000000,0.000000,0.000000,300.754185,263.820049,1
3.604000,-0.013466,0.013370,0.242250,-0.036141,0.000927,0.037068,-0.105072,-0.629005,0.016128,0.645134,0.972494,-0.773399,0.019831,0.793230,-1.689582,-0.451280,0.011571,0.462851,-0.001592,-0.006585,0.000169,0.006754,-0.026792,1.175102,-0.030131,-1.205233,-0.435722,0.072109,-0.001849,-0.073958,0.106117,-0.005928,0.000152,0.006080,-0.006883,-1.025938,0.026306,1.052244,0.459792,0.219435,-0.005627,-0.225062,0.375567,-0.652507,0.016731,0.669238,0.358992,-1.127938,0.028921,1.156859,-1.280997,0.000000,0.000000,0.000000,3.668869,6.384771,1.538591,-3.771605,-6.110097,0.632137,0.000000,0.000000,0.000000,0.000000,0.000000,0.000000,300.802144,263.809621,1
3.608000,-0.005849,0.026852,0.234057,0.001258,-0.000032,-0.001290,-0.324424,-0.339180,0.008697,0.347877,1.201239,-0.781627,0.020042,0.801669,-1.881251,-0.525370,0.013471,0.538841,-0.002796,-0.009072,0.000233,0.009305,-0.053686,1.651877,-0.042356,-1.694233,-0.304436,0.601220,-0.015416,-0.616636,0.276386,0.003964,-0.000102,-0.004066,-0.046020,1.187525,-0.030449,-1.217974,-0.082493,0.223407,-0.005728,-0.229135,0.325524,-0.510471,0.013089,0.523560,0.534064,-0.830624,0.021298,0.851922,-1.647040,0.000000,0.000000,0.000000,3.619894,7.326519,1.418816,-4.033689,-6.236464,0.988378,0.000000,0.000000,0.000000,0.000000,0.000000,0.000000,300.820035,263.802245,1
3.618000,-0.005863,0.027141,0.230875,0.001258,-0.000032,-0.001290,-0.370769,-0.339180,0.008697,0.347877,1.318849,-0.781627,0.020042,0.801669,-2.113140,-0.525370,0.013471,0.538841,0.015761,-0.009072,0.000233,0.009305,-0.052760,1.651877,-0.042356,-1.694233,-0.514305,0.601220,-0.015416,-0.616636,0.179469,0.003964,-0.000102,-0.004066,-0.044360,1.187525,-0.030449,-1.217974,-0.259330,0.223407,-0.005728,-0.229135,0.360000,-0.510471,0.013089,0.523560,0.544832,-0.830624,0.021298,0.851922,-1.828322,0.000000,0.000000,0.000000,3.724843,7.531923,1.462319,-4.228863,-6.534691,1.055647,0.000000,0.000000,0.000000,0.000000,0.000000,0.000000,300.873892,263.787196,1
3.620000,-0.000894,0.024276,0.243183,0.604030,-0.015488,-0.619518,-0.346133,0.209536,-0.005373,-0.214908,0.916692,-2.435106,0.062439,2.497545,-1.302414,1.331044,-0.034129,-1.365174,-0.860825,0.221638,-0.005683,-0.227321,-0.091562,-0.008952,0.000230,0.009181,0.011028,-0.120381,0.003087,0.123468,0.493580,0.008409,-0.000216,-0.008625,-0.035986,-2.136129,0.054773,2.190901,0.914063,0.067920,-0.001742,-0.069661,0.451419,0.850317,-0.021803,-0.872120,-0.047029,-3.121426,0.080037,3.201462,-0.693254,0.000000,0.000000,0.000000,3.492151,7.234652,1.313058,-3.780417,-6.719294,1.345205,0.000000,0.000000,0.000000,0.000000,0.000000,0.000000,300.892324,263.782826,1
3.630000,-0.000541,0.024412,0.241063,0.604030,-0.015488,-0.619518,-0.476066,0.209536,-0.005373,-0.214908,1.024374,-2.435106,0.062439,2.497545,-1.436077,1.331044,-0.034129,-1.365174,-1.145194,0.221638,-0.005683,-0.227321,-0.120239,-0.008952,0.000230,0.009181,0.011386,-0.120381,0.003087,0.123468,0.490516,0.008409,-0.000216,-0.008625,-0.030347,-2.136129,0.054773,2.190901,1.004111,0.067920,-0.001742,-0.069661,0.430411,0.850317,-0.021803,-0.872120,-0.061801,-3.121426,0.080037,3.201462,-0.772107,0.000000,0.000000,0.000000,3.582540,7.481885,1.379128,-3.921640,-6.924345,1.389839,0.000000,0.000000,0.000000,0.000000,0.000000,0.000000,300.997415,263.761743,1
3.632000,-0.007195,0.025969,0.231115,0.221123,-0.005670,-0.226793,-0.364161,0.724344,-0.018573,-0.742917,0.951909,-2.448422,0.062780,2.511202,-1.738993,-0.322149,0.008260,0.330409,-0.492973,0.057847,-0.001483,-0.059330,-0.120548,2.685493,-0.068859,-2.754352,-0.654627,-0.093755,0.002404,0.096159,0.803924,0.005881,-0.000151,-0.006031,-0.074821,1.234984,-0.031666,-1.266650,-0.013540,-0.272514,0.006988,0.279501,0.581875,1.277899,-0.032767,-1.310665,-0.174768,-3.042490,0.078013,3.120502,-1.082054,0.000000,0.000000,0.000000,3.799284,7.882981,1.737492,-4.307989,-7.289181,1.415614,0.000000,0.000000,0.000000,0.000000,0.000000,0.000000,301.019401,263.749275,1
3.642000,-0.007457,0.026238,0.228412,0.221123,-0.005670,-0.226793,-0.376530,0.724344,-0.018573,-0.742917,1.006626,-2.448422,0.062780,2.511202,-1.834783,-0.322149,0.008260,0.330409,-0.380910,0.057847,-0.001483,-0.059330,-0.092064,2.685493,-0.068859,-2.754352,-0.956326,-0.093755,0.002404,0.096159,0.814322,0.005881,-0.000151,-0.006031,-0.060648,1.234984,-0.031666,-1.266650,-0.236914,-0.272514,0.006988,0.279501,0.692223,1.277899,-0.032767,-1.310665,-0.227577,-3.042490,0.078013,3.120502,-1.170947,0.000243,-0.020570,-0.010599,3.872924,7.944948,1.726466,-4.365182,-7.376098,1.445984,0.000000,0.000000,0.000000,0.000000,0.000000,0.000000,301.146707,263.693877,1
3.644000,-0.008200,0.024948,0.228218,0.272227,-0.006980,-0.279207,-0.411558,0.682955,-0.017512,-0.700466,0.985421,-2.584997,0.066282,2.651279,-1.771661,-0.398089,0.010207,0.408296,-0.402656,0.052114,-0.001336,-0.053450,-0.093556,2.865955,-0.073486,-2.939441,-0.985820,-0.020581,0.000528,0.021108,0.844134,0.005542,-0.000142,-0.005684,-0.057668,1.394361,-0.035753,-1.430114,-0.299164,-0.220220,0.005647,0.225866,0.712061,1.236114,-0.031695,-1.267809,-0.289266,-3.184139,0.081645,3.265783,-1.100926,-0.001422,-0.026126,-0.014951,3.860635,7.708613,1.703599,-4.333018,-7.423425,1.401963,0.000000,0.000000,0.000000,0.000000,0.000000,0.000000,301.172983,263.683565,1
3.654000,-0.008597,0.025169,0.225382,0.272227,-0.006980,-0.279207,-0.448560,0.682955,-0.017512,-0.700466,1.043228,-2.584997,0.066282,2.651279,-1.847368,-0.398089,0.010207,0.408296,-0.306033,0.052114,-0.001336,-0.053450,-0.089859,2.865955,-0.073486,-2.939441,-1.155670,-0.020581,0.000528,0.021108,0.799947,0.005542,-0.000142,-0.005684,-0.045551,1.394361,-0.035753,-1.430114,-0.411168,-0.220220,0.005647,0.225866,0.799963,1.236114,-0.031695,-1.267809,-0.328561,-3.184139,0.081645,3.265783,-1.194768,-0.017856,-0.184863,-0.112988,3.920242,7.804224,1.728226,-4.374917,-7.473380,1.415897,-0.004060,0.027692,-0.012001,0.000000,0.000000,0.000000,301.316832,263.634306,1
3.656000,-0.001279,0.030003,0.230745,0.274447,-0.007037,-0.281485,-0.521558,0.595515,-0.015270,-0.610785,0.772923,-2.863374,0.073420,2.936793,-1.242127,0.554766,-0.014225,-0.568991,-0.842463,0.291349,-0.007470,-0.298820,-0.128368,0.649274,-0.016648,-0.665922,-0.065954,-0.802177,0.020569,0.822746,1.317387,0.112514,-0.002885,-0.115399,-0.053486,-0.151550,0.003886,0.155436,0.232092,-0.378106,0.009695,0.387801,0.707023,1.347952,-0.034563,-1.382515,-0.634398,-3.602739,0.092378,3.695117,-0.420446,0.067864,-0.142102,-0.023089,3.353294,6.621399,1.040578,-4.004196,-6.479285,1.453418,0.000000,0.000000,0.000000,0.000000,0.000000,0.000000,301.334151,263.628930,1
3.666000,-0.001139,0.030599,0.228440,0.274447,-0.007037,-0.281485,-0.548109,0.595515,-0.015270,-0.610785,0.866287,-2.863374,0.073420,2.936793,-1.296021,0.554766,-0.014225,-0.568991,-0.842781,0.291349,-0.007470,-0.298820,-0.162079,0.649274,-0.016648,-0.665922,-0.139739,-0.802177,0.020569,0.822746,1.328517,0.112514,-0.002885,-0.115399,-0.051080,-0.151550,0.003886,0.155436,0.146658,-0.378106,0.009695,0.387801,0.793760,1.347952,-0.034563,-1.382515,-0.572250,-3.602739,0.092378,3.695117,-0.584633,0.459270,-1.043083,-0.207284,3.531597,7.253826,1.234947,-4.121972,-6.590932,1.476486,-0.031531,0.019929,0.011913,0.000000,0.000000,0.000000,301.429067,263.593935,1
3.670000,-0.008755,0.023648,0.225543,0.286099,-0.007336,-0.293435,-0.523242,0.703382,-0.018035,-0.721417,0.837950,-2.604118,0.066772,2.670890,-1.069371,0.164945,-0.004229,-0.169174,-0.739366,0.255148,-0.006542,-0.261690,-0.324260,1.048974,-0.026897,-1.075870,-0.583015,-0.427182,0.010953,0.438135,1.117598,0.120461,-0.003089,-0.123550,-0.071196,0.516027,-0.013231,-0.529258,-0.058898,-0.401634,0.010298,0.411933,1.127089,1.605153,-0.041158,-1.646311,-0.588391,-3.555674,0.091171,3.646845,-0.869455,1.786248,-4.548231,-0.874164,3.528190,7.111763,1.553825,-4.066738,-6.108982,0.774875,-0.136264,0.412037,-0.129353,0.000000,0.000000,0.000000,301.467406,263.579222,1
3.680000,-0.009233,0.023810,0.223116,0.286099,-0.007336,-0.293435,-0.648746,0.703382,-0.018035,-0.721417,0.940557,-2.604118,0.066772,2.670890,-1.188009,0.164945,-0.004229,-0.169174,-0.767590,0.255148,-0.006542,-0.261690,-0.082627,1.048974,-0.026897,-1.075870,-1.506944,-0.427182,0.010953,0.438135,0.979128,0.120461,-0.003089,-0.123550,-0.027563,0.516027,-0.013231,-0.529258,-0.092137,-0.401634,0.010298,0.411933,1.063761,1.605153,-0.041158,-1.646311,-0.613656,-3.555674,0.091171,3.646845,-0.907588,1.517937,-4.929026,-1.315216,3.429586,7.241250,1.720785,-4.139402,-6.048577,0.684727,-0.286860,0.992902,-0.338250,0.000000,0.000000,0.000000,301.577947,263.546536,1
3.686000,0.000817,0.038137,0.228166,0.310089,-0.007951,-0.318040,-0.830094,0.623260,-0.015981,-0.639241,0.425057,-2.823575,0.072399,2.895975,-0.155278,0.213335,-0.005470,-0.218806,-0.974467,1.163097,-0.029823,-1.192920,0.237344,-1.704022,0.043693,1.747715,-1.658561,-0.829510,0.021269,0.850780,1.002896,0.088345,-0.002265,-0.090610,-0.042901,-0.554677,0.014222,0.568899,0.361978,-0.527817,0.013534,0.541351,0.436666,1.786884,-0.045818,-1.832702,-0.617354,-4.005333,0.102701,4.108034,0.122807,1.292287,-5.787107,-1.705877,3.038314,7.797485,1.515898,-3.356553,-3.652346,0.315693,0.000000,0.000000,0.000000,0.000000,0.000000,0.000000,301.621842,263.543592,1
3.696000,0.000892,0.038634,0.227229,0.310089,-0.007951,-0.318040,-0.895877,0.623260,-0.015981,-0.639241,0.472131,-2.823575,0.072399,2.895975,-0.147779,0.213335,-0.005470,-0.218806,-1.068189,1.163097,-0.029823,-1.192920,0.224680,-1.704022,0.043693,1.747715,-1.613743,-0.829510,0.021269,0.850780,1.041094,0.088345,-0.002265,-0.090610,-0.043784,-0.554677,0.014222,0.568899,0.307819,-0.527817,0.013534,0.541351,0.369221,1.786884,-0.045818,-1.832702,-0.450039,-4.005333,0.102701,4.108034,-0.132407,1.169851,-5.532926,-1.675027,3.061917,8.118168,1.646518,-3.436281,-3.811220,0.380316,0.000000,0.000000,0.000000,0.000000,0.000000,0.000000,301.691544,263.526052,1
3.702000,-0.041858,0.037320,0.223444,0.573085,-0.014694,-0.587779,0.183030,0.392978,-0.010076,-0.403055,-0.254072,-3.353475,0.085987,3.439462,1.493741,0.460271,-0.011802,-0.472073,0.168257,2.058039,-0.052770,-2.110810,0.241880,-5.452259,0.139802,5.592060,0.667843,-1.543126,0.039567,1.582693,-0.125407,0.012772,-0.000327,-0.013099,1.639516,-0.204917,0.005254,0.210171,-2.152760,-0.422229,0.010826,0.433056,1.526332,1.801312,-0.046187,-1.847499,-0.811449,-4.731473,0.121320,4.852793,2.861783,2.971426,-5.621337,-0.546118,-0.052678,1.077842,0.856228,0.221728,-1.869691,1.420595,-4.149574,10.723088,-2.480034,0.000000,0.000000,0.000000,301.849899,263.667967,1
3.712000,-0.044686,0.038055,0.222541,0.573085,-0.014694,-0.587779,0.270107,0.392978,-0.010076,-0.403055,-0.428192,-3.353475,0.085987,3.439462,1.219308,0.460271,-0.011802,-0.472073,0.260468,2.058039,-0.052770,-2.110810,0.082872,-5.452259,0.139802,5.592060,0.511479,-1.543126,0.039567,1.582693,-0.079622,0.012772,-0.000327,-0.013099,1.357437,-0.204917,0.005254,0.210171,-2.274561,-0.422229,0.010826,0.433056,0.784364,1.801312,-0.046187,-1.847499,-0.851723,-4.731473,0.121320,4.852793,2.340806,2.716260,-6.243795,-1.079161,6.092478,14.191432,6.491843,-0.136154,-2.694006,1.682857,-4.197043,8.573245,-1.388181,0.000000,0.000000,0.000000,302.065676,263.862175,1
3.718000,-0.015722,0.032494,0.233491,0.095264,-0.002443,-0.097706,0.375659,-0.404808,0.010380,0.415188,-0.077283,-3.983957,0.102153,4.086109,2.036650,0.048269,-0.001238,-0.049507,0.697307,0.846667,-0.021709,-0.868376,0.416059,-5.147274,0.131981,5.279256,0.866411,-1.805820,0.046303,1.852123,0.464048,-0.804162,0.020620,0.824782,1.531251,-1.270812,0.032585,1.303397,-1.436593,-1.012422,0.025960,1.038382,1.529154,0.640048,-0.016411,-0.656460,-0.512465,-1.195860,0.030663,1.226523,0.382906,2.821363,-5.059678,-0.355695,0.000000,0.000000,0.000000,-0.079112,-0.793354,0.431944,-3.039835,8.288021,-1.544546,0.000000,0.000000,0.000000,302.184173,263.952626,1
3.728000,-0.016974,0.032955,0.233136,0.095264,-0.002443,-0.097706,0.340946,-0.404808,0.010380,0.415188,-0.062299,-3.983957,0.102153,4.086109,1.826673,0.048269,-0.001238,-0.049507,0.734319,0.846667,-0.021709,-0.868376,0.394564,-5.147274,0.131981,5.279256,0.676755,-1.805820,0.046303,1.852123,0.411340,-0.804162,0.020620,0.824782,1.323547,-1.270812,0.032585,1.303397,-1.414272,-1.012422,0.025960,1.038382,1.130311,0.640048,-0.016411,-0.656460,-0.474912,-1.195860,0.030663,1.226523,0.470148,3.023276,-5.628138,-0.467046,0.000000,0.000000,0.000000,-0.124478,-1.116476,0.606522,-3.045799,8.027003,-1.444709,0.000000,0.000000,0.000000,302.356511,264.079334,1
3.734000,-0.011838,0.024571,0.241871,-1.066088,0.027336,1.093424,-1.669936,-0.424655,0.010889,0.435543,0.665265,-2.466461,0.063243,2.529704,-0.870514,0.969390,-0.024856,-0.994246,1.736091,1.109541,-0.028450,-1.137990,0.321188,-4.246115,0.108875,4.354989,0.629744,-0.402125,0.010311,0.412435,1.128203,-0.569777,0.014610,0.584387,0.415378,-1.148625,0.029452,1.178077,-0.221774,-1.637349,0.041983,1.679332,1.478334,0.584993,-0.015000,-0.599992,-0.279498,2.691899,-0.069023,-2.760922,-1.121993,4.274572,-4.340563,1.006790,0.000000,0.000000,0.000000,0.000000,0.000000,0.000000,-0.740620,5.083993,-1.769208,0.000000,0.000000,0.000000,302.451727,264.097979,1
3.744000,-0.017693,0.026647,0.244921,3.963276,-0.101622,-4.064898,-4.567773,-0.879240,0.022545,0.901785,0.708073,4.598409,-0.117908,-4.716317,-2.436242,-1.527966,0.039179,1.567145,2.662343,0.246344,-0.006317,-0.252661,0.449856,-5.182635,0.132888,5.315523,0.673264,-2.791155,0.071568,2.862723,1.929692,-1.005634,0.025785,1.031419,0.363299,-2.865578,0.073476,2.939054,-0.004167,-2.175150,0.055773,2.230924,1.637329,0.303004,-0.007769,-0.310773,-0.170822,2.587581,-0.066348,-2.653929,-1.242110,3.377346,-5.886258,-0.271031,0.000000,0.000000,0.000000,0.000000,0.000000,0.000000,-2.268761,5.912596,-1.012350,0.000000,0.000000,0.000000,302.966470,264.610204,1
3.748000,-0.010219,0.025748,0.249053,-3.565504,0.091423,3.656927,0.473105,0.551749,-0.014147,-0.565896,0.025873,-5.755925,0.147588,5.903513,1.846898,2.107023,-0.054026,-2.161049,0.681097,0.803400,-0.020600,-0.824000,0.180580,-2.893390,0.074189,2.967580,1.069290,1.204939,-0.030896,-1.235835,0.092108,-0.555904,0.014254,0.570158,0.604081,-0.566022,0.014513,0.580535,-0.199613,0.330158,-0.008466,-0.338624,-0.637618,0.819883,-0.021023,-0.840905,-0.475699,2.847150,-0.073004,-2.920153,-1.416494,3.605635,-2.085676,1.331312,0.000000,0.000000,0.000000,0.000000,0.000000,0.000000,-0.520206,5.986225,-1.945466,0.000000,0.000000,0.000000,303.057543,264.686356,1
3.758000,-0.010458,0.025949,0.248610,-3.565504,0.091423,3.656927,1.225521,0.551749,-0.014147,-0.565896,-0.108107,-5.755925,0.147588,5.903513,2.357839,2.107023,-0.054026,-2.161049,0.487581,0.803400,-0.020600,-0.824000,0.304513,-2.893390,0.074189,2.967580,0.802794,1.204939,-0.030896,-1.235835,-0.108833,-0.555904,0.014254,0.570158,0.770300,-0.566022,0.014513,0.580535,-0.618594,0.330158,-0.008466,-0.338624,-0.719709,0.819883,-0.021023,-0.840905,-0.487329,2.847150,-0.073004,-2.920153,-1.342983,3.779183,-3.068231,0.982993,0.000000,0.000000,0.000000,0.000000,0.000000,0.000000,-0.850330,6.921485,-2.062189,0.000000,0.000000,0.000000,303.334117,264.929655,1
3.760000,-0.015025,0.028136,0.257340,-3.846037,0.098616,3.944654,2.779686,0.116269,-0.002981,-0.119251,-0.200947,-6.054963,0.155255,6.210219,2.497437,2.456525,-0.062988,-2.519513,-1.445924,-0.093747,0.002404,0.096151,-0.178438,-1.242735,0.031865,1.274600,0.756000,2.187917,-0.056100,-2.244018,-0.959038,-0.983481,0.025217,1.008698,0.672558,-0.122233,0.003134,0.125367,-0.547448,2.225330,-0.057060,-2.282389,-3.256636,0.882676,-0.022633,-0.905309,-0.667111,2.489497,-0.063833,-2.553330,-1.329859,1.301441,-0.536718,0.591754,0.000000,0.000000,0.000000,0.000000,0.000000,0.000000,-0.654837,5.821567,-1.653245,0.000000,0.000000,0.000000,303.425024,265.020220,1
3.770000,-0.015403,0.028498,0.256455,-3.846037,0.098616,3.944654,3.051307,0.116269,-0.002981,-0.119251,-0.159265,-6.054963,0.155255,6.210219,2.760579,2.456525,-0.062988,-2.519513,-1.356153,-0.093747,0.002404,0.096151,-0.098124,-1.242735,0.031865,1.274600,0.487799,2.187917,-0.056100,-2.244018,-0.922693,-0.983481,0.025217,1.008698,0.798103,-0.122233,0.003134,0.125367,-0.981507,2.225330,-0.057060,-2.282389,-3.041297,0.882676,-0.022633,-0.905309,-0.626278,2.489497,-0.063833,-2.553330,-1.217140,3.078069,-2.148885,1.031566,0.000000,0.000000,0.000000,0.000000,0.000000,0.000000,-0.978407,6.587929,-1.714778,0.000000,0.000000,0.000000,303.893644,265.486190,1
3.776000,-0.014200,0.024673,0.241820,0.450555,-0.011553,-0.462107,0.039456,0.007165,-0.000184,-0.007349,-0.112689,0.317545,-0.008142,-0.325688,0.083437,-0.031417,0.000806,0.032223,0.511846,-0.237770,0.006097,0.243866,0.743588,-1.207508,0.030962,1.238470,-0.379924,-0.194477,0.004987,0.199464,-0.486030,-0.720654,0.018478,0.739133,0.483239,-0.657718,0.016865,0.674583,-1.291867,-0.611972,0.015692,0.627663,-0.011258,0.305999,-0.007846,-0.313845,-0.231650,2.100695,-0.053864,-2.154559,-0.805707,2.469956,-4.908286,-0.465840,0.000000,0.000000,0.000000,0.000000,0.000000,0.000000,-2.243039,6.515989,-1.172893,0.000000,0.000000,0.000000,303.916779,265.491428,1
3.786000,-0.014224,0.025477,0.240308,0.462339,-0.011855,-0.474194,-0.011182,0.002698,-0.000069,-0.002767,-0.081151,0.718998,-0.018436,-0.737434,-0.139134,-0.130410,0.003344,0.133754,0.554908,-0.279421,0.007165,0.286586,0.938587,-1.212332,0.031085,1.243417,-0.908179,-0.311594,0.007990,0.319584,-0.370866,-0.746429,0.019139,0.765568,0.545940,-0.716609,0.018375,0.734984,-1.499856,-0.718439,0.018422,0.736860,0.004588,0.271319,-0.006957,-0.278276,-0.177848,2.088648,-0.053555,-2.142203,-0.833565,2.711890,-5.886414,-0.780429,0.000000,0.000000,0.000000,0.000000,0.000000,0.000000,-2.381228,6.990321,-1.227496,0.000000,0.000000,0.000000,303.967359,265.495005,1
3.790000,-0.008965,0.026995,0.249497,-0.006965,0.000179,0.007144,0.475446,0.019212,-0.000493,-0.019705,-0.213607,-0.632775,0.016225,0.649000,0.274214,0.295868,-0.007586,-0.303454,0.032148,-0.360816,0.009252,0.370068,0.601590,-1.262728,0.032378,1.295105,-0.431735,0.091547,-0.002347,-0.093894,-0.503412,-0.849833,0.021791,0.871623,0.536591,-0.767319,0.019675,0.786994,-0.973206,-0.094508,0.002423,0.096932,-0.202626,0.265065,-0.006797,-0.271861,-0.172634,1.384427,-0.035498,-1.419925,-0.569760,2.262287,-5.001547,-0.323510,0.000000,0.000000,0.000000,0.000000,0.000000,0.000000,-2.232586,6.326869,-1.227845,0.000000,0.000000,0.000000,303.979893,265.496704,1
3.800000,-0.009264,0.027641,0.247622,-0.006965,0.000179,0.007144,0.413444,0.019212,-0.000493,-0.019705,-0.145783,-0.632775,0.016225,0.649000,0.261321,0.295868,-0.007586,-0.303454,0.048845,-0.360816,0.009252,0.370068,0.812968,-1.262728,0.032378,1.295105,-0.869950,0.091547,-0.002347,-0.093894,-0.523804,-0.849833,0.021791,0.871623,0.611877,-0.767319,0.019675,0.786994,-1.247021,-0.094508,0.002423,0.096932,-0.198216,0.265065,-0.006797,-0.271861,-0.160914,1.384427,-0.035498,-1.419925,-0.555042,2.608150,-5.898647,-0.413657,0.000000,0.000000,0.000000,0.000000,0.000000,0.000000,-2.417857,6.927170,-1.393044,0.000000,0.000000,0.000000,304.020221,265.494189,1
3.802000,-0.015650,0.034867,0.250822,0.237440,-0.006088,-0.243528,0.154642,-0.010929,0.000280,0.011209,-0.092106,1.856331,-0.047598,-1.903930,-0.611703,-0.057192,0.001466,0.058658,0.010409,-0.398200,0.010210,0.408410,0.778188,-0.875620,0.022452,0.898072,-1.443821,-0.275955,0.007076,0.283031,-0.155829,-0.584878,0.014997,0.599875,0.546251,-0.931221,0.023877,0.955099,-1.281850,-0.791488,0.020295,0.811783,0.020039,0.056152,-0.001440,-0.057592,-0.049611,1.613443,-0.041370,-1.654813,-0.477448,2.759011,-6.672283,-0.662688,0.000000,0.000000,0.000000,0.000000,0.000000,0.000000,-2.697235,7.029776,-1.577707,0.000000,0.000000,0.000000,304.030668,265.494222,1
3.812000,-0.016287,0.035644,0.248469,0.237440,-0.006088,-0.243528,0.161188,-0.010929,0.000280,0.011209,-0.061789,1.856331,-0.047598,-1.903930,-0.705593,-0.057192,0.001466,0.058658,0.056762,-0.398200,0.010210,0.408410,0.924182,-0.875620,0.022452,0.898072,-1.769959,-0.275955,0.007076,0.283031,-0.169303,-0.584878,0.014997,0.599875,0.572843,-0.931221,0.023877,0.955099,-1.484666,-0.791488,0.020295,0.811783,0.022035,0.056152,-0.001440,-0.057592,-0.037791,1.613443,-0.041370,-1.654813,-0.571029,2.959523,-7.180642,-0.696707,0.000000,0.000000,0.000000,0.000000,0.000000,0.000000,-2.840682,7.363156,-1.681724,0.000000,0.000000,0.000000,304.091951,265.493596,1
3.816000,-0.000765,0.019638,0.250810,0.158982,-0.004076,-0.163058,0.024592,0.006096,-0.000156,-0.006252,-0.041656,-0.325350,0.008342,0.333692,0.073789,0.026300,-0.000674,-0.026974,0.144946,-0.674849,0.017304,0.692152,0.890067,-1.102698,0.028274,1.130972,-1.046210,-0.229255,0.005878,0.235134,-0.066137,-1.174717,0.030121,1.204838,0.829217,-0.660103,0.016926,0.677029,-1.169604,0.178289,-0.004572,-0.182861,-0.360992,0.016651,-0.000427,-0.017078,-0.053987,0.451599,-0.011579,-0.463179,-0.185528,2.736430,-5.763283,-0.900060,0.000000,0.000000,0.000000,0.000000,0.000000,0.000000,-2.578497,7.215404,-0.997768,0.000000,0.000000,0.000000,304.107116,265.492773,1
3.826000,-0.000269,0.019360,0.248599,0.158982,-0.004076,-0.163058,0.044917,0.006096,-0.000156,-0.006252,-0.042221,-0.325350,0.008342,0.333692,0.099013,0.026300,-0.000674,-0.026974,0.181222,-0.674849,0.017304,0.692152,1.063471,-1.102698,0.028274,1.130972,-1.372365,-0.229255,0.005878,0.235134,-0.083394,-1.174717,0.030121,1.204838,0.914622,-0.660103,0.016926,0.677029,-1.426038,0.178289,-0.004572,-0.182861,-0.411893,0.016651,-0.000427,-0.017078,-0.051574,0.451599,-0.011579,-0.463179,-0.118353,2.997369,-6.379363,-1.037601,0.000000,0.000000,0.000000,0.000000,0.000000,0.000000,-2.744987,7.731355,-1.076193,0.000000,0.000000,0.000000,304.152634,265.487303,1
3.828000,-0.004102,0.011603,0.239357,0.477080,-0.012233,-0.489313,0.002833,-0.006301,0.000162,0.006462,-0.036968,1.342308,-0.034418,-1.376726,-0.428048,0.429698,-0.011018,-0.440716,0.380608,-0.397834,0.010201,0.408035,0.916591,-0.422457,0.010832,0.433290,-1.498554,0.166717,-0.004275,-0.170992,-0.078696,-0.277155,0.007107,0.284262,0.421083,-1.016849,0.026073,1.042922,-1.271159,-0.313699,0.008044,0.321743,-0.222696,-0.007499,0.000192,0.007691,-0.022699,-0.302269,0.007750,0.310020,0.266841,2.885999,-5.684792,-0.868881,0.000000,0.000000,0.000000,0.000000,0.000000,0.000000,-1.943922,7.667985,-1.179349,0.000000,0.000000,0.000000,304.159425,265.485229,1
3.838000,-0.003945,0.010775,0.236649,0.477080,-0.012233,-0.489313,0.001244,-0.006301,0.000162,0.006462,-0.031959,1.342308,-0.034418,-1.376726,-0.497429,0.429698,-0.011018,-0.440716,0.363729,-0.397834,0.010201,0.408035,1.043590,-0.422457,0.010832,0.433290,-1.760315,0.166717,-0.004275,-0.170992,-0.161315,-0.277155,0.007107,0.284262,0.467895,-1.016849,0.026073,1.042922,-1.507580,-0.313699,0.008044,0.321743,-0.244444,-0.007499,0.000192,0.007691,-0.032591,-0.302269,0.007750,0.310020,0.198110,3.035044,-6.147594,-1.034934,0.000000,0.000000,0.000000,0.000000,0.000000,0.000000,-2.090284,8.120867,-1.204274,0.000000,0.000000,0.000000,304.198502,265.472805,1
3.840000,-0.003740,0.018568,0.234269,0.801902,-0.020562,-0.822463,-0.022349,-0.047257,0.001212,0.048469,-0.061445,2.059256,-0.052801,-2.112058,-0.621724,0.156754,-0.004019,-0.160773,0.310873,-0.284006,0.007282,0.291289,1.147124,-0.680716,0.017454,0.698170,-1.733625,-0.073946,0.001896,0.075842,-0.439127,-0.353501,0.009064,0.362565,0.415976,-0.910539,0.023347,0.933886,-1.495425,-0.576064,0.014771,0.590835,-0.098943,-0.001375,0.000035,0.001410,-0.034719,0.746086,-0.019130,-0.765217,-0.044187,3.058280,-6.345368,-1.136798,0.000000,0.000000,0.000000,0.000000,0.000000,0.000000,-2.510462,7.624963,-1.140173,0.000000,0.000000,0.000000,304.207706,265.471002,1
3.850000,-0.003637,0.018095,0.231202,0.801902,-0.020562,-0.822463,-0.038989,-0.047257,0.001212,0.048469,-0.049068,2.059256,-0.052801,-2.112058,-0.776371,0.156754,-0.004019,-0.160773,0.366202,-0.284006,0.007282,0.291289,1.278881,-0.680716,0.017454,0.698170,-1.975885,-0.073946,0.001896,0.075842,-0.466812,-0.353501,0.009064,0.362565,0.445007,-0.910539,0.023347,0.933886,-1.696146,-0.576064,0.014771,0.590835,-0.046912,-0.001375,0.000035,0.001410,-0.031539,0.746086,-0.019130,-0.765217,-0.123894,3.198280,-6.694876,-1.249857,0.000000,0.000000,0.000000,0.000000,0.000000,0.000000,-2.602513,7.942676,-1.193195,0.000000,0.000000,0.000000,304.261590,265.463128,1
3.854000,-0.016040,0.042364,0.238941,-0.119660,0.003068,0.122729,0.507454,-0.004477,0.000115,0.004592,-0.030612,-0.563118,0.014439,0.577557,0.261517,0.186557,-0.004784,-0.191340,0.011419,-0.496649,0.012735,0.509384,1.025936,-0.695447,0.017832,0.713278,-1.656852,-0.040612,0.001041,0.041653,-0.665505,-0.659029,0.016898,0.675927,0.302335,-0.748879,0.019202,0.768081,-1.301952,0.001917,-0.000049,-0.001966,-0.050492,0.003261,-0.000084,-0.003345,-0.002852,-0.391468,0.010038,0.401506,0.197581,2.493399,-6.527164,-0.363260,0.000000,0.000000,0.000000,0.000000,0.000000,0.000000,-2.595586,6.100575,-1.578870,0.000000,0.000000,0.000000,304.274516,265.458359,1
3.864000,-0.016869,0.043660,0.235918,-0.119660,0.003068,0.122729,0.506411,-0.004477,0.000115,0.004592,-0.030429,-0.563118,0.014439,0.577557,0.258615,0.186557,-0.004784,-0.191340,0.031627,-0.496649,0.012735,0.509384,1.163786,-0.695447,0.017832,0.713278,-1.907613,-0.040612,0.001041,0.041653,-0.716327,-0.659029,0.016898,0.675927,0.351888,-0.748879,0.019202,0.768081,-1.521457,0.001917,-0.000049,-0.001966,-0.116998,0.003261,-0.000084,-0.003345,-0.007848,-0.391468,0.010038,0.401506,0.185282,2.754784,-6.987495,-0.285319,-0.011965,0.031474,0.022232,0.000000,0.000000,0.000000,-2.747325,6.489989,-1.749469,0.000000,0.000000,0.000000,304.311337,265.443874,1
3.866000,-0.002998,0.014566,0.232830,0.697596,-0.017887,-0.715483,0.041936,0.057965,-0.001486,-0.059451,-0.078530,2.378875,-0.060997,-2.439872,-0.598004,-0.010199,0.000262,0.010461,0.386614,0.191615,-0.004913,-0.196528,1.080337,-1.583460,0.040602,1.624062,-1.899307,0.027084,-0.000694,-0.027778,-0.242998,0.283053,-0.007258,-0.290310,0.294924,-1.843268,0.047263,1.890532,-1.405176,0.333044,-0.008540,-0.341583,-0.816458,-0.011550,0.000296,0.011847,-0.052395,1.194732,-0.030634,-1.225367,-0.117741,3.230179,-7.345363,-1.481933,0.000000,0.000000,0.000000,0.000000,0.000000,0.000000,-2.654570,8.533757,-1.403295,0.000000,0.000000,0.000000,304.327272,265.435530,1
3.876000,-0.002916,0.013844,0.229883,0.697596,-0.017887,-0.715483,0.003802,0.057965,-0.001486,-0.059451,-0.069176,2.378875,-0.060997,-2.439872,-0.851460,-0.010199,0.000262,0.010461,0.406599,0.191615,-0.004913,-0.196528,1.156363,-1.583460,0.040602,1.624062,-2.041607,0.027084,-0.000694,-0.027778,-0.334169,0.283053,-0.007258,-0.290310,0.264622,-1.843268,0.047263,1.890532,-1.524019,0.333044,-0.008540,-0.341583,-0.879140,-0.011550,0.000296,0.011847,-0.045334,1.194732,-0.030634,-1.225367,-0.279082,3.325704,-7.494496,-1.531785,0.000000,0.000000,0.000000,0.000000,0.000000,0.000000,-2.714658,8.621172,-1.375084,0.000000,0.000000,0.000000,304.419688,265.397862,1
3.878000,-0.000076,0.016148,0.235297,-1.043984,0.026769,1.070753,0.767972,0.021439,-0.000550,-0.021989,-0.076657,0.642954,-0.016486,-0.659440,-0.012652,-0.271147,0.006952,0.278100,0.396898,0.661504,-0.016962,-0.678466,0.637448,-2.405263,0.061673,2.466937,-1.332849,0.404573,-0.010374,-0.414947,-0.457885,1.597588,-0.040964,-1.638551,-0.531554,-3.430466,0.087961,3.518427,-0.392065,1.266420,-0.032472,-1.298892,-1.490994,0.003057,-0.000078,-0.003136,-0.068248,-1.870265,0.047956,1.918220,1.153288,2.891336,-6.703009,-1.457063,0.000000,0.000000,0.000000,-0.000921,-0.001238,0.000039,-2.256474,6.960006,-0.961352,0.000000,0.000000,0.000000,304.442194,265.399967,1
3.888000,0.000122,0.015439,0.233221,-1.043984,0.026769,1.070753,0.943096,0.021439,-0.000550,-0.021989,-0.052072,0.642954,-0.016486,-0.659440,-0.104216,-0.271147,0.006952,0.278100,0.451614,0.661504,-0.016962,-0.678466,0.732479,-2.405263,0.061673,2.466937,-1.412282,0.404573,-0.010374,-0.414947,-0.520017,1.597588,-0.040964,-1.638551,-0.518321,-3.430466,0.087961,3.518427,-0.481058,1.266420,-0.032472,-1.298892,-1.567889,0.003057,-0.000078,-0.003136,-0.052707,-1.870265,0.047956,1.918220,1.036395,3.012650,-6.865339,-1.489929,0.000000,0.000000,0.000000,-0.322423,-0.421665,0.007445,-2.385095,7.562590,-1.082369,0.000000,0.000000,0.000000,304.561880,265.406183,1
3.892000,-0.007880,0.019606,0.227995,-0.274158,0.007030,0.281188,0.745572,0.117413,-0.003011,-0.120423,-0.096120,1.885602,-0.048349,-1.933950,-0.497392,-0.361029,0.009257,0.370287,0.650452,0.849238,-0.021775,-0.871013,0.758186,-2.497759,0.064045,2.561804,-1.316760,0.302729,-0.007762,-0.310491,-0.763840,1.717569,-0.044040,-1.761609,-0.812762,-3.428511,0.087911,3.516422,-0.468302,0.412816,-0.010585,-0.423401,-1.019056,0.005539,-0.000142,-0.005681,-0.075466,0.131747,-0.003378,-0.135125,0.247404,2.809451,-6.816002,-1.172014,0.730770,0.441530,-0.139607,-0.224023,-0.501096,0.172188,-2.449404,6.769932,-1.149981,0.000000,0.000000,0.000000,304.598835,265.397427,1
3.902000,-0.008059,0.019604,0.226702,-0.238856,0.006125,0.244980,0.714651,0.110502,-0.002833,-0.113335,-0.094533,1.955994,-0.050154,-2.006148,-0.709380,-0.341700,0.008762,0.350462,0.676775,0.861310,-0.022085,-0.883395,0.839129,-2.519448,0.064601,2.584049,-1.410896,0.312501,-0.008013,-0.320514,-0.806334,1.721854,-0.044150,-1.766004,-0.769264,-3.450653,0.088478,3.539131,-0.596939,0.372412,-0.009549,-0.381961,-1.010597,0.005120,-0.000131,-0.005251,-0.053349,0.287058,-0.007360,-0.294419,0.111515,2.936533,-7.048356,-1.193768,0.472202,0.237731,-0.117105,-0.252134,-0.681335,0.273619,-2.509621,7.387042,-1.393806,0.000000,0.000000,0.000000,304.702654,265.370594,1
3.904000,-0.007802,0.022178,0.229558,-0.082791,0.002123,0.084914,1.055449,0.176758,-0.004532,-0.181291,-0.126922,1.829680,-0.046915,-1.876595,-0.430142,-0.400332,0.010265,0.410597,0.595282,0.808055,-0.020719,-0.828774,0.709727,-2.637267,0.067622,2.704889,-1.010415,0.298902,-0.007664,-0.306566,-0.886806,1.811193,-0.046441,-1.857634,-0.728319,-3.748159,0.096107,3.844265,-0.551794,0.292244,-0.007493,-0.299738,-1.355425,0.007369,-0.000189,-0.007557,-0.054182,0.868205,-0.022262,-0.890467,0.053789,2.834131,-6.717588,-1.084204,0.136745,0.099463,-0.023060,-0.291839,-0.606903,0.166182,-2.493651,6.991878,-1.247692,0.000000,0.000000,0.000000,304.720026,265.366005,1
3.914000,-0.008182,0.021983,0.227271,-0.082791,0.002123,0.084914,0.886675,0.176758,-0.004532,-0.181291,-0.176456,1.829680,-0.046915,-1.876595,-0.710596,-0.400332,0.010265,0.410597,0.675545,0.808055,-0.020719,-0.828774,0.827519,-2.637267,0.067622,2.704889,-1.190971,0.298902,-0.007664,-0.306566,-0.904015,1.811193,-0.046441,-1.857634,-0.763739,-3.748159,0.096107,3.844265,-0.622288,0.292244,-0.007493,-0.299738,-1.165391,0.007369,-0.000189,-0.007557,-0.042123,0.868205,-0.022262,-0.890467,-0.121367,2.942560,-6.999561,-1.145089,0.271966,0.298603,0.017798,-0.346322,-1.241541,0.539730,-2.555607,7.451375,-1.419652,0.000000,0.000000,0.000000,304.821739,265.341727,1
3.918000,-0.006190,0.017823,0.227023,-0.292716,0.007506,0.300221,0.872462,0.255567,-0.006553,-0.262120,-0.319029,1.150606,-0.029503,-1.180109,-0.603032,-0.260683,0.006684,0.267367,0.652603,0.866908,-0.022228,-0.889137,0.739369,-2.568253,0.065853,2.634105,-1.112766,0.465902,-0.011946,-0.477848,-0.923239,2.020910,-0.051818,-2.072728,-0.926284,-3.913979,0.100358,4.014337,-0.352554,0.439071,-0.011258,-0.450330,-1.178639,0.010075,-0.000258,-0.010334,-0.037994,0.543740,-0.013942,-0.557682,0.011134,3.114930,-6.471745,-0.948356,0.192866,0.133088,-0.037676,-2.482020,-4.500664,0.972441,-2.358930,7.624073,-1.459306,0.000000,0.000000,0.000000,304.858275,265.338183,1
3.928000,-0.006492,0.017434,0.224835,-0.292716,0.007506,0.300221,0.914060,0.255567,-0.006553,-0.262120,-0.091841,1.150606,-0.029503,-1.180109,-1.594798,-0.260683,0.006684,0.267367,0.760724,0.866908,-0.022228,-0.889137,0.852795,-2.568253,0.065853,2.634105,-1.185235,0.465902,-0.011946,-0.477848,-0.870841,2.020910,-0.051818,-2.072728,-0.831824,-3.913979,0.100358,4.014337,-0.518400,0.439071,-0.011258,-0.450330,-1.010002,0.010075,-0.000258,-0.010334,-0.020888,0.543740,-0.013942,-0.557682,-0.056497,3.221486,-6.360964,-0.820429,0.370184,0.386420,0.010303,-2.252760,-4.832957,1.376989,-2.260570,8.086191,-1.752991,0.000000,0.000000,0.000000,304.967995,265.328678,1
3.936000,-0.018083,0.029893,0.226719,-0.206410,0.005293,0.211702,0.746848,1.236563,-0.031707,-1.268270,-0.800685,-1.569707,0.040249,1.609956,0.443119,-0.188580,0.004835,0.193416,0.112924,0.811212,-0.020800,-0.832012,0.368312,-2.530014,0.064872,2.594886,-1.082038,0.645402,-0.016549,-0.661950,-1.188827,2.290964,-0.058743,-2.349707,-0.736446,-4.304801,0.110380,4.415181,-0.978955,0.674579,-0.017297,-0.691876,-1.049491,0.017731,-0.000455,-0.018186,0.040617,-0.186230,0.004775,0.191005,-0.536148,2.797400,-7.202312,-0.869700,2.047796,4.675361,1.595335,-4.834499,-6.991404,0.475763,-2.700326,6.909189,-1.520673,0.000000,0.000000,0.000000,305.069531,265.309579,1
3.946000,-0.019344,0.030221,0.224836,-0.206410,0.005293,0.211702,0.463128,1.236563,-0.031707,-1.268270,-0.606238,-1.569707,0.040249,1.609956,-0.862366,-0.188580,0.004835,0.193416,0.265237,0.811212,-0.020800,-0.832012,0.394620,-2.530014,0.064872,2.594886,-1.302188,0.645402,-0.016549,-0.661950,-1.041974,2.290964,-0.058743,-2.349707,-1.007288,-4.304801,0.110380,4.415181,-0.730608,0.674579,-0.017297,-0.691876,-0.968048,0.017731,-0.000455,-0.018186,0.154324,-0.186230,0.004775,0.191005,-0.943076,2.888593,-6.928713,-0.653739,2.296356,5.194710,1.777379,-3.989454,-7.270930,1.345696,-1.526583,3.246448,-0.455855,0.000000,0.000000,0.000000,305.201021,265.270980,1
3.956000,-0.011231,0.019703,0.225074,-0.747386,0.019164,0.766549,0.086172,1.312884,-0.033664,-1.346548,0.547398,-3.066174,0.078620,3.144794,-1.544702,-0.747430,0.019165,0.766595,0.024050,0.343345,-0.008804,-0.352149,0.258044,-3.006335,0.077086,3.083420,-0.453699,0.540377,-0.013856,-0.554233,-0.912991,0.080037,-0.002052,-0.082089,-0.099557,-0.889404,0.022805,0.912210,0.404583,0.548415,-0.014062,-0.562477,-0.343591,0.620551,-0.015912,-0.636463,0.893283,-2.877335,0.073778,2.951113,-1.715442,1.450983,-5.579618,-1.648205,4.621981,10.097322,2.822379,-4.821917,-6.801225,0.666461,-0.230065,0.191575,0.099152,0.000000,0.000000,0.000000,305.339788,265.155434,1
3.966000,-0.012442,0.019337,0.223666,-0.747386,0.019164,0.766549,0.055953,1.312884,-0.033664,-1.346548,0.453030,-3.066174,0.078620,3.144794,-1.494241,-0.747430,0.019165,0.766595,-0.009859,0.343345,-0.008804,-0.352149,0.187766,-3.006335,0.077086,3.083420,-0.526293,0.540377,-0.013856,-0.554233,-0.524633,0.080037,-0.002052,-0.082089,-0.196880,-0.889404,0.022805,0.912210,0.210669,0.548415,-0.014062,-0.562477,-0.306371,0.620551,-0.015912,-0.636463,0.698612,-2.877335,0.073778,2.951113,-1.596425,1.355973,-5.525518,-1.706481,4.387252,8.852859,2.300204,-4.430384,-6.471612,0.717329,-2.097801,5.805065,-1.671795,0.000000,0.000000,0.000000,305.468545,265.040962,1
3.972000,-0.011541,0.024312,0.227024,-1.195329,0.030649,1.225978,0.419512,1.519634,-0.038965,-1.558599,0.284288,-3.543497,0.090859,3.634356,-1.239812,-1.199864,0.030766,1.230629,0.411399,0.327583,-0.008400,-0.335983,0.317603,-3.136212,0.080416,3.216628,-1.174620,1.811502,-0.046449,-1.857951,-2.151455,-0.868998,0.022282,0.891280,0.179270,-0.262829,0.006739,0.269568,-0.252897,0.157950,-0.004050,-0.162000,0.386635,0.857403,-0.021985,-0.879387,0.230905,-3.664130,0.093952,3.758082,-1.196529,1.355380,-6.348748,-2.207527,4.330711,8.527983,1.768044,-4.310757,-5.778982,0.593828,0.000000,0.000000,0.000000,0.000000,0.000000,0.000000,305.581599,264.990041,1
3.982000,-0.011325,0.022693,0.231770,-1.595102,0.040900,1.636002,0.665253,1.881422,-0.048242,-1.929664,0.114867,-3.702092,0.094925,3.797017,-0.805770,-1.602049,0.041078,1.643127,0.641760,0.222413,-0.005703,-0.228116,0.037552,-2.645900,0.067844,2.713743,-0.614412,2.725578,-0.069887,-2.795465,-2.632446,-1.388368,0.035599,1.423967,0.354670,-0.003409,0.000087,0.003496,-0.172219,-0.138893,0.003561,0.142455,0.615960,1.147813,-0.029431,-1.177245,0.121218,-3.843148,0.098542,3.941690,-0.822999,0.739613,-4.839359,-1.856423,4.316610,8.746361,1.858361,-4.145042,-5.566026,0.516683,0.000000,0.000000,0.000000,0.000000,0.000000,0.000000,305.765988,265.007542,1
3.986000,-0.010275,0.026837,0.237514,-0.584020,0.014975,0.598994,-0.107462,0.953614,-0.024452,-0.978065,0.224599,-2.349304,0.060239,2.409542,-0.777387,-0.567434,0.014550,0.581983,0.610557,0.933704,-0.023941,-0.957645,-0.463327,-3.210780,0.082328,3.293108,1.155140,0.936118,-0.024003,-0.960121,-0.581187,-0.185030,0.004744,0.189775,-0.006118,-0.078284,0.002007,0.080291,-0.100222,0.239882,-0.006151,-0.246033,0.204102,0.573660,-0.014709,-0.588369,-0.107075,-2.520420,0.064626,2.585046,-0.549993,0.000000,0.000000,0.000000,3.519598,6.329973,1.101549,-3.757208,-4.905519,0.391277,0.000000,0.000000,0.000000,0.000000,0.000000,0.000000,305.801438,265.013885,1
3.996000,-0.010376,0.028579,0.245924,-0.540846,0.013868,0.554714,-0.729944,1.022695,-0.026223,-1.048918,0.146826,-2.812399,0.072113,2.884512,-0.188238,-0.512512,0.013141,0.525653,0.799558,0.988016,-0.025334,-1.013350,-0.444960,-3.718367,0.095343,3.813710,1.783728,0.961097,-0.024644,-0.985740,-0.007869,-0.187968,0.004820,0.192787,-0.004190,0.507135,-0.013003,-0.520138,-0.101050,0.368894,-0.009459,-0.378353,-0.286783,0.548923,-0.014075,-0.562998,-0.179815,-2.952855,0.075714,3.028569,-0.067258,0.000000,0.000000,0.000000,2.829499,6.509033,1.497216,-3.851120,-4.310970,0.004409,0.000000,0.000000,0.000000,0.000000,0.000000,0.000000,305.893941,265.080260,1
3.998000,-0.006084,0.027606,0.243026,-1.008480,0.025858,1.034339,-0.149178,0.015215,-0.000390,-0.015605,0.448610,-0.593340,0.015214,0.608553,-0.851046,0.406919,-0.010434,-0.417353,0.146875,0.038026,-0.000975,-0.039001,0.105200,-0.755508,0.019372,0.774880,-0.792019,0.894433,-0.022934,-0.917367,-0.010960,0.024514,-0.000629,-0.025142,-0.090881,0.242304,-0.006213,-0.248517,-0.135126,-0.837446,0.021473,0.858919,0.300417,0.043941,-0.001127,-0.045068,0.030661,-0.910488,0.023346,0.933834,-0.644435,0.000000,0.000000,0.000000,2.121231,5.506895,1.411550,-3.635033,-3.766066,-0.167956,0.000000,0.000000,0.000000,0.000000,0.000000,0.000000,305.898472,265.076945,1
4.008000,-0.006051,0.027808,0.241385,-1.008480,0.025858,1.034339,-0.074209,0.015215,-0.000390,-0.015605,0.609349,-0.593340,0.015214,0.608553,-1.128257,0.406919,-0.010434,-0.417353,-0.004270,0.038026,-0.000975,-0.039001,0.003566,-0.755508,0.019372,0.774880,-0.193922,0.894433,-0.022934,-0.917367,-0.011383,0.024514,-0.000629,-0.025142,-0.071248,0.242304,-0.006213,-0.248517,-0.069293,-0.837446,0.021473,0.858919,0.418292,0.043941,-0.001127,-0.045068,0.160158,-0.910488,0.023346,0.933834,-0.931504,0.000000,0.000000,0.000000,2.589605,6.345535,1.530584,-3.438092,-4.402480,0.320498,0.000000,0.000000,0.000000,0.000000,0.000000,0.000000,305.920380,265.062846,1
4.012000,-0.008303,0.025653,0.239514,-0.962480,0.024679,0.987159,-0.031787,0.029266,-0.000750,-0.030016,0.621668,-0.678959,0.017409,0.696368,-1.097366,0.325587,-0.008348,-0.333935,-0.094059,0.017590,-0.000451,-0.018041,-0.027711,-0.286077,0.007335,0.293412,-0.169579,1.034991,-0.026538,-1.061529,-0.095231,0.131583,-0.003374,-0.134957,-0.133317,0.286982,-0.007359,-0.294340,-0.066554,-0.781206,0.020031,0.801237,0.532295,0.077633,-0.001991,-0.079624,0.164191,-1.044032,0.026770,1.070802,-1.020814,0.000000,0.000000,0.000000,2.753117,6.416243,1.641050,-3.433919,-4.502723,0.304911,0.000000,0.000000,0.000000,0.000000,0.000000,0.000000,305.930649,265.057354,1
4.022000,-0.008573,0.025708,0.237338,-0.962480,0.024679,0.987159,-0.004666,0.029266,-0.000750,-0.030016,0.760729,-0.678959,0.017409,0.696368,-1.387919,0.325587,-0.008348,-0.333935,-0.177512,0.017590,-0.000451,-0.018041,-0.045009,-0.286077,0.007335,0.293412,-0.039922,1.034991,-0.026538,-1.061529,-0.112534,0.131583,-0.003374,-0.134957,-0.127586,0.286982,-0.007359,-0.294340,-0.037310,-0.781206,0.020031,0.801237,0.619638,0.077633,-0.001991,-0.079624,0.217207,-1.044032,0.026770,1.070802,-1.267278,0.000000,0.000000,0.000000,3.014261,6.865341,1.723418,-3.700959,-5.069239,0.454584,0.000000,0.000000,0.000000,0.000000,0.000000,0.000000,305.961491,265.040597,1
4.026000,-0.012140,0.022207,0.241345,-0.026430,0.000678,0.027108,-0.291368,-0.192516,0.004936,0.197452,0.515974,-1.225862,0.031432,1.257295,-0.881878,-1.255085,0.032182,1.287267,-0.081754,-0.015226,0.000390,0.015616,-0.099061,4.567122,-0.117106,-4.684228,-1.697919,1.257361,-0.032240,-1.289601,-0.085078,0.214870,-0.005509,-0.220379,-0.169461,0.252482,-0.006474,-0.258956,-0.005405,0.192300,-0.004931,-0.197230,0.239557,-0.074887,0.001920,0.076807,0.013800,-1.791537,0.045937,1.837474,-0.685954,0.000000,0.000000,0.000000,3.296651,5.977341,1.125961,-3.402171,-5.089194,0.675689,0.000000,0.000000,0.000000,0.000000,0.000000,0.000000,306.004435,265.063292,1
4.036000,-0.013395,0.021970,0.239547,-0.013163,0.000338,0.013500,-0.263313,-0.166359,0.004266,0.170625,0.662591,-1.231162,0.031568,1.262730,-1.231784,-1.248147,0.032004,1.280151,0.075585,-0.015487,0.000397,0.015884,-0.082833,4.671159,-0.119773,-4.790932,-1.972110,1.104289,-0.028315,-1.132604,-0.096677,0.168809,-0.004328,-0.173138,-0.136701,0.215324,-0.005521,-0.220845,-0.001432,0.210296,-0.005392,-0.215688,0.302402,-0.075057,0.001925,0.076982,0.098103,-1.755489,0.045013,1.800502,-0.985354,0.000000,0.000000,0.000000,3.637514,6.634089,1.326969,-3.745513,-5.764042,0.814589,0.000000,0.000000,0.000000,0.000000,0.000000,0.000000,306.136422,265.127286,1
4.040000,-0.005436,0.026364,0.241879,-0.429992,0.011025,0.441018,-0.191398,-0.025865,0.000663,0.026528,0.789863,-0.648782,0.016635,0.665418,-1.289761,-0.698327,0.017906,0.716232,0.009934,-0.051863,0.001330,0.053193,-0.061244,2.096023,-0.053744,-2.149767,-0.455414,1.037195,-0.026595,-1.063790,-0.004152,0.299766,-0.007686,-0.307452,-0.056730,0.202428,-0.005190,-0.207618,0.006053,-0.249403,0.006395,0.255797,0.345964,0.040177,-0.001030,-0.041207,0.244706,-1.086380,0.027856,1.114236,-1.006374,0.000000,0.000000,0.000000,3.182332,6.871631,1.357804,-3.660899,-5.018114,0.516450,0.000000,0.000000,0.000000,0.000000,0.000000,0.000000,306.149206,265.123442,1
4.050000,-0.005412,0.026547,0.239523,-0.429992,0.011025,0.441018,-0.153331,-0.025865,0.000663,0.026528,0.925580,-0.648782,0.016635,0.665418,-1.601178,-0.698327,0.017906,0.716232,0.053497,-0.051863,0.001330,0.053193,-0.059617,2.096023,-0.053744,-2.149767,-0.718854,1.037195,-0.026595,-1.063790,-0.028872,0.299766,-0.007686,-0.307452,-0.128152,0.202428,-0.005190,-0.207618,-0.004059,-0.249403,0.006395,0.255797,0.433421,0.040177,-0.001030,-0.041207,0.300710,-1.086380,0.027856,1.114236,-1.275956,0.000000,0.000000,0.000000,3.410735,7.315502,1.433904,-3.940650,-5.569255,0.663516,0.000000,0.000000,0.000000,0.000000,0.000000,0.000000,306.192810,265.115639,1
4.052000,-0.007939,0.021853,0.241771,-0.377469,0.009679,0.387147,-0.076805,-0.095875,0.002458,0.098334,0.814462,-0.697983,0.017897,0.715880,-1.392525,-0.640786,0.016430,0.657216,0.026228,-0.033116,0.000849,0.033966,-0.047955,1.963865,-0.050356,-2.014220,-0.715144,0.855545,-0.021937,-0.877482,-0.009864,0.211849,-0.005432,-0.217281,-0.093473,0.165628,-0.004247,-0.169875,-0.000886,-0.190520,0.004885,0.195405,0.419865,-0.037587,0.000964,0.038551,0.269152,-1.105128,0.028337,1.133464,-1.089857,0.000000,0.000000,0.000000,3.417174,6.693334,1.538267,-3.748442,-5.329772,0.394335,0.000000,0.000000,0.000000,0.000000,0.000000,0.000000,306.200656,265.114430,1
4.062000,-0.008235,0.021570,0.239430,-0.349769,0.008968,0.358737,-0.068446,-0.107226,0.002749,0.109975,0.953056,-0.692947,0.017768,0.710715,-1.722042,-0.680799,0.017456,0.698255,0.054109,-0.033518,0.000859,0.034377,-0.036491,2.140511,-0.054885,-2.195396,-0.885998,0.823923,-0.021126,-0.845049,-0.007800,0.175305,-0.004495,-0.179800,-0.101578,0.148256,-0.003801,-0.152057,-0.000255,-0.161953,0.004153,0.166105,0.454360,-0.041582,0.001066,0.042648,0.319937,-1.114341,0.028573,1.142914,-1.326956,0.000000,0.000000,0.000000,3.655348,7.096169,1.643618,-4.043943,-5.868177,0.480273,0.000000,0.000000,0.000000,0.000000,0.000000,0.000000,306.250336,265.108785,1
4.064000,-0.011172,0.022314,0.237229,-0.304640,0.007811,0.312452,-0.243867,-0.165125,0.004234,0.169359,0.893990,-0.863310,0.022136,0.885446,-1.563872,-0.796808,0.020431,0.817239,0.069351,-0.021833,0.000560,0.022393,-0.042113,2.011436,-0.051575,-2.063011,-0.774028,0.942780,-0.024174,-0.966954,-0.003932,0.327390,-0.008395,-0.335785,-0.150514,0.215437,-0.005524,-0.220961,-0.002516,-0.072933,0.001870,0.074803,0.414662,-0.211269,0.005417,0.216686,0.258058,-1.140477,0.029243,1.169720,-1.337423,0.000000,0.000000,0.000000,3.459071,6.731816,1.647460,-3.935942,-5.799881,0.464957,0.000000,0.000000,0.000000,0.000000,0.000000,0.000000,306.260282,265.106626,1
4.074000,-0.011728,0.022189,0.234484,-0.304640,0.007811,0.312452,-0.224183,-0.165125,0.004234,0.169359,1.011366,-0.863310,0.022136,0.885446,-1.823969,-0.796808,0.020431,0.817239,0.101593,-0.021833,0.000560,0.022393,-0.037395,2.011436,-0.051575,-2.063011,-0.833356,0.942780,-0.024174,-0.966954,-0.014391,0.327390,-0.008395,-0.335785,-0.175202,0.215437,-0.005524,-0.220961,-0.004275,-0.072933,0.001870,0.074803,0.503776,-0.211269,0.005417,0.216686,0.286417,-1.140477,0.029243,1.169720,-1.559500,0.000000,0.000000,0.000000,3.638475,7.033224,1.731347,-4.125017,-6.214004,0.557030,0.000000,0.000000,0.000000,0.000000,0.000000,0.000000,306.316853,265.092994,1
4.076000,-0.007345,0.025738,0.233926,-0.330393,0.008472,0.338865,-0.270915,-0.162552,0.004168,0.166720,1.110334,-0.888333,0.022778,0.911111,-1.788868,-0.901114,0.023105,0.924220,0.093747,-0.019604,0.000503,0.020107,-0.044986,2.175949,-0.055794,-2.231742,-0.796351,1.087794,-0.027892,-1.115686,-0.020365,0.425068,-0.010899,-0.435967,-0.200760,0.270847,-0.006945,-0.277792,-0.008412,-0.085597,0.002195,0.087792,0.469155,-0.242429,0.006216,0.248645,0.387188,-1.123267,0.028802,1.152068,-1.550058,0.000000,0.000000,0.000000,3.562513,7.382176,1.522586,-4.152395,-6.127623,0.824307,0.000000,0.000000,0.000000,0.000000,0.000000,0.000000,306.328468,265.090576,1
4.086000,-0.007513,0.025925,0.230907,-0.330393,0.008472,0.338865,-0.262761,-0.162552,0.004168,0.166720,1.213378,-0.888333,0.022778,0.911111,-2.010305,-0.901114,0.023105,0.924220,0.142853,-0.019604,0.000503,0.020107,-0.042359,2.175949,-0.055794,-2.231742,-0.888109,1.087794,-0.027892,-1.115686,-0.045222,0.425068,-0.010899,-0.435967,-0.232636,0.270847,-0.006945,-0.277792,-0.009782,-0.085597,0.002195,0.087792,0.558370,-0.242429,0.006216,0.248645,0.391284,-1.123267,0.028802,1.152068,-1.733493,0.000000,0.000000,0.000000,3.690348,7.572032,1.546452,-4.289156,-6.423229,0.920677,0.000000,0.000000,0.000000,0.000000,0.000000,0.000000,306.393826,265.077562,1
4.088000,-0.007310,0.024698,0.242160,0.167393,-0.004292,-0.171685,-0.610945,-0.768089,0.019695,0.787783,0.838208,-0.861880,0.022099,0.883979,-1.106538,-0.162911,0.004177,0.167088,-0.120866,-0.008009,0.000205,0.008215,-0.036151,1.179505,-0.030244,-1.209748,-0.518330,-0.397730,0.010198,0.407928,0.863231,-0.396734,0.010173,0.406906,0.029883,-0.188164,0.004825,0.192988,0.116244,0.407584,-0.010451,-0.418035,-0.080182,-0.803413,0.020600,0.824013,0.394694,-1.166642,0.029914,1.196556,-0.997186,0.000000,0.000000,0.000000,2.989850,6.260631,1.285071,-3.352207,-4.998224,0.725251,0.000000,0.000000,0.000000,0.000000,0.000000,0.000000,306.402485,265.077454,1
4.098000,-0.007726,0.024592,0.239980,0.172962,-0.004435,-0.177397,-0.569177,-0.757235,0.019416,0.776651,0.964665,-0.902677,0.023146,0.925822,-1.379708,-0.202720,0.005198,0.207918,-0.084873,-0.008568,0.000220,0.008788,-0.038638,1.284724,-0.032942,-1.317666,-0.531656,-0.348703,0.008941,0.357644,0.745430,-0.375320,0.009624,0.384944,0.002117,-0.174193,0.004466,0.178660,0.078829,0.420819,-0.010790,-0.431609,0.028045,-0.806947,0.020691,0.827637,0.459924,-1.194560,0.030630,1.225190,-1.273062,0.000000,0.000000,0.000000,3.469488,6.764974,1.248208,-3.649947,-5.590906,0.885698,0.000000,0.000000,0.000000,0.000000,0.000000,0.000000,306.453286,265.070911,1
4.102000,-0.005907,0.023040,0.232179,-0.233153,0.005978,0.239131,-0.164160,-0.250291,0.006418,0.256709,1.221673,-0.616032,0.015796,0.631828,-1.988136,-0.842284,0.021597,0.863881,0.050194,-0.007787,0.000200,0.007987,-0.052033,1.750821,-0.044893,-1.795714,-0.510510,0.730184,-0.018723,-0.748907,0.002651,0.124611,-0.003195,-0.127806,-0.052589,0.088251,-0.002263,-0.090514,0.020958,-0.013215,0.000339,0.013553,0.532783,-0.285681,0.007325,0.293006,0.407424,-0.887468,0.022756,0.910223,-1.573260,0.000000,0.000000,0.000000,3.576699,7.166748,1.419123,-4.045786,-6.167072,0.856926,0.000000,0.000000,0.000000,0.000000,0.000000,0.000000,306.469841,265.065612,1
4.112000,-0.006041,0.023059,0.228976,-0.233153,0.005978,0.239131,-0.169634,-0.250291,0.006418,0.256709,1.328349,-0.616032,0.015796,0.631828,-2.198050,-0.842284,0.021597,0.863881,0.078935,-0.007787,0.000200,0.007987,-0.043215,1.750821,-0.044893,-1.795714,-0.639013,0.730184,-0.018723,-0.748907,-0.003313,0.124611,-0.003195,-0.127806,-0.074796,0.088251,-0.002263,-0.090514,0.012697,-0.013215,0.000339,0.013553,0.607706,-0.285681,0.007325,0.293006,0.419986,-0.887468,0.022756,0.910223,-1.755969,0.000000,0.000000,0.000000,3.708457,7.389097,1.463731,-4.188776,-6.448236,0.934378,0.000000,0.000000,0.000000,0.000000,0.000000,0.000000,306.517133,265.052320,1
4.114000,-0.003867,0.027597,0.232853,-0.220988,0.005666,0.226654,-0.424088,-0.241017,0.006180,0.247197,1.254885,-0.815873,0.020920,0.836793,-2.051563,-0.960798,0.024636,0.985434,0.058732,-0.008509,0.000218,0.008727,-0.059424,2.032327,-0.052111,-2.084438,-0.537992,0.910755,-0.023353,-0.934107,0.179416,0.276265,-0.007084,-0.283348,-0.093603,0.171757,-0.004404,-0.176161,0.034636,0.061361,-0.001573,-0.062934,0.220818,-0.346412,0.008882,0.355295,0.499045,-1.056010,0.027077,1.083087,-1.644187,0.000000,0.000000,0.000000,3.590690,7.770794,1.514197,-4.362007,-6.397801,1.030083,0.000000,0.000000,0.000000,0.000000,0.000000,0.000000,306.528083,265.048144,1
4.124000,-0.003805,0.028041,0.229586,-0.220988,0.005666,0.226654,-0.419088,-0.241017,0.006180,0.247197,1.344945,-0.815873,0.020920,0.836793,-2.227606,-0.960798,0.024636,0.985434,0.125508,-0.008509,0.000218,0.008727,-0.052106,2.032327,-0.052111,-2.084438,-0.728440,0.910755,-0.023353,-0.934107,0.059081,0.276265,-0.007084,-0.283348,-0.146258,0.171757,-0.004404,-0.176161,0.013342,0.061361,-0.001573,-0.062934,0.309948,-0.346412,0.008882,0.355295,0.511587,-1.056010,0.027077,1.083087,-1.822093,0.000000,0.000000,0.000000,3.738031,7.966291,1.508869,-4.462908,-6.604443,1.116584,0.000000,0.000000,0.000000,0.000000,0.000000,0.000000,306.590161,265.030021,1
4.126000,-0.004219,0.024846,0.232304,-0.004399,0.000113,0.004512,-0.326418,0.074240,-0.001904,-0.076144,1.063828,-1.639592,0.042041,1.681633,-1.873201,-0.281099,0.007208,0.288307,-0.102006,0.000194,-0.000005,-0.000199,-0.053456,1.759828,-0.045124,-1.804951,-0.570668,-0.046064,0.001181,0.047245,0.678199,0.072115,-0.001849,-0.073965,-0.031797,0.028879,-0.000740,-0.029619,0.105823,-0.123309,0.003162,0.126471,0.434060,0.337818,-0.008662,-0.346480,0.098676,-2.097693,0.053787,2.151480,-1.228982,0.000000,0.000000,0.000000,3.648264,7.461852,1.335424,-4.268972,-6.716118,1.242402,0.000000,0.000000,0.000000,0.000000,0.000000,0.000000,306.604286,265.020373,1
4.136000,-0.004183,0.025186,0.229459,-0.004399,0.000113,0.004512,-0.337663,0.074240,-0.001904,-0.076144,1.140309,-1.639592,0.042041,1.681633,-1.989540,-0.281099,0.007208,0.288307,-0.080333,0.000194,-0.000005,-0.000199,-0.050659,1.759828,-0.045124,-1.804951,-0.664677,-0.046064,0.001181,0.047245,0.675676,0.072115,-0.001849,-0.073965,-0.049658,0.028879,-0.000740,-0.029619,0.059679,-0.123309,0.003162,0.126471,0.526842,0.337818,-0.008662,-0.346480,0.091910,-2.097693,0.053787,2.151480,-1.348633,-0.002193,-0.027619,-0.015437,3.786627,7.726576,1.375845,-4.352349,-6.856541,1.296773,0.000000,0.000000,0.000000,0.000000,0.000000,0.000000,306.681229,264.969469,1
4.140000,-0.007378,0.026237,0.228275,0.214957,-0.005512,-0.220468,-0.498977,0.315883,-0.008100,-0.323982,0.978421,-2.038980,0.052282,2.091261,-1.527025,0.470260,-0.012058,-0.482318,-0.778064,0.010869,-0.000279,-0.011147,-0.050111,1.131725,-0.029019,-1.160744,-0.324697,-0.848695,0.021761,0.870457,1.346298,-0.181225,0.004647,0.185872,-0.021688,-0.161402,0.004139,0.165541,0.177128,-0.215543,0.005527,0.221070,0.700646,0.885170,-0.022697,-0.907866,-0.243555,-2.678229,0.068673,2.746902,-1.013731,0.139900,-0.322595,-0.055504,3.456702,6.830548,1.387096,-3.938870,-6.372709,1.006956,-0.195099,0.109398,0.078866,0.000000,0.000000,0.000000,306.716185,264.954032,1
4.150000,-0.007653,0.026484,0.225479,0.214957,-0.005512,-0.220468,-0.532243,0.315883,-0.008100,-0.323982,1.065412,-2.038980,0.052282,2.091261,-1.635643,0.470260,-0.012058,-0.482318,-0.762529,0.010869,-0.000279,-0.011147,-0.077727,1.131725,-0.029019,-1.160744,-0.427688,-0.848695,0.021761,0.870457,1.314203,-0.181225,0.004647,0.185872,-0.019726,-0.161402,0.004139,0.165541,0.101184,-0.215543,0.005527,0.221070,0.777671,0.885170,-0.022697,-0.907866,-0.247236,-2.678229,0.068673,2.746902,-1.133341,0.438439,-1.160884,-0.265278,3.598538,7.190847,1.498959,-4.035973,-6.524165,1.040910,-0.669487,0.391269,0.260155,0.000000,0.000000,0.000000,306.810406,264.910602,1
4.154000,-0.006928,0.026051,0.231678,-0.100028,0.002565,0.102593,-0.307928,0.728167,-0.018671,-0.746838,0.652651,-2.372125,0.060824,2.432949,-1.341883,0.418607,-0.010734,-0.429341,-0.900849,0.019363,-0.000496,-0.019859,-0.069994,1.003678,-0.025735,-1.029414,-0.135315,-0.434986,0.011153,0.446139,1.233294,0.078111,-0.002003,-0.080114,-0.064101,-0.008088,0.000207,0.008296,0.237401,-0.647842,0.016611,0.664454,0.961313,1.609993,-0.041282,-1.651275,-0.777853,-3.456135,0.088619,3.544753,-0.492753,0.205194,-0.401081,-0.031142,3.348303,6.529762,1.172100,-4.066853,-6.321745,1.051538,0.000000,0.000000,0.000000,0.000000,0.000000,0.000000,306.844560,264.900512,1
4.164000,-0.007272,0.026353,0.229262,-0.100028,0.002565,0.102593,-0.320006,0.728167,-0.018671,-0.746838,0.751074,-2.372125,0.060824,2.432949,-1.442764,0.418607,-0.010734,-0.429341,-0.817174,0.019363,-0.000496,-0.019859,-0.083195,1.003678,-0.025735,-1.029414,-0.311776,-0.434986,0.011153,0.446139,1.167713,0.078111,-0.002003,-0.080114,-0.051757,-0.008088,0.000207,0.008296,0.131401,-0.647842,0.016611,0.664454,1.045381,1.609993,-0.041282,-1.651275,-0.721971,-3.456135,0.088619,3.544753,-0.664336,0.723722,-1.571185,-0.197904,3.529045,7.172368,1.400752,-4.221764,-6.492964,1.060327,0.000000,0.000000,0.000000,0.000000,0.000000,0.000000,306.940012,264.866788,1
4.168000,-0.006329,0.024962,0.229597,-0.061706,0.001582,0.063288,-0.132131,0.805284,-0.020648,-0.825932,0.582139,-2.521067,0.064643,2.585710,-0.881616,0.655602,-0.016810,-0.672412,-0.915398,0.215834,-0.005534,-0.221368,-0.320676,-0.189674,0.004863,0.194537,-0.029575,-0.793967,0.020358,0.814325,1.175490,0.046380,-0.001189,-0.047570,-0.056005,-0.059217,0.001518,0.060735,0.166400,-0.787027,0.020180,0.807208,1.258558,1.930690,-0.049505,-1.980195,-0.663534,-3.821036,0.097975,3.919011,-0.561223,3.988598,-6.161789,0.171998,3.279874,6.869228,1.487102,-4.086930,-5.643181,0.542381,-0.153700,0.179322,0.000871,0.000000,0.000000,0.000000,306.975854,264.862837,1
4.178000,-0.006837,0.024837,0.227333,-0.051326,0.001316,0.052642,-0.401395,0.817033,-0.020950,-0.837983,0.735677,-2.521380,0.064651,2.586031,-1.018919,0.646687,-0.016582,-0.663268,-0.579139,0.211140,-0.005414,-0.216554,-0.063866,-0.144891,0.003715,0.148606,-1.296431,-0.796618,0.020426,0.817044,1.071383,0.049114,-0.001259,-0.050373,-0.016105,-0.054339,0.001393,0.055733,0.095049,-0.782106,0.020054,0.802160,1.098913,1.936718,-0.049659,-1.986378,-0.694080,-3.803946,0.097537,3.901483,-0.579073,2.637233,-6.400117,-1.105984,3.061536,7.146256,1.834739,-4.399432,-5.497954,0.232056,-0.290590,0.409144,-0.019463,0.000000,0.000000,0.000000,307.068495,264.840989,1
4.182000,-0.012820,0.023277,0.227001,0.111616,-0.002862,-0.114478,-0.581857,0.786173,-0.020158,-0.806331,0.445425,-2.569348,0.065881,2.635229,-0.753833,0.390511,-0.010013,-0.400524,-0.611002,1.185681,-0.030402,-1.216083,-0.211189,-2.117542,0.054296,2.171837,-1.271299,-0.918775,0.023558,0.942333,0.888662,0.047815,-0.001226,-0.049041,-0.017877,-0.086759,0.002225,0.088984,0.075590,-0.740952,0.018999,0.759951,0.876180,2.140286,-0.054879,-2.195165,-1.086668,-4.100091,0.105131,4.205222,0.064394,2.637897,-7.796004,-1.886321,2.879481,6.053007,1.464978,-3.645618,-4.495676,0.042274,-1.952723,5.055290,-1.001785,0.000000,0.000000,0.000000,307.107863,264.839503,1
4.192000,-0.013726,0.022943,0.225958,0.111616,-0.002862,-0.114478,-0.593278,0.786173,-0.020158,-0.806331,0.437591,-2.569348,0.065881,2.635229,-0.668574,0.390511,-0.010013,-0.400524,-0.648723,1.185681,-0.030402,-1.216083,-0.058340,-2.117542,0.054296,2.171837,-1.671952,-0.918775,0.023558,0.942333,0.800615,0.047815,-0.001226,-0.049041,0.271396,-0.086759,0.002225,0.088984,-0.467476,-0.740952,0.018999,0.759951,0.821070,2.140286,-0.054879,-2.195165,-0.992419,-4.100091,0.105131,4.205222,-0.033708,2.441855,-7.600297,-1.915028,2.883403,5.905362,1.398487,-3.288428,-4.414621,0.229255,-1.840158,5.356967,-1.237274,0.000000,0.000000,0.000000,307.206844,264.819634,1
4.198000,-0.009954,0.022162,0.225942,0.471767,-0.012097,-0.483864,-0.685955,0.688271,-0.017648,-0.705919,0.422461,-2.891987,0.074154,2.966140,-0.239945,0.753740,-0.019327,-0.773067,-0.813641,0.619776,-0.015892,-0.635668,0.072226,-1.597759,0.040968,1.638727,-1.741022,-0.828897,0.021254,0.850150,0.837920,0.090016,-0.002308,-0.092324,0.673388,-0.027658,0.000709,0.028367,-0.961218,-0.404958,0.010384,0.415341,0.828964,1.695848,-0.043483,-1.739331,-1.005142,-3.765727,0.096557,3.862284,0.063240,2.405339,-6.674373,-1.553474,2.696599,4.702282,0.792365,-2.812705,-4.301548,0.521570,-2.003005,6.083221,-1.568553,0.000000,0.000000,0.000000,307.254895,264.819704,1
4.208000,-0.010865,0.021948,0.225053,0.471767,-0.012097,-0.483864,-0.690118,0.688271,-0.017648,-0.705919,0.379203,-2.891987,0.074154,2.966140,-0.250178,0.753740,-0.019327,-0.773067,-0.848509,0.619776,-0.015892,-0.635668,0.023737,-1.597759,0.040968,1.638727,-1.731778,-0.828897,0.021254,0.850150,0.797404,0.090016,-0.002308,-0.092324,0.675114,-0.027658,0.000709,0.028367,-1.088666,-0.404958,0.010384,0.415341,0.771264,1.695848,-0.043483,-1.739331,-0.988525,-3.765727,0.096557,3.862284,0.018998,2.258461,-6.277986,-1.438135,2.577065,4.678588,0.882555,-2.745914,-4.407523,0.617951,-2.013662,5.803035,-1.431965,0.000000,0.000000,0.000000,307.332264,264.817953,1
4.214000,-0.010498,0.024135,0.223817,0.477818,-0.012252,-0.490070,-0.818967,0.396642,-0.010170,-0.406813,0.483608,-3.074765,0.078840,3.153605,-0.140247,0.729113,-0.018695,-0.747808,-1.010071,0.308631,-0.007914,-0.316544,-0.112324,-1.862616,0.047759,1.910375,-1.380338,-0.787898,0.020203,0.808100,0.766397,0.001139,-0.000029,-0.001168,0.769322,-0.570887,0.014638,0.585525,-1.034611,-0.360222,0.009236,0.369458,0.745525,1.305715,-0.033480,-1.339195,-0.825925,-3.811145,0.097722,3.908867,-0.189231,2.073897,-6.099118,-1.397426,2.458259,3.560756,0.247752,-2.625050,-4.539704,0.818502,-2.461233,7.442986,-2.056316,0.000000,0.000000,0.000000,307.379156,264.809378,1
4.224000,-0.011546,0.023852,0.222794,0.477818,-0.012252,-0.490070,-0.713949,0.396642,-0.010170,-0.406813,0.417253,-3.074765,0.078840,3.153605,-0.191099,0.729113,-0.018695,-0.747808,-0.922222,0.308631,-0.007914,-0.316544,-0.191969,-1.862616,0.047759,1.910375,-1.338846,-0.787898,0.020203,0.808100,0.813227,0.001139,-0.000029,-0.001168,0.790826,-0.570887,0.014638,0.585525,-1.236390,-0.360222,0.009236,0.369458,0.767704,1.305715,-0.033480,-1.339195,-0.925984,-3.811145,0.097722,3.908867,-0.092043,2.099885,-5.938941,-1.295572,2.720361,4.397697,0.575715,-2.547189,-4.669733,0.940723,-2.416133,6.996874,-1.874849,0.000000,0.000000,0.000000,307.456115,264.798042,1
4.228000,-0.008966,0.023739,0.224066,0.504916,-0.012947,-0.517862,-0.588343,0.361202,-0.009262,-0.370464,0.281252,-3.113042,0.079822,3.192864,-0.048011,0.727605,-0.018657,-0.746262,-0.763648,0.414633,-0.010632,-0.425264,-0.142591,-2.150771,0.055148,2.205919,-1.203611,-0.734670,0.018838,0.753508,0.741804,0.115737,-0.002968,-0.118704,0.701690,-1.063781,0.027276,1.091057,-1.079048,-0.374738,0.009609,0.384347,0.707464,1.135809,-0.029123,-1.164932,-0.774849,-3.532098,0.090567,3.622664,-0.124573,2.167360,-5.852994,-1.181610,2.358641,3.781243,0.464522,-2.501527,-4.603476,0.973814,-2.337079,6.734338,-1.735808,0.000000,0.000000,0.000000,307.485288,264.790219,1
4.238000,-0.009922,0.023475,0.223201,0.504916,-0.012947,-0.517862,-0.554002,0.361202,-0.009262,-0.370464,0.278696,-3.113042,0.079822,3.192864,-0.151329,0.727605,-0.018657,-0.746262,-0.728696,0.414633,-0.010632,-0.425264,-0.216412,-2.150771,0.055148,2.205919,-1.136706,-0.734670,0.018838,0.753508,0.742336,0.115737,-0.002968,-0.118704,0.626490,-1.063781,0.027276,1.091057,-1.088937,-0.374738,0.009609,0.384347,0.687278,1.135809,-0.029123,-1.164932,-0.833264,-3.532098,0.090567,3.622664,-0.078510,2.187623,-5.717054,-1.098265,2.410552,4.042482,0.598710,-2.466909,-4.760832,1.081577,-2.309883,6.421711,-1.605461,0.000000,0.000000,0.000000,307.558865,264.770981,1
4.244000,-0.021999,0.028763,0.239106,0.660631,-0.016939,-0.677571,-0.248801,-0.086342,0.002214,0.088556,0.547295,-3.802684,0.097505,3.900188,1.455338,0.538130,-0.013798,-0.551928,1.569149,1.382551,-0.035450,-1.418001,0.023433,-5.378348,0.137906,5.516254,1.070312,-0.232457,0.005960,0.238417,-0.286259,1.170400,-0.030010,-1.200411,-1.079591,-6.618434,0.169703,6.788137,0.666769,-0.595682,0.015274,0.610956,-0.079177,-0.735533,0.018860,0.754393,0.393905,-0.909264,0.023314,0.932578,0.850305,3.551072,-5.587025,0.501408,-0.041642,0.224922,0.179544,0.000000,0.000000,0.000000,-2.212201,6.109827,-0.421370,0.000000,0.000000,0.000000,307.677217,264.877142,1
4.254000,-0.022834,0.028943,0.239132,0.660631,-0.016939,-0.677571,-0.288176,-0.086342,0.002214,0.088556,0.259174,-3.802684,0.097505,3.900188,1.726201,0.538130,-0.013798,-0.551928,1.481148,1.382551,-0.035450,-1.418001,0.153254,-5.378348,0.137906,5.516254,0.804172,-0.232457,0.005960,0.238417,-0.346205,1.170400,-0.030010,-1.200411,-1.018736,-6.618434,0.169703,6.788137,0.517265,-0.595682,0.015274,0.610956,-0.081270,-0.735533,0.018860,0.754393,0.293564,-0.909264,0.023314,0.932578,0.594693,3.515969,-6.260284,0.180006,-0.078223,0.471584,0.368498,0.000000,0.000000,0.000000,-2.319820,6.814370,-0.597023,0.000000,0.000000,0.000000,307.857857,265.034442,1
4.262000,-0.009561,0.027869,0.249089,0.866672,-0.022222,-0.888894,-0.311387,-0.126831,0.003252,0.130083,0.014442,-0.377469,0.009679,0.387148,0.291142,0.634514,-0.016270,-0.650784,0.016158,1.654536,-0.042424,-1.696960,-0.014124,-3.410309,0.087444,3.497753,0.086555,-0.114091,0.002925,0.117016,-0.860708,1.395346,-0.035778,-1.431124,-0.787266,-4.241334,0.108752,4.350086,0.405943,-1.045373,0.026804,1.072177,0.601908,-0.055778,0.001430,0.057209,-0.147304,0.826326,-0.021188,-0.847514,-1.684395,2.774415,-5.537439,-0.699887,0.000000,0.000000,0.000000,0.000000,0.000000,0.000000,-2.721753,6.405368,-0.366049,0.000000,0.000000,0.000000,307.904283,265.078953,1
4.272000,-0.009760,0.027953,0.248627,0.866672,-0.022222,-0.888894,-0.286496,-0.126831,0.003252,0.130083,-0.007391,-0.377469,0.009679,0.387148,0.214729,0.634514,-0.016270,-0.650784,0.048135,1.654536,-0.042424,-1.696960,0.127181,-3.410309,0.087444,3.497753,-0.138999,-0.114091,0.002925,0.117016,-0.862576,1.395346,-0.035778,-1.431124,-0.673274,-4.241334,0.108752,4.350086,0.142994,-1.045373,0.026804,1.072177,0.562591,-0.055778,0.001430,0.057209,-0.169230,0.826326,-0.021188,-0.847514,-0.912133,3.020029,-6.164725,-0.824418,0.000000,0.000000,0.000000,0.000000,0.000000,0.000000,-2.830914,7.193861,-0.586458,0.000000,0.000000,0.000000,307.945728,265.103500,1
4.276000,-0.010971,0.030217,0.250902,0.372503,-0.009551,-0.382055,0.570705,0.000115,-0.000003,-0.000118,-0.242272,1.757381,-0.045061,-1.802442,-0.481266,0.273304,-0.007008,-0.280311,0.200325,-0.071627,0.001837,0.073463,0.533148,-0.336793,0.008636,0.345429,-0.885108,0.101804,-0.002610,-0.104415,-0.004964,0.075127,-0.001926,-0.077053,0.240671,-0.876951,0.022486,0.899437,-0.590229,-0.026714,0.000685,0.027399,-0.696950,0.136537,-0.003501,-0.140038,-0.525361,0.298947,-0.007665,-0.306612,0.451243,2.611281,-4.831023,-0.639511,0.000000,0.000000,0.000000,0.000000,0.000000,0.000000,-1.991895,6.968200,-1.382125,0.000000,0.000000,0.000000,307.954798,265.102276,1
4.286000,-0.011208,0.030695,0.248966,0.372503,-0.009551,-0.382055,0.333068,0.000115,-0.000003,-0.000118,-0.146369,1.757381,-0.045061,-1.802442,-0.642002,0.273304,-0.007008,-0.280311,0.165814,-0.071627,0.001837,0.073463,0.750772,-0.336793,0.008636,0.345429,-1.322237,0.101804,-0.002610,-0.104415,-0.085824,0.075127,-0.001926,-0.077053,0.381007,-0.876951,0.022486,0.899437,-0.980848,-0.026714,0.000685,0.027399,-0.663091,0.136537,-0.003501,-0.140038,-0.330986,0.298947,-0.007665,-0.306612,0.196078,2.872735,-5.685404,-0.878504,0.000000,0.000000,0.000000,0.000000,0.000000,0.000000,-2.303186,7.707688,-1.475480,0.000000,0.000000,0.000000,307.983678,265.098749,1
4.290000,-0.004578,0.018229,0.245201,0.231297,-0.005931,-0.237227,0.040454,0.121249,-0.003109,-0.124358,-0.200580,-0.033717,0.000865,0.034581,0.024527,-0.149687,0.003838,0.153525,0.610604,-0.396758,0.010173,0.406932,1.022398,-1.197928,0.030716,1.228644,-1.023060,-0.229456,0.005883,0.235340,-0.095703,-0.785641,0.020145,0.805785,0.626738,-0.648433,0.016626,0.665059,-1.296780,0.169059,-0.004335,-0.173394,-0.493225,-0.095137,0.002439,0.097576,-0.168629,1.247480,-0.031987,-1.279467,-0.431643,2.698979,-5.625461,-0.999494,0.000000,0.000000,0.000000,0.000000,0.000000,0.000000,-2.174906,7.494713,-0.902616,0.000000,0.000000,0.000000,307.999063,265.096791,1
4.300000,-0.004313,0.017561,0.242728,0.231297,-0.005931,-0.237227,0.027734,0.121249,-0.003109,-0.124358,-0.169381,-0.033717,0.000865,0.034581,0.018445,-0.149687,0.003838,0.153525,0.635551,-0.396758,0.010173,0.406932,1.178602,-1.197928,0.030716,1.228644,-1.307921,-0.229456,0.005883,0.235340,-0.130369,-0.785641,0.020145,0.805785,0.701349,-0.648433,0.016626,0.665059,-1.559283,0.169059,-0.004335,-0.173394,-0.534507,-0.095137,0.002439,0.097576,-0.085887,1.247480,-0.031987,-1.279467,-0.453397,2.871287,-6.153332,-1.179848,0.000000,0.000000,0.000000,0.000000,0.000000,0.000000,-2.273079,7.919941,-0.958058,0.000000,0.000000,0.000000,308.044328,265.088262,1
4.302000,-0.008520,0.027484,0.245632,0.505065,-0.012950,-0.518016,-0.022089,-0.134339,0.003445,0.137784,-0.165577,2.381339,-0.061060,-2.442399,-0.916548,0.388802,-0.009969,-0.398771,0.106700,-0.116214,0.002980,0.119194,0.805681,-0.432783,0.011097,0.443880,-1.522410,0.266059,-0.006822,-0.272881,-0.283717,0.224715,-0.005762,-0.230477,0.250830,-1.255213,0.032185,1.287397,-1.113165,-0.172575,0.004425,0.177000,-0.448321,-0.073057,0.001873,0.074931,-0.035454,-0.233359,0.005984,0.239342,0.151653,2.982597,-5.937045,-0.989637,0.000000,0.000000,0.000000,0.000000,0.000000,0.000000,-2.253535,7.728764,-1.291365,0.000000,0.000000,0.000000,308.053875,265.088554,1
4.312000,-0.008715,0.027472,0.243212,0.505065,-0.012950,-0.518016,-0.014957,-0.134339,0.003445,0.137784,-0.086845,2.381339,-0.061060,-2.442399,-1.015923,0.388802,-0.009969,-0.398771,0.115413,-0.116214,0.002980,0.119194,0.944466,-0.432783,0.011097,0.443880,-1.821066,0.266059,-0.006822,-0.272881,-0.341785,0.224715,-0.005762,-0.230477,0.283763,-1.255213,0.032185,1.287397,-1.340254,-0.172575,0.004425,0.177000,-0.421385,-0.073057,0.001873,0.074931,-0.022846,-0.233359,0.005984,0.239342,0.129687,3.151807,-6.423778,-1.130589,0.000000,0.000000,0.000000,0.000000,0.000000,0.000000,-2.401615,8.092994,-1.330355,0.000000,0.000000,0.000000,308.108469,265.088478,1
4.316000,-0.008259,0.035633,0.250126,-0.136281,0.003494,0.139775,0.219677,0.006197,-0.000159,-0.006356,-0.181434,1.338390,-0.034318,-1.372707,-0.639958,-0.014209,0.000364,0.014574,0.421545,-0.507549,0.013014,0.520563,0.853616,-0.484196,0.012415,0.496611,-1.253435,-0.167822,0.004303,0.172125,0.170138,-0.282117,0.007234,0.289350,0.369893,-1.152789,0.029559,1.182348,-0.753119,0.255249,-0.006545,-0.261794,-0.641917,-0.002827,0.000072,0.002900,-0.044505,-1.811410,0.046446,1.857857,0.840826,2.561362,-5.470473,0.024111,0.000000,0.000000,0.000000,0.000000,0.000000,0.000000,-1.905847,6.672274,-2.028405,0.000000,0.000000,0.000000,308.127431,265.095336,1
4.326000,-0.008739,0.036817,0.247910,-0.136281,0.003494,0.139775,0.238376,0.006197,-0.000159,-0.006356,-0.118914,1.338390,-0.034318,-1.372707,-0.599609,-0.014209,0.000364,0.014574,0.333814,-0.507549,0.013014,0.520563,1.005576,-0.484196,0.012415,0.496611,-1.578476,-0.167822,0.004303,0.172125,0.041933,-0.282117,0.007234,0.289350,0.452719,-1.152789,0.029559,1.182348,-1.042385,0.255249,-0.006545,-0.261794,-0.655210,-0.002827,0.000072,0.002900,-0.042161,-1.811410,0.046446,1.857857,0.881703,2.781229,-6.152784,-0.012328,0.056282,0.011965,-0.025010,0.000000,0.000000,0.000000,-2.479823,7.232775,-1.956454,0.000000,0.000000,0.000000,308.180928,265.108504,1
4.330000,-0.010032,0.027002,0.239946,0.282097,-0.007233,-0.289331,0.017702,-0.000547,0.000014,0.000561,-0.042657,0.524691,-0.013454,-0.538144,-0.077441,-0.008049,0.000206,0.008255,0.108142,-0.566854,0.014535,0.581389,1.003893,-0.819862,0.021022,0.840884,-1.516665,-0.201782,0.005174,0.206956,-0.408002,-0.804331,0.020624,0.824954,0.527898,-0.726541,0.018629,0.745170,-1.382212,0.182603,-0.004682,-0.187285,-0.448485,0.001074,-0.000028,-0.001101,-0.018334,-0.486954,0.012486,0.499440,0.137595,2.644408,-6.149770,-0.810507,0.000000,0.000000,0.000000,0.000000,0.000000,0.000000,-2.652597,6.962710,-1.217865,0.000000,0.000000,0.000000,308.195366,265.103782,1
4.340000,-0.010215,0.027205,0.237191,0.282097,-0.007233,-0.289331,0.037004,-0.000547,0.000014,0.000561,-0.040114,0.524691,-0.013454,-0.538144,-0.092563,-0.008049,0.000206,0.008255,0.168081,-0.566854,0.014535,0.581389,1.154565,-0.819862,0.021022,0.840884,-1.791412,-0.201782,0.005174,0.206956,-0.416137,-0.804331,0.020624,0.824954,0.581078,-0.726541,0.018629,0.745170,-1.600647,0.182603,-0.004682,-0.187285,-0.464096,0.001074,-0.000028,-0.001101,-0.017644,-0.486954,0.012486,0.499440,0.185590,2.845784,-6.637564,-0.883850,0.000000,0.000000,0.000000,0.000000,0.000000,0.000000,-2.761887,7.358313,-1.339439,0.000000,0.000000,0.000000,308.237140,265.089637,1
4.342000,-0.001024,0.015789,0.236454,0.848934,-0.021768,-0.870702,-0.032227,-0.043143,0.001106,0.044249,-0.069283,2.989007,-0.076641,-3.065649,-1.014018,0.375933,-0.009639,-0.385572,0.259215,-0.114988,0.002948,0.117936,1.101292,-0.392496,0.010064,0.402560,-1.961080,0.171892,-0.004407,-0.176300,-0.332274,0.109612,-0.002811,-0.112423,0.303069,-1.126555,0.028886,1.155441,-1.369319,-0.643735,0.016506,0.660241,-0.132153,-0.013967,0.000358,0.014325,-0.048810,0.397673,-0.010197,-0.407870,0.192400,3.219793,-6.371333,-1.244859,0.000000,0.000000,0.000000,0.000000,0.000000,0.000000,-2.383033,8.115457,-1.061349,0.000000,0.000000,0.000000,308.249141,265.090937,1
4.352000,-0.000778,0.015099,0.233382,0.848934,-0.021768,-0.870702,-0.084170,-0.043143,0.001106,0.044249,-0.056523,2.989007,-0.076641,-3.065649,-1.214980,0.375933,-0.009639,-0.385572,0.271672,-0.114988,0.002948,0.117936,1.212364,-0.392496,0.010064,0.402560,-2.176850,0.171892,-0.004407,-0.176300,-0.398020,0.109612,-0.002811,-0.112423,0.335371,-1.126555,0.028886,1.155441,-1.573869,-0.643735,0.016506,0.660241,-0.096768,-0.013967,0.000358,0.014325,-0.044988,0.397673,-0.010197,-0.407870,0.084040,3.333936,-6.661275,-1.362697,0.000000,0.000000,0.000000,0.000000,0.000000,0.000000,-2.501783,8.444650,-1.069063,0.000000,0.000000,0.000000,308.318638,265.101662,1
4.356000,-0.006785,0.023833,0.233663,1.006347,-0.025804,-1.032151,-0.017402,-0.048487,0.001243,0.049731,-0.055954,2.870838,-0.073611,-2.944449,-0.748559,0.373325,-0.009572,-0.382897,0.204741,-0.121966,0.003127,0.125093,1.190010,-0.656288,0.016828,0.673116,-2.103900,0.126677,-0.003248,-0.129925,-0.477257,-0.061562,0.001579,0.063140,0.329601,-1.156247,0.029647,1.185894,-1.586959,-0.650917,0.016690,0.667607,-0.227621,-0.009911,0.000254,0.010165,-0.035732,1.360753,-0.034891,-1.395644,-0.030525,3.198006,-6.989539,-1.167948,0.000000,0.000000,0.000000,0.000000,0.000000,0.000000,-2.533690,8.071501,-1.447695,0.000000,0.000000,0.000000,308.342750,265.097521,1
4.366000,-0.006968,0.023656,0.230425,1.006347,-0.025804,-1.032151,-0.089880,-0.048487,0.001243,0.049731,-0.062016,2.870838,-0.073611,-2.944449,-1.052001,0.373325,-0.009572,-0.382897,0.219317,-0.121966,0.003127,0.125093,1.285538,-0.656288,0.016828,0.673116,-2.291702,0.126677,-0.003248,-0.129925,-0.548101,-0.061562,0.001579,0.063140,0.333292,-1.156247,0.029647,1.185894,-1.763747,-0.650917,0.016690,0.667607,-0.165743,-0.009911,0.000254,0.010165,-0.047105,1.360753,-0.034891,-1.395644,-0.278527,3.309194,-7.226116,-1.224723,0.000000,0.000000,0.000000,0.000000,0.000000,0.000000,-2.617634,8.265597,-1.473892,0.000000,0.000000,0.000000,308.419395,265.097519,1
4.368000,0.025131,0.017886,0.230840,1.181776,-0.030302,-1.212078,-0.012675,-0.033841,0.000868,0.034709,-0.064132,4.319870,-0.110766,-4.430636,-1.068487,0.208000,-0.005333,-0.213333,0.173077,0.507187,-0.013005,-0.520192,1.258623,-1.280442,0.032832,1.313274,-2.187819,0.240773,-0.006174,-0.246946,-0.596874,0.939712,-0.024095,-0.963807,0.058653,-2.161243,0.055416,2.216660,-1.287433,-0.804354,0.020624,0.824978,-0.484059,-0.018920,0.000485,0.019405,-0.043802,1.874408,-0.048062,-1.922470,0.033625,3.460781,-7.580463,-1.396397,0.000000,0.000000,0.000000,0.000000,0.000000,0.000000,-2.648870,8.029011,-1.521077,0.000000,0.000000,0.000000,308.443073,265.093428,1
4.378000,0.025410,0.017584,0.227785,1.181776,-0.030302,-1.212078,-0.102134,-0.033841,0.000868,0.034709,-0.088376,4.319870,-0.110766,-4.430636,-1.589551,0.208000,-0.005333,-0.213333,0.200867,0.507187,-0.013005,-0.520192,1.317988,-1.280442,0.032832,1.313274,-2.314634,0.240773,-0.006174,-0.246946,-0.664945,0.939712,-0.024095,-0.963807,0.010197,-2.161243,0.055416,2.216660,-1.398769,-0.804354,0.020624,0.824978,-0.329272,-0.018920,0.000485,0.019405,-0.064999,1.874408,-0.048062,-1.922470,-0.378739,3.543466,-7.658009,-1.407691,0.000000,0.000000,0.000000,0.000000,0.000000,0.000000,-2.709376,8.137021,-1.523063,0.000000,0.000000,0.000000,308.595207,265.102470,1
4.382000,0.055092,0.019318,0.231978,0.299782,-0.007687,-0.307469,0.247765,-0.004261,0.000109,0.004370,-0.070681,0.944893,-0.024228,-0.969121,-0.064072,0.002424,-0.000062,-0.002486,0.208250,0.649339,-0.016650,-0.665988,1.289018,-1.949438,0.049986,1.999424,-1.918192,0.317848,-0.008150,-0.325998,-0.584410,0.983294,-0.025213,-1.008506,0.033934,-2.434278,0.062417,2.496695,-0.756638,0.544859,-0.013971,-0.558829,-1.120504,-0.004895,0.000126,0.005021,-0.037435,-0.021666,0.000556,0.022221,0.246751,3.302898,-7.479986,-0.773192,0.000000,0.000000,0.000000,0.000000,0.000000,0.000000,-2.581308,7.419191,-1.760038,0.000000,0.000000,0.000000,308.625522,265.079230,1
4.392000,0.055799,0.019623,0.229413,0.299782,-0.007687,-0.307469,0.184644,-0.004261,0.000109,0.004370,-0.057676,0.944893,-0.024228,-0.969121,-0.203583,0.002424,-0.000062,-0.002486,0.180278,0.649339,-0.016650,-0.665988,1.322430,-1.949438,0.049986,1.999424,-1.999288,0.317848,-0.008150,-0.325998,-0.711532,0.983294,-0.025213,-1.008506,-0.001266,-2.434278,0.062417,2.496695,-0.875899,0.544859,-0.013971,-0.558829,-1.143639,-0.004895,0.000126,0.005021,-0.032586,-0.021666,0.000556,0.022221,0.136608,3.340363,-7.594220,-0.804304,0.075878,0.051535,-0.014860,0.000000,0.000000,0.000000,-2.684073,7.443914,-1.708852,0.000000,0.000000,0.000000,308.707475,265.018730,1
4.396000,0.061277,0.011211,0.228612,-0.244708,0.006275,0.250983,0.568272,0.001179,-0.000030,-0.001210,-0.040371,0.933589,-0.023938,-0.957528,-0.267273,0.113232,-0.002903,-0.116136,0.290385,1.135495,-0.029115,-1.164611,1.079286,-1.952222,0.050057,2.002279,-1.616249,0.637367,-0.016343,-0.653710,-0.894609,1.883200,-0.048287,-1.931488,-0.473011,-2.943464,0.075473,3.018938,-0.486305,0.354221,-0.009083,-0.363304,-1.228090,-0.014024,0.000360,0.014384,-0.053263,0.108709,-0.002787,-0.111497,0.280291,3.348800,-6.720551,-0.795309,0.003865,0.002229,-0.000804,-0.214229,-0.437921,0.089844,-2.344102,7.118406,-1.481091,0.000000,0.000000,0.000000,308.740955,265.003995,1
4.406000,0.083669,0.005765,0.235056,-0.605716,0.015531,0.621247,0.813234,0.005668,-0.000145,-0.005813,-0.048523,0.400243,-0.010263,-0.410505,-0.017252,-0.183637,0.004709,0.188346,0.362132,1.032211,-0.026467,-1.058678,1.451838,-2.341019,0.060026,2.401046,-1.412263,0.384489,-0.009859,-0.394347,-0.864439,1.584700,-0.040633,-1.625334,-0.138413,-2.941322,0.075419,3.016740,-0.310927,0.736752,-0.018891,-0.755643,-1.276604,-0.008244,0.000211,0.008456,-0.047254,-0.558333,0.014316,0.572649,0.387434,3.295473,-6.690900,-1.313731,0.000000,0.000000,0.000000,0.000000,0.000000,0.000000,-2.524493,7.751656,-1.153420,0.000000,0.000000,0.000000,308.822950,264.968664,1
4.412000,0.068396,0.007793,0.225727,-0.495648,0.012709,0.508357,0.567857,0.049750,-0.001276,-0.051025,-0.275523,0.418739,-0.010737,-0.429476,-0.442530,0.364593,-0.009349,-0.373941,0.256195,1.376135,-0.035286,-1.411421,1.074788,-1.812330,0.046470,1.858800,-1.588746,0.959274,-0.024597,-0.983871,-1.146778,2.433302,-0.062392,-2.495694,-0.726652,-3.268049,0.083796,3.351845,-0.353045,0.392961,-0.010076,-0.403037,-1.164685,-0.019203,0.000492,0.019695,-0.043149,0.073355,-0.001881,-0.075236,0.169850,3.781829,-6.146452,-0.480288,0.022926,0.027988,0.004797,-3.795831,-6.354630,0.617186,-2.177719,7.802296,-1.682939,0.000000,0.000000,0.000000,308.880952,264.957510,1
4.422000,0.069056,0.007298,0.223414,-0.495648,0.012709,0.508357,0.628473,0.049750,-0.001276,-0.051025,0.049133,0.418739,-0.010737,-0.429476,-1.770716,0.364593,-0.009349,-0.373941,0.364236,1.376135,-0.035286,-1.411421,1.140138,-1.812330,0.046470,1.858800,-1.586687,0.959274,-0.024597,-0.983871,-1.082459,2.433302,-0.062392,-2.495694,-0.655622,-3.268049,0.083796,3.351845,-0.491356,0.392961,-0.010076,-0.403037,-1.011027,-0.019203,0.000492,0.019695,-0.020791,0.073355,-0.001881,-0.075236,0.093155,3.931636,-5.840118,-0.231102,0.073197,0.111116,0.027422,-3.399293,-6.691830,1.222689,-2.011033,8.182496,-1.985025,0.000000,0.000000,0.000000,308.986355,264.935881,1
4.428000,0.075697,0.006258,0.223950,-0.336806,0.008636,0.345442,0.846326,1.268939,-0.032537,-1.301476,-0.205811,-1.973188,0.050595,2.023782,-0.868446,-0.002777,0.000071,0.002849,0.527646,1.226051,-0.031437,-1.257488,1.081790,-2.214305,0.056777,2.271082,-0.833221,0.769002,-0.019718,-0.788720,-1.244912,2.457766,-0.063020,-2.520785,-0.687590,-3.769600,0.096656,3.866257,-0.438064,0.754823,-0.019354,-0.774177,-0.923860,-0.025255,0.000648,0.025903,-0.011042,-0.057785,0.001482,0.059267,0.127619,3.470448,-5.208750,-0.311867,0.499572,0.902409,0.328931,-4.439370,-7.956256,1.687571,-1.753758,6.759846,-1.504989,0.000000,0.000000,0.000000,309.050578,264.919654,1
4.438000,0.076328,0.009086,0.223238,-0.297728,0.007634,0.305362,0.981640,1.335909,-0.034254,-1.370163,0.271867,-1.954641,0.050119,2.004760,-2.035746,0.035247,-0.000904,-0.036151,0.633174,1.280696,-0.032838,-1.313535,0.989504,-2.172995,0.055718,2.228713,-0.698335,0.798079,-0.020464,-0.818543,-0.929718,2.508901,-0.064331,-2.573232,-0.746150,-3.730601,0.095656,3.826258,0.010767,0.786103,-0.020156,-0.806260,-0.871632,-0.024269,0.000622,0.024891,0.007184,-0.042500,0.001090,0.043590,0.070969,3.206122,-4.339606,0.044120,0.616500,0.814035,0.185317,-3.465805,-6.920316,1.473664,-1.896675,7.743187,-1.937661,0.000000,0.000000,0.000000,309.161185,264.883607,1
4.444000,0.077071,0.009872,0.224139,-0.487249,0.012494,0.499742,0.908494,1.269826,-0.032560,-1.302386,0.352144,-2.298832,0.058944,2.357776,-1.662447,-0.218815,0.005611,0.224425,0.587547,1.119011,-0.028693,-1.147704,0.933546,-2.364091,0.060618,2.424708,-0.597414,0.595471,-0.015268,-0.610739,-0.769976,2.258047,-0.057899,-2.315946,-0.237204,-3.679674,0.094351,3.774025,-0.430386,0.879154,-0.022542,-0.901696,-0.870856,-0.034675,0.000889,0.035564,0.009280,-0.035941,0.000922,0.036862,0.051214,2.952725,-4.280538,-0.049926,1.029771,1.058759,0.076950,-2.969428,-6.292993,1.351494,-1.928992,8.302560,-2.150837,0.000000,0.000000,0.000000,309.226678,264.846829,1
4.454000,0.074151,0.009368,0.222047,-0.680606,0.017451,0.698057,1.159096,1.239868,-0.031791,-1.271660,0.152542,-2.226010,0.057077,2.283087,-1.700631,-0.399401,0.010241,0.409642,0.787739,1.171263,-0.030032,-1.201296,0.771839,-2.465395,0.063215,2.528611,-0.421678,0.429337,-0.011009,-0.440345,-0.688747,2.218420,-0.056883,-2.275303,-0.505833,-3.594858,0.092176,3.687034,-0.285179,0.817807,-0.020969,-0.838776,-0.761693,-0.026997,0.000692,0.027689,0.006033,-0.028701,0.000736,0.029437,0.024684,2.856713,-4.350850,-0.106396,1.233094,1.331330,0.131496,-2.776560,-6.049785,1.425613,-1.820161,7.350278,-1.811944,0.000000,0.000000,0.000000,309.330152,264.807871,1
4.462000,0.087425,0.018296,0.221827,-0.767902,0.019690,0.787592,1.587862,1.568065,-0.040207,-1.608272,0.076908,-3.503914,0.089844,3.593758,-1.492742,-0.623534,0.015988,0.639522,1.265460,1.021570,-0.026194,-1.047764,1.052068,-2.808418,0.072011,2.880429,-0.965726,0.308964,-0.007922,-0.316886,-0.098371,2.254512,-0.057808,-2.312320,-0.968594,-4.135566,0.106040,4.241606,0.701032,1.141177,-0.029261,-1.170438,-0.714969,-0.061302,0.001572,0.062874,0.098685,-0.130129,0.003337,0.133466,0.052813,2.811400,-5.128587,-0.554772,3.511960,2.733961,-0.183159,-3.334034,-6.473565,1.562500,-1.706779,7.109135,-1.851243,0.000000,0.000000,0.000000,309.470365,264.798127,1
4.472000,0.087759,0.019168,0.221046,-0.767902,0.019690,0.787592,1.444053,1.568065,-0.040207,-1.608272,0.017226,-3.503914,0.089844,3.593758,-1.239122,-0.623534,0.015988,0.639522,1.097897,1.021570,-0.026194,-1.047764,0.989459,-2.808418,0.072011,2.880429,-0.751526,0.308964,-0.007922,-0.316886,-0.247378,2.254512,-0.057808,-2.312320,-0.743808,-4.135566,0.106040,4.241606,0.383925,1.141177,-0.029261,-1.170438,-0.391833,-0.061302,0.001572,0.062874,0.283042,-0.130129,0.003337,0.133466,-0.121362,2.337360,-4.866381,-0.742141,4.584685,6.005432,1.205073,-3.241772,-6.107285,1.407557,-1.909520,6.683583,-1.489551,0.000000,0.000000,0.000000,309.604776,264.778569,1
4.478000,0.079266,0.018677,0.224815,-0.893579,0.022912,0.916492,1.188856,1.474199,-0.037800,-1.511999,-0.296016,-3.147767,0.080712,3.228479,-1.023366,-0.723549,0.018553,0.742101,0.864694,1.223578,-0.031374,-1.254952,0.431833,-3.077875,0.078920,3.156795,-0.346639,0.242064,-0.006207,-0.248270,-0.425352,2.173575,-0.055733,-2.229308,-1.008827,-3.856694,0.098890,3.955584,0.363730,1.177144,-0.030183,-1.207327,-0.299323,0.160363,-0.004112,-0.164475,0.543455,-0.677239,0.017365,0.694604,-0.829861,1.778647,-4.368933,-0.800874,3.226427,5.016749,1.206725,-3.167973,-5.867302,1.086236,-1.824192,4.904440,-0.803882,0.000000,0.000000,0.000000,309.676413,264.782935,1
4.488000,0.078797,0.019324,0.224316,-0.893579,0.022912,0.916492,1.104645,1.474199,-0.037800,-1.511999,-0.408039,-3.147767,0.080712,3.228479,-0.883673,-0.723549,0.018553,0.742101,0.774104,1.223578,-0.031374,-1.254952,0.288264,-3.077875,0.078920,3.156795,-0.207347,0.242064,-0.006207,-0.248270,-0.472578,2.173575,-0.055733,-2.229308,-1.002170,-3.856694,0.098890,3.955584,0.256309,1.177144,-0.030183,-1.207327,-0.369027,0.160363,-0.004112,-0.164475,0.499030,-0.677239,0.017365,0.694604,-0.873129,2.030567,-4.855919,-0.857479,3.134839,4.769768,1.107409,-3.144553,-5.678672,0.997392,-1.768541,4.794548,-0.818691,0.000000,0.000000,0.000000,309.782137,264.797504,1
4.496000,0.088467,0.019638,0.229064,-0.917043,0.023514,0.940557,0.840418,1.525688,-0.039120,-1.564808,-0.423509,-3.844919,0.098588,3.943506,-0.391655,-0.859770,0.022045,0.881815,0.753225,-0.035921,0.000921,0.036842,0.128989,-1.760099,0.045131,1.805230,-0.341448,0.320028,-0.008206,-0.328234,-0.002837,1.952443,-0.050063,-2.002506,-1.296693,-3.895763,0.099891,3.995654,1.341284,0.720625,-0.018478,-0.739102,0.162544,0.832815,-0.021354,-0.854170,-0.148886,-3.513240,0.090083,3.603323,0.060000,1.255566,-3.645554,-0.881415,3.632862,5.183228,1.047785,-3.392698,-5.764550,0.971876,-1.507025,4.567397,-0.797363,0.000000,0.000000,0.000000,309.883765,264.862635,1
4.506000,0.088278,0.020011,0.229019,-0.917043,0.023514,0.940557,0.728311,1.525688,-0.039120,-1.564808,-0.419012,-3.844919,0.098588,3.943506,-0.385681,-0.859770,0.022045,0.881815,0.638644,-0.035921,0.000921,0.036842,0.148033,-1.760099,0.045131,1.805230,-0.392612,0.320028,-0.008206,-0.328234,-0.074918,1.952443,-0.050063,-2.002506,-1.021693,-3.895763,0.099891,3.995654,0.830706,0.720625,-0.018478,-0.739102,0.072710,0.832815,-0.021354,-0.854170,-0.123409,-3.513240,0.090083,3.603323,-0.030140,1.262393,-3.814653,-0.953351,3.616114,5.231094,1.080144,-3.438837,-5.856292,0.998978,-1.537790,5.021695,-0.992716,0.000000,0.000000,0.000000,309.981730,264.912759,1
4.516000,0.099450,0.027807,0.252994,-0.843858,0.021637,0.865495,1.292984,1.743809,-0.044713,-1.788522,-0.944241,-4.131463,0.105935,4.237397,0.367288,-0.765504,0.019628,0.785132,1.144710,0.380779,-0.009764,-0.390543,-0.159155,-2.464364,0.063189,2.527553,1.041115,0.501724,-0.012865,-0.514589,-1.635755,2.147772,-0.055071,-2.202843,-0.691008,-4.071206,0.104390,4.175596,1.785272,0.635019,-0.016283,-0.651302,0.978155,1.370444,-0.035140,-1.405584,-1.012053,-4.949974,0.126922,5.076896,1.214205,0.691248,-1.765324,-0.417209,3.574901,4.006021,0.112672,-2.832872,-5.607297,1.378064,0.000000,0.000000,0.000000,0.000000,0.000000,0.000000,310.241720,265.160009,1
4.526000,0.100328,0.028820,0.253605,-0.843858,0.021637,0.865495,1.039838,1.743809,-0.044713,-1.788522,-0.729884,-4.131463,0.105935,4.237397,0.095438,-0.765504,0.019628,0.785132,0.922054,0.380779,-0.009764,-0.390543,-0.293267,-2.464364,0.063189,2.527553,0.814578,0.501724,-0.012865,-0.514589,-1.268377,2.147772,-0.055071,-2.202843,-0.816911,-4.071206,0.104390,4.175596,1.924700,0.635019,-0.016283,-0.651302,0.766776,1.370444,-0.035140,-1.405584,-0.817277,-4.949974,0.126922,5.076896,0.884697,2.249419,-5.146143,-1.134233,3.895886,5.215176,0.528909,-3.508134,-5.856490,1.091593,0.000000,0.000000,0.000000,0.000000,0.000000,0.000000,310.463079,265.371379,1
4.532000,0.095474,0.020658,0.240460,2.379053,-0.061001,-2.440054,-1.873784,-0.203765,0.005225,0.208990,0.562351,-3.297616,0.084554,3.382170,0.287814,2.404567,-0.061656,-2.466222,-1.797052,1.420004,-0.036410,-1.456414,-0.554200,-5.578852,0.143047,5.721900,1.889665,-2.691440,0.069011,2.760451,2.800345,0.623336,-0.015983,-0.639319,-0.422733,-7.320341,0.187701,7.508042,4.264305,2.938013,-0.075334,-3.013347,-1.388654,-0.532208,0.013646,0.545854,0.313402,-3.076578,0.078887,3.155465,0.185961,2.575879,-4.814408,-0.565011,3.353407,5.635860,1.222456,-3.119416,-4.589645,0.209793,-7.047794,4.593793,3.806919,0.000000,0.000000,0.000000,310.863123,265.771423,1
4.542000,0.095785,0.020903,0.239868,2.379053,-0.061001,-2.440054,-1.989561,-0.203765,0.005225,0.208990,0.738653,-3.297616,0.084554,3.382170,0.031865,2.404567,-0.061656,-2.466222,-1.807615,1.420004,-0.036410,-1.456414,-0.265790,-5.578852,0.143047,5.721900,1.301683,-2.691440,0.069011,2.760451,1.282680,0.623336,-0.015983,-0.639319,-0.348486,-7.320341,0.187701,7.508042,3.067256,2.938013,-0.075334,-3.013347,-1.469204,-0.532208,0.013646,0.545854,0.432757,-3.076578,0.078887,3.155465,-0.066673,3.101051,-5.887820,-0.730783,4.549973,5.137256,0.264534,-2.333716,-4.774580,0.923273,-14.141071,19.706337,4.471448,0.000000,0.000000,0.000000,311.353887,266.257980,1
4.550000,0.091797,0.014740,0.252058,0.285783,-0.007328,-0.293111,-1.130224,0.926625,-0.023760,-0.950384,0.383180,-3.927811,0.100713,4.028524,0.114363,0.334842,-0.008586,-0.343427,-1.414895,1.014355,-0.026009,-1.040364,-0.398448,-4.096930,0.105049,4.201980,2.214875,2.791519,-0.071577,-2.863097,-0.743859,0.012981,-0.000333,-0.013314,-0.178162,0.493515,-0.012654,-0.506169,-0.040580,1.152127,-0.029542,-1.181669,-0.935718,0.164654,-0.004222,-0.168876,0.451057,-3.426699,0.087864,3.514564,-0.231140,0.000000,0.000000,0.000000,3.609321,7.862033,2.249452,-4.545059,-6.250893,0.075659,0.000000,0.000000,0.000000,0.000000,0.000000,0.000000,311.477970,266.362020,1
4.560000,0.091613,0.014680,0.251321,0.285783,-0.007328,-0.293111,-1.069761,0.926625,-0.023760,-0.950384,0.477860,-3.927811,0.100713,4.028524,-0.242718,0.334842,-0.008586,-0.343427,-1.153396,1.014355,-0.026009,-1.040364,-0.504449,-4.096930,0.105049,4.201980,2.124849,2.791519,-0.071577,-2.863097,-1.015584,0.012981,-0.000333,-0.013314,-0.163245,0.493515,-0.012654,-0.506169,-0.038091,1.152127,-0.029542,-1.181669,-0.825481,0.164654,-0.004222,-0.168876,0.435552,-3.426699,0.087864,3.514564,-0.462244,0.000000,0.000000,0.000000,3.844869,8.100837,2.255574,-4.805778,-6.866167,0.217192,0.000000,0.000000,0.000000,0.000000,0.000000,0.000000,311.649948,266.471395,1
4.566000,0.114124,0.024351,0.248859,-0.372792,0.009559,0.382351,-0.345059,0.631021,-0.016180,-0.647201,0.985652,-2.305717,0.059121,2.364838,-1.192260,-0.980896,0.025151,1.006048,0.395713,0.193424,-0.004960,-0.198384,-0.578180,-1.218853,0.031253,1.250106,0.665463,2.173280,-0.055725,-2.229005,-0.845588,0.574189,-0.014723,-0.588912,-0.566112,0.566389,-0.014523,-0.580912,-0.271121,0.159482,-0.004089,-0.163571,0.114055,0.238095,-0.006105,-0.244200,0.658759,-2.163266,0.055468,2.218734,-1.242406,0.000000,0.000000,0.000000,3.984479,8.550433,2.200901,-4.873891,-6.839550,0.368969,0.000000,0.000000,0.000000,0.000000,0.000000,0.000000,311.711423,266.454565,1
4.576000,0.114642,0.024541,0.246945,-0.372792,0.009559,0.382351,-0.329051,0.631021,-0.016180,-0.647201,1.028456,-2.305717,0.059121,2.364838,-1.424171,-0.980896,0.025151,1.006048,0.353820,0.193424,-0.004960,-0.198384,-0.423757,-1.218853,0.031253,1.250106,0.575412,2.173280,-0.055725,-2.229005,-0.923572,0.574189,-0.014723,-0.588912,-0.506396,0.566389,-0.014523,-0.580912,-0.172975,0.159482,-0.004089,-0.163571,0.204833,0.238095,-0.006105,-0.244200,0.567354,-2.163266,0.055468,2.218734,-1.346328,0.000000,0.000000,0.000000,4.023055,8.396524,2.096300,-4.981853,-7.127848,0.476043,0.000000,0.000000,0.000000,0.000000,0.000000,0.000000,311.820776,266.417547,1
4.580000,0.112844,0.019186,0.241147,-0.103954,0.002665,0.106620,-0.542913,0.479153,-0.012286,-0.491439,1.112245,-1.976978,0.050692,2.027670,-1.549921,-1.118663,0.028684,1.147347,-0.218943,-0.336042,0.008616,0.344658,-0.134705,0.992330,-0.025444,-1.017774,0.170644,2.413900,-0.061895,-2.475794,-0.284526,0.558128,-0.014311,-0.572439,-0.090959,0.524475,-0.013448,-0.537923,-0.001019,0.370242,-0.009493,-0.379736,0.045813,0.349145,-0.008952,-0.358098,0.433435,-2.417060,0.061976,2.479036,-1.156679,0.000000,0.000000,0.000000,3.985178,8.211785,2.020494,-4.760586,-6.987978,0.506095,0.000000,0.000000,0.000000,0.000000,0.000000,0.000000,311.852838,266.391541,1
4.590000,0.113115,0.019264,0.238837,-0.103954,0.002665,0.106620,-0.529581,0.479153,-0.012286,-0.491439,1.147292,-1.976978,0.050692,2.027670,-1.765697,-1.118663,0.028684,1.147347,-0.034370,-0.336042,0.008616,0.344658,-0.088912,0.992330,-0.025444,-1.017774,-0.124913,2.413900,-0.061895,-2.475794,-0.589400,0.558128,-0.014311,-0.572439,-0.226245,0.524475,-0.013448,-0.537923,-0.026322,0.370242,-0.009493,-0.379736,0.117332,0.349145,-0.008952,-0.358098,0.357966,-2.417060,0.061976,2.479036,-1.278612,0.000000,0.000000,0.000000,4.023254,8.175889,1.985256,-4.905635,-7.253637,0.567060,0.000000,0.000000,0.000000,0.000000,0.000000,0.000000,311.946269,266.332710,1
4.596000,0.123496,0.008570,0.235483,-0.190165,0.004876,0.195041,-0.090866,-0.052431,0.001344,0.053775,1.366673,-1.228633,0.031503,1.260136,-1.938590,-0.687230,0.017621,0.704852,0.139967,-0.194597,0.004990,0.199586,-0.191594,1.028445,-0.026370,-1.054815,-0.277502,1.398790,-0.035866,-1.434657,-0.353007,0.294093,-0.007541,-0.301633,-0.188588,0.313404,-0.008036,-0.321440,-0.006191,0.110602,-0.002836,-0.113438,0.660261,-0.090649,0.002324,0.092973,0.483554,-1.642092,0.042105,1.684197,-1.412689,0.000000,0.000000,0.000000,3.652228,6.998180,2.368742,-4.236631,-6.989832,-0.063520,0.000000,0.000000,0.000000,0.000000,0.000000,0.000000,311.982438,266.309443,1
4.606000,0.123468,0.007593,0.232558,-0.190165,0.004876,0.195041,-0.118314,-0.052431,0.001344,0.053775,1.403368,-1.228633,0.031503,1.260136,-2.118055,-0.687230,0.017621,0.704852,0.053675,-0.194597,0.004990,0.199586,-0.099652,1.028445,-0.026370,-1.054815,-0.341521,1.398790,-0.035866,-1.434657,-0.410228,0.294093,-0.007541,-0.301633,-0.189319,0.313404,-0.008036,-0.321440,-0.007496,0.110602,-0.002836,-0.113438,0.716485,-0.090649,0.002324,0.092973,0.398317,-1.642092,0.042105,1.684197,-1.510832,0.000000,0.000000,0.000000,3.708435,6.907683,2.331593,-4.295836,-7.219450,-0.025943,0.000000,0.000000,0.000000,0.000000,0.000000,0.000000,312.047402,266.267651,1
4.610000,0.157232,0.032010,0.239190,-0.103653,0.002658,0.106310,-0.353993,-0.262062,0.006720,0.268781,1.745633,-1.215492,0.031166,1.246658,-1.897896,-0.546912,0.014023,0.560936,0.025370,-0.050941,0.001306,0.052247,-0.146387,1.329521,-0.034090,-1.363611,-0.357332,1.353489,-0.034705,-1.388194,-0.056319,0.571973,-0.014666,-0.586639,-0.229062,-0.357820,0.009175,0.366995,0.153665,0.206204,-0.005287,-0.211491,0.337649,-0.421438,0.010806,0.432244,0.940382,-1.483231,0.038032,1.521263,-1.382354,0.000000,0.000000,0.000000,3.875863,8.235735,1.215133,-4.646696,-6.396706,1.105789,0.000000,0.000000,0.000000,0.000000,0.000000,0.000000,312.072329,266.255893,1
4.620000,0.159355,0.032677,0.236210,-0.103653,0.002658,0.106310,-0.386418,-0.262062,0.006720,0.268781,1.789256,-1.215492,0.031166,1.246658,-2.044159,-0.546912,0.014023,0.560936,0.015692,-0.050941,0.001306,0.052247,-0.105768,1.329521,-0.034090,-1.363611,-0.461664,1.353489,-0.034705,-1.388194,-0.136409,0.571973,-0.014666,-0.586639,-0.287763,-0.357820,0.009175,0.366995,0.189629,0.206204,-0.005287,-0.211491,0.387996,-0.421438,0.010806,0.432244,0.881234,-1.483231,0.038032,1.521263,-1.479333,0.000000,0.000000,0.000000,3.926766,8.260671,1.145226,-4.719304,-6.534231,1.219119,0.000000,0.000000,0.000000,0.000000,0.000000,0.000000,312.140884,266.225897,1
4.626000,0.136313,0.008645,0.228953,0.033453,-0.000858,-0.034311,-0.143281,0.073731,-0.001891,-0.075621,1.372679,-1.975382,0.050651,2.026033,-2.058051,-0.107465,0.002756,0.110221,-0.183031,-0.099120,0.002542,0.101661,-0.058398,1.313878,-0.033689,-1.347567,-0.392609,0.410061,-0.010514,-0.420576,0.190071,0.251715,-0.006454,-0.258169,-0.075055,-0.353083,0.009053,0.362136,0.196885,-0.048698,0.001249,0.049947,0.740913,0.108311,-0.002777,-0.111088,0.264839,-2.201356,0.056445,2.257801,-1.344186,0.000000,0.000000,0.000000,3.753417,7.008561,2.259476,-4.429808,-7.596893,0.286510,0.000000,0.000000,0.000000,0.000000,0.000000,0.000000,312.189517,266.185204,1
4.636000,0.136311,0.007923,0.225883,0.033453,-0.000858,-0.034311,-0.167811,0.073731,-0.001891,-0.075621,1.385153,-1.975382,0.050651,2.026033,-2.138496,-0.107465,0.002756,0.110221,-0.235231,-0.099120,0.002542,0.101661,-0.040810,1.313878,-0.033689,-1.347567,-0.455201,0.410061,-0.010514,-0.420576,0.169080,0.251715,-0.006454,-0.258169,-0.109114,-0.353083,0.009053,0.362136,0.196045,-0.048698,0.001249,0.049947,0.817601,0.108311,-0.002777,-0.111088,0.184859,-2.201356,0.056445,2.257801,-1.433034,0.000000,0.000000,0.000000,3.799525,6.947992,2.238054,-4.438089,-7.678487,0.303381,0.000000,0.000000,0.000000,0.000000,0.000000,0.000000,312.275055,266.114850,1
4.640000,0.155916,0.021993,0.228097,0.129116,-0.003311,-0.132427,-0.470441,0.489971,-0.012563,-0.502535,1.431206,-2.348889,0.060228,2.409117,-1.931443,-0.686806,0.017610,0.704417,-0.012433,-0.358688,0.009197,0.367886,-0.051545,3.611082,-0.092592,-3.703674,-1.291085,0.949355,-0.024342,-0.973697,0.092256,0.167749,-0.004301,-0.172050,-0.060699,0.682014,-0.017488,-0.699501,0.065705,-0.020386,0.000523,0.020909,0.642612,0.631305,-0.016187,-0.647492,0.054657,-2.746012,0.070411,2.816423,-1.094110,-0.000553,-0.001318,-0.001164,3.902788,7.672657,1.397699,-4.784146,-7.193633,1.365769,0.000000,0.000000,0.000000,0.000000,0.000000,0.000000,312.329137,266.099711,1
4.650000,0.146277,0.017268,0.223530,0.075793,-0.001943,-0.077736,-0.435650,0.687040,-0.017616,-0.704656,1.355682,-2.466422,0.063242,2.529663,-2.020635,-1.187955,0.030460,1.218416,0.082320,-0.462400,0.011856,0.474256,0.013168,4.866694,-0.124787,-4.991481,-1.935035,1.584346,-0.040624,-1.624970,-0.156097,0.262619,-0.006734,-0.269352,-0.075858,2.098383,-0.053805,-2.152187,-0.563812,-0.009599,0.000246,0.009845,0.789080,0.802581,-0.020579,-0.823160,-0.090833,-2.924395,0.074984,2.999379,-1.294645,0.000000,0.000000,0.000000,4.037991,7.548148,1.675976,-4.810518,-7.526800,1.120480,0.000000,0.000000,0.000000,0.000000,0.000000,0.000000,312.542328,266.113903,1
4.654000,0.166253,0.013398,0.225243,-0.263021,0.006744,0.269765,-0.043560,0.745184,-0.019107,-0.764291,1.230641,-2.433055,0.062386,2.495441,-1.324508,-0.380060,0.009745,0.389805,-0.093465,-0.007753,0.000199,0.007951,-0.028312,1.079956,-0.027691,-1.107647,-0.229525,0.537257,-0.013776,-0.551033,0.437068,0.002491,-0.000064,-0.002555,0.039420,-0.520419,0.013344,0.533763,0.499113,-0.703018,0.018026,0.721045,1.268389,1.315056,-0.033719,-1.348775,-0.158944,-3.288044,0.084309,3.372352,-0.728055,0.001098,-0.356359,-0.171225,3.511164,7.170757,1.864763,-4.188971,-6.295692,0.690996,0.068829,0.312297,-0.213722,0.000000,0.000000,0.000000,312.576888,266.092539,1
4.664000,0.167010,0.013294,0.222782,-0.263021,0.006744,0.269765,-0.082661,0.745184,-0.019107,-0.764291,1.257813,-2.433055,0.062386,2.495441,-1.427043,-0.380060,0.009745,0.389805,-0.074573,-0.007753,0.000199,0.007951,-0.071410,1.079956,-0.027691,-1.107647,-0.373424,0.537257,-0.013776,-0.551033,0.375749,0.002491,-0.000064,-0.002555,-0.003836,-0.520419,0.013344,0.533763,0.326355,-0.703018,0.018026,0.721045,1.324323,1.315056,-0.033719,-1.348775,-0.238205,-3.288044,0.084309,3.372352,-0.834057,-0.049202,-1.183842,-0.638682,3.547119,7.208375,1.866159,-4.297228,-6.534517,0.770621,0.128483,0.627930,-0.431857,0.000000,0.000000,0.000000,312.671470,266.035238,1
4.672000,0.171345,0.016371,0.223564,-0.260645,0.006683,0.267328,-0.142426,0.959633,-0.024606,-0.984238,1.105484,-2.336027,0.059898,2.395926,-1.309834,-0.102624,0.002631,0.105255,-0.273334,0.053598,-0.001374,-0.054972,-0.205162,0.833922,-0.021383,-0.855305,-0.674523,0.373112,-0.009567,-0.382679,0.394955,0.013729,-0.000352,-0.014081,-0.006994,-0.371348,0.009522,0.380869,0.149924,-0.784292,0.020110,0.804402,1.368700,1.746435,-0.044780,-1.791216,-0.538444,-3.484619,0.089349,3.573968,-0.549779,2.120933,-5.772148,-0.902077,3.426736,7.182789,1.734711,-4.407101,-5.829438,0.479406,0.020172,0.076451,-0.055672,0.000000,0.000000,0.000000,312.744430,266.005651,1
4.682000,0.174019,0.017369,0.221474,-0.173032,0.004437,0.177468,-0.281712,1.014354,-0.026009,-1.040363,1.172320,-2.461540,0.063116,2.524657,-1.305283,-0.053905,0.001382,0.055287,-0.443612,0.063828,-0.001637,-0.065464,0.196840,0.853740,-0.021891,-0.875631,-1.763954,0.257712,-0.006608,-0.264320,0.384547,0.015573,-0.000399,-0.015972,-0.005364,-0.428679,0.010992,0.439671,0.221846,-0.722024,0.018513,0.740538,1.212611,1.713395,-0.043933,-1.757329,-0.442558,-3.405882,0.087330,3.493212,-0.638653,1.907516,-6.047938,-1.302317,3.270910,7.397904,1.920471,-4.467564,-5.632905,0.372397,0.052214,0.320266,-0.214892,0.000000,0.000000,0.000000,312.846960,265.969480,1
4.686000,0.192822,0.022742,0.225958,-0.307376,0.007881,0.315258,-0.324161,1.156357,-0.029650,-1.186007,0.809267,-2.310925,0.059254,2.370180,-0.317949,-0.244191,0.006261,0.250452,-0.684081,1.774540,-0.045501,-1.820041,0.417903,-2.254236,0.057801,2.312037,-2.263192,-0.519216,0.013313,0.532529,0.770400,-0.003731,0.000096,0.003826,-0.011440,-0.933780,0.023943,0.957723,0.586021,-1.129415,0.028959,1.158375,1.159210,2.511567,-0.064399,-2.575966,-0.872843,-4.115064,0.105514,4.220579,0.666399,1.931108,-7.692188,-1.722321,2.900026,7.395143,1.537662,-3.497937,-2.868525,-0.121034,0.000000,0.000000,0.000000,0.000000,0.000000,0.000000,312.908382,265.967061,1
4.696000,0.194025,0.023052,0.225113,-0.307376,0.007881,0.315258,-0.370058,1.156357,-0.029650,-1.186007,0.763450,-2.310925,0.059254,2.370180,-0.197615,-0.244191,0.006261,0.250452,-0.800098,1.774540,-0.045501,-1.820041,0.453433,-2.254236,0.057801,2.312037,-2.327175,-0.519216,0.013313,0.532529,0.773024,-0.003731,0.000096,0.003826,-0.024573,-0.933780,0.023943,0.957723,0.520673,-1.129415,0.028959,1.158375,1.076368,2.511567,-0.064399,-2.575966,-0.674740,-4.115064,0.105514,4.220579,0.356484,1.635956,-7.199437,-1.750676,2.854824,7.701193,1.705002,-3.410124,-2.745441,-0.141794,-0.000558,0.002276,-0.000970,0.000000,0.000000,0.000000,313.041348,265.942091,1
4.704000,0.194554,0.010085,0.229992,-0.048866,0.001253,0.050119,-0.515338,1.026564,-0.026322,-1.052887,0.852741,-2.382951,0.061101,2.444052,-0.236894,-0.011746,0.000301,0.012047,-0.867331,1.732694,-0.044428,-1.777122,0.551884,-2.681814,0.068764,2.750579,-1.892826,-0.520932,0.013357,0.534289,0.688005,-0.006998,0.000179,0.007177,-0.009657,-0.686778,0.017610,0.704388,0.402801,-0.879751,0.022558,0.902309,0.867875,2.350089,-0.060259,-2.410348,-0.440298,-4.108285,0.105341,4.213625,0.088293,1.926675,-7.116197,-1.615676,2.427708,6.591541,1.848397,-3.263011,-2.667049,-0.451361,0.000000,0.000000,0.000000,0.000000,0.000000,0.000000,313.125892,265.903431,1
4.714000,0.195101,0.009433,0.229254,-0.048866,0.001253,0.050119,-0.584431,1.026564,-0.026322,-1.052887,0.800285,-2.382951,0.061101,2.444052,-0.132268,-0.011746,0.000301,0.012047,-0.958440,1.732694,-0.044428,-1.777122,0.465700,-2.681814,0.068764,2.750579,-1.734550,-0.520932,0.013357,0.534289,0.705547,-0.006998,0.000179,0.007177,-0.012895,-0.686778,0.017610,0.704388,0.365650,-0.879751,0.022558,0.902309,0.803509,2.350089,-0.060259,-2.410348,-0.469391,-4.108285,0.105341,4.213625,0.131747,1.721362,-6.388439,-1.432205,2.409701,6.668203,1.922256,-3.546372,-3.201997,-0.302366,0.000000,0.000000,0.000000,0.000000,0.000000,0.000000,313.224407,265.865837,1
4.722000,0.189136,0.011912,0.225287,0.068165,-0.001748,-0.069913,-0.587991,1.116142,-0.028619,-1.144761,0.715863,-2.742755,0.070327,2.813082,-0.208763,0.120533,-0.003091,-0.123623,-0.919745,1.508974,-0.038692,-1.547666,0.020781,-2.540020,0.065129,2.605149,-1.227185,-0.604826,0.015508,0.620334,0.743960,-0.004934,0.000127,0.005061,0.094933,-0.579312,0.014854,0.594166,0.148691,-0.749031,0.019206,0.768237,0.875654,2.036773,-0.052225,-2.088997,-0.642205,-3.748735,0.096121,3.844857,0.077708,1.657582,-5.879878,-1.336546,2.784081,6.108360,1.464279,-3.191978,-4.013836,0.294794,-2.348648,7.021695,-2.285481,0.000000,0.000000,0.000000,313.285640,265.852895,1
4.732000,0.188797,0.011239,0.224342,0.068165,-0.001748,-0.069913,-0.485442,1.116142,-0.028619,-1.144761,0.654324,-2.742755,0.070327,2.813082,-0.277366,0.120533,-0.003091,-0.123623,-0.819731,1.508974,-0.038692,-1.547666,-0.116723,-2.540020,0.065129,2.605149,-1.134801,-0.604826,0.015508,0.620334,0.783237,-0.004934,0.000127,0.005061,0.510082,-0.579312,0.014854,0.594166,-0.482725,-0.749031,0.019206,0.768237,0.916880,2.036773,-0.052225,-2.088997,-0.708474,-3.748735,0.096121,3.844857,0.008955,1.841876,-5.969501,-1.229396,2.602223,5.136794,1.050345,-2.947006,-4.321886,0.628210,-2.026016,6.479785,-2.207374,0.000000,0.000000,0.000000,313.363596,265.835402,1
4.740000,0.197039,0.003655,0.227097,0.906582,-0.023246,-0.929828,-1.470142,1.486043,-0.038104,-1.524147,-1.022085,-3.935450,0.100909,4.036359,1.403486,0.991256,-0.025417,-1.016673,-0.289448,2.424664,-0.062171,-2.486835,-0.539336,-4.857967,0.124563,4.982530,-0.620270,-0.291442,0.007473,0.298914,-0.248329,2.433886,-0.062407,-2.496294,-0.783965,-7.103539,0.182142,7.285681,0.145220,-0.512999,0.013154,0.526152,-0.150280,2.252095,-0.057746,-2.309841,-1.883689,-3.701869,0.094920,3.796789,1.755200,5.092180,-10.169517,-1.359556,0.902383,1.682022,0.080842,-2.861959,-6.910976,2.819785,-3.679111,9.136484,-2.522666,0.000000,0.000000,0.000000,313.583590,266.003496,1
4.750000,0.197444,0.002990,0.226804,0.906582,-0.023246,-0.929828,-0.702802,1.486043,-0.038104,-1.524147,-0.416015,-3.935450,0.100909,4.036359,0.099825,0.991256,-0.025417,-1.016673,-0.178843,2.424664,-0.062171,-2.486835,-0.159292,-4.857967,0.124563,4.982530,-1.180988,-0.291442,0.007473,0.298914,-0.143826,2.433886,-0.062407,-2.496294,-0.751956,-7.103539,0.182142,7.285681,0.186642,-0.512999,0.013154,0.526152,-0.057041,2.252095,-0.057746,-2.309841,-1.541096,-3.701869,0.094920,3.796789,1.325879,4.828378,-9.484955,-1.227268,1.330312,2.555044,0.172222,-3.612504,-7.248526,2.593466,-3.504045,8.825178,-2.438367,0.000000,0.000000,0.000000,313.784154,266.084914,1
4.758000,0.200622,0.004462,0.241204,0.168066,-0.004309,-0.172376,-0.578925,1.739670,-0.044607,-1.784277,-0.518577,-3.702992,0.094949,3.797940,0.921618,0.260346,-0.006676,-0.267021,0.155344,1.643023,-0.042129,-1.685152,0.087284,-3.359105,0.086131,3.445236,-1.364595,-0.387542,0.009937,0.397479,0.640156,1.785844,-0.045791,-1.831634,-0.293024,-4.876716,0.125044,5.001760,0.155392,-1.063081,0.027258,1.090339,0.013357,1.308190,-0.033543,-1.341733,-1.097104,-2.322152,0.059542,2.381695,0.091387,4.151352,-8.885175,-0.875020,0.000000,0.000000,0.000000,0.000000,0.000000,0.000000,-2.568290,8.670493,-2.255544,0.000000,0.000000,0.000000,313.885657,266.108178,1
4.768000,0.200902,0.003920,0.240392,0.168066,-0.004309,-0.172376,-0.270596,1.739670,-0.044607,-1.784277,-0.756317,-3.702992,0.094949,3.797940,1.448991,0.260346,-0.006676,-0.267021,0.110183,1.643023,-0.042129,-1.685152,0.247566,-3.359105,0.086131,3.445236,-1.670296,-0.387542,0.009937,0.397479,0.534690,1.785844,-0.045791,-1.831634,-0.266327,-4.876716,0.125044,5.001760,-0.000671,-1.063081,0.027258,1.090339,0.028011,1.308190,-0.033543,-1.341733,-0.994948,-2.322152,0.059542,2.381695,0.678963,4.036607,-8.744736,-0.893663,0.000000,0.000000,0.000000,0.000000,0.000000,0.000000,-2.828084,8.941094,-2.180758,0.000000,0.000000,0.000000,314.053525,266.151955,1
4.774000,0.218364,-0.008586,0.247212,-2.874764,0.073712,2.948476,2.304533,1.732562,-0.044425,-1.776986,-0.991621,-7.132346,0.182881,7.315227,3.654239,0.973682,-0.024966,-0.998648,0.253765,0.790014,-0.020257,-0.810271,0.397451,-1.863316,0.047777,1.911094,-0.314797,0.749887,-0.019228,-0.769114,-0.072912,1.001400,-0.025677,-1.027077,0.147212,-2.772263,0.071084,2.843346,-0.200871,0.202884,-0.005202,-0.208086,-0.675117,0.929714,-0.023839,-0.953553,-0.817710,-2.166090,0.055541,2.221630,0.785207,3.172550,-4.802825,0.435477,0.000000,0.000000,0.000000,0.000000,0.000000,0.000000,-1.730827,7.711109,-2.253914,0.000000,0.000000,0.000000,314.292977,266.368614,1
4.784000,0.219080,-0.009105,0.245882,-2.874764,0.073712,2.948476,2.442347,1.732562,-0.044425,-1.776986,-0.977287,-7.132346,0.182881,7.315227,3.603563,0.973682,-0.024966,-0.998648,0.176544,0.790014,-0.020257,-0.810271,0.478995,-1.863316,0.047777,1.911094,-0.654663,0.749887,-0.019228,-0.769114,-0.214005,1.001400,-0.025677,-1.027077,0.109407,-2.772263,0.071084,2.843346,-0.423455,0.202884,-0.005202,-0.208086,-0.723411,0.929714,-0.023839,-0.953553,-0.733696,-2.166090,0.055541,2.221630,0.943263,3.370455,-5.587544,0.222278,0.000000,0.000000,0.000000,0.000000,0.000000,0.000000,-1.947241,7.997342,-2.224424,0.000000,0.000000,0.000000,314.708387,266.721385,1
4.790000,0.217567,0.003511,0.242113,0.486203,-0.012467,-0.498670,0.633533,0.516336,-0.013239,-0.529575,-0.377670,-0.546275,0.014007,0.560282,0.803525,-0.573232,0.014698,0.587931,0.754644,-0.160330,0.004111,0.164441,1.091840,-2.015418,0.051677,2.067095,-0.936778,-0.890595,0.022836,0.913431,0.202366,-0.459739,0.011788,0.471527,0.656437,-1.995659,0.051171,2.046829,-0.876607,-0.489112,0.012541,0.501653,-1.037761,0.446998,-0.011461,-0.458460,-0.140508,-0.093346,0.002393,0.095740,0.540227,2.821676,-6.676150,-0.727757,0.000000,0.000000,0.000000,0.000000,0.000000,0.000000,-2.295498,7.669082,-1.788460,0.000000,0.000000,0.000000,314.747094,266.705286,1
4.800000,0.218345,0.003180,0.240046,0.486203,-0.012467,-0.498670,0.437713,0.516336,-0.013239,-0.529575,-0.345852,-0.546275,0.014007,0.560282,0.494933,-0.573232,0.014698,0.587931,0.803433,-0.160330,0.004111,0.164441,1.201853,-2.015418,0.051677,2.067095,-1.260694,-0.890595,0.022836,0.913431,0.186789,-0.459739,0.011788,0.471527,0.643856,-1.995659,0.051171,2.046829,-1.091359,-0.489112,0.012541,0.501653,-0.756532,0.446998,-0.011461,-0.458460,-0.189403,-0.093346,0.002393,0.095740,0.292510,3.020398,-7.217360,-0.839023,0.000000,0.000000,0.000000,0.000000,0.000000,0.000000,-2.402872,7.942534,-1.829046,0.000000,0.000000,0.000000,314.818665,266.668105,1
4.804000,0.233127,0.004357,0.239729,1.252368,-0.032112,-1.284480,-0.004068,-0.114599,0.002938,0.117537,-0.059736,2.038128,-0.052260,-2.090387,-0.319893,0.186696,-0.004787,-0.191483,0.216354,-0.014362,0.000368,0.014730,1.206458,-0.723085,0.018541,0.741625,-1.355651,-0.006528,0.000167,0.006695,-0.341518,-0.131640,0.003375,0.135016,0.564240,-0.893004,0.022898,0.915901,-0.977239,-0.811096,0.020797,0.831893,-0.204633,0.130733,-0.003352,-0.134085,-0.025498,2.095090,-0.053720,-2.148810,-0.113081,2.892947,-5.907033,-0.450506,0.000000,0.000000,0.000000,0.000000,0.000000,0.000000,-2.191535,6.903848,-1.717462,0.000000,0.000000,0.000000,314.831207,266.663676,1
4.814000,0.234081,0.004312,0.237379,1.252368,-0.032112,-1.284480,-0.172764,-0.114599,0.002938,0.117537,-0.062936,2.038128,-0.052260,-2.090387,-0.630841,0.186696,-0.004787,-0.191483,0.207644,-0.014362,0.000368,0.014730,1.313680,-0.723085,0.018541,0.741625,-1.673917,-0.006528,0.000167,0.006695,-0.401669,-0.131640,0.003375,0.135016,0.562160,-0.893004,0.022898,0.915901,-1.226898,-0.811096,0.020797,0.831893,-0.083777,0.130733,-0.003352,-0.134085,-0.059161,2.095090,-0.053720,-2.148810,-0.519169,3.096939,-6.474348,-0.574228,0.000000,0.000000,0.000000,0.000000,0.000000,0.000000,-2.347694,7.289926,-1.794539,0.000000,0.000000,0.000000,314.883648,266.666424,1
4.818000,0.241896,-0.001196,0.238133,0.884566,-0.022681,-0.907247,-0.135090,-0.067448,0.001729,0.069178,-0.047376,1.363729,-0.034967,-1.398697,-0.414206,0.146418,-0.003754,-0.150172,0.272519,-0.133037,0.003411,0.136449,1.417252,-0.648067,0.016617,0.664684,-1.665752,-0.043539,0.001116,0.044655,-0.415527,-0.269488,0.006910,0.276398,0.578468,-0.804359,0.020625,0.824983,-1.107495,-0.434732,0.011147,0.445879,-0.240957,0.072822,-0.001867,-0.074690,-0.045863,1.079915,-0.027690,-1.107605,-0.234385,2.849248,-6.264511,-0.307516,0.000000,0.000000,0.000000,0.000000,0.000000,0.000000,-2.100070,6.963389,-1.895355,0.000000,0.000000,0.000000,314.897685,266.662932,1
4.828000,0.243019,-0.001241,0.235480,0.884566,-0.022681,-0.907247,-0.152342,-0.067448,0.001729,0.069178,-0.034014,1.363729,-0.034967,-1.398697,-0.492390,0.146418,-0.003754,-0.150172,0.280324,-0.133037,0.003411,0.136449,1.515721,-0.648067,0.016617,0.664684,-1.930133,-0.043539,0.001116,0.044655,-0.482296,-0.269488,0.006910,0.276398,0.577667,-0.804359,0.020625,0.824983,-1.331106,-0.434732,0.011147,0.445879,-0.186590,0.072822,-0.001867,-0.074690,-0.060181,1.079915,-0.027690,-1.107605,-0.301629,2.962868,-6.693556,-0.416466,0.000000,0.000000,0.000000,0.000000,0.000000,0.000000,-2.218802,7.261232,-1.962769,0.000000,0.000000,0.000000,314.938308,266.652949,1
4.832000,0.244197,-0.001573,0.234581,0.725952,-0.018614,-0.744566,-0.013501,-0.047243,0.001211,0.048454,-0.029066,2.094959,-0.053717,-2.148676,-0.884687,0.090838,-0.002329,-0.093167,-0.003175,-0.077156,0.001978,0.079134,1.123142,-0.577239,0.014801,0.592040,-1.990660,-0.091100,0.002336,0.093436,-0.083418,-0.127748,0.003276,0.131024,0.628354,-0.861925,0.022101,0.884026,-1.246239,-0.182829,0.004688,0.187517,-0.278882,-0.182317,0.004675,0.186992,0.007838,-0.698381,0.017907,0.716288,0.355923,3.182568,-6.726649,-0.576587,0.000000,0.000000,0.000000,0.000000,0.000000,0.000000,-2.647306,7.283236,-1.788111,0.000000,0.000000,0.000000,314.957030,266.652938,1
4.842000,0.244921,-0.001884,0.231854,0.723057,-0.018540,-0.741596,-0.022727,-0.047248,0.001211,0.048460,-0.034272,2.093554,-0.053681,-2.147234,-0.899788,0.089413,-0.002293,-0.091705,0.018874,-0.076910,0.001972,0.078882,1.195505,-0.576865,0.014791,0.591656,-2.222534,-0.092541,0.002373,0.094914,-0.125304,-0.127891,0.003279,0.131170,0.620431,-0.860681,0.022069,0.882750,-1.450606,-0.177888,0.004561,0.182450,-0.290379,-0.183613,0.004708,0.188321,0.002260,-0.712600,0.018272,0.730872,0.358345,3.428315,-7.053673,-0.554044,0.000000,0.000000,0.000000,0.000000,0.000000,0.000000,-2.828457,7.577426,-1.810740,0.000000,0.000000,0.000000,315.007537,266.650170,1
4.846000,0.253231,-0.001636,0.234127,1.110334,-0.028470,-1.138804,-0.159258,-0.033387,0.000856,0.034243,-0.045315,2.544403,-0.065241,-2.609644,-0.643467,-0.047026,0.001206,0.048231,0.286208,0.016972,-0.000435,-0.017407,1.484180,-0.855925,0.021947,0.877872,-2.021162,-0.257722,0.006608,0.264331,-0.329892,-0.230862,0.005920,0.236782,0.623273,-0.823578,0.021117,0.844695,-1.348956,-0.640245,0.016417,0.656662,-0.132526,0.006862,-0.000176,-0.007038,-0.016462,1.136150,-0.029132,-1.165282,0.068254,3.312413,-6.929133,-0.805486,0.000000,0.000000,0.000000,0.000000,0.000000,0.000000,-2.675915,7.469650,-1.580894,0.000000,0.000000,0.000000,315.028405,266.645478,1
4.856000,0.254296,-0.002039,0.231167,1.110334,-0.028470,-1.138804,-0.208176,-0.033387,0.000856,0.034243,-0.055019,2.544403,-0.065241,-2.609644,-0.912620,-0.047026,0.001206,0.048231,0.315588,0.016972,-0.000435,-0.017407,1.556194,-0.855925,0.021947,0.877872,-2.210142,-0.257722,0.006608,0.264331,-0.375954,-0.230862,0.005920,0.236782,0.611151,-0.823578,0.021117,0.844695,-1.534339,-0.640245,0.016417,0.656662,-0.073303,0.006862,-0.000176,-0.007038,-0.035730,1.136150,-0.029132,-1.165282,-0.169720,3.430327,-7.169631,-0.869447,0.000000,0.000000,0.000000,0.000000,0.000000,0.000000,-2.769085,7.698004,-1.612663,0.000000,0.000000,0.000000,315.092299,266.641117,1
4.860000,0.270835,0.005213,0.238733,-0.089683,0.002300,0.091983,0.116981,-0.019787,0.000507,0.020294,-0.033024,-0.279961,0.007178,0.287139,0.286458,0.052377,-0.001343,-0.053720,0.130534,0.059213,-0.001518,-0.060731,1.541569,-0.352249,0.009032,0.361281,-1.956347,-0.068902,0.001767,0.070669,-0.549389,0.029140,-0.000747,-0.029887,0.452913,-0.529168,0.013568,0.542737,-1.036488,0.138092,-0.003541,-0.141633,-0.371276,-0.025830,0.000662,0.026492,-0.022591,-1.408341,0.036111,1.444452,1.080380,2.923067,-6.315791,-0.138696,0.000000,0.000000,0.000000,0.000000,0.000000,0.000000,-2.396305,6.523275,-1.558769,0.000000,0.000000,0.000000,315.104818,266.642247,1
4.870000,0.271983,0.005439,0.235838,-0.089683,0.002300,0.091983,0.190386,-0.019787,0.000507,0.020294,-0.033766,-0.279961,0.007178,0.287139,0.180701,0.052377,-0.001343,-0.053720,0.122280,0.059213,-0.001518,-0.060731,1.631943,-0.352249,0.009032,0.361281,-2.169677,-0.068902,0.001767,0.070669,-0.611145,0.029140,-0.000747,-0.029887,0.466007,-0.529168,0.013568,0.542737,-1.246970,0.138092,-0.003541,-0.141633,-0.434644,-0.025830,0.000662,0.026492,-0.038932,-1.408341,0.036111,1.444452,0.878610,3.037899,-6.698369,-0.206928,0.028435,0.091083,0.038010,0.000000,0.000000,0.000000,-2.524800,6.900561,-1.666096,0.000000,0.000000,0.000000,315.135070,266.639996,1
4.874000,0.286009,-0.017013,0.233749,-0.277738,0.007121,0.284859,0.432266,0.090767,-0.002327,-0.093094,-0.079423,3.536587,-0.090682,-3.627269,-0.941369,0.151137,-0.003875,-0.155012,0.015983,1.485162,-0.038081,-1.523243,1.053272,-1.967180,0.050441,2.017621,-1.958966,0.788640,-0.020222,-0.808862,-0.613189,2.485555,-0.063732,-2.549287,-0.302531,-3.335234,0.085519,3.420753,-0.318188,0.543491,-0.013936,-0.557427,-1.045727,-0.052794,0.001354,0.054148,-0.033819,-1.306535,0.033501,1.340036,1.250679,3.360246,-7.227566,-1.260818,0.000000,0.000000,0.000000,0.000000,0.000000,0.000000,-2.406637,8.300613,-1.480750,0.000000,0.000000,0.000000,315.189953,266.641683,1
4.884000,0.287522,-0.018010,0.231468,-0.277738,0.007121,0.284859,0.482417,0.090767,-0.002327,-0.093094,-0.083589,3.536587,-0.090682,-3.627269,-1.330175,0.151137,-0.003875,-0.155012,0.014182,1.485162,-0.038081,-1.523243,1.067194,-1.967180,0.050441,2.017621,-2.046001,0.788640,-0.020222,-0.808862,-0.725901,2.485555,-0.063732,-2.549287,-0.385866,-3.335234,0.085519,3.420753,-0.392769,0.543491,-0.013936,-0.557427,-1.129261,-0.052794,0.001354,0.054148,-0.054239,-1.306535,0.033501,1.340036,0.941783,3.526499,-7.282239,-1.231510,0.000000,0.000000,0.000000,-0.012926,-0.009619,-0.005597,-2.513194,8.468225,-1.421865,0.000000,0.000000,0.000000,315.345301,266.654984,1
4.890000,0.265201,0.000293,0.228117,-0.140867,0.003612,0.144479,0.530403,0.072782,-0.001866,-0.074648,-0.066625,3.345084,-0.085771,-3.430856,-1.250642,-0.124705,0.003198,0.127903,0.258428,1.254775,-0.032174,-1.286948,0.982846,-2.359687,0.060505,2.420192,-1.657437,0.554980,-0.014230,-0.569210,-1.071804,2.046398,-0.052472,-2.098870,-0.717552,-3.292919,0.084434,3.377353,-0.515662,0.412652,-0.010581,-0.423232,-1.125914,-0.038062,0.000976,0.039038,-0.034804,-0.833141,0.021363,0.854503,0.655813,3.053587,-7.419914,-0.897284,0.082507,0.021515,-0.016156,0.000000,0.000000,0.000000,-2.380733,6.814151,-1.687175,0.000000,0.000000,0.000000,315.432767,266.658220,1
4.900000,0.265302,0.000193,0.225591,-0.140867,0.003612,0.144479,0.541793,0.072782,-0.001866,-0.074648,-0.059119,3.345084,-0.085771,-3.430856,-1.403032,-0.124705,0.003198,0.127903,0.298372,1.254775,-0.032174,-1.286948,1.022672,-2.359687,0.060505,2.420192,-1.718077,0.554980,-0.014230,-0.569210,-1.141225,2.046398,-0.052472,-2.098870,-0.754238,-3.292919,0.084434,3.377353,-0.640777,0.412652,-0.010581,-0.423232,-1.077565,-0.038062,0.000976,0.039038,-0.037676,-0.833141,0.021363,0.854503,0.497788,3.061218,-7.503400,-0.941068,0.112414,0.189435,0.095628,0.000000,0.000000,0.000000,-2.470245,7.093947,-1.770130,0.000000,0.000000,0.000000,315.589650,266.662307,1
4.904000,0.288378,-0.006198,0.234545,-0.347291,0.008905,0.356196,0.748463,0.106817,-0.002739,-0.109556,-0.072571,2.147942,-0.055075,-2.203017,-0.664451,-0.082228,0.002108,0.084337,0.156307,1.254007,-0.032154,-1.286161,0.983434,-2.641704,0.067736,2.709440,-1.466773,0.636487,-0.016320,-0.652807,-0.913706,2.109312,-0.054085,-2.163397,-0.587278,-3.683570,0.094451,3.778020,-0.020802,0.239950,-0.006153,-0.246103,-1.005857,-0.024781,0.000635,0.025416,-0.055143,0.177783,-0.004559,-0.182341,0.259978,3.301036,-7.238388,-0.816044,0.030219,0.034918,0.003193,0.000000,0.000000,0.000000,-2.586982,7.498831,-1.602010,0.000000,0.000000,0.000000,315.626580,266.656306,1
4.914000,0.289366,-0.006425,0.232569,-0.347291,0.008905,0.356196,0.748171,0.106817,-0.002739,-0.109556,-0.073942,2.147942,-0.055075,-2.203017,-0.806986,-0.082228,0.002108,0.084337,0.170425,1.254007,-0.032154,-1.286161,1.031610,-2.641704,0.067736,2.709440,-1.548480,0.636487,-0.016320,-0.652807,-0.988432,2.109312,-0.054085,-2.163397,-0.559173,-3.683570,0.094451,3.778020,-0.227530,0.239950,-0.006153,-0.246103,-0.953967,-0.024781,0.000635,0.025416,-0.042894,0.177783,-0.004559,-0.182341,0.137458,3.347964,-7.425773,-0.890539,0.036723,0.081703,0.026729,0.000000,0.000000,0.000000,-2.698502,7.884741,-1.689795,0.000000,0.000000,0.000000,315.732226,266.633790,1
4.920000,0.284644,-0.010973,0.226699,-0.202084,0.005182,0.207265,0.688439,0.173168,-0.004440,-0.177608,-0.260610,1.974704,-0.050633,-2.025337,-1.013386,-0.057429,0.001473,0.058901,0.433991,1.419401,-0.036395,-1.455796,0.948473,-2.416755,0.061968,2.478723,-1.234039,0.697183,-0.017876,-0.715060,-1.084442,2.490795,-0.063867,-2.554661,-0.692942,-3.793055,0.097258,3.890313,-0.514933,0.154919,-0.003972,-0.158892,-0.875000,-0.022045,0.000565,0.022610,-0.022710,0.425043,-0.010899,-0.435942,0.062272,3.368695,-6.507318,-0.720750,0.001034,0.006709,0.003833,-2.175175,-4.412238,0.828684,-2.299906,8.006281,-1.778272,0.000000,0.000000,0.000000,315.800760,266.624677,1
4.930000,0.285393,-0.011261,0.224412,-0.197723,0.005070,0.202793,0.819254,0.173017,-0.004436,-0.177453,0.025987,1.974896,-0.050638,-2.025534,-2.027099,-0.047023,0.001206,0.048229,0.516903,1.414940,-0.036281,-1.451220,1.018177,-2.408797,0.061764,2.470561,-1.323675,0.706704,-0.018121,-0.724825,-1.058780,2.493116,-0.063926,-2.557042,-0.732695,-3.798607,0.097400,3.896007,-0.552718,0.155632,-0.003991,-0.159623,-0.787149,-0.022235,0.000570,0.022805,-0.009272,0.429785,-0.011020,-0.440805,0.019533,3.446961,-6.353072,-0.596950,0.008237,0.049261,0.027769,-2.129276,-4.873850,1.183591,-2.171162,8.105376,-1.925891,0.000000,0.000000,0.000000,315.940542,266.626167,1
4.936000,0.295908,-0.005717,0.229255,-0.067513,0.001731,0.069244,0.573100,1.214741,-0.031147,-1.245889,-0.111441,-1.253873,0.032151,1.286023,-1.062711,-0.084228,0.002160,0.086388,0.355077,1.112545,-0.028527,-1.141072,0.838327,-2.542382,0.065189,2.607571,-1.078382,0.769735,-0.019737,-0.789472,-1.047144,2.392340,-0.061342,-2.453682,-0.944476,-4.169109,0.106900,4.276009,0.241077,0.601123,-0.015413,-0.616537,-0.803690,-0.019914,0.000511,0.020425,-0.005648,-0.503844,0.012919,0.516763,0.308907,3.447938,-5.703373,-0.295787,0.070869,0.102709,0.021893,-3.355305,-6.826915,1.212005,-2.087317,7.024051,-1.524572,0.000000,0.000000,0.000000,316.001590,266.625591,1
4.946000,0.295898,-0.004606,0.226316,-0.106340,0.002727,0.109067,0.894151,1.260019,-0.032308,-1.292327,0.194779,-1.201227,0.030801,1.232027,-1.898039,-0.117799,0.003020,0.120820,0.605603,1.175814,-0.030149,-1.205964,0.858775,-2.550537,0.065398,2.615935,-0.800749,0.747590,-0.019169,-0.766759,-0.895537,2.435762,-0.062455,-2.498218,-0.814917,-4.122451,0.105704,4.228155,0.114376,0.607649,-0.015581,-0.623229,-0.761724,-0.019317,0.000495,0.019812,-0.011565,-0.419301,0.010751,0.430053,0.228001,3.154432,-4.922515,-0.088040,0.190452,0.246087,0.045190,-2.657896,-5.992526,1.388668,-1.947528,7.315793,-1.829255,0.000000,0.000000,0.000000,316.098293,266.607879,1
4.952000,0.298514,-0.013629,0.223504,-0.366059,0.009386,0.375445,1.134962,1.624869,-0.041663,-1.666532,0.139701,-2.732009,0.070052,2.802060,-0.971271,-0.405511,0.010398,0.415909,0.911826,1.102955,-0.028281,-1.131236,0.688792,-2.787662,0.071479,2.859141,0.156747,0.478452,-0.012268,-0.490720,-0.480172,2.295099,-0.058849,-2.353948,-0.526554,-4.188042,0.107386,4.295428,0.503395,0.867489,-0.022243,-0.889733,-0.812243,-0.021397,0.000549,0.021946,-0.017309,0.023726,-0.000608,-0.024334,0.066023,2.736732,-3.685588,-0.029382,0.028009,0.021243,-0.002317,-2.037463,-5.049906,1.623393,-1.864673,8.204861,-2.078974,0.000000,0.000000,0.000000,316.154388,266.619148,1
4.962000,0.298831,-0.013557,0.223002,-0.366059,0.009386,0.375445,1.213122,1.624869,-0.041663,-1.666532,0.032557,-2.732009,0.070052,2.802060,-0.875354,-0.405511,0.010398,0.415909,0.968026,1.102955,-0.028281,-1.131236,0.723863,-2.787662,0.071479,2.859141,0.041172,0.478452,-0.012268,-0.490720,-0.422151,2.295099,-0.058849,-2.353948,-0.437367,-4.188042,0.107386,4.295428,0.215819,0.867489,-0.022243,-0.889733,-0.912183,-0.021397,0.000549,0.021946,-0.018332,0.023726,-0.000608,-0.024334,0.041265,2.766092,-3.925384,-0.145483,0.149104,0.102234,-0.019087,-1.961187,-4.953839,1.630169,-1.806766,8.260065,-2.155157,0.000000,0.000000,0.000000,316.227173,266.625386,1
4.966000,0.298214,-0.004313,0.231798,-1.091539,0.027988,1.119527,0.102303,1.223459,-0.031371,-1.254830,0.928206,-3.712546,0.095193,3.807739,-0.524994,-1.147356,0.029419,1.176775,0.070844,0.294772,-0.007558,-0.302330,0.419545,-2.524428,0.064729,2.589157,0.920489,4.498179,-0.115338,-4.613516,-2.309113,-0.249022,0.006385,0.255407,-0.058755,7.903191,-0.202646,-8.105837,-3.785218,0.281024,-0.007206,-0.288230,-0.512795,-0.069224,0.001775,0.070999,1.998469,-0.093366,0.002394,0.095760,-1.978657,-0.173861,-0.275168,-0.242143,3.777502,10.062576,3.768132,-4.463309,-5.627605,-0.016869,0.000000,0.000000,0.000000,0.000000,0.000000,0.000000,316.417979,266.788231,1
4.976000,0.297608,-0.004519,0.231325,-1.091539,0.027988,1.119527,0.110269,1.223459,-0.031371,-1.254830,0.767467,-3.712546,0.095193,3.807739,-0.580884,-1.147356,0.029419,1.176775,0.171786,0.294772,-0.007558,-0.302330,0.116738,-2.524428,0.064729,2.589157,1.028233,4.498179,-0.115338,-4.613516,-2.589549,-0.249022,0.006385,0.255407,-0.102062,7.903191,-0.202646,-8.105837,-3.795863,0.281024,-0.007206,-0.288230,-0.418168,-0.069224,0.001775,0.070999,1.757018,-0.093366,0.002394,0.095760,-2.054578,-0.272009,-0.510302,-0.421390,3.590550,9.066542,3.307919,-4.463429,-5.744885,-0.021587,0.000000,0.000000,0.000000,0.000000,0.000000,0.000000,316.911796,267.213388,1
4.982000,0.306938,-0.003157,0.237694,0.001424,-0.000037,-0.001460,-0.732866,0.302915,-0.007767,-0.310682,0.944957,-3.249536,0.083321,3.332857,-0.796260,-0.106920,0.002742,0.109662,0.679882,-0.525565,0.013476,0.539041,0.232540,-2.008044,0.051488,2.059532,0.037966,1.621826,-0.041585,-1.663411,-0.298784,0.097337,-0.002496,-0.099833,-0.308817,1.807734,-0.046352,-1.854086,-0.795586,0.639721,-0.016403,-0.656125,-0.441700,0.002483,-0.000064,-0.002547,0.939469,-1.920232,0.049237,1.969468,-1.234866,0.000000,0.000000,0.000000,3.210341,8.146372,2.604255,-4.659561,-6.425195,0.085891,0.000000,0.000000,0.000000,0.000000,0.000000,0.000000,316.959518,267.196528,1
4.992000,0.307024,-0.003059,0.236470,0.001424,-0.000037,-0.001460,-0.763186,0.302915,-0.007767,-0.310682,0.945870,-3.249536,0.083321,3.332857,-0.921159,-0.106920,0.002742,0.109662,0.357053,-0.525565,0.013476,0.539041,0.155557,-2.008044,0.051488,2.059532,0.530960,1.621826,-0.041585,-1.663411,-0.401598,0.097337,-0.002496,-0.099833,-0.228858,1.807734,-0.046352,-1.854086,-0.763165,0.639721,-0.016403,-0.656125,-0.390102,0.002483,-0.000064,-0.002547,0.825019,-1.920232,0.049237,1.969468,-1.288846,0.000000,0.000000,0.000000,3.273117,7.923763,2.456308,-4.699899,-6.625756,0.181663,0.000000,0.000000,0.000000,0.000000,0.000000,0.000000,317.054356,267.173279,1
4.996000,0.321548,0.006443,0.235857,-0.677375,0.017369,0.694743,-0.440328,-0.152463,0.003909,0.156373,1.188789,-2.180015,0.055898,2.235912,-0.916795,1.790594,-0.045913,-1.836507,-0.895512,-0.016083,0.000412,0.016495,-0.087401,-3.376726,0.086583,3.463309,1.065073,0.409103,-0.010490,-0.419593,0.850887,0.415923,-0.010665,-0.426588,-0.388502,1.114080,-0.028566,-1.142646,-0.355048,-0.300981,0.007717,0.308699,0.281981,-0.550917,0.014126,0.565043,0.892928,-1.038938,0.026639,1.065577,-1.381163,0.000000,0.000000,0.000000,2.744453,6.812839,2.250423,-3.994450,-4.865715,-0.619175,0.000000,0.000000,0.000000,0.000000,0.000000,0.000000,317.097829,267.183263,1
5.006000,0.322249,0.006736,0.234251,-0.677375,0.017369,0.694743,-0.455039,-0.152463,0.003909,0.156373,1.160999,-2.180015,0.055898,2.235912,-0.950721,1.790594,-0.045913,-1.836507,-1.189742,-0.016083,0.000412,0.016495,-0.093726,-3.376726,0.086583,3.463309,1.376260,0.409103,-0.010490,-0.419593,0.622887,0.415923,-0.010665,-0.426588,-0.341950,1.114080,-0.028566,-1.142646,-0.366992,-0.300981,0.007717,0.308699,0.330006,-0.550917,0.014126,0.565043,0.820811,-1.038938,0.026639,1.065577,-1.440111,0.000000,0.000000,0.000000,2.858141,6.815865,2.187022,-4.086726,-5.191105,-0.498212,0.000000,0.000000,0.000000,0.000000,0.000000,0.000000,317.222861,267.223508,1
5.010000,0.324641,-0.001158,0.243413,-0.600050,0.015386,0.615436,-0.113225,-0.011007,0.000282,0.011289,0.816281,-1.578111,0.040464,1.618575,-0.603078,-0.193866,0.004971,0.198836,-0.391853,-0.255733,0.006557,0.262290,-0.106639,-0.093967,0.002409,0.096376,0.199558,0.419619,-0.010759,-0.430379,0.538618,0.175167,-0.004491,-0.179659,-0.232833,1.495165,-0.038338,-1.533503,-0.544792,-0.252092,0.006464,0.258556,0.447371,-0.051937,0.001332,0.053269,0.396831,-1.593630,0.040862,1.634492,-0.576718,0.000000,0.000000,0.000000,2.851808,6.125548,1.691441,-3.488188,-4.656426,-0.069331,0.000000,0.000000,0.000000,0.000000,0.000000,0.000000,317.236335,267.218374,1
5.020000,0.325270,-0.001446,0.241928,-0.600050,0.015386,0.615436,-0.065843,-0.011007,0.000282,0.011289,0.902158,-1.578111,0.040464,1.618575,-0.883403,-0.193866,0.004971,0.198836,-0.256788,-0.255733,0.006557,0.262290,-0.056160,-0.093967,0.002409,0.096376,0.112144,0.419619,-0.010759,-0.430379,0.401856,0.175167,-0.004491,-0.179659,-0.196217,1.495165,-0.038338,-1.533503,-0.563736,-0.252092,0.006464,0.258556,0.543090,-0.051937,0.001332,0.053269,0.415261,-1.593630,0.040862,1.634492,-0.828493,0.000000,0.000000,0.000000,3.094212,6.595889,1.817163,-3.729768,-5.338898,0.133529,0.000000,0.000000,0.000000,0.000000,0.000000,0.000000,317.277801,267.198574,1
5.028000,0.327218,-0.000342,0.237262,0.117016,-0.003000,-0.120017,-0.580423,-0.270545,0.006937,0.277482,1.176145,-1.872883,0.048023,1.920906,-0.941294,-0.492591,0.012631,0.505222,0.004917,-0.274090,0.007028,0.281118,-0.029041,-0.000294,0.000008,0.000302,0.042394,0.530572,-0.013604,-0.544176,0.024964,0.299034,-0.007668,-0.306702,-0.196894,2.322764,-0.059558,-2.382322,-0.937806,0.445849,-0.011432,-0.457281,0.223023,-0.722446,0.018524,0.740970,0.641264,-1.187487,0.030448,1.217936,-1.146877,0.000000,0.000000,0.000000,3.289486,6.453824,1.500210,-3.817335,-5.653226,0.380719,0.000000,0.000000,0.000000,0.000000,0.000000,0.000000,317.329776,267.197290,1
5.038000,0.327902,-0.000199,0.235039,0.117016,-0.003000,-0.120017,-0.598834,-0.270545,0.006937,0.277482,1.273196,-1.872883,0.048023,1.920906,-1.190074,-0.492591,0.012631,0.505222,0.002192,-0.274090,0.007028,0.281118,-0.016395,-0.000294,0.000008,0.000302,0.026557,0.530572,-0.013604,-0.544176,0.010622,0.299034,-0.007668,-0.306702,-0.189371,2.322764,-0.059558,-2.382322,-0.973171,0.445849,-0.011432,-0.457281,0.270136,-0.722446,0.018524,0.740970,0.647105,-1.187487,0.030448,1.217936,-1.361236,0.000000,0.000000,0.000000,3.437314,6.773273,1.581518,-4.033847,-6.129884,0.512087,0.000000,0.000000,0.000000,0.000000,0.000000,0.000000,317.403377,267.189334,1
5.042000,0.354181,-0.000127,0.250703,0.331202,-0.008492,-0.339694,0.000876,-0.533038,0.013668,0.546705,0.723672,-1.815580,0.046553,1.862133,-0.189143,-3.059018,0.078436,3.137454,1.344940,0.045495,-0.001167,-0.046661,-0.195533,0.857939,-0.021998,-0.879937,-0.290664,0.080020,-0.002052,-0.082072,0.165251,-0.137154,0.003517,0.140671,-0.030320,1.402531,-0.035962,-1.438494,-0.666249,0.719845,-0.018458,-0.738302,0.056970,-1.003828,0.025739,1.029567,0.580402,-1.855855,0.047586,1.903442,0.082329,0.000000,0.000000,0.000000,3.043046,4.892905,1.116623,-2.351282,-4.847576,0.561387,0.000000,0.000000,0.000000,0.000000,0.000000,0.000000,317.431398,267.214056,1
5.052000,0.355845,-0.000622,0.249960,0.331202,-0.008492,-0.339694,-0.040697,-0.533038,0.013668,0.546705,0.926914,-1.815580,0.046553,1.862133,-0.648945,-3.059018,0.078436,3.137454,1.650570,0.045495,-0.001167,-0.046661,-0.151656,0.857939,-0.021998,-0.879937,-0.274196,0.080020,-0.002052,-0.082072,0.136905,-0.137154,0.003517,0.140671,-0.008915,1.402531,-0.035962,-1.438494,-0.614137,0.719845,-0.018458,-0.738302,0.036489,-1.003828,0.025739,1.029567,0.688702,-1.855855,0.047586,1.903442,-0.276439,0.000000,0.000000,0.000000,3.408889,5.743580,1.376394,-3.122223,-5.694199,0.408566,0.000000,0.000000,0.000000,0.000000,0.000000,0.000000,317.524538,267.271716,1
5.056000,0.348036,0.003438,0.239553,-0.107527,0.002757,0.110284,-0.232580,0.180650,-0.004632,-0.185282,1.269654,-0.656869,0.016843,0.673712,-1.447304,-1.302918,0.033408,1.336326,0.436471,-0.055629,0.001426,0.057055,-0.086162,1.437147,-0.036850,-1.473996,-0.372497,0.262917,-0.006741,-0.269659,0.171703,-0.086574,0.002220,0.088794,-0.017502,0.737368,-0.018907,-0.756275,-0.064990,0.020441,-0.000524,-0.020965,0.550860,0.190407,-0.004882,-0.195289,0.413307,-0.985753,0.025276,1.011028,-1.046960,0.000000,0.000000,0.000000,3.345734,6.734378,1.254600,-3.879381,-5.314431,0.598827,0.000000,0.000000,0.000000,0.000000,0.000000,0.000000,317.539022,267.266684,1
5.066000,0.349224,0.003768,0.237020,-0.107527,0.002757,0.110284,-0.227184,0.180650,-0.004632,-0.185282,1.373281,-0.656869,0.016843,0.673712,-1.740491,-1.302918,0.033408,1.336326,0.513244,-0.055629,0.001426,0.057055,-0.058183,1.437147,-0.036850,-1.473996,-0.498317,0.262917,-0.006741,-0.269659,0.201487,-0.086574,0.002220,0.088794,-0.017402,0.737368,-0.018907,-0.756275,-0.132661,0.020441,-0.000524,-0.020965,0.614639,0.190407,-0.004882,-0.195289,0.400499,-0.985753,0.025276,1.011028,-1.258421,0.000000,0.000000,0.000000,3.492766,7.039879,1.298367,-4.096824,-5.753044,0.754743,0.000000,0.000000,0.000000,0.000000,0.000000,0.000000,317.582976,267.253144,1
5.070000,0.348320,0.001049,0.236067,-0.089945,0.002306,0.092251,-0.183782,0.148529,-0.003808,-0.152338,1.346238,-0.785363,0.020138,0.805500,-1.917959,-1.503697,0.038556,1.542253,0.508744,-0.062890,0.001613,0.064503,-0.054680,2.230863,-0.057202,-2.288064,-0.695768,0.500891,-0.012843,-0.513734,0.224885,-0.069263,0.001776,0.071039,-0.033164,1.483199,-0.038031,-1.521230,-0.343318,0.082276,-0.002110,-0.084385,0.544547,0.126599,-0.003246,-0.129845,0.385570,-1.145391,0.029369,1.174760,-1.252221,0.000000,0.000000,0.000000,3.564900,7.035365,1.502276,-4.173186,-6.243262,0.695265,0.000000,0.000000,0.000000,0.000000,0.000000,0.000000,317.608393,267.250918,1
5.080000,0.349162,0.001256,0.233234,-0.089945,0.002306,0.092251,-0.190519,0.148529,-0.003808,-0.152338,1.419578,-0.785363,0.020138,0.805500,-2.130395,-1.503697,0.038556,1.542253,0.593965,-0.062890,0.001613,0.064503,-0.045522,2.230863,-0.057202,-2.288064,-0.854042,0.500891,-0.012843,-0.513734,0.183385,-0.069263,0.001776,0.071039,-0.029147,1.483199,-0.038031,-1.521230,-0.460004,0.082276,-0.002110,-0.084385,0.608097,0.126599,-0.003246,-0.129845,0.370438,-1.145391,0.029369,1.174760,-1.443904,0.000000,0.000000,0.000000,3.686105,7.259824,1.540582,-4.305954,-6.499822,0.782695,0.000000,0.000000,0.000000,0.000000,0.000000,0.000000,317.682540,267.248169,1
5.084000,0.355480,0.000665,0.234033,-0.067802,0.001739,0.069541,-0.201505,0.185279,-0.004751,-0.190030,1.426216,-0.973032,0.024950,0.997981,-2.062982,-1.754727,0.044993,1.799720,0.424169,-0.043963,0.001127,0.045090,-0.055392,3.580105,-0.091798,-3.671902,-0.767328,1.023735,-0.026250,-1.049985,0.121276,-0.039272,0.001007,0.040279,-0.035930,2.355172,-0.060389,-2.415561,-0.350237,0.159543,-0.004091,-0.163634,0.501117,0.046479,-0.001192,-0.047671,0.432588,-1.217270,0.031212,1.248482,-1.372498,0.000000,0.000000,0.000000,3.734146,7.204838,1.625588,-4.383418,-6.651655,0.858803,0.000000,0.000000,0.000000,0.000000,0.000000,0.000000,317.717413,267.248712,1
5.094000,0.356288,0.000876,0.231052,-0.067802,0.001739,0.069541,-0.204488,0.185279,-0.004751,-0.190030,1.485621,-0.973032,0.024950,0.997981,-2.249299,-1.754727,0.044993,1.799720,0.577524,-0.043963,0.001127,0.045090,-0.081402,3.580105,-0.091798,-3.671902,-1.250173,1.023735,-0.026250,-1.049985,-0.002137,-0.039272,0.001007,0.040279,-0.051085,2.355172,-0.060389,-2.415561,-0.692677,0.159543,-0.004091,-0.163634,0.570303,0.046479,-0.001192,-0.047671,0.399829,-1.217270,0.031212,1.248482,-1.547325,0.000000,0.000000,0.000000,3.858998,7.363129,1.630963,-4.498794,-6.831338,0.917035,0.000000,0.000000,0.000000,0.000000,0.000000,0.000000,317.836378,267.275853,1
5.098000,0.374580,0.003396,0.235164,-0.457535,0.011732,0.469266,-0.058332,0.499549,-0.012809,-0.512358,1.325809,-0.625156,0.016030,0.641186,-2.083691,-1.786122,0.045798,1.831920,0.053562,-0.017335,0.000444,0.017779,-0.047182,4.506956,-0.115563,-4.622519,-0.641194,0.096570,-0.002476,-0.099046,0.356978,-0.020853,0.000535,0.021388,-0.042745,1.737121,-0.044542,-1.781663,0.407590,-0.280280,0.007187,0.287467,0.501076,0.545289,-0.013982,-0.559271,0.311280,-1.114051,0.028565,1.142616,-1.054249,0.000000,0.000000,0.000000,3.389869,7.068505,1.573528,-3.967715,-6.285612,0.903101,0.000000,0.000000,0.000000,0.000000,0.000000,0.000000,317.865942,267.271939,1
5.108000,0.387950,0.009804,0.234558,-0.401464,0.010294,0.411758,-0.043966,0.223234,-0.005724,-0.228958,1.408605,-0.253538,0.006501,0.260039,-2.121003,-0.573648,0.014709,0.588357,-0.008627,-0.013687,0.000351,0.014038,-0.066898,2.333643,-0.059837,-2.393480,-0.752314,0.030536,-0.000783,-0.031319,0.459787,-0.036454,0.000935,0.037389,-0.060878,-0.979905,0.025126,1.005030,0.861420,-0.248678,0.006376,0.255054,0.492885,0.494876,-0.012689,-0.507566,0.376528,-1.117616,0.028657,1.146273,-0.986979,0.000000,0.000000,0.000000,3.356904,7.244113,1.388459,-4.126198,-5.756376,0.698657,0.000000,0.000000,0.000000,0.000000,0.000000,0.000000,317.916236,267.277487,1
5.114000,0.371423,-0.004401,0.229729,-0.310167,0.007953,0.318120,-0.138412,0.230792,-0.005918,-0.236710,1.472854,-0.593037,0.015206,0.608243,-2.145297,-1.140772,0.029251,1.170023,0.192956,-0.114227,0.002929,0.117156,-0.067767,3.026093,-0.077592,-3.103685,-0.972207,0.271876,-0.006971,-0.278847,0.350297,-0.126860,0.003253,0.130113,-0.038959,1.138776,-0.029199,-1.167976,0.018169,-0.101514,0.002603,0.104117,0.678933,0.225858,-0.005791,-0.231649,0.286605,-1.009826,0.025893,1.035719,-1.295230,0.000000,0.000000,0.000000,3.312523,6.784629,1.838609,-4.126520,-6.365658,0.476126,0.000000,0.000000,0.000000,0.000000,0.000000,0.000000,317.955543,267.277946,1
5.124000,0.372079,-0.004531,0.226567,-0.310167,0.007953,0.318120,-0.101892,0.230792,-0.005918,-0.236710,1.532649,-0.593037,0.015206,0.608243,-2.316998,-1.140772,0.029251,1.170023,0.276409,-0.114227,0.002929,0.117156,-0.058959,3.026093,-0.077592,-3.103685,-1.201622,0.271876,-0.006971,-0.278847,0.363538,-0.126860,0.003253,0.130113,-0.041716,1.138776,-0.029199,-1.167976,-0.196706,-0.101514,0.002603,0.104117,0.798018,0.225858,-0.005791,-0.231649,0.265604,-1.009826,0.025893,1.035719,-1.493613,0.000000,0.000000,0.000000,3.447772,6.980628,1.880596,-4.214819,-6.580796,0.547040,0.000000,0.000000,0.000000,0.000000,0.000000,0.000000,318.034467,267.286336,1
5.128000,0.385580,0.001432,0.230048,-0.146799,0.003764,0.150563,-0.039092,0.767103,-0.019669,-0.786772,1.313806,-1.625437,0.041678,1.667115,-2.046997,-0.989893,0.025382,1.015275,0.002266,-0.028397,0.000728,0.029125,-0.065289,4.070857,-0.104381,-4.175238,-1.235460,0.129478,-0.003320,-0.132798,0.794553,-0.041607,0.001067,0.042674,-0.030753,0.863942,-0.022152,-0.886095,0.180406,-0.289667,0.007427,0.297095,0.820768,0.956497,-0.024526,-0.981022,0.019658,-2.064049,0.052924,2.116973,-0.964967,0.000000,0.000000,0.000000,3.659548,7.134140,1.437512,-4.445760,-6.759647,0.921009,0.000000,0.000000,0.000000,0.000000,0.000000,0.000000,318.083216,267.280823,1
5.138000,0.393174,-0.001444,0.232606,-0.133469,0.003422,0.136891,-0.028478,0.473795,-0.012149,-0.485944,1.473684,-1.544397,0.039600,1.583997,-2.014427,-0.462010,0.011846,0.473857,-0.010332,-0.050901,0.001305,0.052207,-0.039887,2.744009,-0.070359,-2.814368,-1.182496,-0.474302,0.012162,0.486463,0.925615,-0.048299,0.001238,0.049537,-0.019428,-0.557938,0.014306,0.572244,0.329316,-0.304288,0.007802,0.312090,0.853706,0.702478,-0.018012,-0.720491,0.157070,-2.012815,0.051611,2.064425,-0.935181,0.000000,0.000000,0.000000,3.731563,7.391161,1.551988,-4.429948,-6.641457,1.010217,0.000000,0.000000,0.000000,0.000000,0.000000,0.000000,318.185174,267.263528,1
5.140000,0.380341,0.000370,0.224516,-0.128211,0.003287,0.131498,-0.142585,0.716881,-0.018382,-0.735263,1.098460,-2.180261,0.055904,2.236166,-1.574017,0.275554,-0.007065,-0.282619,-0.238084,-0.030966,0.000794,0.031760,-0.034956,1.768834,-0.045355,-1.814189,-0.680926,-0.766717,0.019659,0.786376,1.333481,-0.068924,0.001767,0.070692,-0.023410,-1.909073,0.048951,1.958024,0.841013,-0.490859,0.012586,0.503445,1.061374,0.778538,-0.019963,-0.798501,-0.209086,-2.141558,0.054912,2.196470,-0.913033,0.000000,0.000000,0.000000,3.210210,5.911928,1.330969,-4.063932,-6.316828,0.460398,-0.558886,0.278062,0.145388,0.000000,0.000000,0.000000,318.207281,267.260218,1
5.150000,0.380648,0.000490,0.221752,-0.128211,0.003287,0.131498,-0.136024,0.716881,-0.018382,-0.735263,1.141769,-2.180261,0.055904,2.236166,-1.636926,0.275554,-0.007065,-0.282619,-0.323318,-0.030966,0.000794,0.031760,-0.025751,1.768834,-0.045355,-1.814189,-0.716551,-0.766717,0.019659,0.786376,1.217482,-0.068924,0.001767,0.070692,-0.040080,-1.909073,0.048951,1.958024,0.799806,-0.490859,0.012586,0.503445,1.154212,0.778538,-0.019963,-0.798501,-0.198880,-2.141558,0.054912,2.196470,-1.087445,0.000000,0.000000,0.000000,3.558615,6.012340,1.167432,-3.918437,-6.541911,0.718198,-1.865093,4.643854,-1.453742,0.000000,0.000000,0.000000,318.322928,267.237665,1
5.154000,0.407230,0.003238,0.231118,-0.075150,0.001927,0.077077,-0.376054,0.813795,-0.020867,-0.834662,1.307671,-2.861342,0.073368,2.934710,-1.001292,0.537349,-0.013778,-0.551127,-0.605256,-0.028250,0.000724,0.028974,-0.059613,0.869516,-0.022295,-0.891811,-0.254213,-0.380846,0.009765,0.390611,1.172474,-0.053542,0.001373,0.054915,-0.027996,-0.204323,0.005239,0.209562,0.205475,-0.507566,0.013015,0.520580,0.896895,0.646301,-0.016572,-0.662872,0.010877,-2.389455,0.061268,2.450723,-0.472286,2.981472,-4.437476,0.171179,3.024219,6.701425,1.410329,-4.486775,-5.702564,0.609212,0.000000,0.000000,0.000000,0.000000,0.000000,0.000000,318.349948,267.222870,1
5.164000,0.408837,0.003707,0.229074,-0.075150,0.001927,0.077077,-0.478410,0.813795,-0.020867,-0.834662,1.370246,-2.861342,0.073368,2.934710,-1.019715,0.537349,-0.013778,-0.551127,-0.554166,-0.028250,0.000724,0.028974,0.463302,0.869516,-0.022295,-0.891811,-1.379643,-0.380846,0.009765,0.390611,1.018619,-0.053542,0.001373,0.054915,-0.014275,-0.204323,0.005239,0.209562,0.153619,-0.507566,0.013015,0.520580,0.856327,0.646301,-0.016572,-0.662872,0.056501,-2.389455,0.061268,2.450723,-0.616017,2.457111,-5.110834,-0.671688,2.929756,7.036421,1.638974,-4.668240,-5.552061,0.443499,-0.016436,0.029375,-0.004646,0.000000,0.000000,0.000000,318.431409,267.189910,1
5.172000,0.400424,-0.000243,0.224674,-0.317738,0.008147,0.325886,-0.157904,1.046557,-0.026835,-1.073392,1.112880,-2.771494,0.071064,2.842558,-0.989531,0.490861,-0.012586,-0.503447,-0.428872,0.041840,-0.001073,-0.042912,0.238137,0.580953,-0.014896,-0.595849,-1.310103,-0.328866,0.008432,0.337299,0.917758,-0.062399,0.001600,0.063998,-0.002371,0.147141,-0.003773,-0.150914,0.062056,-0.770620,0.019759,0.790379,1.236948,1.004098,-0.025746,-1.029844,-0.149382,-2.493692,0.063941,2.557633,-0.736287,2.405008,-5.336791,-0.419301,2.970006,6.674281,1.664686,-4.563106,-5.501134,0.158575,-0.032715,0.172558,-0.071313,0.000000,0.000000,0.000000,318.498604,267.161717,1
5.182000,0.401099,0.000035,0.222551,-0.317738,0.008147,0.325886,-0.296700,1.046557,-0.026835,-1.073392,1.169554,-2.771494,0.071064,2.842558,-0.995818,0.490861,-0.012586,-0.503447,-0.546169,0.041840,-0.001073,-0.042912,0.457543,0.580953,-0.014896,-0.595849,-1.940718,-0.328866,0.008432,0.337299,0.819524,-0.062399,0.001600,0.063998,-0.002165,0.147141,-0.003773,-0.150914,0.033091,-0.770620,0.019759,0.790379,1.158454,1.004098,-0.025746,-1.029844,-0.101154,-2.493692,0.063941,2.557633,-0.863086,2.149758,-5.407010,-0.715949,2.967485,6.933903,1.812946,-4.490647,-5.346548,0.128754,-0.093432,0.441068,-0.178891,0.000000,0.000000,0.000000,318.590029,267.124843,1
5.188000,0.402582,-0.010333,0.231144,-0.074796,0.001918,0.076714,0.055875,1.008539,-0.025860,-1.034399,0.821535,-2.764573,0.070886,2.835460,-1.055753,0.378399,-0.009703,-0.388101,-0.768639,1.201540,-0.030809,-1.232349,-0.708650,-2.052739,0.052634,2.105373,0.998922,-0.809162,0.020748,0.829909,1.098951,-0.059660,0.001530,0.061190,0.011896,-0.036379,0.000933,0.037312,0.069471,-0.808597,0.020733,0.829330,1.327409,1.712095,-0.043900,-1.755995,-0.698945,-3.472643,0.089042,3.561685,0.012306,4.490717,-7.591451,0.761457,3.172595,5.939500,1.308956,-4.361139,-5.886805,0.230091,-0.006844,0.024526,-0.008281,0.000000,0.000000,0.000000,318.652487,267.141182,1
5.198000,0.403172,-0.010629,0.229396,-0.073868,0.001894,0.075762,-0.130592,1.009364,-0.025881,-1.035245,0.940006,-2.765455,0.070909,2.836365,-1.115911,0.379483,-0.009730,-0.389213,-0.415106,1.201283,-0.030802,-1.232085,-0.210905,-2.050708,0.052582,2.103290,-0.563446,-0.809520,0.020757,0.830277,0.989669,-0.059590,0.001528,0.061117,0.016336,-0.035999,0.000923,0.036922,0.040650,-0.808161,0.020722,0.828883,1.187609,1.711929,-0.043896,-1.755824,-0.597396,-3.470965,0.088999,3.559964,-0.163278,3.046183,-7.892597,-0.814169,2.997887,6.475864,1.756447,-4.615707,-5.505240,-0.146293,-0.057233,0.133277,-0.032381,0.000000,0.000000,0.000000,318.744422,267.114826,1
5.204000,0.409966,-0.006193,0.228813,0.324942,-0.008332,-0.333274,-0.893160,1.129311,-0.028957,-1.158267,0.669566,-3.146405,0.080677,3.227082,0.426943,0.585331,-0.015008,-0.600339,-1.111699,1.409222,-0.036134,-1.445356,0.136747,-2.895804,0.074251,2.970055,-0.807170,-1.031845,0.026458,1.058303,0.810777,-0.078773,0.002020,0.080793,0.241825,-0.028488,0.000730,0.029218,0.041290,-0.481732,0.012352,0.494084,0.657882,1.685678,-0.043223,-1.728900,-0.568089,-3.494296,0.089597,3.583893,0.462181,1.875782,-5.410810,-1.066521,2.477327,5.672060,1.449136,-3.028745,-2.875159,-0.245067,-1.163923,1.903617,-0.239792,0.000000,0.000000,0.000000,318.801757,267.131714,1
5.214000,0.410041,-0.006682,0.228345,0.324942,-0.008332,-0.333274,-0.856602,1.129311,-0.028957,-1.158267,0.729457,-3.146405,0.080677,3.227082,0.274231,0.585331,-0.015008,-0.600339,-1.094857,1.409222,-0.036134,-1.445356,0.076892,-2.895804,0.074251,2.970055,-0.753632,-1.031845,0.026458,1.058303,0.752990,-0.078773,0.002020,0.080793,0.254891,-0.028488,0.000730,0.029218,0.003819,-0.481732,0.012352,0.494084,0.667672,1.685678,-0.043223,-1.728900,-0.494841,-3.494296,0.089597,3.583893,0.249075,1.883830,-5.520667,-1.113554,2.648029,5.687568,1.340694,-2.982008,-3.531193,0.179038,-3.037970,6.959355,-1.585794,0.000000,0.000000,0.000000,318.880934,267.147004,1
5.220000,0.423176,-0.016001,0.233173,1.261593,-0.032349,-1.293941,-0.025711,0.552461,-0.014166,-0.566627,0.553545,-3.448072,0.088412,3.536485,0.621778,1.429528,-0.036655,-1.466183,-0.052002,1.214380,-0.031138,-1.245518,0.862561,-4.146035,0.106309,4.252343,-0.518760,-0.454506,0.011654,0.466160,0.367896,-0.191212,0.004903,0.196115,1.619161,-0.123948,0.003178,0.127126,-1.556605,-5.650185,0.144877,5.795061,3.561955,-0.413328,0.010598,0.423926,-0.018794,9.847078,-0.252489,-10.099567,-5.050696,3.916439,-5.955228,0.058641,0.000000,0.000000,0.000000,-1.049400,-3.082610,1.007841,-2.428844,9.322333,-2.896883,0.000000,0.000000,0.000000,319.350427,267.570900,1
5.230000,0.423234,-0.016174,0.233150,1.261593,-0.032349,-1.293941,-0.026466,0.552461,-0.014166,-0.566627,0.552725,-3.448072,0.088412,3.536485,0.441290,1.429528,-0.036655,-1.466183,-0.065950,1.214380,-0.031138,-1.245518,0.751562,-4.146035,0.106309,4.252343,-0.410954,-0.454506,0.011654,0.466160,0.309961,-0.191212,0.004903,0.196115,1.559411,-0.123948,0.003178,0.127126,-1.647282,-5.650185,0.144877,5.795061,3.946659,-0.413328,0.010598,0.423926,-0.026798,9.847078,-0.252489,-10.099567,-4.897898,3.822050,-5.687001,0.154377,0.000000,0.000000,0.000000,-1.211364,-3.382645,1.078113,-2.397068,8.900952,-2.700456,0.000000,0.000000,0.000000,320.127400,268.283521,1
5.234000,0.424614,-0.017401,0.240486,-1.511960,0.038768,1.550729,1.341586,-0.051833,0.001329,0.053162,0.034883,-5.354260,0.137289,5.491549,3.038874,-1.452607,0.037246,1.489854,1.830482,-0.923391,0.023677,0.947068,0.816388,-3.935271,0.100904,4.036175,0.717844,-2.090588,0.053605,2.144193,1.097408,-1.705651,0.043735,1.749385,1.303684,-1.385302,0.035521,1.420823,-1.415805,0.734877,-0.018843,-0.753720,-0.377789,-0.362066,0.009284,0.371350,-0.181142,-1.213547,0.031117,1.244663,-0.123662,2.591204,-5.484473,-0.474638,0.000000,0.000000,0.000000,-0.355926,-1.036589,0.411430,-2.169938,6.095636,-1.417092,0.000000,0.000000,0.000000,320.256677,268.394936,1
5.244000,0.425067,-0.018179,0.239524,-1.511960,0.038768,1.550729,1.463434,-0.051833,0.001329,0.053162,-0.056924,-5.354260,0.137289,5.491549,2.633323,-1.452607,0.037246,1.489854,1.919116,-0.923391,0.023677,0.947068,0.938022,-3.935271,0.100904,4.036175,0.397426,-2.090588,0.053605,2.144193,1.110504,-1.705651,0.043735,1.749385,1.163713,-1.385302,0.035521,1.420823,-1.375803,0.734877,-0.018843,-0.753720,-0.537884,-0.362066,0.009284,0.371350,-0.042758,-1.213547,0.031117,1.244663,0.240841,2.829641,-6.097645,-0.596379,0.000000,0.000000,0.000000,-0.628243,-1.892641,0.771975,-2.203369,6.209297,-1.445686,0.000000,0.000000,0.000000,320.548455,268.647241,1
5.248000,0.433342,-0.020146,0.252340,4.564344,-0.117034,-4.681379,-5.310724,-6.870135,0.176157,7.046293,2.496603,7.769780,-0.199225,-7.969005,-4.590412,-2.193774,0.056251,2.250025,3.415316,-0.546973,0.014025,0.560998,0.815961,-3.727704,0.095582,3.823286,0.535187,-2.849331,0.073060,2.922391,2.759309,-1.125253,0.028853,1.154106,0.354629,-2.984608,0.076528,3.061136,0.746443,-1.764217,0.045236,1.809453,0.887946,-0.282747,0.007250,0.289997,0.088598,1.529150,-0.039209,-1.568359,-0.415785,3.126834,-4.946040,0.425011,0.000000,0.000000,0.000000,0.000000,0.000000,0.000000,-1.405310,4.534589,-1.369457,0.000000,0.000000,0.000000,320.957516,269.056302,1
5.258000,0.434426,-0.021105,0.252984,4.564344,-0.117034,-4.681379,-5.113950,-6.870135,0.176157,7.046293,2.780766,7.769780,-0.199225,-7.969005,-4.153051,-2.193774,0.056251,2.250025,3.362858,-0.546973,0.014025,0.560998,0.990295,-3.727704,0.095582,3.823286,0.291721,-2.849331,0.073060,2.922391,2.643572,-1.125253,0.028853,1.154106,0.554524,-2.984608,0.076528,3.061136,0.371774,-1.764217,0.045236,1.809453,0.950139,-0.282747,0.007250,0.289997,0.058811,1.529150,-0.039209,-1.568359,-0.504553,3.250473,-5.516339,0.261275,0.000000,0.000000,0.000000,0.000000,0.000000,0.000000,-1.797349,5.850362,-1.741784,0.000000,0.000000,0.000000,321.936503,270.035289,1
5.262000,0.438787,-0.014366,0.240627,0.895499,-0.022962,-0.918460,0.504538,0.135766,-0.003481,-0.139248,-0.503513,0.262027,-0.006719,-0.268745,1.096167,0.198646,-0.005093,-0.203739,-0.725396,-0.358584,0.009194,0.367778,0.891596,-0.869166,0.022286,0.891452,-1.060888,0.038207,-0.000980,-0.039187,-1.152237,-0.737788,0.018918,0.756705,0.528674,-0.573561,0.014707,0.588267,-0.992144,-0.183433,0.004703,0.188137,-0.753743,0.401668,-0.010299,-0.411968,-0.358043,1.275023,-0.032693,-1.307716,-0.706972,1.753914,-5.594232,-0.743322,0.000000,0.000000,0.000000,0.000000,0.000000,0.000000,-2.835351,5.708956,-1.197594,0.000000,0.000000,0.000000,321.954472,270.033824,1
5.272000,0.439605,-0.013923,0.238442,0.895499,-0.022962,-0.918460,0.305657,0.135766,-0.003481,-0.139248,-0.291061,0.262027,-0.006719,-0.268745,0.507955,0.198646,-0.005093,-0.203739,-0.606292,-0.358584,0.009194,0.367778,1.049984,-0.869166,0.022286,0.891452,-1.434773,0.038207,-0.000980,-0.039187,-1.067642,-0.737788,0.018918,0.756705,0.576301,-0.573561,0.014707,0.588267,-1.249472,-0.183433,0.004703,0.188137,-0.494206,0.401668,-0.010299,-0.411968,-0.307841,1.275023,-0.032693,-1.307716,-0.590856,2.190028,-6.354195,-0.691016,0.000000,0.000000,0.000000,0.000000,0.000000,0.000000,-2.881528,6.180526,-1.429646,0.000000,0.000000,0.000000,321.998991,270.027858,1
5.276000,0.445286,-0.018537,0.240595,0.703422,-0.018036,-0.721459,-0.092315,-0.015856,0.000407,0.016263,-0.033742,1.745570,-0.044758,-1.790328,-0.431608,0.096652,-0.002478,-0.099131,0.309282,0.087140,-0.002234,-0.089375,0.990101,-0.730385,0.018728,0.749113,-0.928416,-0.073777,0.001892,0.075669,-0.307961,-0.045476,0.001166,0.046642,0.392257,-0.844917,0.021665,0.866582,-0.650171,-0.579828,0.014867,0.594696,-0.076259,0.070553,-0.001809,-0.072362,-0.073394,1.249202,-0.032031,-1.281233,-0.087732,2.656119,-4.879378,-0.011665,0.000000,0.000000,0.000000,0.000000,0.000000,0.000000,-2.093996,6.002014,-1.447877,0.000000,0.000000,0.000000,322.008682,270.025970,1
5.286000,0.446745,-0.017419,0.238492,0.579742,-0.014865,-0.594607,-0.341214,-0.014082,0.000361,0.014444,-0.062175,1.534027,-0.039334,-1.573361,-0.813413,0.220254,-0.005648,-0.225901,0.388680,-0.118886,0.003048,0.121935,1.127464,-0.778003,0.019949,0.797951,-1.064527,0.038631,-0.000991,-0.039621,-0.344048,-0.227690,0.005838,0.233528,0.461121,-0.978597,0.025092,1.003689,-0.883037,-0.411591,0.010554,0.422144,-0.015037,0.051541,-0.001322,-0.052862,-0.047515,0.797838,-0.020457,-0.818296,-0.164758,2.904377,-5.327360,-0.058828,0.000000,0.000000,0.000000,0.000000,0.000000,0.000000,-2.032662,6.411753,-1.677215,0.000000,0.000000,0.000000,322.045778,270.026451,1
5.292000,0.455596,-0.025526,0.237498,0.705477,-0.018089,-0.723566,-0.111566,-0.013273,0.000340,0.013614,-0.029665,1.790305,-0.045905,-1.836210,-0.674255,0.119137,-0.003055,-0.122192,0.196758,0.019511,-0.000500,-0.020012,1.278225,-0.777022,0.019924,0.796945,-1.352363,-0.059914,0.001536,0.061450,-0.403075,-0.122931,0.003152,0.126083,0.571600,-0.891722,0.022865,0.914587,-0.805855,-0.344825,0.008842,0.353667,-0.093748,0.039816,-0.001021,-0.040837,-0.054665,0.960624,-0.024631,-0.985256,-0.241685,2.868057,-5.601274,-0.033513,0.000000,0.000000,0.000000,0.000000,0.000000,0.000000,-2.435691,6.769158,-1.654801,0.000000,0.000000,0.000000,322.067101,270.024701,1
5.302000,0.456443,-0.026571,0.235090,0.713389,-0.018292,-0.731681,-0.104970,-0.013327,0.000342,0.013668,-0.034615,1.848544,-0.047399,-1.895942,-0.759076,0.115140,-0.002952,-0.118092,0.211159,0.000238,-0.000006,-0.000244,1.416209,-0.777035,0.019924,0.796959,-1.735922,-0.062531,0.001603,0.064135,-0.453593,-0.137470,0.003525,0.140995,0.590108,-0.900757,0.023096,0.923853,-1.066365,-0.346475,0.008884,0.355359,-0.090817,0.039495,-0.001013,-0.040508,-0.051241,0.958780,-0.024584,-0.983364,-0.278490,3.074540,-6.262206,-0.175085,0.000000,0.000000,0.000000,0.000000,0.000000,0.000000,-2.607734,7.204644,-1.748370,0.000000,0.000000,0.000000,322.110410,270.018895,1
5.306000,0.457080,-0.023902,0.238297,0.794680,-0.020376,-0.815057,-0.028516,-0.009384,0.000241,0.009625,-0.029398,2.220450,-0.056935,-2.277384,-0.650372,0.068549,-0.001758,-0.070307,0.270386,0.117408,-0.003010,-0.120419,1.234446,-0.797978,0.020461,0.818439,-1.504293,-0.104229,0.002673,0.106902,-0.341011,-0.017990,0.000461,0.018451,0.498708,-0.901070,0.023104,0.924174,-1.053985,-0.366217,0.009390,0.375607,-0.127227,-0.088973,0.002281,0.091254,-0.011444,0.674668,-0.017299,-0.691967,0.035868,3.072921,-6.037419,-0.426353,0.000000,0.000000,0.000000,0.000000,0.000000,0.000000,-2.489801,6.983284,-1.504183,0.000000,0.000000,0.000000,322.126397,270.015016,1
5.316000,0.458164,-0.024394,0.235812,0.794680,-0.020376,-0.815057,-0.059822,-0.009384,0.000241,0.009625,-0.038718,2.220450,-0.056935,-2.277384,-0.834473,0.068549,-0.001758,-0.070307,0.269975,0.117408,-0.003010,-0.120419,1.343104,-0.797978,0.020461,0.818439,-1.803807,-0.104229,0.002673,0.106902,-0.397867,-0.017990,0.000461,0.018451,0.494561,-0.901070,0.023104,0.924174,-1.267186,-0.366217,0.009390,0.375607,-0.131702,-0.088973,0.002281,0.091254,-0.017751,0.674668,-0.017299,-0.691967,-0.067343,3.235089,-6.487896,-0.544496,0.000000,0.000000,0.000000,0.000000,0.000000,0.000000,-2.617667,7.331500,-1.563760,0.000000,0.000000,0.000000,322.175668,270.005844,1
5.322000,0.463527,-0.023195,0.237116,0.600939,-0.015409,-0.616348,0.001460,-0.011034,0.000283,0.011317,-0.029238,1.762699,-0.045197,-1.807896,-0.524984,0.149451,-0.003832,-0.153283,0.317877,-0.011278,0.000289,0.011567,1.381707,-0.679536,0.017424,0.696960,-1.765570,-0.038918,0.000998,0.039916,-0.454959,-0.074262,0.001904,0.076166,0.441310,-0.946321,0.024265,0.970586,-1.192907,-0.361684,0.009274,0.370958,-0.209809,-0.057853,0.001483,0.059336,-0.015656,0.334124,-0.008567,-0.342691,0.048055,3.192931,-6.476231,-0.402691,0.000000,0.000000,0.000000,0.000000,0.000000,0.000000,-2.445016,7.002348,-1.717269,0.000000,0.000000,0.000000,322.196970,269.996526,1
5.332000,0.464435,-0.023487,0.234369,0.600939,-0.015409,-0.616348,-0.002550,-0.011034,0.000283,0.011317,-0.032503,1.762699,-0.045197,-1.807896,-0.646826,0.149451,-0.003832,-0.153283,0.314713,-0.011278,0.000289,0.011567,1.467400,-0.679536,0.017424,0.696960,-1.994114,-0.038918,0.000998,0.039916,-0.528134,-0.074262,0.001904,0.076166,0.435907,-0.946321,0.024265,0.970586,-1.405156,-0.361684,0.009274,0.370958,-0.196898,-0.057853,0.001483,0.059336,-0.012475,0.334124,-0.008567,-0.342691,0.020430,3.292099,-6.805484,-0.501883,0.000000,0.000000,0.000000,0.000000,0.000000,0.000000,-2.557074,7.288713,-1.777481,0.000000,0.000000,0.000000,322.238223,269.979697,1
5.336000,0.477574,-0.027214,0.239576,0.788097,-0.020208,-0.808305,-0.029509,-0.012798,0.000328,0.013126,-0.053312,2.290863,-0.058740,-2.349603,-0.778387,0.043515,-0.001116,-0.044631,0.287059,-0.062410,0.001600,0.064010,1.550504,-0.866180,0.022210,0.888389,-1.780283,-0.171932,0.004409,0.176340,-0.398820,-0.237101,0.006080,0.243180,0.635808,-0.984936,0.025255,1.010191,-1.106499,-0.376947,0.009665,0.386613,-0.324625,-0.039055,0.001001,0.040057,-0.015208,0.309533,-0.007937,-0.317470,0.053557,3.313293,-6.552470,-0.706006,0.000000,0.000000,0.000000,0.000000,0.000000,0.000000,-2.612463,7.383174,-1.525821,0.000000,0.000000,0.000000,322.258354,269.976418,1
5.346000,0.477705,-0.026601,0.235575,0.815063,-0.020899,-0.835962,-0.043005,-0.012389,0.000318,0.012707,-0.046238,2.309502,-0.059218,-2.368720,-0.898180,0.051415,-0.001318,-0.052733,0.287095,-0.003325,0.000085,0.003410,1.629363,-0.850187,0.021800,0.871986,-2.051348,-0.167318,0.004290,0.171609,-0.469920,-0.177912,0.004562,0.182474,0.608257,-0.968045,0.024822,0.992867,-1.335248,-0.423228,0.010852,0.434080,-0.250961,-0.037918,0.000972,0.038890,-0.015279,0.418313,-0.010726,-0.429039,0.016603,3.424297,-6.915573,-0.787227,0.000000,0.000000,0.000000,0.000000,0.000000,0.000000,-2.745021,7.687561,-1.611093,0.000000,0.000000,0.000000,322.314430,269.965943,1
5.348000,0.485833,-0.034408,0.234012,0.896202,-0.022980,-0.919182,-0.071215,-0.009013,0.000231,0.009244,-0.040086,3.248497,-0.083295,-3.331791,-1.039990,0.344572,-0.008835,-0.353407,0.216545,0.329583,-0.008451,-0.338034,1.427940,-0.460611,0.011811,0.472422,-2.188392,0.138896,-0.003561,-0.142457,-0.380702,0.494266,-0.012673,-0.506939,0.342640,-1.158376,0.029702,1.188078,-1.147608,-0.663298,0.017008,0.680305,-0.249042,-0.044525,0.001142,0.045666,-0.039499,-0.187168,0.004799,0.191967,0.319743,3.532830,-6.531617,-0.786756,0.000000,0.000000,0.000000,0.000000,0.000000,0.000000,-2.522170,7.795548,-1.452533,0.000000,0.000000,0.000000,322.328325,269.966632,1
5.358000,0.487222,-0.035340,0.230996,0.896202,-0.022980,-0.919182,-0.121223,-0.009013,0.000231,0.009244,-0.051269,3.248497,-0.083295,-3.331791,-1.294825,0.344572,-0.008835,-0.353407,0.200612,0.329583,-0.008451,-0.338034,1.486480,-0.460611,0.011811,0.472422,-2.350464,0.138896,-0.003561,-0.142457,-0.467419,0.494266,-0.012673,-0.506939,0.336382,-1.158376,0.029702,1.188078,-1.338192,-0.663298,0.017008,0.680305,-0.183118,-0.044525,0.001142,0.045666,-0.032858,-0.187168,0.004799,0.191967,0.203394,3.623886,-6.726247,-0.878728,0.000000,0.000000,0.000000,0.000000,0.000000,0.000000,-2.633665,8.064425,-1.453075,0.000000,0.000000,0.000000,322.409344,269.976236,1
5.364000,0.482124,-0.023322,0.226822,0.202780,-0.005199,-0.207980,0.089879,-0.014315,0.000367,0.014682,-0.035008,2.727954,-0.069948,-2.797902,-1.136914,-0.213359,0.005471,0.218829,0.168076,-0.055930,0.001434,0.057364,1.366278,-0.049982,0.001282,0.051264,-2.382236,-0.388447,0.009960,0.398407,-0.476341,0.307550,-0.007886,-0.315436,0.160656,-1.045033,0.026796,1.071829,-1.204821,-0.490555,0.012578,0.503133,-0.008084,-0.125102,0.003208,0.128310,-0.035829,-0.275989,0.007077,0.283066,0.402745,2.920720,-6.630077,-0.582414,0.000000,0.000000,0.000000,0.000000,0.000000,0.000000,-2.770612,6.712457,-1.539860,0.000000,0.000000,0.000000,322.439896,269.986606,1
5.374000,0.482714,-0.023405,0.223581,0.202780,-0.005199,-0.207980,0.130556,-0.014315,0.000367,0.014682,-0.038653,2.727954,-0.069948,-2.797902,-1.187342,-0.213359,0.005471,0.218829,0.249063,-0.055930,0.001434,0.057364,1.452229,-0.049982,0.001282,0.051264,-2.581151,-0.388447,0.009960,0.398407,-0.474840,0.307550,-0.007886,-0.315436,0.154826,-1.045033,0.026796,1.071829,-1.390935,-0.490555,0.012578,0.503133,-0.005695,-0.125102,0.003208,0.128310,-0.035419,-0.275989,0.007077,0.283066,0.251618,3.056121,-6.902424,-0.612228,-0.007478,0.020025,0.016425,0.000000,0.000000,0.000000,-2.849703,6.980372,-1.633303,0.000000,0.000000,0.000000,322.494170,270.002954,1
5.378000,0.491237,-0.021634,0.231721,0.296088,-0.007592,-0.303680,0.127809,-0.033908,0.000869,0.034777,-0.056076,2.890227,-0.074108,-2.964335,-1.125381,0.346298,-0.008879,-0.355177,0.094743,0.551600,-0.014144,-0.565744,1.314324,-1.495512,0.038346,1.533858,-2.055006,0.522632,-0.013401,-0.536033,-0.673760,0.941948,-0.024153,-0.966101,0.017510,-2.244128,0.057542,2.301670,-0.821890,0.585838,-0.015021,-0.600860,-1.167194,-0.335001,0.008590,0.343590,0.018233,-1.756785,0.045046,1.801831,0.771655,3.449947,-7.233798,-0.578461,0.000000,0.000000,0.000000,0.000000,0.000000,0.000000,-2.593742,7.448593,-1.998557,0.000000,0.000000,0.000000,322.540865,270.002619,1
5.388000,0.492077,-0.021614,0.229017,0.296088,-0.007592,-0.303680,0.087661,-0.033908,0.000869,0.034777,-0.041477,2.890227,-0.074108,-2.964335,-1.230247,0.346298,-0.008879,-0.355177,0.050144,0.551600,-0.014144,-0.565744,1.351268,-1.495512,0.038346,1.533858,-2.144337,0.522632,-0.013401,-0.536033,-0.818123,0.941948,-0.024153,-0.966101,-0.009390,-2.244128,0.057542,2.301670,-0.963406,0.585838,-0.015021,-0.600860,-1.187905,-0.335001,0.008590,0.343590,0.018971,-1.756785,0.045046,1.801831,0.846139,3.447657,-7.338869,-0.646356,0.179532,0.004472,-0.086891,0.000000,0.000000,0.000000,-2.709704,7.417422,-1.904636,0.000000,0.000000,0.000000,322.667428,270.002844,1
5.392000,0.492442,-0.021143,0.223386,0.397172,-0.010184,-0.407356,0.740623,-0.005919,0.000152,0.006070,0.658052,0.581969,-0.014922,-0.596891,-1.774002,-0.148448,0.003806,0.152254,0.525833,0.504365,-0.012932,-0.517297,1.310038,-2.247392,0.057625,2.305018,-1.051298,0.238743,-0.006122,-0.244864,-0.851776,0.563085,-0.014438,-0.577523,-0.121070,-2.173581,0.055733,2.229314,-0.568543,1.372874,-0.035202,-1.408076,-1.304604,-0.117906,0.003023,0.120929,0.007998,-0.147012,0.003770,0.150782,0.376008,2.693838,-5.249864,-0.213223,0.291345,0.233857,0.004425,-1.720928,-4.003816,1.072557,-2.099848,6.038950,-1.502307,0.000000,0.000000,0.000000,322.699373,269.997428,1
5.402000,0.492997,-0.020886,0.221361,0.397172,-0.010184,-0.407356,0.772252,-0.005919,0.000152,0.006070,0.712925,0.581969,-0.014922,-0.596891,-1.890630,-0.148448,0.003806,0.152254,0.523477,0.504365,-0.012932,-0.517297,1.308564,-2.247392,0.057625,2.305018,-0.964582,0.238743,-0.006122,-0.244864,-0.901589,0.563085,-0.014438,-0.577523,-0.068532,-2.173581,0.055733,2.229314,-0.689088,1.372874,-0.035202,-1.408076,-1.377660,-0.117906,0.003023,0.120929,0.000782,-0.147012,0.003770,0.150782,0.204648,2.615788,-5.185638,-0.247388,1.057533,0.912781,0.054309,-1.635071,-3.924828,1.107682,-2.151810,6.377411,-1.649733,0.000000,0.000000,0.000000,322.781320,269.984354,1
5.406000,0.507439,-0.029430,0.227747,-0.485707,0.012454,0.498161,0.503728,0.027295,-0.000700,-0.027995,-0.071637,2.002952,-0.051358,-2.054309,-0.638699,0.124234,-0.003185,-0.127419,0.173384,1.324053,-0.033950,-1.358003,0.985581,-2.345481,0.060141,2.405622,-1.402489,0.633034,-0.016232,-0.649266,-1.105348,1.832190,-0.046979,-1.879169,-0.663118,-2.977034,0.076334,3.053368,-0.195342,0.232342,-0.005957,-0.238299,-1.155813,-0.072358,0.001855,0.074213,-0.001452,0.050236,-0.001288,-0.051524,0.267233,3.376767,-6.573550,-0.751349,0.012599,0.022396,0.006825,-0.758677,-1.100318,0.073758,-2.405439,6.749491,-1.322108,0.000000,0.000000,0.000000,322.817916,269.978192,1
5.416000,0.508341,-0.030035,0.225470,-0.485707,0.012454,0.498161,0.511593,0.027295,-0.000700,-0.027995,-0.137794,2.002952,-0.051358,-2.054309,-0.947243,0.124234,-0.003185,-0.127419,0.244352,1.324053,-0.033950,-1.358003,1.066712,-2.345481,0.060141,2.405622,-1.479871,0.633034,-0.016232,-0.649266,-1.114998,1.832190,-0.046979,-1.879169,-0.579490,-2.977034,0.076334,3.053368,-0.443149,0.232342,-0.005957,-0.238299,-1.013717,-0.072358,0.001855,0.074213,-0.016339,0.050236,-0.001288,-0.051524,0.142568,3.646102,-6.616391,-0.606606,0.029460,0.083418,0.034771,-2.838636,-4.197435,0.178136,-2.421539,7.332114,-1.569570,0.000000,0.000000,0.000000,322.924521,269.956769,1
5.424000,0.511800,-0.030504,0.225787,-0.633921,0.016254,0.650176,0.634493,0.151566,-0.003886,-0.155452,0.080099,1.297249,-0.033263,-1.330512,-1.661549,0.112849,-0.002894,-0.115742,0.359453,1.387998,-0.035590,-1.423588,1.018492,-2.337135,0.059927,2.397061,-1.250396,0.725821,-0.018611,-0.744432,-1.009559,2.142565,-0.054938,-2.197502,-0.478462,-3.285762,0.084250,3.370013,-0.538655,0.418384,-0.010728,-0.429112,-0.911753,-0.067705,0.001736,0.069441,0.006669,0.009813,-0.000252,-0.010065,0.097928,3.843648,-6.123180,-0.254269,0.048136,0.070749,0.017023,-2.848173,-5.084594,0.631621,-2.167255,7.436544,-1.758095,0.000000,0.000000,0.000000,323.013604,269.944772,1
5.434000,0.512483,-0.031045,0.223765,-0.633921,0.016254,0.650176,0.786491,0.151566,-0.003886,-0.155452,0.276562,1.297249,-0.033263,-1.330512,-2.302486,0.112849,-0.002894,-0.115742,0.503668,1.387998,-0.035590,-1.423588,1.074450,-2.337135,0.059927,2.397061,-1.284330,0.725821,-0.018611,-0.744432,-0.934414,2.142565,-0.054938,-2.197502,-0.505512,-3.285762,0.084250,3.370013,-0.550334,0.418384,-0.010728,-0.429112,-0.849088,-0.067705,0.001736,0.069441,0.001159,0.009813,-0.000252,-0.010065,0.057156,3.773250,-5.922978,-0.223978,0.126178,0.189306,0.047168,-2.610391,-5.136752,0.897358,-2.128856,7.602028,-1.858562,0.000000,0.000000,0.000000,323.136709,269.936583,1
5.440000,0.515914,-0.023991,0.225063,-0.487562,0.012502,0.500063,0.993314,1.326920,-0.034024,-1.360944,0.087977,-1.669122,0.042798,1.711920,-1.555737,-0.096487,0.002474,0.098961,0.704635,1.242778,-0.031866,-1.274644,0.834056,-2.498822,0.064072,2.562894,-0.586134,0.718043,-0.018411,-0.736454,-0.865226,2.392916,-0.061357,-2.454273,-0.873077,-3.898373,0.099958,3.998331,0.297517,0.854246,-0.021904,-0.876150,-0.903915,-0.055060,0.001412,0.056471,0.022692,-0.091556,0.002348,0.093903,0.071456,3.122652,-4.413402,0.112289,0.423153,0.460315,0.051563,-2.904646,-5.862334,1.217723,-1.816018,6.777576,-1.739942,0.000000,0.000000,0.000000,323.200814,269.936509,1
5.450000,0.516404,-0.023843,0.224076,-0.487562,0.012502,0.500063,1.083501,1.326920,-0.034024,-1.360944,0.098873,-1.669122,0.042798,1.711920,-1.627690,-0.096487,0.002474,0.098961,0.762930,1.242778,-0.031866,-1.274644,0.838286,-2.498822,0.064072,2.562894,-0.516989,0.718043,-0.018411,-0.736454,-0.811169,2.392916,-0.061357,-2.454273,-0.780010,-3.898373,0.099958,3.998331,0.123620,0.854246,-0.021904,-0.876150,-0.892270,-0.055060,0.001412,0.056471,0.005219,-0.091556,0.002348,0.093903,0.041233,3.038171,-4.365446,0.074904,0.700438,0.768056,0.089788,-2.717014,-5.577010,1.212135,-1.790638,6.943274,-1.849032,0.000000,0.000000,0.000000,323.298053,269.927456,1
5.458000,0.524214,-0.017929,0.228031,-0.630567,0.016168,0.646735,1.007380,1.702300,-0.043649,-1.745949,0.287690,-2.915988,0.074769,2.990756,-0.858994,-0.424305,0.010880,0.435185,0.764632,1.234479,-0.031653,-1.266132,0.804715,-2.746349,0.070419,2.816769,0.222717,0.421405,-0.010805,-0.432211,-0.665232,2.338299,-0.059956,-2.398255,-0.458250,-4.018032,0.103026,4.121058,0.460614,0.942115,-0.024157,-0.966272,-0.707471,-0.028092,0.000720,0.028812,0.079865,-0.073146,0.001876,0.075022,0.044253,2.622470,-3.620770,0.171627,1.004703,1.200626,0.179638,-2.633872,-4.994727,1.118773,-1.735664,6.732978,-2.098766,0.000000,0.000000,0.000000,323.375459,269.939419,1
5.468000,0.524438,-0.017100,0.227648,-0.630567,0.016168,0.646735,1.104156,1.702300,-0.043649,-1.745949,0.156354,-2.915988,0.074769,2.990756,-0.759895,-0.424305,0.010880,0.435185,0.830001,1.234479,-0.031653,-1.266132,0.827556,-2.746349,0.070419,2.816769,0.091680,0.421405,-0.010805,-0.432211,-0.598274,2.338299,-0.059956,-2.398255,-0.479369,-4.018032,0.103026,4.121058,0.324675,0.942115,-0.024157,-0.966272,-0.689483,-0.028092,0.000720,0.028812,0.082912,-0.073146,0.001876,0.075022,0.020503,2.423411,-3.919099,-0.096051,4.032995,6.421560,1.617200,-2.535915,-4.961148,1.162695,-1.841486,6.389820,-1.846593,0.000000,0.000000,0.000000,323.458893,269.950984,1
5.472000,0.515081,-0.025160,0.227799,-0.286600,0.007349,0.293949,0.008650,-0.030915,0.000793,0.031708,0.658986,-2.798817,0.071765,2.870582,-0.874963,-0.118882,0.003048,0.121931,-0.083758,0.480774,-0.012328,-0.493102,0.530300,-4.006344,0.102727,4.109071,0.379510,0.795826,-0.020406,-0.816232,-0.976811,0.448241,-0.011493,-0.459734,-0.285478,-0.778880,0.019971,0.798851,0.567691,0.991398,-0.025420,-1.016818,-0.767453,-0.170316,0.004367,0.174683,1.510386,-0.143101,0.003669,0.146771,-1.703063,1.383255,-5.080348,-1.467716,3.751693,9.253406,2.769525,-4.027245,-5.398990,0.123242,0.000000,0.000000,0.000000,0.000000,0.000000,0.000000,323.487062,269.954887,1
5.482000,0.514455,-0.025366,0.226461,-0.286600,0.007349,0.293949,-0.083064,-0.030915,0.000793,0.031708,0.592601,-2.798817,0.071765,2.870582,-0.889504,-0.118882,0.003048,0.121931,-0.181870,0.480774,-0.012328,-0.493102,0.508649,-4.006344,0.102727,4.109071,0.198308,0.795826,-0.020406,-0.816232,-0.685329,0.448241,-0.011493,-0.459734,-0.264390,-0.778880,0.019971,0.798851,0.449728,0.991398,-0.025420,-1.016818,-0.819764,-0.170316,0.004367,0.174683,1.454920,-0.143101,0.003669,0.146771,-1.853034,1.344765,-5.162355,-1.552331,3.610689,8.750647,2.609178,-4.012448,-5.367504,0.096875,0.000000,0.000000,0.000000,0.000000,0.000000,0.000000,323.547906,269.953275,1
5.488000,0.538569,-0.013101,0.246717,0.317006,-0.008128,-0.325134,-1.201159,-0.620690,0.015915,0.636606,0.938108,-4.605805,0.118098,4.723903,0.873625,0.311185,-0.007979,-0.319164,0.272724,-0.860190,0.022056,0.882246,0.898433,-4.314253,0.110622,4.424875,1.762264,1.296257,-0.033237,-1.329494,-1.577163,-0.157298,0.004033,0.161332,-0.365934,5.045942,-0.129383,-5.175325,-3.453820,0.896685,-0.022992,-0.919677,-0.615278,-2.241349,0.057470,2.298819,1.832063,-2.623450,0.067268,2.690717,-1.660141,0.000000,0.000000,0.000000,3.029744,8.235202,2.784411,-3.827176,-5.428842,-0.034930,0.000000,0.000000,0.000000,0.000000,0.000000,0.000000,323.806308,270.156321,1
5.498000,0.539130,-0.013088,0.246230,0.317006,-0.008128,-0.325134,-1.225998,-0.620690,0.015915,0.636606,0.988001,-4.605805,0.118098,4.723903,0.497940,0.311185,-0.007979,-0.319164,0.021259,-0.860190,0.022056,0.882246,0.546597,-4.314253,0.110622,4.424875,1.991504,1.296257,-0.033237,-1.329494,-1.215902,-0.157298,0.004033,0.161332,-0.262295,5.045942,-0.129383,-5.175325,-2.905661,0.896685,-0.022992,-0.919677,-0.539178,-2.241349,0.057470,2.298819,1.558491,-2.623450,0.067268,2.690717,-1.647936,0.000000,0.000000,0.000000,2.964505,7.461609,2.435824,-4.186347,-6.587234,0.297715,0.000000,0.000000,0.000000,0.000000,0.000000,0.000000,324.185211,270.445558,1
5.504000,0.550019,-0.009060,0.239594,0.921298,-0.023623,-0.944921,0.052284,-0.501553,0.012860,0.514413,0.862161,-0.895905,0.022972,0.918877,-1.652505,-0.228718,0.005865,0.234582,-1.639960,-0.103553,0.002655,0.106208,-0.324807,4.521024,-0.115924,-4.636947,-0.861344,0.077294,-0.001982,-0.079276,1.407841,-0.009682,0.000248,0.009931,-0.423270,1.274305,-0.032674,-1.306979,-0.099404,0.757826,-0.019431,-0.777258,0.084779,-0.075344,0.001932,0.077276,0.492341,-1.932367,0.049548,1.981915,-1.113917,0.000000,0.000000,0.000000,3.642802,6.815195,1.459246,-3.194950,-6.454249,1.256028,0.000000,0.000000,0.000000,0.000000,0.000000,0.000000,324.239102,270.446933,1
5.514000,0.551236,-0.008596,0.237398,0.921298,-0.023623,-0.944921,-0.077575,-0.501553,0.012860,0.514413,0.985195,-0.895905,0.022972,0.918877,-1.968598,-0.228718,0.005865,0.234582,-1.307103,-0.103553,0.002655,0.106208,-0.210875,4.521024,-0.115924,-4.636947,-1.546149,0.077294,-0.001982,-0.079276,1.091165,-0.009682,0.000248,0.009931,-0.244791,1.274305,-0.032674,-1.306979,-0.310978,0.757826,-0.019431,-0.777258,0.024194,-0.075344,0.001932,0.077276,0.433223,-1.932367,0.049548,1.981915,-1.186403,0.000000,0.000000,0.000000,3.661916,6.964716,1.512771,-3.550318,-6.880529,1.268609,0.000000,0.000000,0.000000,0.000000,0.000000,0.000000,324.366966,270.482857,1
5.518000,0.554591,-0.003158,0.236698,-0.330793,0.008482,0.339274,-0.851876,-0.160805,0.004123,0.164928,0.893110,-0.460661,0.011812,0.472472,0.390228,1.745140,-0.044747,-1.789887,-0.834132,0.195523,-0.005013,-0.200536,0.557532,-2.395907,0.061434,2.457340,-0.602644,0.496464,-0.012730,-0.509194,0.263933,0.135460,-0.003473,-0.138933,-0.106162,1.137146,-0.029158,-1.166303,-0.362515,-0.199932,0.005126,0.205058,0.458221,0.153885,-0.003946,-0.157831,0.095433,-1.366568,0.035040,1.401608,-0.143394,2.695571,-4.930830,-0.117483,1.641032,4.561491,1.513835,-3.126999,-1.025478,-1.754814,0.000000,0.000000,0.000000,0.000000,0.000000,0.000000,324.385320,270.483353,1
5.528000,0.555401,-0.003401,0.235631,-0.330793,0.008482,0.339274,-1.037251,-0.160805,0.004123,0.164928,1.059000,-0.460661,0.011812,0.472472,0.058986,1.745140,-0.044747,-1.789887,-1.033049,0.195523,-0.005013,-0.200536,0.609232,-2.395907,0.061434,2.457340,-0.710253,0.496464,-0.012730,-0.509194,0.107504,0.135460,-0.003473,-0.138933,-0.072834,1.137146,-0.029158,-1.166303,-0.404665,-0.199932,0.005126,0.205058,0.274971,0.153885,-0.003946,-0.157831,0.173229,-1.366568,0.035040,1.401608,-0.350448,2.777216,-5.092615,-0.139124,1.713503,5.128291,1.792380,-3.482219,-1.728575,-1.603511,0.000000,0.000000,0.000000,0.000000,0.000000,0.000000,324.439147,270.481326,1
5.534000,0.557432,-0.030735,0.261291,-0.021065,0.000540,0.021605,0.372429,-0.204615,0.005247,0.209862,0.849366,-0.260223,0.006672,0.266895,-0.930992,-0.082162,0.002107,0.084269,-0.154118,-0.007840,0.000201,0.008041,-0.045384,1.660426,-0.042575,-1.703001,-0.625343,-0.109493,0.002808,0.112301,0.161996,-0.058014,0.001488,0.059501,-0.049827,-0.289916,0.007434,0.297350,0.221643,0.162299,-0.004162,-0.166461,-0.133252,-0.046889,0.001202,0.048091,0.690354,-0.960079,0.024617,0.984697,-0.065215,0.000000,0.000000,0.000000,2.806604,5.579013,2.047889,-2.720329,-4.620228,0.105402,0.000000,0.000000,0.000000,0.000000,0.000000,0.000000,324.449466,270.487697,1
5.544000,0.558461,-0.032376,0.259936,-0.021065,0.000540,0.021605,0.416784,-0.204615,0.005247,0.209862,1.013306,-0.260223,0.006672,0.266895,-1.389888,-0.082162,0.002107,0.084269,-0.136292,-0.007840,0.000201,0.008041,-0.041099,1.660426,-0.042575,-1.703001,-0.678560,-0.109493,0.002808,0.112301,0.262246,-0.058014,0.001488,0.059501,-0.031769,-0.289916,0.007434,0.297350,0.162020,0.162299,-0.004162,-0.166461,-0.063773,-0.046889,0.001202,0.048091,0.737972,-0.960079,0.024617,0.984697,-0.372658,0.000000,0.000000,0.000000,3.322670,6.125790,2.150681,-3.239888,-5.424877,0.070117,0.000000,0.000000,0.000000,0.000000,0.000000,0.000000,324.471992,270.495190,1
5.548000,0.574994,-0.008023,0.237843,-0.199427,0.005114,0.204540,-0.555093,-0.066638,0.001709,0.068347,1.274289,-0.644110,0.016516,0.660625,-1.107492,-1.292465,0.033140,1.325605,0.685372,-0.016584,0.000425,0.017009,-0.118276,2.603007,-0.066744,-2.669750,-0.804885,0.355645,-0.009119,-0.364765,0.066857,-0.126866,0.003253,0.130119,0.023801,0.418557,-0.010732,-0.429289,-0.008233,0.036722,-0.000942,-0.037664,0.245534,-0.058909,0.001510,0.060419,0.389471,-1.152557,0.029553,1.182109,-0.685808,0.000000,0.000000,0.000000,2.673804,6.177631,1.234028,-3.624017,-4.669284,0.377558,0.000000,0.000000,0.000000,0.000000,0.000000,0.000000,324.491456,270.501123,1
5.558000,0.583732,0.000078,0.236904,0.254467,-0.006525,-0.260992,-0.523546,-0.363791,0.009328,0.373119,1.683835,-0.915022,0.023462,0.938484,-1.100210,-0.576538,0.014783,0.591321,0.018066,-0.005627,0.000144,0.005771,-0.023462,0.339545,-0.008706,-0.348251,0.007819,-0.227740,0.005839,0.233580,0.551707,0.367270,-0.009417,-0.376687,-0.204068,0.965655,-0.024760,-0.990416,-0.303102,0.444624,-0.011401,-0.456024,0.850760,-0.866311,0.022213,0.888524,0.515426,-0.371965,0.009538,0.381503,-1.360088,0.000000,0.000000,0.000000,2.957698,6.111365,0.718304,-3.331581,-5.146462,0.994156,0.000000,0.000000,0.000000,0.000000,0.000000,0.000000,324.528274,270.499095,1
5.560000,0.570250,-0.018356,0.238009,-0.341134,0.008747,0.349881,0.022979,0.212976,-0.005461,-0.218437,1.142939,-0.363418,0.009318,0.372737,-1.631869,-0.896068,0.022976,0.919044,0.443859,-0.015681,0.000402,0.016083,-0.054044,2.091099,-0.053618,-2.144717,-0.725950,0.337528,-0.008655,-0.346182,0.141021,-0.142016,0.003641,0.145658,0.004519,-0.261053,0.006694,0.267746,0.232877,-0.183565,0.004707,0.188272,0.530694,0.405134,-0.010388,-0.415522,0.232381,-1.065017,0.027308,1.092325,-0.645773,0.000000,0.000000,0.000000,2.895620,6.117812,1.581535,-3.475129,-5.414888,0.445635,0.000000,0.000000,0.000000,0.000000,0.000000,0.000000,324.535964,270.499948,1
5.570000,0.571319,-0.018568,0.235692,-0.341134,0.008747,0.349881,0.006033,0.212976,-0.005461,-0.218437,1.266104,-0.363418,0.009318,0.372737,-1.937368,-0.896068,0.022976,0.919044,0.389803,-0.015681,0.000402,0.016083,-0.042682,2.091099,-0.053618,-2.144717,-0.838779,0.337528,-0.008655,-0.346182,0.128958,-0.142016,0.003641,0.145658,-0.007821,-0.261053,0.006694,0.267746,0.171432,-0.183565,0.004707,0.188272,0.574679,0.405134,-0.010388,-0.415522,0.265618,-1.065017,0.027308,1.092325,-0.913342,0.000000,0.000000,0.000000,3.127666,6.593999,1.706487,-3.707479,-5.872765,0.545845,0.000000,0.000000,0.000000,0.000000,0.000000,0.000000,324.580630,270.501550,1
5.574000,0.576413,-0.013470,0.236980,-0.182013,0.004667,0.186679,-0.128067,0.235697,-0.006044,-0.241741,1.303559,-0.541484,0.013884,0.555368,-1.960108,-1.010379,0.025907,1.036286,0.156171,-0.010133,0.000260,0.010392,-0.042884,2.849712,-0.073070,-2.922782,-0.851036,0.442641,-0.011350,-0.453991,0.158333,-0.087761,0.002250,0.090012,-0.017218,0.408855,-0.010483,-0.419339,0.088463,-0.011793,0.000302,0.012096,0.411282,0.297201,-0.007621,-0.304822,0.401822,-1.016607,0.026067,1.042674,-1.093444,0.000000,0.000000,0.000000,3.327967,7.002755,1.576069,-4.075765,-6.076661,0.577726,0.000000,0.000000,0.000000,0.000000,0.000000,0.000000,324.602452,270.500962,1
5.584000,0.577457,-0.013276,0.234254,-0.182013,0.004667,0.186679,-0.100175,0.235697,-0.006044,-0.241741,1.378676,-0.541484,0.013884,0.555368,-2.187791,-1.010379,0.025907,1.036286,0.219507,-0.010133,0.000260,0.010392,-0.051693,2.849712,-0.073070,-2.922782,-1.099271,0.442641,-0.011350,-0.453991,0.163966,-0.087761,0.002250,0.090012,-0.014229,0.408855,-0.010483,-0.419339,0.034639,-0.011793,0.000302,0.012096,0.505805,0.297201,-0.007621,-0.304822,0.393564,-1.016607,0.026067,1.042674,-1.299498,0.000000,0.000000,0.000000,3.501130,7.289100,1.610645,-4.211269,-6.362885,0.677151,0.000000,0.000000,0.000000,0.000000,0.000000,0.000000,324.668244,270.504100,1
5.588000,0.587887,-0.014987,0.236373,-0.096993,0.002487,0.099480,-0.211061,0.345418,-0.008857,-0.354275,1.377609,-0.680034,0.017437,0.697471,-1.929191,-1.354859,0.034740,1.389599,0.007172,-0.009609,0.000246,0.009855,-0.048285,3.942572,-0.101092,-4.043664,-0.496709,1.045842,-0.026816,-1.072659,0.199659,-0.017318,0.000444,0.017762,-0.020219,1.317998,-0.033795,-1.351793,0.199167,0.108315,-0.002777,-0.111092,0.355073,0.256448,-0.006576,-0.263023,0.425912,-0.905651,0.023222,0.928873,-1.102054,0.000000,0.000000,0.000000,3.422564,6.868326,1.568775,-4.184492,-6.119939,0.660285,0.000000,0.000000,0.000000,0.000000,0.000000,0.000000,324.690374,270.498118,1
5.598000,0.588994,-0.014810,0.233587,-0.096993,0.002487,0.099480,-0.173981,0.345418,-0.008857,-0.354275,1.454270,-0.680034,0.017437,0.697471,-2.169139,-1.354859,0.034740,1.389599,0.175820,-0.009609,0.000246,0.009855,-0.066440,3.942572,-0.101092,-4.043664,-1.231176,1.045842,-0.026816,-1.072659,0.046121,-0.017318,0.000444,0.017762,-0.044359,1.317998,-0.033795,-1.351793,-0.152340,0.108315,-0.002777,-0.111092,0.443542,0.256448,-0.006576,-0.263023,0.413822,-0.905651,0.023222,0.928873,-1.318588,0.000000,0.000000,0.000000,3.610979,7.171278,1.607856,-4.374090,-6.419748,0.737403,0.000000,0.000000,0.000000,0.000000,0.000000,0.000000,324.779454,270.517613,1
5.602000,0.590716,-0.023417,0.235598,-0.095830,0.002457,0.098287,-0.081565,0.171509,-0.004398,-0.175906,1.547352,-0.524766,0.013456,0.538222,-2.072787,-0.860301,0.022059,0.882360,0.051249,-0.096645,0.002478,0.099124,-0.067395,2.739266,-0.070238,-2.809504,-0.946834,0.624047,-0.016001,-0.640048,0.010191,-0.026972,0.000692,0.027663,-0.023915,0.090520,-0.002321,-0.092841,0.170789,0.076194,-0.001954,-0.078148,0.605162,0.157997,-0.004051,-0.162049,0.463278,-0.845817,0.021688,0.867505,-1.123329,0.000000,0.000000,0.000000,3.559747,6.745912,1.689003,-4.226242,-6.193413,0.449965,0.000000,0.000000,0.000000,0.000000,0.000000,0.000000,324.800365,270.518345,1
5.612000,0.591710,-0.023755,0.232669,-0.095830,0.002457,0.098287,-0.070894,0.171509,-0.004398,-0.175906,1.628810,-0.524766,0.013456,0.538222,-2.277573,-0.860301,0.022059,0.882360,0.074488,-0.096645,0.002478,0.099124,-0.051331,2.739266,-0.070238,-2.809504,-1.109886,0.624047,-0.016001,-0.640048,-0.004654,-0.026972,0.000692,0.027663,-0.021941,0.090520,-0.002321,-0.092841,0.092909,0.076194,-0.001954,-0.078148,0.689293,0.157997,-0.004051,-0.162049,0.457802,-0.845817,0.021688,0.867505,-1.311156,0.000000,0.000000,0.000000,3.722085,7.005401,1.747947,-4.342475,-6.457337,0.529632,0.000000,0.000000,0.000000,0.000000,0.000000,0.000000,324.860225,270.522223,1
5.616000,0.611541,0.015166,0.231671,0.196944,-0.005050,-0.201994,-0.656303,-0.239705,0.006146,0.245851,0.728914,-0.268489,0.006884,0.275373,-0.812160,0.301500,-0.007731,-0.309231,-0.802775,-0.022321,0.000572,0.022893,1.210677,-0.408334,0.010470,0.418805,-2.060062,-0.042393,0.001087,0.043480,0.253079,-0.046145,0.001183,0.047328,0.013136,-2.791333,0.071573,2.862905,1.286745,0.383343,-0.009829,-0.393172,-0.445739,-0.200079,0.005130,0.205209,0.489723,-0.681112,0.017464,0.698577,-0.735279,1.488224,-5.228822,-0.675780,1.865582,6.014538,0.934182,-2.932167,-2.648480,0.065364,0.000000,0.000000,0.000000,0.000000,0.000000,0.000000,324.884861,270.534058,1
5.626000,0.612788,0.016697,0.229815,0.196944,-0.005050,-0.201994,-0.719116,-0.239705,0.006146,0.245851,0.785978,-0.268489,0.006884,0.275373,-0.896191,0.301500,-0.007731,-0.309231,-0.878550,-0.022321,0.000572,0.022893,1.219040,-0.408334,0.010470,0.418805,-2.077669,-0.042393,0.001087,0.043480,0.263921,-0.046145,0.001183,0.047328,0.006593,-2.791333,0.071573,2.862905,1.350663,0.383343,-0.009829,-0.393172,-0.510807,-0.200079,0.005130,0.205209,0.590675,-0.681112,0.017464,0.698577,-0.943189,1.420429,-5.241740,-0.715409,2.022176,6.599538,0.997404,-3.067325,-2.820465,0.139544,0.000000,0.000000,0.000000,0.000000,0.000000,0.000000,324.951007,270.564687,1
5.630000,0.609472,-0.013792,0.230134,-0.059079,0.001515,0.060594,-0.048438,0.791344,-0.020291,-0.811635,1.283030,-1.512347,0.038778,1.551126,-2.068556,-1.200233,0.030775,1.231009,-0.009818,0.000594,-0.000015,-0.000609,-0.083365,4.790828,-0.122842,-4.913670,-1.059413,0.280729,-0.007198,-0.287927,0.817040,-0.028560,0.000732,0.029292,-0.043241,1.275346,-0.032701,-1.308048,0.312586,-0.186342,0.004778,0.191120,0.756390,1.055407,-0.027062,-1.082469,-0.016785,-2.072040,0.053129,2.125169,-0.895174,0.000000,0.000000,0.000000,3.601873,6.831063,1.396410,-4.331085,-6.787407,0.987759,0.000000,0.000000,0.000000,0.000000,0.000000,0.000000,324.999731,270.558910,1
5.640000,0.610456,-0.013474,0.227319,-0.059079,0.001515,0.060594,-0.047173,0.791344,-0.020291,-0.811635,1.325240,-1.512347,0.038778,1.551126,-2.177976,-1.200233,0.030775,1.231009,0.093919,0.000594,-0.000015,-0.000609,-0.092628,4.790828,-0.122842,-4.913670,-1.717631,0.280729,-0.007198,-0.287927,0.706300,-0.028560,0.000732,0.029292,-0.063115,1.275346,-0.032701,-1.308048,-0.088874,-0.186342,0.004778,0.191120,0.839985,1.055407,-0.027062,-1.082469,-0.029833,-2.072040,0.053129,2.125169,-1.064656,-0.000066,-0.000422,-0.000286,3.744814,7.200213,1.495097,-4.449560,-6.891587,1.005477,0.000000,0.000000,0.000000,0.000000,0.000000,0.000000,325.157623,270.578310,1
5.644000,0.614818,-0.025161,0.232103,-0.375248,0.009622,0.384870,0.019923,0.804687,-0.020633,-0.825320,1.376849,-2.170550,0.055655,2.226205,-1.645687,0.160920,-0.004126,-0.165046,-0.320503,-0.220171,0.005645,0.225817,-0.029845,1.748325,-0.044829,-1.793154,-0.639680,-0.352992,0.009051,0.362043,1.090079,-0.051612,0.001323,0.052936,-0.036019,-0.100097,0.002567,0.102663,0.270841,-0.672230,0.017237,0.689467,1.009628,0.856778,-0.021969,-0.878747,-0.015084,-2.186737,0.056070,2.242807,-0.593489,0.000000,0.000000,0.000000,3.237771,6.646717,1.952117,-4.094589,-6.499844,0.619508,-0.065343,0.184919,-0.047279,0.000000,0.000000,0.000000,325.191540,270.563109,1
5.654000,0.615851,-0.025604,0.229603,-0.375248,0.009622,0.384870,0.022719,0.804687,-0.020633,-0.825320,1.426052,-2.170550,0.055655,2.226205,-1.725453,0.160920,-0.004126,-0.165046,-0.370440,-0.220171,0.005645,0.225817,-0.022911,1.748325,-0.044829,-1.793154,-0.693833,-0.352992,0.009051,0.362043,1.037099,-0.051612,0.001323,0.052936,-0.033062,-0.100097,0.002567,0.102663,0.150336,-0.672230,0.017237,0.689467,1.112058,0.856778,-0.021969,-0.878747,-0.022314,-2.186737,0.056070,2.242807,-0.750885,0.000000,0.000000,0.000000,3.350182,6.555175,1.827854,-4.143306,-6.685923,0.696121,-0.105223,0.542610,-0.189043,0.000000,0.000000,0.000000,325.283544,270.520930,1
5.660000,0.620492,-0.005947,0.226278,-0.813651,0.020863,0.834514,-0.127109,0.961130,-0.024644,-0.985774,1.018007,-2.462061,0.063130,2.525190,-0.950896,0.547014,-0.014026,-0.561041,-0.359659,-0.167680,0.004299,0.171979,0.309364,0.195072,-0.005002,-0.200074,-1.454652,-0.374844,0.009611,0.384456,1.021979,-0.075292,0.001931,0.077223,0.033807,-0.530470,0.013602,0.544072,0.415034,-1.169909,0.029998,1.199907,1.137453,0.871804,-0.022354,-0.894158,-0.142969,-2.185853,0.056048,2.241901,-0.684646,2.705836,-6.427576,-0.497226,2.568555,7.137528,1.691735,-4.617285,-4.792458,0.047994,0.000000,0.000000,0.000000,0.000000,0.000000,0.000000,325.329779,270.506616,1
5.670000,0.621480,-0.005138,0.224263,-0.813651,0.020863,0.834514,-0.214031,0.961130,-0.024644,-0.985774,1.044923,-2.462061,0.063130,2.525190,-0.868216,0.547014,-0.014026,-0.561041,-0.483001,-0.167680,0.004299,0.171979,0.586382,0.195072,-0.005002,-0.200074,-2.187102,-0.374844,0.009611,0.384456,0.936138,-0.075292,0.001931,0.077223,0.005153,-0.530470,0.013602,0.544072,0.347861,-1.169909,0.029998,1.199907,1.092099,0.871804,-0.022354,-0.894158,-0.040561,-2.185853,0.056048,2.241901,-0.855461,2.492801,-6.509885,-0.753894,2.590669,7.557611,1.860841,-4.538838,-4.562847,-0.023827,-0.000371,0.001386,-0.000573,0.000000,0.000000,0.000000,325.410025,270.480483,1
5.676000,0.616026,-0.032417,0.229207,-0.583185,0.014953,0.598138,0.279658,0.913806,-0.023431,-0.937237,0.754407,-2.751014,0.070539,2.821553,-1.050812,0.178925,-0.004588,-0.183512,-0.714306,0.030890,-0.000792,-0.031682,-0.033631,-0.670945,0.017204,0.688149,0.382511,-0.379336,0.009727,0.389062,1.339473,-0.090743,0.002327,0.093070,0.418550,-0.060807,0.001559,0.062367,-0.529974,-1.040215,0.026672,1.066887,1.459687,0.819275,-0.021007,-0.840282,-0.663972,-2.372019,0.060821,2.432840,-0.186937,0.000000,0.000000,0.000000,2.650601,3.310176,0.333641,-3.448439,-6.542998,0.870784,-0.153369,4.525143,-2.103809,0.000000,0.000000,0.000000,325.454412,270.474952,1
5.686000,0.616190,-0.032820,0.227244,-0.583185,0.014953,0.598138,0.394147,0.913806,-0.023431,-0.937237,0.763578,-2.751014,0.070539,2.821553,-1.220796,0.178925,-0.004588,-0.183512,-0.595749,0.030890,-0.000792,-0.031682,-0.038510,-0.670945,0.017204,0.688149,0.342999,-0.379336,0.009727,0.389062,1.457417,-0.090743,0.002327,0.093070,0.429082,-0.060807,0.001559,0.062367,-0.793885,-1.040215,0.026672,1.066887,1.555254,0.819275,-0.021007,-0.840282,-0.673463,-2.372019,0.060821,2.432840,-0.346291,0.032370,-0.051135,0.004492,2.796255,3.668425,0.467461,-3.505530,-6.935843,1.032540,-0.215128,4.474795,-2.056265,0.000000,0.000000,0.000000,325.539078,270.458575,1
5.692000,0.623774,-0.014982,0.221470,-0.254374,0.006522,0.260896,-0.426709,0.943795,-0.024200,-0.967995,0.975852,-2.821174,0.072338,2.893512,-0.359485,0.255875,-0.006561,-0.262435,-0.693950,0.083325,-0.002137,-0.085462,0.548231,-0.585409,0.015010,0.600420,-2.006488,-0.373360,0.009573,0.382934,0.793927,-0.109977,0.002820,0.112797,0.030904,-0.026367,0.000676,0.027043,0.042677,-0.738427,0.018934,0.757361,1.115097,0.865943,-0.022204,-0.888147,-0.150669,-2.434173,0.062415,2.496587,-0.671001,2.040058,-5.950219,-1.243280,2.631591,6.476780,1.700532,-3.829536,-4.163971,-0.054589,-0.174796,0.678979,-0.270524,0.000000,0.000000,0.000000,325.578030,270.437253,1
5.702000,0.624080,-0.014785,0.219768,-0.254374,0.006522,0.260896,-0.487635,0.943795,-0.024200,-0.967995,1.002605,-2.821174,0.072338,2.893512,-0.341332,0.255875,-0.006561,-0.262435,-0.803002,0.083325,-0.002137,-0.085462,0.582862,-0.585409,0.015010,0.600420,-2.077049,-0.373360,0.009573,0.382934,0.739914,-0.109977,0.002820,0.112797,0.042105,-0.026367,0.000676,0.027043,0.025487,-0.738427,0.018934,0.757361,1.062432,0.865943,-0.022204,-0.888147,-0.083811,-2.434173,0.062415,2.496587,-0.790422,1.877355,-5.637003,-1.229268,2.630024,6.567625,1.753941,-3.751787,-4.183798,0.016205,-0.330695,1.282407,-0.520360,0.000000,0.000000,0.000000,325.645373,270.397482,1
5.708000,0.634135,-0.023443,0.223004,-0.002159,0.000055,0.002214,-0.552169,0.800595,-0.020528,-0.821123,1.113739,-2.971061,0.076181,3.047242,-0.240513,0.397958,-0.010204,-0.408162,-0.893419,0.264599,-0.006785,-0.271383,0.525299,-1.444630,0.037042,1.481671,-1.626536,-0.520313,0.013341,0.533654,0.653389,-0.193189,0.004954,0.198143,0.170455,-0.085044,0.002181,0.087224,0.032086,-0.550245,0.014109,0.564353,1.059130,0.891089,-0.022848,-0.913937,-0.230291,-2.828682,0.072530,2.901212,-0.234687,2.039322,-5.686186,-1.166636,2.623663,5.860865,1.425238,-3.530718,-3.989956,0.026807,-0.458297,1.482779,-0.536736,0.000000,0.000000,0.000000,325.684014,270.377538,1
5.718000,0.634645,-0.023788,0.221612,-0.002159,0.000055,0.002214,-0.586477,0.800595,-0.020528,-0.821123,1.120957,-2.971061,0.076181,3.047242,-0.200881,0.397958,-0.010204,-0.408162,-0.959411,0.264599,-0.006785,-0.271383,0.524676,-1.444630,0.037042,1.481671,-1.598054,-0.520313,0.013341,0.533654,0.651906,-0.193189,0.004954,0.198143,0.220379,-0.085044,0.002181,0.087224,0.017572,-0.550245,0.014109,0.564353,1.024207,0.891089,-0.022848,-0.913937,-0.156389,-2.828682,0.072530,2.901212,-0.360151,1.955105,-5.522888,-1.166473,2.766488,5.718826,1.236319,-3.315030,-4.167124,0.268713,-2.287140,7.953855,-2.987062,0.000000,0.000000,0.000000,325.749960,270.341705,1
5.726000,0.643167,-0.031823,0.230651,1.133095,-0.029054,-1.162148,-1.221010,1.876809,-0.048123,-1.924932,-1.150261,-3.867461,0.099166,3.966626,1.605160,1.170557,-0.030014,-1.200572,-0.353626,2.625768,-0.067327,-2.693095,0.375201,-4.610767,0.118225,4.728992,-0.424764,-1.493809,0.038303,1.532112,-0.169665,0.511474,-0.013115,-0.524588,0.841131,-0.231486,0.005936,0.237422,-1.148122,-0.053524,0.001372,0.054897,-0.490646,2.621784,-0.067225,-2.689009,-1.891653,-3.921435,0.100550,4.021985,2.405562,3.733940,-6.934341,-0.629421,4.951356,10.443588,2.496614,-2.532878,-4.611909,1.390598,-3.513226,7.345868,-0.718599,0.000000,0.000000,0.000000,325.983611,270.511039,1
5.736000,0.643276,-0.032508,0.229837,1.133095,-0.029054,-1.162148,-0.733037,1.876809,-0.048123,-1.924932,-0.194460,-3.867461,0.099166,3.966626,0.455796,1.170557,-0.030014,-1.200572,-0.358281,2.625768,-0.067327,-2.693095,0.230223,-4.610767,0.118225,4.728992,-0.484172,-1.493809,0.038303,1.532112,-0.061459,0.511474,-0.013115,-0.524588,0.705117,-0.231486,0.005936,0.237422,-1.184773,-0.053524,0.001372,0.054897,-0.089491,2.621784,-0.067225,-2.689009,-0.892359,-3.921435,0.100550,4.021985,1.270311,3.402003,-7.131746,-1.045014,3.708871,8.883402,2.512082,-3.691428,-6.215833,1.681367,-3.176295,5.732338,-0.246141,0.000000,0.000000,0.000000,326.129941,270.584171,1
5.744000,0.642580,-0.031523,0.254262,0.808550,-0.020732,-0.829282,-2.882968,1.838239,-0.047134,-1.885373,-0.816074,-3.489450,0.089473,3.578923,-0.436229,0.917173,-0.023517,-0.940691,0.021974,2.249899,-0.057690,-2.307589,-0.235927,-3.578861,0.091766,3.670627,0.608719,-0.853894,0.021895,0.875789,-0.097413,1.252684,-0.032120,-1.284804,-0.238207,-1.998579,0.051246,2.049824,0.698044,-0.134430,0.003447,0.137877,1.281236,2.126121,-0.054516,-2.180636,-1.049376,-2.911020,0.074642,2.985662,-0.340185,2.895070,-3.638878,0.305049,0.000000,0.000000,0.000000,0.000000,0.000000,0.000000,-2.154842,5.038859,-0.664186,0.000000,0.000000,0.000000,326.238685,270.649988,1
5.754000,0.642979,-0.032127,0.254869,0.808550,-0.020732,-0.829282,-2.223890,1.838239,-0.047134,-1.885373,-0.961336,-3.489450,0.089473,3.578923,0.717345,0.917173,-0.023517,-0.940691,0.038894,2.249899,-0.057690,-2.307589,-0.128011,-3.578861,0.091766,3.670627,0.401729,-0.853894,0.021895,0.875789,-0.080518,1.252684,-0.032120,-1.284804,-0.108711,-1.998579,0.051246,2.049824,0.379791,-0.134430,0.003447,0.137877,0.857651,2.126121,-0.054516,-2.180636,-1.148608,-2.911020,0.074642,2.985662,0.613208,3.294174,-4.764806,0.030949,0.000000,0.000000,0.000000,0.000000,0.000000,0.000000,-2.528837,6.046016,-0.798860,0.000000,0.000000,0.000000,326.373416,270.782577,1
5.758000,0.682937,-0.046448,0.239683,-9.499557,0.243578,9.743135,6.486207,1.027037,-0.026334,-1.053372,-1.179997,-21.055891,0.539895,21.595785,10.391703,0.692994,-0.017769,-0.710763,0.433231,-1.548527,0.039706,1.588233,1.585705,2.461538,-0.063116,-2.524655,-1.194147,0.880778,-0.022584,-0.903362,-0.002483,-0.719574,0.018451,0.738024,1.316619,1.298340,-0.033291,-1.331631,-1.183606,0.414157,-0.010619,-0.424777,-2.189005,0.653717,-0.016762,-0.670479,-0.816789,-9.654754,0.247558,9.902312,4.664443,3.250040,-1.323953,1.009359,0.000000,0.000000,0.000000,-6.240097,-5.451039,-0.681359,-0.155622,6.662175,-2.095548,0.000000,0.000000,0.000000,327.753070,272.159767,1
5.768000,0.685486,-0.047376,0.236316,-9.499557,0.243578,9.743135,6.087116,1.027037,-0.026334,-1.053372,-1.402683,-21.055891,0.539895,21.595785,9.606738,0.692994,-0.017769,-0.710763,0.867437,-1.548527,0.039706,1.588233,1.764446,2.461538,-0.063116,-2.524655,-1.479157,0.880778,-0.022584,-0.903362,0.349147,-0.719574,0.018451,0.738024,1.364728,1.298340,-0.033291,-1.331631,-1.422286,0.414157,-0.010619,-0.424777,-1.522163,0.653717,-0.016762,-0.670479,-0.641745,-9.654754,0.247558,9.902312,4.774343,5.728232,-1.654025,2.219820,0.000000,0.000000,0.000000,-35.329616,-32.627489,0.163730,0.863382,7.092715,-3.004652,0.000000,0.000000,0.000000,331.022809,275.410867,1
5.774000,0.661533,-0.032165,0.239835,1.121370,-0.028753,-1.150123,-0.083842,-0.045567,0.001168,0.046736,-0.106976,3.455034,-0.088591,-3.543625,-1.645424,-0.081406,0.002087,0.083493,0.029515,-0.080782,0.002071,0.082853,1.023038,-0.750318,0.019239,0.769557,-1.420801,-0.281716,0.007223,0.288939,-0.427349,-0.169428,0.004344,0.173772,0.361125,-1.068116,0.027388,1.095503,-0.835353,-0.407212,0.010441,0.417653,-0.273269,0.024094,-0.000618,-0.024712,-0.047500,-0.136029,0.003488,0.139516,0.164722,2.706942,-6.004254,-0.790872,0.000000,0.000000,0.000000,0.000000,0.000000,0.000000,-2.449572,6.325568,-1.317460,0.000000,0.000000,0.000000,331.072924,275.433969,1
5.784000,0.662431,-0.032297,0.237657,1.121370,-0.028753,-1.150123,-0.167463,-0.045567,0.001168,0.046736,-0.083465,3.455034,-0.088591,-3.543625,-1.627110,-0.081406,0.002087,0.083493,0.103495,-0.080782,0.002071,0.082853,1.159264,-0.750318,0.019239,0.769557,-1.716521,-0.281716,0.007223,0.288939,-0.414422,-0.169428,0.004344,0.173772,0.408580,-1.068116,0.027388,1.095503,-1.085483,-0.407212,0.010441,0.417653,-0.172354,0.024094,-0.000618,-0.024712,-0.032967,-0.136029,0.003488,0.139516,0.102355,2.908251,-6.495737,-0.895924,0.000000,0.000000,0.000000,0.000000,0.000000,0.000000,-2.603976,6.853393,-1.459810,0.000000,0.000000,0.000000,331.161474,275.468404,1
5.788000,0.678855,-0.034422,0.244846,0.067000,-0.001718,-0.068718,-0.099131,-0.006564,0.000168,0.006733,-0.128554,2.114119,-0.054208,-2.168327,-0.975105,0.325573,-0.008348,-0.333921,0.105396,0.123828,-0.003175,-0.127003,1.085402,-0.514376,0.013189,0.527565,-1.403739,0.216559,-0.005553,-0.222112,-0.215067,0.319576,-0.008194,-0.327770,0.375674,-1.202337,0.030829,1.233166,-0.488432,-1.125701,0.028864,1.154565,0.369770,0.011028,-0.000283,-0.011311,-0.011579,0.211280,-0.005417,-0.216697,-0.056361,3.114164,-5.379274,-0.314225,0.000000,0.000000,0.000000,0.000000,0.000000,0.000000,-2.186393,6.610571,-1.418358,0.000000,0.000000,0.000000,331.178466,275.472277,1
5.798000,0.680288,-0.034503,0.242975,0.067000,-0.001718,-0.068718,-0.016563,-0.006564,0.000168,0.006733,-0.088536,2.114119,-0.054208,-2.168327,-0.969608,0.325573,-0.008348,-0.333921,0.073285,0.123828,-0.003175,-0.127003,1.193780,-0.514376,0.013189,0.527565,-1.684856,0.216559,-0.005553,-0.222112,-0.291995,0.319576,-0.008194,-0.327770,0.418980,-1.202337,0.030829,1.233166,-0.756240,-1.125701,0.028864,1.154565,0.334321,0.011028,-0.000283,-0.011311,-0.025612,0.211280,-0.005417,-0.216697,-0.030730,3.267718,-5.894837,-0.478577,0.000000,0.000000,0.000000,0.000000,0.000000,0.000000,-2.438955,7.192971,-1.496335,0.000000,0.000000,0.000000,331.225434,275.476536,1
5.802000,0.670216,-0.032461,0.237398,0.191644,-0.004914,-0.196558,0.028846,-0.011948,0.000306,0.012255,-0.056812,2.564658,-0.065760,-2.630418,-0.961925,0.006032,-0.000155,-0.006186,0.363119,0.110335,-0.002829,-0.113164,1.248872,-0.751439,0.019268,0.770707,-1.543637,-0.127639,0.003273,0.130912,-0.420483,0.037662,-0.000966,-0.038627,0.347987,-0.951339,0.024393,0.975732,-1.070103,-0.930967,0.023871,0.954838,0.024850,0.043105,-0.001105,-0.044211,-0.020622,0.187928,-0.004819,-0.192747,0.001144,3.108593,-6.091195,-0.490958,0.000000,0.000000,0.000000,0.000000,0.000000,0.000000,-2.471858,6.794955,-1.529921,0.000000,0.000000,0.000000,331.245464,275.476946,1
5.812000,0.670932,-0.032636,0.234780,0.191644,-0.004914,-0.196558,0.048153,-0.011948,0.000306,0.012255,-0.045724,2.564658,-0.065760,-2.630418,-1.074775,0.006032,-0.000155,-0.006186,0.385662,0.110335,-0.002829,-0.113164,1.357943,-0.751439,0.019268,0.770707,-1.817334,-0.127639,0.003273,0.130912,-0.462809,0.037662,-0.000966,-0.038627,0.356385,-0.951339,0.024393,0.975732,-1.305688,-0.930967,0.023871,0.954838,0.041426,0.043105,-0.001105,-0.044211,-0.037434,0.187928,-0.004819,-0.192747,-0.000665,3.246773,-6.518579,-0.609688,0.000000,0.000000,0.000000,0.000000,0.000000,0.000000,-2.589140,7.137114,-1.612986,0.000000,0.000000,0.000000,331.303299,275.476480,1
5.816000,0.684279,-0.036622,0.237803,0.442991,-0.011359,-0.454350,-0.004324,-0.009559,0.000245,0.009804,-0.052420,2.693706,-0.069069,-2.762775,-1.109625,0.230993,-0.005923,-0.236916,0.400985,0.024947,-0.000640,-0.025587,1.478739,-0.763511,0.019577,0.783088,-1.639266,0.075362,-0.001932,-0.077294,-0.467829,0.018647,-0.000478,-0.019125,0.460823,-1.164430,0.029857,1.194287,-1.032521,-0.862057,0.022104,0.884162,-0.009548,-0.016341,0.000419,0.016760,-0.017503,0.148904,-0.003818,-0.152722,0.015986,3.281882,-6.271357,-0.497168,0.000000,0.000000,0.000000,0.000000,0.000000,0.000000,-2.288408,7.263161,-1.622786,0.000000,0.000000,0.000000,331.326395,275.478214,1
5.826000,0.685503,-0.036857,0.235176,0.442991,-0.011359,-0.454350,0.001490,-0.009559,0.000245,0.009804,-0.047534,2.693706,-0.069069,-2.762775,-1.178909,0.230993,-0.005923,-0.236916,0.386635,0.024947,-0.000640,-0.025587,1.569076,-0.763511,0.019577,0.783088,-1.866435,0.075362,-0.001932,-0.077294,-0.554684,0.018647,-0.000478,-0.019125,0.459852,-1.164430,0.029857,1.194287,-1.244165,-0.862057,0.022104,0.884162,0.003389,-0.016341,0.000419,0.016760,-0.025602,0.148904,-0.003818,-0.152722,0.009363,3.354435,-6.614181,-0.636891,0.000000,0.000000,0.000000,0.000000,0.000000,0.000000,-2.413591,7.567511,-1.663894,0.000000,0.000000,0.000000,331.390334,275.480333,1
5.828000,0.688735,-0.038543,0.236443,0.546750,-0.014019,-0.560769,0.010553,-0.009336,0.000239,0.009576,-0.044564,2.529909,-0.064869,-2.594778,-0.894529,0.245298,-0.006290,-0.251588,0.297412,0.057796,-0.001482,-0.059278,1.384216,-0.644501,0.016526,0.661027,-1.879281,0.081139,-0.002080,-0.083219,-0.346722,0.080915,-0.002075,-0.082989,0.449046,-1.091046,0.027976,1.119021,-1.111374,-0.706634,0.018119,0.724753,-0.075473,-0.169804,0.004354,0.174158,0.029084,0.074592,-0.001913,-0.076505,0.042865,3.427250,-6.442336,-0.538007,0.000000,0.000000,0.000000,0.000000,0.000000,0.000000,-2.453057,7.316518,-1.620576,0.000000,0.000000,0.000000,331.400533,275.479554,1
5.838000,0.689804,-0.038867,0.233707,0.546750,-0.014019,-0.560769,-0.000611,-0.009336,0.000239,0.009576,-0.040504,2.529909,-0.064869,-2.594778,-1.031939,0.245298,-0.006290,-0.251588,0.282683,0.057796,-0.001482,-0.059278,1.462861,-0.644501,0.016526,0.661027,-2.090645,0.081139,-0.002080,-0.083219,-0.429203,0.080915,-0.002075,-0.082989,0.451589,-1.091046,0.027976,1.119021,-1.321859,-0.706634,0.018119,0.724753,-0.020680,-0.169804,0.004354,0.174158,0.009795,0.074592,-0.001913,-0.076505,0.024403,3.512304,-6.734369,-0.649228,0.000000,0.000000,0.000000,0.000000,0.000000,0.000000,-2.600491,7.637597,-1.657192,0.000000,0.000000,0.000000,331.458424,275.475972,1
5.842000,0.689384,-0.037506,0.230186,0.493162,-0.012645,-0.505807,-0.004615,-0.010016,0.000257,0.010273,-0.038496,2.405897,-0.061690,-2.467586,-0.984222,0.160195,-0.004108,-0.164303,0.360153,0.073373,-0.001881,-0.075254,1.523362,-0.571134,0.014644,0.585779,-2.083877,0.002433,-0.000062,-0.002496,-0.549964,0.108322,-0.002777,-0.111100,0.319505,-1.012349,0.025958,1.038307,-1.355625,-0.740749,0.018994,0.759742,-0.016055,-0.276055,0.007078,0.283133,-0.001322,0.022409,-0.000575,-0.022983,0.052460,3.358042,-6.629799,-0.586869,0.000000,0.000000,0.000000,0.000000,0.000000,0.000000,-2.528886,7.222107,-1.655101,0.000000,0.000000,0.000000,331.479561,275.474294,1
5.852000,0.690134,-0.037764,0.227004,0.493162,-0.012645,-0.505807,0.000447,-0.010016,0.000257,0.010273,-0.045170,2.405897,-0.061690,-2.467586,-1.036277,0.160195,-0.004108,-0.164303,0.370622,0.073373,-0.001881,-0.075254,1.594604,-0.571134,0.014644,0.585779,-2.250855,0.002433,-0.000062,-0.002496,-0.621830,0.108322,-0.002777,-0.111100,0.305557,-1.012349,0.025958,1.038307,-1.543895,-0.740749,0.018994,0.759742,-0.001899,-0.276055,0.007078,0.283133,-0.002125,0.022409,-0.000575,-0.022983,0.033347,3.413809,-6.846814,-0.676185,0.000000,0.000000,0.000000,0.000000,0.000000,0.000000,-2.622677,7.426954,-1.687798,0.000000,0.000000,0.000000,331.536546,275.468482,1
5.856000,0.698734,-0.033892,0.238462,0.351113,-0.009003,-0.360115,0.037667,-0.011807,0.000303,0.012110,-0.037358,1.729081,-0.044335,-1.773416,-0.579045,0.242060,-0.006207,-0.248267,0.177733,-0.137496,0.003526,0.141021,1.470128,-0.544051,0.013950,0.558001,-2.113916,0.110025,-0.002821,-0.112846,-0.416090,-0.062940,0.001614,0.064554,0.462794,-1.034397,0.026523,1.060920,-1.211133,0.309327,-0.007931,-0.317258,-0.561180,-0.624399,0.016010,0.640410,0.062449,-0.116052,0.002976,0.119028,0.156653,3.358293,-6.790038,-0.415023,0.000000,0.000000,0.000000,0.000000,0.000000,0.000000,-2.620727,7.230173,-1.731483,0.000000,0.000000,0.000000,331.552827,275.464582,1
5.866000,0.699623,-0.033800,0.235518,0.351113,-0.009003,-0.360115,0.025608,-0.011807,0.000303,0.012110,-0.034672,1.729081,-0.044335,-1.773416,-0.662642,0.242060,-0.006207,-0.248267,0.134152,-0.137496,0.003526,0.141021,1.535920,-0.544051,0.013950,0.558001,-2.286565,0.110025,-0.002821,-0.112846,-0.531189,-0.062940,0.001614,0.064554,0.464130,-1.034397,0.026523,1.060920,-1.414162,0.309327,-0.007931,-0.317258,-0.665274,-0.624399,0.016010,0.640410,0.078025,-0.116052,0.002976,0.119028,0.097532,3.413725,-7.036950,-0.498291,0.000000,0.000000,0.000000,0.000000,0.000000,0.000000,-2.762042,7.496909,-1.774757,0.000000,0.000000,0.000000,331.598562,275.453933,1
5.870000,0.706032,-0.036217,0.230289,0.271647,-0.006965,-0.278613,0.146023,-0.003449,0.000088,0.003538,-0.044142,1.848779,-0.047405,-1.896183,-0.439827,-0.049186,0.001261,0.050448,0.458076,0.348439,-0.008934,-0.357373,1.550241,-1.644422,0.042165,1.686587,-1.935182,-0.004114,0.000105,0.004219,-0.417465,0.287501,-0.007372,-0.294872,0.355344,-1.769212,0.045364,1.814576,-1.145343,-0.818776,0.020994,0.839770,-0.346371,-0.020147,0.000517,0.020663,0.011630,0.092313,-0.002367,-0.094680,0.075225,3.529860,-7.413728,-0.763433,0.000000,0.000000,0.000000,0.000000,0.000000,0.000000,-2.469230,7.740563,-1.969862,0.000000,0.000000,0.000000,331.627357,275.431996,1
5.880000,0.706994,-0.036396,0.227400,0.271647,-0.006965,-0.278613,0.139490,-0.003449,0.000088,0.003538,-0.046105,1.848779,-0.047405,-1.896183,-0.625232,-0.049186,0.001261,0.050448,0.479574,0.348439,-0.008934,-0.357373,1.604605,-1.644422,0.042165,1.686587,-2.053029,-0.004114,0.000105,0.004219,-0.489436,0.287501,-0.007372,-0.294872,0.320850,-1.769212,0.045364,1.814576,-1.284906,-0.818776,0.020994,0.839770,-0.190434,-0.020147,0.000517,0.020663,-0.005215,0.092313,-0.002367,-0.094680,0.040602,3.552484,-7.545299,-0.836455,0.000000,0.000000,0.000000,0.000000,0.000000,0.000000,-2.570641,7.886089,-1.968588,0.000000,0.000000,0.000000,331.706127,275.377422,1
5.884000,0.714158,-0.042281,0.228389,0.409625,-0.010503,-0.420128,0.178963,0.003444,-0.000088,-0.003533,-0.048926,4.160008,-0.106667,-4.266675,-0.847370,-0.050397,0.001292,0.051689,0.349436,1.054049,-0.027027,-1.081076,1.307026,-2.085617,0.053477,2.139094,-1.932943,0.237157,-0.006081,-0.243238,-0.670108,1.384899,-0.035510,-1.420409,-0.157852,-2.677100,0.068644,2.745744,-0.786301,-0.831550,0.021322,0.852871,-0.910685,-0.039703,0.001018,0.040721,0.065882,0.139301,-0.003572,-0.142873,0.159555,3.532948,-7.542350,-1.084646,0.000000,0.000000,0.000000,0.000000,0.000000,0.000000,-2.636909,7.660976,-1.589171,0.000000,0.000000,0.000000,331.756547,275.359191,1
5.894000,0.715029,-0.042819,0.225658,0.409625,-0.010503,-0.420128,0.165459,0.003444,-0.000088,-0.003533,-0.081586,4.160008,-0.106667,-4.266675,-1.439746,-0.050397,0.001292,0.051689,0.386442,1.054049,-0.027027,-1.081076,1.346049,-2.085617,0.053477,2.139094,-2.010463,0.237157,-0.006081,-0.243238,-0.722558,1.384899,-0.035510,-1.420409,-0.179420,-2.677100,0.068644,2.745744,-0.927481,-0.831550,0.021322,0.852871,-0.595979,-0.039703,0.001018,0.040721,0.022858,0.139301,-0.003572,-0.142873,0.078848,3.637136,-7.617681,-1.084522,0.000000,0.000000,0.000000,0.001259,-0.006361,0.005236,-2.672051,7.932666,-1.676093,0.000000,0.000000,0.000000,331.911408,275.336224,1
5.900000,0.724232,-0.041178,0.229632,-0.645890,0.016561,0.662451,0.734824,0.033996,-0.000872,-0.034868,-0.046140,1.299686,-0.033325,-1.333012,-0.390688,0.129166,-0.003312,-0.132477,0.275178,1.155337,-0.029624,-1.184961,1.078507,-2.224414,0.057036,2.281450,-1.459027,0.667633,-0.017119,-0.684751,-0.953648,1.889572,-0.048451,-1.938023,-0.546922,-3.249196,0.083313,3.332509,-0.271188,0.253564,-0.006502,-0.260066,-1.030477,-0.049993,0.001282,0.051275,0.036309,-0.042039,0.001078,0.043117,0.373420,3.344714,-6.832737,-0.778893,0.114533,0.191220,0.053763,0.000000,0.000000,0.000000,-2.275268,6.835345,-1.490875,0.000000,0.000000,0.000000,331.962738,275.320991,1
5.910000,0.725076,-0.041443,0.227361,-0.645890,0.016561,0.662451,0.790089,0.033996,-0.000872,-0.034868,-0.044744,1.299686,-0.033325,-1.333012,-0.452088,0.129166,-0.003312,-0.132477,0.276156,1.155337,-0.029624,-1.184961,1.133672,-2.224414,0.057036,2.281450,-1.549737,0.667633,-0.017119,-0.684751,-1.041486,1.889572,-0.048451,-1.938023,-0.550418,-3.249196,0.083313,3.332509,-0.430577,0.253564,-0.006502,-0.260066,-0.968797,-0.049993,0.001282,0.051275,-0.008385,-0.042039,0.001078,0.043117,0.197920,3.366936,-7.027724,-0.881732,0.117930,0.388756,0.171668,-0.017179,-0.023366,-0.000155,-2.404736,7.241671,-1.575819,0.000000,0.000000,0.000000,332.057927,275.289161,1
5.916000,0.741837,-0.057767,0.227526,-0.932610,0.023913,0.956523,0.750546,0.145975,-0.003743,-0.149717,0.096015,0.245165,-0.006286,-0.251451,-1.916427,0.337265,-0.008648,-0.345912,0.484098,1.665429,-0.042703,-1.708133,0.886297,-2.092060,0.053643,2.145702,-1.069481,1.079102,-0.027669,-1.106771,-0.883190,2.909209,-0.074595,-2.983804,-0.866319,-3.773077,0.096746,3.869823,0.210539,0.540156,-0.013850,-0.554006,-1.056557,-0.039946,0.001024,0.040971,0.005138,-0.058177,0.001492,0.059669,0.189083,4.043027,-4.895263,-0.208243,0.000000,0.000000,0.000000,-3.800508,-7.333065,1.163296,-1.772541,7.858403,-1.584407,0.000000,0.000000,0.000000,332.118913,275.302261,1
5.926000,0.743292,-0.058966,0.226057,-0.932610,0.023913,0.956523,0.945539,0.145975,-0.003743,-0.149717,0.394354,0.245165,-0.006286,-0.251451,-2.734348,0.337265,-0.008648,-0.345912,0.613715,1.665429,-0.042703,-1.708133,0.911423,-2.092060,0.053643,2.145702,-0.990942,1.079102,-0.027669,-1.106771,-0.774029,2.909209,-0.074595,-2.983804,-0.757823,-3.773077,0.096746,3.869823,0.047362,0.540156,-0.013850,-0.554006,-0.986772,-0.039946,0.001024,0.040971,-0.010588,-0.058177,0.001492,0.059669,0.107944,3.950718,-4.593090,-0.129133,0.000000,0.000000,0.000000,-3.437037,-7.173585,1.409469,-1.717536,8.179486,-1.718963,0.000000,0.000000,0.000000,332.212924,275.317175,1
5.932000,0.731452,-0.039828,0.229098,-0.411361,0.010548,0.421909,0.742335,1.498066,-0.038412,-1.536478,-0.089499,-2.015537,0.051680,2.067218,-1.337082,0.174114,-0.004464,-0.178579,0.437833,1.544046,-0.039591,-1.583637,0.751967,-2.004635,0.051401,2.056036,-0.748878,1.039281,-0.026648,-1.065930,-1.166490,3.176834,-0.081457,-3.258292,-1.016222,-4.229489,0.108448,4.337937,0.107972,0.721324,-0.018495,-0.739820,-0.943036,-0.033686,0.000864,0.034549,0.050438,-0.065582,0.001682,0.067263,0.084053,3.466900,-4.767887,0.437166,0.422188,0.782600,0.272372,-4.382910,-8.184713,1.435382,-1.496635,6.845782,-2.120415,0.000000,0.000000,0.000000,332.283433,275.320810,1
5.942000,0.731526,-0.039578,0.228027,-0.411361,0.010548,0.421909,0.906687,1.498066,-0.038412,-1.536478,0.085801,-2.015537,0.051680,2.067218,-1.912604,0.174114,-0.004464,-0.178579,0.570296,1.544046,-0.039591,-1.583637,0.787162,-2.004635,0.051401,2.056036,-0.752406,1.039281,-0.026648,-1.065930,-1.036104,3.176834,-0.081457,-3.258292,-1.000783,-4.229489,0.108448,4.337937,0.078674,0.721324,-0.018495,-0.739820,-0.883131,-0.033686,0.000864,0.034549,0.065954,-0.065582,0.001682,0.067263,0.048116,3.225304,-4.490422,0.391024,1.290770,2.643100,0.991018,-3.961144,-7.632635,1.431509,-1.465979,6.833857,-2.156576,0.000000,0.000000,0.000000,332.410723,275.308480,1
5.950000,0.740262,-0.026840,0.221805,-0.821196,0.021056,0.842253,0.415896,1.464534,-0.037552,-1.502086,0.318738,-3.059040,0.078437,3.137476,-0.823835,-0.502955,0.012896,0.515851,0.398622,1.230773,-0.031558,-1.262332,1.053771,-2.722995,0.069820,2.792816,-0.828584,0.412910,-0.010587,-0.423497,-0.452669,2.430496,-0.062320,-2.492816,-0.141817,-4.080374,0.104625,4.184999,0.007262,1.098406,-0.028164,-1.126570,-0.430974,-0.014535,0.000373,0.014907,0.949850,-0.067584,0.001733,0.069317,-1.119942,2.646754,-6.276497,-0.763852,3.181711,6.487192,1.743835,-3.785434,-5.624618,1.021936,-1.002002,2.409099,-0.461160,0.000000,0.000000,0.000000,332.478056,275.267246,1
5.960000,0.740467,-0.025431,0.221169,-0.821196,0.021056,0.842253,0.338757,1.464534,-0.037552,-1.502086,0.141821,-3.059040,0.078437,3.137476,-0.790201,-0.502955,0.012896,0.515851,0.278788,1.230773,-0.031558,-1.262332,0.987676,-2.722995,0.069820,2.792816,-1.030532,0.412910,-0.010587,-0.423497,-0.438913,2.430496,-0.062320,-2.492816,-0.681555,-4.080374,0.104625,4.184999,0.692104,1.098406,-0.028164,-1.126570,-0.506003,-0.014535,0.000373,0.014907,0.900089,-0.067584,0.001733,0.069317,-1.277374,2.373866,-6.081817,-0.876358,2.955811,5.928290,1.535776,-3.659381,-5.254485,0.888946,-2.317304,5.902447,-1.430481,0.000000,0.000000,0.000000,332.605052,275.256128,1
5.966000,0.763394,-0.019098,0.252547,-1.940559,0.049758,1.990317,0.127432,1.911512,-0.049013,-1.960525,-0.431846,-3.982902,0.102126,4.085027,0.165755,-1.803723,0.046249,1.849972,2.134466,1.380430,-0.035396,-1.415826,-0.414637,-4.462300,0.114418,4.576718,2.644651,-0.455433,0.011678,0.467111,0.182000,1.231813,-0.031585,-1.263398,-0.926052,-2.409340,0.061778,2.471118,1.629348,-0.794918,0.020383,0.815301,0.274295,1.921446,-0.049268,-1.970714,-0.887203,-6.734664,0.172684,6.907347,0.880152,0.000000,0.000000,0.000000,2.220238,4.192718,0.797268,-3.573807,-4.276755,0.217737,0.000000,0.000000,0.000000,0.000000,0.000000,0.000000,332.795551,275.446627,1
5.976000,0.764779,-0.017961,0.254266,-1.940559,0.049758,1.990317,0.277523,1.911512,-0.049013,-1.960525,-0.455879,-3.982902,0.102126,4.085027,0.202522,-1.803723,0.046249,1.849972,1.979154,1.380430,-0.035396,-1.415826,-0.503998,-4.462300,0.114418,4.576718,2.420659,-0.455433,0.011678,0.467111,0.447561,1.231813,-0.031585,-1.263398,-0.767703,-2.409340,0.061778,2.471118,1.366140,-0.794918,0.020383,0.815301,0.514997,1.921446,-0.049268,-1.970714,-1.041481,-6.734664,0.172684,6.907347,1.078208,0.000000,0.000000,0.000000,2.484312,4.562316,0.787883,-3.628486,-4.414396,0.304278,0.000000,0.000000,0.000000,0.000000,0.000000,0.000000,333.117569,275.768646,1
5.982000,0.740237,-0.036234,0.236793,-1.541172,0.039517,1.580689,0.541571,1.714402,-0.043959,-1.758361,-0.300356,-1.950017,0.050000,2.000017,-1.009798,-2.447482,0.062756,2.510238,1.751217,-0.424528,0.010885,0.435413,-0.140662,1.342271,-0.034417,-1.376688,-0.412009,0.977279,-0.025058,-1.002338,-0.117895,-0.047363,0.001214,0.048577,-0.222189,0.974593,-0.024990,-0.999583,-0.636616,-0.791689,0.020300,0.811989,1.120868,2.354590,-0.060374,-2.414964,-1.395087,-4.959410,0.127164,5.086574,0.277532,0.000000,0.000000,0.000000,2.836120,4.640446,1.476564,-3.584351,-5.868157,0.191412,0.000000,0.000000,0.000000,0.000000,0.000000,0.000000,333.206876,275.832852,1
5.992000,0.739294,-0.036802,0.235906,-1.541172,0.039517,1.580689,0.597793,1.714402,-0.043959,-1.758361,-0.186308,-1.950017,0.050000,2.000017,-1.187551,-2.447482,0.062756,2.510238,1.789466,-0.424528,0.010885,0.435413,-0.066587,1.342271,-0.034417,-1.376688,-0.477504,0.977279,-0.025058,-1.002338,-0.150888,-0.047363,0.001214,0.048577,-0.110819,0.974593,-0.024990,-0.999583,-0.474944,-0.791689,0.020300,0.811989,1.254869,2.354590,-0.060374,-2.414964,-1.362853,-4.959410,0.127164,5.086574,0.174262,0.000000,0.000000,0.000000,3.259003,5.522995,1.851887,-3.788202,-6.090768,0.116517,0.000000,0.000000,0.000000,0.000000,0.000000,0.000000,333.353415,275.931202,1
5.996000,0.751348,-0.034565,0.240215,-0.077173,0.001979,0.079151,-0.053633,0.625047,-0.016027,-0.641074,0.341476,-1.982727,0.050839,2.033566,-0.959511,-1.573460,0.040345,1.613805,0.505097,-0.334192,0.008569,0.342761,-0.056482,1.908815,-0.048944,-1.957759,-0.730908,-0.051926,0.001331,0.053257,0.684668,0.330116,-0.008465,-0.338581,-0.372304,-0.390008,0.010000,0.400008,0.069589,0.382748,-0.009814,-0.392562,0.225128,0.629533,-0.016142,-0.645675,-0.275995,-3.149155,0.080748,3.229902,-0.125455,0.000000,0.000000,0.000000,3.248528,5.425112,1.613843,-3.448478,-5.921512,0.103998,0.000000,0.000000,0.000000,0.000000,0.000000,0.000000,333.374623,275.930911,1
6.006000,0.751326,-0.034899,0.238906,-0.077173,0.001979,0.079151,-0.053698,0.625047,-0.016027,-0.641074,0.461164,-1.982727,0.050839,2.033566,-1.207214,-1.573460,0.040345,1.613805,0.606033,-0.334192,0.008569,0.342761,-0.029626,1.908815,-0.048944,-1.957759,-0.773113,-0.051926,0.001331,0.053257,0.597962,0.330116,-0.008465,-0.338581,-0.290283,-0.390008,0.010000,0.400008,0.122285,0.382748,-0.009814,-0.392562,0.276935,0.629533,-0.016142,-0.645675,-0.208644,-3.149155,0.080748,3.229902,-0.361154,0.000000,0.000000,0.000000,3.518019,5.992031,1.838565,-3.686097,-6.392834,0.134498,0.000000,0.000000,0.000000,0.000000,0.000000,0.000000,333.443079,275.918563,1
6.010000,0.774794,-0.026995,0.241226,0.209281,-0.005366,-0.214647,-0.429032,-0.033669,0.000863,0.034532,1.106970,-1.378029,0.035334,1.413363,-0.838565,-2.283922,0.058562,2.342484,0.797949,0.245225,-0.006288,-0.251513,-0.251286,0.584464,-0.014986,-0.599451,-0.882775,0.383358,-0.009830,-0.393187,1.003840,0.147582,-0.003784,-0.151366,-0.416480,1.414135,-0.036260,-1.450395,-0.317883,0.477840,-0.012252,-0.490093,0.033500,-0.640115,0.016413,0.656528,0.751900,-0.693340,0.017778,0.711117,-0.780068,0.000000,0.000000,0.000000,3.000259,6.305518,1.448304,-3.265139,-4.679390,0.024242,0.000000,0.000000,0.000000,0.000000,0.000000,0.000000,333.466121,275.924397,1
6.020000,0.778540,-0.023266,0.240744,0.373790,-0.009584,-0.383374,-0.419359,-0.349887,0.008971,0.358858,1.264986,-1.605356,0.041163,1.646518,-0.992314,-3.104213,0.079595,3.183809,1.308733,0.289694,-0.007428,-0.297122,-0.299591,0.795060,-0.020386,-0.815446,-0.561635,-0.802914,0.020588,0.823502,1.776385,0.166987,-0.004282,-0.171269,-0.319484,-0.952749,0.024429,0.977179,0.403552,0.684574,-0.017553,-0.702127,0.049189,-1.206065,0.030925,1.236990,1.023751,-0.483657,0.012401,0.496059,-1.162661,0.000000,0.000000,0.000000,3.418002,6.748937,1.236803,-3.355100,-5.428819,0.338967,0.000000,0.000000,0.000000,0.000000,0.000000,0.000000,333.573640,275.987013,1
6.024000,0.768619,-0.035897,0.234819,0.140212,-0.003595,-0.143807,-0.356531,-0.110861,0.002843,0.113704,1.118080,-1.042965,0.026743,1.069707,-1.059505,-1.222458,0.031345,1.253803,0.244690,0.111925,-0.002870,-0.114795,-0.070938,0.287922,-0.007383,-0.295305,-0.057471,0.397593,-0.010195,-0.407788,0.103940,-0.014199,0.000364,0.014564,-0.113751,1.027140,-0.026337,-1.053477,-0.315946,0.338682,-0.008684,-0.347366,0.414839,-0.435052,0.011155,0.446207,0.471007,-0.821680,0.021069,0.842749,-1.025702,0.000000,0.000000,0.000000,3.145517,5.749409,1.569380,-3.388917,-5.071264,0.112886,0.000000,0.000000,0.000000,0.000000,0.000000,0.000000,333.586597,275.982483,1
6.034000,0.769150,-0.036063,0.232482,0.140212,-0.003595,-0.143807,-0.371071,-0.110861,0.002843,0.113704,1.239278,-1.042965,0.026743,1.069707,-1.376813,-1.222458,0.031345,1.253803,0.336323,0.111925,-0.002870,-0.114795,-0.095186,0.287922,-0.007383,-0.295305,-0.039264,0.397593,-0.010195,-0.407788,0.060927,-0.014199,0.000364,0.014564,-0.071681,1.027140,-0.026337,-1.053477,-0.337216,0.338682,-0.008684,-0.347366,0.456387,-0.435052,0.011155,0.446207,0.482722,-0.821680,0.021069,0.842749,-1.269594,0.000000,0.000000,0.000000,3.317758,6.123641,1.701249,-3.681754,-5.682516,0.224483,0.000000,0.000000,0.000000,0.000000,0.000000,0.000000,333.625960,275.967302,1
6.038000,0.777410,-0.032358,0.239233,0.153952,-0.003947,-0.157899,-0.344467,0.023585,-0.000605,-0.024190,1.178743,-1.092437,0.028011,1.120448,-1.384791,-1.395355,0.035778,1.431133,0.481498,0.140037,-0.003591,-0.143627,-0.104886,1.062147,-0.027235,-1.089382,-0.208420,0.474608,-0.012169,-0.486777,0.030382,-0.005512,0.000141,0.005653,-0.063207,1.699548,-0.043578,-1.743126,-0.488574,0.358913,-0.009203,-0.368116,0.177547,-0.299541,0.007681,0.307221,0.574832,-0.898130,0.023029,0.921159,-1.038488,0.000000,0.000000,0.000000,3.326861,6.462237,1.596475,-3.764039,-5.695618,0.357774,0.000000,0.000000,0.000000,0.000000,0.000000,0.000000,333.644484,275.964889,1
6.048000,0.778320,-0.032263,0.236924,0.153952,-0.003947,-0.157899,-0.336951,0.023585,-0.000605,-0.024190,1.283834,-1.092437,0.028011,1.120448,-1.669755,-1.395355,0.035778,1.431133,0.558316,0.140037,-0.003591,-0.143627,-0.111622,1.062147,-0.027235,-1.089382,-0.308677,0.474608,-0.012169,-0.486777,0.027105,-0.005512,0.000141,0.005653,-0.043003,1.699548,-0.043578,-1.743126,-0.595379,0.358913,-0.009203,-0.368116,0.241419,-0.299541,0.007681,0.307221,0.586545,-0.898130,0.023029,0.921159,-1.269510,0.000000,0.000000,0.000000,3.513102,6.802427,1.671881,-3.996216,-6.159247,0.464403,0.000000,0.000000,0.000000,0.000000,0.000000,0.000000,333.700446,275.957378,1
6.050000,0.796115,-0.022639,0.239940,0.264580,-0.006784,-0.271364,-0.509172,-0.094004,0.002410,0.096414,1.332291,-1.057190,0.027107,1.084298,-1.245924,-1.003189,0.025723,1.028912,0.320543,0.018042,-0.000463,-0.018505,-0.044533,1.498062,-0.038412,-1.536474,-0.546818,0.329111,-0.008439,-0.337550,0.038617,-0.007109,0.000182,0.007292,-0.062874,0.832197,-0.021338,-0.853536,-0.272811,0.448764,-0.011507,-0.460270,0.173853,-0.384696,0.009864,0.394560,0.644868,-0.898436,0.023037,0.921472,-0.957830,0.000000,0.000000,0.000000,3.200045,6.587591,1.150044,-3.691801,-5.298410,0.621085,0.000000,0.000000,0.000000,0.000000,0.000000,0.000000,333.708950,275.956573,1
6.060000,0.797852,-0.021937,0.237594,0.264580,-0.006784,-0.271364,-0.527064,-0.094004,0.002410,0.096414,1.446777,-1.057190,0.027107,1.084298,-1.519158,-1.003189,0.025723,1.028912,0.342083,0.018042,-0.000463,-0.018505,-0.054358,1.498062,-0.038412,-1.536474,-0.591131,0.329111,-0.008439,-0.337550,0.056624,-0.007109,0.000182,0.007292,-0.054720,0.832197,-0.021338,-0.853536,-0.256842,0.448764,-0.011507,-0.460270,0.216424,-0.384696,0.009864,0.394560,0.666164,-0.898436,0.023037,0.921472,-1.184975,0.000000,0.000000,0.000000,3.367740,6.999202,1.209996,-3.920061,-5.750249,0.783613,0.000000,0.000000,0.000000,0.000000,0.000000,0.000000,333.757791,275.948248,1
6.064000,0.790744,-0.027410,0.234362,0.012406,-0.000318,-0.012724,-0.334924,0.065486,-0.001679,-0.067165,1.233926,-0.825429,0.021165,0.846594,-1.703694,-0.934489,0.023961,0.958450,0.288479,-0.004239,0.000109,0.004347,-0.045512,1.711527,-0.043885,-1.755412,-0.672952,0.474999,-0.012179,-0.487179,0.007495,-0.013694,0.000351,0.014046,-0.019160,0.612080,-0.015694,-0.627774,-0.062291,0.209223,-0.005365,-0.214587,0.299403,-0.052074,0.001335,0.053409,0.446439,-1.005495,0.025782,1.031277,-1.204710,0.000000,0.000000,0.000000,3.371279,6.791047,1.519393,-3.999899,-5.811359,0.527995,0.000000,0.000000,0.000000,0.000000,0.000000,0.000000,333.775235,275.943005,1
6.074000,0.791662,-0.026979,0.231653,0.012406,-0.000318,-0.012724,-0.344781,0.065486,-0.001679,-0.067165,1.320312,-0.825429,0.021165,0.846594,-1.942814,-0.934489,0.023961,0.958450,0.292370,-0.004239,0.000109,0.004347,-0.052347,1.711527,-0.043885,-1.755412,-0.704864,0.474999,-0.012179,-0.487179,0.014481,-0.013694,0.000351,0.014046,-0.025900,0.612080,-0.015694,-0.627774,-0.093299,0.209223,-0.005365,-0.214587,0.357577,-0.052074,0.001335,0.053409,0.443144,-1.005495,0.025782,1.031277,-1.415424,0.000000,0.000000,0.000000,3.519062,7.063401,1.561202,-4.170529,-6.152394,0.640681,0.000000,0.000000,0.000000,0.000000,0.000000,0.000000,333.824052,275.926271,1
6.078000,0.801356,-0.029329,0.238141,0.050937,-0.001306,-0.052243,-0.220503,-0.068731,0.001762,0.070494,1.302311,-0.822107,0.021080,0.843187,-1.750247,-0.835572,0.021425,0.856997,0.077338,-0.008415,0.000216,0.008630,-0.040226,2.503088,-0.064182,-2.567269,-0.998627,0.448334,-0.011496,-0.459829,0.080134,-0.022992,0.000590,0.023582,-0.017924,-0.158669,0.004068,0.162738,0.110814,0.267516,-0.006859,-0.274375,0.228753,-0.106910,0.002741,0.109651,0.525331,-1.198219,0.030724,1.228942,-1.008009,0.000000,0.000000,0.000000,3.576142,6.730060,1.503909,-4.061753,-5.892094,0.446074,0.000000,0.000000,0.000000,0.000000,0.000000,0.000000,333.846547,275.926247,1
6.088000,0.802532,-0.029225,0.235629,0.050937,-0.001306,-0.052243,-0.218223,-0.068731,0.001762,0.070494,1.390712,-0.822107,0.021080,0.843187,-1.991064,-0.835572,0.021425,0.856997,0.100564,-0.008415,0.000216,0.008630,-0.042054,2.503088,-0.064182,-2.567269,-1.069977,0.448334,-0.011496,-0.459829,0.078664,-0.022992,0.000590,0.023582,-0.019430,-0.158669,0.004068,0.162738,0.091335,0.267516,-0.006859,-0.274375,0.288198,-0.106910,0.002741,0.109651,0.532064,-1.198219,0.030724,1.228942,-1.217789,0.000000,0.000000,0.000000,3.754636,7.048616,1.561812,-4.247533,-6.243065,0.541932,0.000000,0.000000,0.000000,0.000000,0.000000,0.000000,333.909620,275.923490,1
6.092000,0.806301,-0.028936,0.231943,0.111369,-0.002856,-0.114224,-0.446358,-0.159336,0.004086,0.163422,1.464678,-0.941081,0.024130,0.965211,-1.773745,-0.885004,0.022692,0.907696,0.149723,-0.011715,0.000300,0.012015,-0.047346,2.254367,-0.057804,-2.312171,-0.867577,0.112818,-0.002893,-0.115711,0.252462,-0.017418,0.000447,0.017865,-0.015540,0.141780,-0.003635,-0.145415,0.038395,0.339942,-0.008716,-0.348658,0.322481,-0.368876,0.009458,0.378335,0.515212,-1.031072,0.026438,1.057510,-1.196341,0.000000,0.000000,0.000000,3.435593,6.554662,1.576416,-3.965699,-5.967250,0.483876,0.000000,0.000000,0.000000,0.000000,0.000000,0.000000,333.932629,275.921497,1
6.102000,0.807379,-0.028731,0.229119,0.111369,-0.002856,-0.114224,-0.442715,-0.159336,0.004086,0.163422,1.546917,-0.941081,0.024130,0.965211,-1.971170,-0.885004,0.022692,0.907696,0.174950,-0.011715,0.000300,0.012015,-0.047931,2.254367,-0.057804,-2.312171,-0.943663,0.112818,-0.002893,-0.115711,0.294999,-0.017418,0.000447,0.017865,-0.018210,0.141780,-0.003635,-0.145415,0.021891,0.339942,-0.008716,-0.348658,0.403850,-0.368876,0.009458,0.378335,0.519830,-1.031072,0.026438,1.057510,-1.405065,0.000000,0.000000,0.000000,3.579991,6.840491,1.642622,-4.109130,-6.262705,0.578177,0.000000,0.000000,0.000000,0.000000,0.000000,0.000000,333.996712,275.914230,1
6.106000,0.811758,-0.031120,0.232127,-0.084247,0.002160,0.086407,-0.244627,0.285924,-0.007331,-0.293255,1.553319,-0.768282,0.019700,0.787981,-2.154871,-1.203270,0.030853,1.234123,0.102732,-0.013310,0.000341,0.013651,-0.050017,3.295420,-0.084498,-3.379918,-0.946579,0.741888,-0.019023,-0.760911,0.184956,-0.016183,0.000415,0.016598,-0.024657,1.164853,-0.029868,-1.194721,0.079811,0.154432,-0.003960,-0.158392,0.486598,0.220942,-0.005665,-0.226607,0.355991,-1.117229,0.028647,1.145876,-1.246395,0.000000,0.000000,0.000000,3.579262,7.062614,1.561781,-4.341740,-6.411280,0.714357,0.000000,0.000000,0.000000,0.000000,0.000000,0.000000,334.026008,275.911543,1
6.116000,0.817595,-0.034120,0.235688,-0.021740,0.000557,0.022297,-0.091736,-0.091574,0.002348,0.093922,1.657211,-0.666374,0.017087,0.683461,-2.138374,-0.721535,0.018501,0.740036,0.008321,-0.014793,0.000379,0.015172,-0.038310,2.415636,-0.061939,-2.477576,-1.018003,0.166286,-0.004264,-0.170550,0.303005,-0.030836,0.000791,0.031627,-0.012416,-0.681902,0.017485,0.699387,0.363551,0.175224,-0.004493,-0.179717,0.596253,-0.063130,0.001619,0.064748,0.476094,-1.133243,0.029058,1.162300,-1.233276,0.000000,0.000000,0.000000,3.658148,7.007546,1.473176,-4.142217,-6.337431,0.707596,0.000000,0.000000,0.000000,0.000000,0.000000,0.000000,334.086266,275.910666,1
6.120000,0.819214,-0.025464,0.227302,0.040158,-0.001030,-0.041188,-0.397603,0.497695,-0.012761,-0.510456,1.320188,-1.293393,0.033164,1.326557,-1.933797,-0.006834,0.000175,0.007009,-0.198309,-0.009134,0.000234,0.009369,-0.041835,1.561802,-0.040046,-1.601849,-0.760342,-0.345700,0.008864,0.354564,0.605653,-0.031657,0.000812,0.032468,-0.022529,-1.020196,0.026159,1.046355,0.584945,-0.057378,0.001471,0.058849,0.477539,0.721072,-0.018489,-0.739561,0.107470,-1.857490,0.047628,1.905118,-1.049814,1.061225,-3.818938,-0.740366,3.463616,7.254999,1.730608,-4.337297,-6.034063,0.551394,0.000000,0.000000,0.000000,0.000000,0.000000,0.000000,334.115908,275.897738,1
6.130000,0.820009,-0.025040,0.224643,0.040158,-0.001030,-0.041188,-0.414573,0.497695,-0.012761,-0.510456,1.343820,-1.293393,0.033164,1.326557,-1.963754,-0.006834,0.000175,0.007009,-0.461851,-0.009134,0.000234,0.009369,0.386255,1.561802,-0.040046,-1.601849,-1.683801,-0.345700,0.008864,0.354564,0.658353,-0.031657,0.000812,0.032468,-0.014845,-1.020196,0.026159,1.046355,0.553271,-0.057378,0.001471,0.058849,0.518598,0.721072,-0.018489,-0.739561,0.106726,-1.857490,0.047628,1.905118,-1.177192,1.391267,-4.614609,-0.820459,3.407039,7.379420,1.830072,-4.358264,-5.796370,0.422189,-0.062951,0.030139,0.021032,0.000000,0.000000,0.000000,334.207679,275.877183,1
6.134000,0.832998,-0.032553,0.230701,0.149128,-0.003824,-0.152952,-0.025501,0.599135,-0.015362,-0.614498,1.345007,-1.630420,0.041806,1.672226,-1.868247,-0.241870,0.006202,0.248072,-0.181689,0.000301,-0.000008,-0.000309,-0.040292,1.433368,-0.036753,-1.470121,-0.419573,-1.455298,0.037315,1.492613,1.369771,-0.101886,0.002612,0.104498,-0.020319,-0.305447,0.007832,0.313279,0.506966,-0.241090,0.006182,0.247272,0.933110,1.102296,-0.028264,-1.130560,-0.117381,-2.375861,0.060920,2.436780,-0.635130,0.000000,0.000000,0.000000,3.458337,6.279352,1.274278,-3.868776,-6.542303,1.012556,0.000000,0.000000,0.000000,0.000000,0.000000,0.000000,334.242611,275.867751,1
6.144000,0.834194,-0.032509,0.228057,0.149128,-0.003824,-0.152952,-0.031986,0.599135,-0.015362,-0.614498,1.402384,-1.630420,0.041806,1.672226,-1.952129,-0.241870,0.006202,0.248072,-0.159412,0.000301,-0.000008,-0.000309,-0.036011,1.433368,-0.036753,-1.470121,-0.498450,-1.455298,0.037315,1.492613,1.554038,-0.101886,0.002612,0.104498,-0.034986,-0.305447,0.007832,0.313279,0.312272,-0.241090,0.006182,0.247272,1.029311,1.102296,-0.028264,-1.130560,-0.127745,-2.375861,0.060920,2.436780,-0.780272,0.000000,0.000000,0.000000,3.618654,6.654509,1.373197,-4.037164,-6.655254,0.993161,-0.014319,0.009650,0.003130,0.000000,0.000000,0.000000,334.338858,275.842584,1
6.148000,0.834177,-0.020791,0.222465,0.095814,-0.002457,-0.098271,-0.741188,1.109772,-0.028456,-1.138227,0.946291,-2.194298,0.056264,2.250563,-0.978321,0.679946,-0.017435,-0.697380,-0.993191,0.000396,-0.000010,-0.000406,0.575682,0.594206,-0.015236,-0.609442,-2.301522,-0.908098,0.023285,0.931382,1.297658,-0.050646,0.001299,0.051945,-0.006522,-0.092547,0.002373,0.094920,0.318136,-0.479576,0.012297,0.491873,0.510523,1.777326,-0.045572,-1.822899,-0.473697,-3.049150,0.078183,3.127333,-0.251274,1.712290,-5.189708,-0.842096,2.477763,6.321548,1.585758,-3.948091,-4.316046,0.105737,0.000000,0.000000,0.000000,0.000000,0.000000,0.000000,334.373206,275.844409,1
6.158000,0.834874,-0.020173,0.220799,0.095814,-0.002457,-0.098271,-0.790850,1.109772,-0.028456,-1.138227,0.944732,-2.194298,0.056264,2.250563,-0.868819,0.679946,-0.017435,-0.697380,-1.090954,0.000396,-0.000010,-0.000406,0.613766,0.594206,-0.015236,-0.609442,-2.388890,-0.908098,0.023285,0.931382,1.287509,-0.050646,0.001299,0.051945,-0.025238,-0.092547,0.002373,0.094920,0.175792,-0.479576,0.012297,0.491873,0.505971,1.777326,-0.045572,-1.822899,-0.416551,-3.049150,0.078183,3.127333,-0.350905,1.555286,-4.971229,-0.875076,2.567292,6.790802,1.754585,-3.887225,-4.194144,0.084699,-0.019023,0.013502,0.004755,0.000000,0.000000,0.000000,334.459686,275.848298,1
6.162000,0.863868,-0.022538,0.230805,0.238812,-0.006123,-0.244936,-0.494017,1.094291,-0.028059,-1.122350,1.205566,-2.483879,0.063689,2.547568,-0.901653,0.699481,-0.017935,-0.717416,-0.648798,0.081525,-0.002090,-0.083616,0.444648,-0.031258,0.000801,0.032059,-1.344051,-0.868917,0.022280,0.891196,1.219664,-0.042318,0.001085,0.043403,0.007092,-0.101888,0.002613,0.104501,0.190549,-0.484044,0.012411,0.496456,0.722554,1.851606,-0.047477,-1.899083,-0.271524,-3.318826,0.085098,3.403924,0.051786,2.575681,-6.559848,-0.806369,2.879831,6.890157,1.340487,-4.393283,-4.671595,0.370331,-0.066158,0.071017,0.007825,0.000000,0.000000,0.000000,334.485585,275.844353,1
6.172000,0.865903,-0.021848,0.229307,0.238812,-0.006123,-0.244936,-0.642975,1.094291,-0.028059,-1.122350,1.242857,-2.483879,0.063689,2.547568,-0.858645,0.699481,-0.017935,-0.717416,-0.836920,0.081525,-0.002090,-0.083616,0.797711,-0.031258,0.000801,0.032059,-2.086159,-0.868917,0.022280,0.891196,1.156960,-0.042318,0.001085,0.043403,-0.007177,-0.101888,0.002613,0.104501,0.113042,-0.484044,0.012411,0.496456,0.623782,1.851606,-0.047477,-1.899083,-0.216573,-3.318826,0.085098,3.403924,-0.019858,2.332181,-6.565024,-1.064287,2.874118,7.249434,1.499125,-4.305220,-4.427228,0.312920,-0.174683,0.188889,0.021263,0.000000,0.000000,0.000000,334.548641,275.831732,1
6.178000,0.842104,-0.031801,0.224299,0.100330,-0.002573,-0.102903,-0.439576,1.083061,-0.027771,-1.110832,1.024483,-2.311982,0.059282,2.371263,-0.936655,0.560504,-0.014372,-0.574876,-0.692259,0.185200,-0.004749,-0.189948,0.050817,-0.427922,0.010972,0.438894,-1.458664,-0.683000,0.017513,0.700513,1.230742,-0.033279,0.000853,0.034133,0.022290,-0.058317,0.001495,0.059812,0.061732,-0.633103,0.016233,0.649336,1.184883,2.069031,-0.053052,-2.122083,-0.545864,-3.535713,0.090659,3.626372,-0.525717,2.597355,-7.172855,-1.222295,2.979758,6.884391,1.871358,-4.253017,-4.994991,-0.030329,-0.317125,0.550307,-0.098822,0.000000,0.000000,0.000000,334.603559,275.815665,1
6.188000,0.842516,-0.031642,0.222429,0.100330,-0.002573,-0.102903,-0.601818,1.083061,-0.027771,-1.110832,1.079236,-2.311982,0.059282,2.371263,-0.965877,0.560504,-0.014372,-0.574876,-0.878962,0.185200,-0.004749,-0.189948,0.298048,-0.427922,0.010972,0.438894,-2.099851,-0.683000,0.017513,0.700513,1.060279,-0.033279,0.000853,0.034133,0.014328,-0.058317,0.001495,0.059812,0.035192,-0.633103,0.016233,0.649336,1.056663,2.069031,-0.053052,-2.122083,-0.569244,-3.535713,0.090659,3.626372,-0.509696,2.336530,-6.976915,-1.395263,2.913103,7.006764,1.996559,-4.118748,-4.785627,-0.056683,-0.563115,1.073259,-0.230078,0.000000,0.000000,0.000000,334.698783,275.784574,1
6.194000,0.850795,-0.035572,0.222978,0.288014,-0.007385,-0.295399,-0.712415,0.925138,-0.023721,-0.948860,0.747063,-2.630128,0.067439,2.697567,-0.057968,0.514832,-0.013201,-0.528032,-0.853365,1.094904,-0.028074,-1.122979,0.499320,-2.618915,0.067152,2.686067,-1.589126,-0.949965,0.024358,0.974323,0.621034,-0.157120,0.004029,0.161149,0.261257,-0.144101,0.003695,0.147796,0.081718,-0.582408,0.014934,0.597342,0.681362,2.090085,-0.053592,-2.143677,-0.547242,-3.984687,0.102171,4.086859,0.446430,2.259986,-7.131663,-1.785856,2.786616,6.271487,1.643822,-3.298907,-3.318524,-0.178251,-2.436346,5.955199,-1.422291,0.000000,0.000000,0.000000,334.761300,275.778757,1
6.204000,0.850992,-0.036088,0.222357,0.282687,-0.007248,-0.289935,-0.612179,0.917053,-0.023514,-0.940567,0.653690,-2.624959,0.067307,2.692266,-0.156738,0.508979,-0.013051,-0.522030,-0.767977,1.092128,-0.028003,-1.120132,0.365329,-2.625751,0.067327,2.693078,-1.599833,-0.947167,0.024286,0.971454,0.503628,-0.160090,0.004105,0.164195,0.682822,-0.144495,0.003705,0.148200,-0.509231,-0.586596,0.015041,0.601637,0.676269,2.087286,-0.053520,-2.140806,-0.586858,-3.990807,0.102328,4.093135,0.294562,2.307819,-6.857566,-1.566486,2.632894,5.469421,1.289444,-3.041891,-3.704899,0.225262,-1.758374,4.822430,-1.266625,0.000000,0.000000,0.000000,334.860086,275.760944,1
6.212000,0.853623,-0.039836,0.225972,0.619991,-0.015897,-0.635888,-0.735241,1.249520,-0.032039,-1.281559,0.130021,-3.971748,0.101840,4.073588,-0.056357,0.660833,-0.016944,-0.677777,-0.510328,1.975119,-0.050644,-2.025763,0.295291,-4.461944,0.114409,4.576353,-1.522411,-3.040754,0.077968,3.118722,0.357733,0.013345,-0.000342,-0.013687,0.893222,-0.181579,0.004656,0.186235,-1.373052,-0.733191,0.018800,0.751991,0.351496,2.035276,-0.052187,-2.087462,-0.868352,-3.899504,0.099987,3.999491,1.741418,4.965411,-8.805432,-0.949258,0.000000,0.000000,0.000000,-2.947104,-6.110293,1.706198,-4.290731,9.069343,-1.469918,0.000000,0.000000,0.000000,335.013688,275.782875,1
6.222000,0.868056,-0.054171,0.236820,0.878106,-0.022516,-0.900621,-0.781709,1.233298,-0.031623,-1.264921,0.300721,-2.970760,0.076173,3.046934,0.027165,0.845775,-0.021687,-0.867462,-0.950562,2.565405,-0.065780,-2.631184,0.304151,-4.833770,0.123943,4.957712,-1.469623,-1.709801,0.043841,1.753642,0.296684,0.014371,-0.000368,-0.014739,0.869819,-0.140395,0.003600,0.143995,-1.180224,-0.218907,0.005613,0.224520,-0.143462,2.709556,-0.069476,-2.779032,-1.191677,-4.452367,0.114163,4.566530,2.402885,4.241852,-7.909289,-0.007934,0.000000,0.000000,0.000000,-2.716648,-4.839949,0.862789,-3.091249,6.832882,-1.198294,0.000000,0.000000,0.000000,335.264666,275.860221,1
6.228000,0.855518,-0.047470,0.242568,0.360684,-0.009248,-0.369932,-2.176577,1.140546,-0.029245,-1.169791,-0.478614,-3.260827,0.083611,3.344438,0.578282,0.419870,-0.010766,-0.430636,0.994985,1.777243,-0.045570,-1.822813,0.380370,-3.864946,0.099101,3.964047,-0.474259,-1.519865,0.038971,1.558836,0.901701,0.222703,-0.005710,-0.228413,0.358440,-1.600514,0.041039,1.641553,-0.482319,-1.583431,0.040601,1.624032,1.336404,0.829734,-0.021275,-0.851010,-0.310384,1.324453,-0.033960,-1.358413,-1.023521,4.147595,-6.375992,0.207603,0.000000,0.000000,0.000000,0.000000,0.000000,0.000000,-2.290677,6.519146,-1.638265,0.000000,0.000000,0.000000,335.339096,275.888146,1
6.238000,0.855228,-0.048066,0.242224,0.360684,-0.009248,-0.369932,-1.532112,1.140546,-0.029245,-1.169791,-0.572783,-3.260827,0.083611,3.344438,1.132167,0.419870,-0.010766,-0.430636,0.953960,1.777243,-0.045570,-1.822813,0.395839,-3.864946,0.099101,3.964047,-0.500253,-1.519865,0.038971,1.558836,0.819644,0.222703,-0.005710,-0.228413,0.410570,-1.600514,0.041039,1.641553,-0.679194,-1.583431,0.040601,1.624032,1.189558,0.829734,-0.021275,-0.851010,-0.401057,1.324453,-0.033960,-1.358413,-0.734351,4.103918,-6.475415,0.117049,0.000000,0.000000,0.000000,0.000000,0.000000,0.000000,-2.498245,6.949649,-1.696759,0.000000,0.000000,0.000000,335.478054,275.940622,1
6.244000,0.872881,-0.050080,0.246314,0.631034,-0.016180,-0.647215,1.351440,0.013879,-0.000356,-0.014235,-0.355307,2.032464,-0.052114,-2.084578,0.470195,0.430625,-0.011042,-0.441666,-0.400198,-0.181935,0.004665,0.186600,0.457307,-0.897206,0.023005,0.920211,-0.503416,0.461925,-0.011844,-0.473769,-0.519911,-0.075892,0.001946,0.077838,0.470880,-1.255188,0.032184,1.287372,-0.733027,-0.078992,0.002025,0.081017,-0.092677,0.101237,-0.002596,-0.103833,-0.552144,1.836726,-0.047096,-1.883822,-1.492733,1.499175,-4.303856,-0.998006,0.000000,0.000000,0.000000,0.000000,0.000000,0.000000,-2.359707,6.179854,-1.196331,0.000000,0.000000,0.000000,335.518187,275.941524,1
6.254000,0.873734,-0.050150,0.244965,0.631034,-0.016180,-0.647215,0.865537,0.013879,-0.000356,-0.014235,-0.237476,2.032464,-0.052114,-2.084578,-0.277437,0.430625,-0.011042,-0.441666,-0.432908,-0.181935,0.004665,0.186600,0.581512,-0.897206,0.023005,0.920211,-0.913208,0.461925,-0.011844,-0.473769,-0.636854,-0.075892,0.001946,0.077838,0.424982,-1.255188,0.032184,1.287372,-0.930843,-0.078992,0.002025,0.081017,-0.155985,0.101237,-0.002596,-0.103833,-0.408112,1.836726,-0.047096,-1.883822,-1.129544,2.009036,-5.209043,-1.076226,0.000000,0.000000,0.000000,0.000000,0.000000,0.000000,-2.429393,6.551052,-1.313065,0.000000,0.000000,0.000000,335.578167,275.949273,1
6.258000,0.873768,-0.049794,0.232159,0.551318,-0.014136,-0.565454,0.145840,-0.063603,0.001631,0.065234,-0.157255,1.886651,-0.048376,-1.935026,-0.667277,-0.698315,0.017906,0.716220,0.539214,-0.420849,0.010791,0.431640,1.099833,-1.211543,0.031065,1.242609,-0.831177,-0.657041,0.016847,0.673888,-0.454448,-0.765901,0.019638,0.785539,0.482116,-0.603671,0.015479,0.619150,-1.320694,0.302813,-0.007764,-0.310578,-0.249115,0.188413,-0.004831,-0.193244,-0.333901,-0.338654,0.008683,0.347337,0.016440,2.093202,-4.990329,-0.719231,0.000000,0.000000,0.000000,0.000000,0.000000,0.000000,-2.472288,5.642791,-0.694872,0.000000,0.000000,0.000000,335.597878,275.950989,1
6.268000,0.874222,-0.048714,0.233487,0.812114,-0.020823,-0.832937,-0.115698,-0.061747,0.001583,0.063330,-0.117381,2.269593,-0.058195,-2.327787,-1.002441,-0.348909,0.008946,0.357855,0.623242,-0.386521,0.009911,0.396432,1.170023,-1.176593,0.030169,1.206762,-1.029325,-0.360022,0.009231,0.369253,-0.315339,-0.606134,0.015542,0.621676,0.475671,-0.906630,0.023247,0.929877,-1.261959,0.109502,-0.002808,-0.112310,-0.383219,0.110708,-0.002839,-0.113547,-0.156761,0.395480,-0.010141,-0.405621,-0.039520,2.589624,-5.483449,-0.541921,0.000000,0.000000,0.000000,0.000000,0.000000,0.000000,-2.300317,6.367323,-1.205489,0.000000,0.000000,0.000000,335.658166,275.960487,1
6.272000,0.878134,-0.043147,0.237514,0.420978,-0.010794,-0.431772,0.034754,-0.060439,0.001550,0.061989,-0.122610,2.129534,-0.054603,-2.184137,-0.877646,-0.015935,0.000409,0.016344,0.233962,-0.184522,0.004731,0.189253,1.021859,-1.011543,0.025937,1.037480,-1.038024,-0.119124,0.003054,0.122179,-0.360280,-0.309396,0.007933,0.317329,0.451329,-1.084550,0.027809,1.112358,-0.905475,-0.487758,0.012507,0.500265,-0.074034,0.025667,-0.000658,-0.026325,-0.097019,1.254826,-0.032175,-1.287001,-0.395555,2.626271,-5.499842,-0.410100,0.000000,0.000000,0.000000,0.000000,0.000000,0.000000,-2.180788,6.278737,-1.410345,0.000000,0.000000,0.000000,335.677993,275.962812,1
6.282000,0.878738,-0.043021,0.235406,0.420978,-0.010794,-0.431772,0.005109,-0.060439,0.001550,0.061989,-0.078553,2.129534,-0.054603,-2.184137,-0.921237,-0.015935,0.000409,0.016344,0.267942,-0.184522,0.004731,0.189253,1.153542,-1.011543,0.025937,1.037480,-1.358365,-0.119124,0.003054,0.122179,-0.379108,-0.309396,0.007933,0.317329,0.468386,-1.084550,0.027809,1.112358,-1.144120,-0.487758,0.012507,0.500265,-0.026033,0.025667,-0.000658,-0.026325,-0.065914,1.254826,-0.032175,-1.287001,-0.436270,2.835760,-6.122192,-0.538384,0.000000,0.000000,0.000000,0.000000,0.000000,0.000000,-2.319480,6.730152,-1.531815,0.000000,0.000000,0.000000,335.734943,275.964795,1
6.286000,0.888443,-0.049020,0.240655,0.274238,-0.007032,-0.281270,0.033007,-0.020605,0.000528,0.021134,-0.137784,1.941551,-0.049783,-1.991334,-0.737210,-0.071353,0.001830,0.073183,0.323968,-0.179913,0.004613,0.184526,1.123411,-0.998929,0.025614,1.024543,-1.109342,-0.187387,0.004805,0.192192,-0.254392,-0.382346,0.009804,0.392150,0.615690,-0.979316,0.025111,1.004426,-1.005359,-0.354493,0.009090,0.363583,-0.134304,0.036367,-0.000932,-0.037300,-0.056722,1.195617,-0.030657,-1.226274,-0.282969,2.854211,-5.694687,-0.604513,0.000000,0.000000,0.000000,0.000000,0.000000,0.000000,-2.299833,6.798253,-1.347931,0.000000,0.000000,0.000000,335.753127,275.964928,1
6.296000,0.889405,-0.049316,0.238448,0.274238,-0.007032,-0.281270,0.023611,-0.020605,0.000528,0.021134,-0.096533,1.941551,-0.049783,-1.991334,-0.806596,-0.071353,0.001830,0.073183,0.362317,-0.179913,0.004613,0.184526,1.250995,-0.998929,0.025614,1.024543,-1.436229,-0.187387,0.004805,0.192192,-0.275824,-0.382346,0.009804,0.392150,0.621107,-0.979316,0.025111,1.004426,-1.228381,-0.354493,0.009090,0.363583,-0.115569,0.036367,-0.000932,-0.037300,-0.047370,1.195617,-0.030657,-1.226274,-0.364101,3.055592,-6.263911,-0.758508,0.000000,0.000000,0.000000,0.000000,0.000000,0.000000,-2.433240,7.204185,-1.423473,0.000000,0.000000,0.000000,335.806771,275.962391,1
6.300000,0.898336,-0.049981,0.239940,0.337018,-0.008641,-0.345659,0.000644,-0.007880,0.000202,0.008082,-0.109442,1.840476,-0.047192,-1.887668,-0.779687,0.067733,-0.001737,-0.069470,0.176156,-0.255792,0.006559,0.262351,1.263479,-0.847610,0.021734,0.869343,-1.400682,-0.046166,0.001184,0.047349,-0.447686,-0.346984,0.008897,0.355881,0.545898,-1.071756,0.027481,1.099237,-0.963977,-0.297444,0.007627,0.305070,-0.070236,-0.048396,0.001241,0.049637,-0.015604,0.749175,-0.019210,-0.768384,-0.196716,2.940516,-6.040554,-0.652779,0.000000,0.000000,0.000000,0.000000,0.000000,0.000000,-2.368653,6.835170,-1.294378,0.000000,0.000000,0.000000,335.824702,275.961650,1
6.310000,0.899131,-0.049889,0.237541,0.325484,-0.008346,-0.333830,0.006577,-0.005340,0.000137,0.005477,-0.087086,1.799764,-0.046148,-1.845911,-0.768381,0.076896,-0.001972,-0.078867,0.186597,-0.241116,0.006182,0.247299,1.375574,-0.839611,0.021528,0.861139,-1.683420,-0.037888,0.000971,0.038860,-0.496889,-0.328361,0.008420,0.336781,0.562061,-1.069750,0.027429,1.097180,-1.207777,-0.319346,0.008188,0.327535,-0.066565,-0.039634,0.001016,0.040651,-0.012154,0.805502,-0.020654,-0.826156,-0.228068,3.094377,-6.513350,-0.779993,0.000000,0.000000,0.000000,0.000000,0.000000,0.000000,-2.506295,7.264248,-1.389287,0.000000,0.000000,0.000000,335.874402,275.954674,1
6.314000,0.902045,-0.047488,0.243428,0.236592,-0.006066,-0.242658,0.031575,-0.018109,0.000464,0.018573,-0.083228,1.340022,-0.034360,-1.374382,-0.508740,0.028119,-0.000721,-0.028840,0.237979,-0.210066,0.005386,0.215452,1.270893,-0.748094,0.019182,0.767276,-1.588626,-0.111594,0.002861,0.114456,-0.265701,-0.307045,0.007873,0.314917,0.558135,-0.977119,0.025054,1.002173,-1.035976,-0.189046,0.004847,0.193894,-0.188285,-0.014511,0.000372,0.014883,-0.010686,0.336873,-0.008638,-0.345510,-0.005188,3.005502,-6.293320,-0.426544,0.000000,0.000000,0.000000,0.000000,0.000000,0.000000,-2.430885,6.862565,-1.573131,0.000000,0.000000,0.000000,335.888366,275.949916,1
6.324000,0.902980,-0.047424,0.240998,0.236592,-0.006066,-0.242658,0.030756,-0.018109,0.000464,0.018573,-0.068765,1.340022,-0.034360,-1.374382,-0.527623,0.028119,-0.000721,-0.028840,0.233804,-0.210066,0.005386,0.215452,1.370740,-0.748094,0.019182,0.767276,-1.845604,-0.111594,0.002861,0.114456,-0.326612,-0.307045,0.007873,0.314917,0.573636,-0.977119,0.025054,1.002173,-1.265988,-0.189046,0.004847,0.193894,-0.216354,-0.014511,0.000372,0.014883,-0.014869,0.336873,-0.008638,-0.345510,-0.007489,3.147187,-6.726230,-0.523682,0.000000,0.000000,0.000000,0.000000,0.000000,0.000000,-2.569407,7.231966,-1.658289,0.000000,0.000000,0.000000,335.928202,275.934154,1
6.328000,0.910006,-0.051376,0.236253,0.440103,-0.011285,-0.451388,0.012140,-0.034938,0.000896,0.035834,-0.038325,2.118155,-0.054312,-2.172467,-0.536220,0.024203,-0.000621,-0.024824,0.271256,0.000727,-0.000019,-0.000746,1.417756,-0.711524,0.018244,0.729768,-1.871959,-0.119233,0.003057,0.122290,-0.425502,-0.074769,0.001917,0.076686,0.493457,-0.955756,0.024507,0.980263,-1.206343,-0.448644,0.011504,0.460147,-0.228541,-0.014482,0.000371,0.014853,-0.020067,0.504770,-0.012943,-0.517713,0.087273,3.213542,-6.551640,-0.695327,0.000000,0.000000,0.000000,0.000000,0.000000,0.000000,-2.572083,7.237958,-1.450300,0.000000,0.000000,0.000000,335.944077,275.927901,1
6.338000,0.912150,-0.056306,0.230885,0.278880,-0.007151,-0.286031,0.006251,-0.033501,0.000859,0.034360,-0.041377,1.390649,-0.035658,-1.426307,-0.527207,0.020271,-0.000520,-0.020791,0.301878,-0.168100,0.004310,0.172410,1.456838,-0.765303,0.019623,0.784926,-1.969514,-0.135304,0.003469,0.138773,-0.424037,-0.315122,0.008080,0.323202,0.564596,-0.910556,0.023348,0.933904,-1.443304,-0.249188,0.006389,0.255577,-0.193093,-0.010749,0.000276,0.011025,-0.024594,0.350443,-0.008986,-0.359429,-0.008487,3.249872,-6.673739,-0.787964,0.000000,0.000000,0.000000,0.000000,0.000000,0.000000,-2.616925,7.394507,-1.422734,0.000000,0.000000,0.000000,335.986081,275.909670,1
6.342000,0.935194,-0.062707,0.237475,0.022760,-0.000584,-0.023343,0.163827,-0.008628,0.000221,0.008849,-0.032223,0.941170,-0.024133,-0.965302,-0.211261,0.132980,-0.003410,-0.136390,0.225003,-0.249350,0.006394,0.255743,1.432402,-0.511396,0.013113,0.524509,-1.398560,-0.022872,0.000586,0.023458,-0.333602,-0.212827,0.005457,0.218284,0.622848,-0.994413,0.025498,1.019911,-0.703699,0.087339,-0.002239,-0.089579,-0.553852,-0.032816,0.000841,0.033657,-0.020492,-1.439276,0.036905,1.476181,0.771845,3.096140,-5.254367,-0.784260,0.000000,0.000000,0.000000,0.000000,0.000000,0.000000,-2.306572,6.830354,-0.972953,0.000000,0.000000,0.000000,335.999640,275.911273,1
6.352000,0.937451,-0.063500,0.234964,0.022760,-0.000584,-0.023343,0.161755,-0.008628,0.000221,0.008849,-0.029142,0.941170,-0.024133,-0.965302,-0.283005,0.132980,-0.003410,-0.136390,0.234218,-0.249350,0.006394,0.255743,1.556331,-0.511396,0.013113,0.524509,-1.659718,-0.022872,0.000586,0.023458,-0.377415,-0.212827,0.005457,0.218284,0.667719,-0.994413,0.025498,1.019911,-0.955515,0.087339,-0.002239,-0.089579,-0.558175,-0.032816,0.000841,0.033657,-0.019368,-1.439276,0.036905,1.476181,0.745074,3.289621,-5.715950,-0.964618,0.000000,0.000000,0.000000,0.000000,0.000000,0.000000,-2.469396,7.366572,-1.023738,0.000000,0.000000,0.000000,336.038214,275.912035,1
6.358000,0.926440,-0.058044,0.232280,0.470970,-0.012076,-0.483047,0.078107,-0.056894,0.001459,0.058352,-0.062812,3.828317,-0.098162,-3.926479,-1.084947,0.147046,-0.003770,-0.150816,0.216710,0.365369,-0.009368,-0.374737,1.432643,-0.515734,0.013224,0.528958,-2.284032,-0.024762,0.000635,0.025397,-0.419455,0.474438,-0.012165,-0.486603,0.297218,-1.121551,0.028758,1.150309,-1.225590,-0.719098,0.018438,0.737537,-0.059282,-0.029682,0.000761,0.030443,-0.037015,0.685611,-0.017580,-0.703191,0.239002,3.388816,-6.933997,-0.803074,0.000000,0.000000,0.000000,0.000000,0.000000,0.000000,-2.571188,7.580149,-1.593144,0.000000,0.000000,0.000000,336.085357,275.916013,1
6.368000,0.924454,-0.055110,0.228884,0.318219,-0.008159,-0.326378,0.045975,-0.073022,0.001872,0.074894,-0.053829,3.084914,-0.079100,-3.164014,-1.245718,0.070403,-0.001805,-0.072208,0.287763,0.263373,-0.006753,-0.270126,1.518085,-0.485773,0.012456,0.498229,-2.426004,-0.094800,0.002431,0.097231,-0.489069,0.336564,-0.008630,-0.345194,0.290283,-1.004699,0.025762,1.030461,-1.448900,-0.704735,0.018070,0.722806,-0.004196,-0.028775,0.000738,0.029513,-0.028582,0.395163,-0.010132,-0.405296,0.091505,3.342723,-7.093113,-0.647433,0.000000,0.000000,0.000000,0.000000,0.000000,0.000000,-2.640517,7.557766,-1.749371,0.000000,0.000000,0.000000,336.158175,275.922024,1
6.372000,0.932535,-0.055009,0.231863,-0.276368,0.007086,0.283454,0.392777,-0.032346,0.000829,0.033176,-0.040003,1.996335,-0.051188,-2.047523,-0.696392,0.155066,-0.003976,-0.159042,0.195650,0.523535,-0.013424,-0.536959,1.350867,-1.140317,0.029239,1.169556,-2.152046,0.315739,-0.008096,-0.323835,-0.527632,0.919662,-0.023581,-0.943243,0.133424,-1.919542,0.049219,1.968761,-1.039128,0.237460,-0.006089,-0.243549,-0.636236,-0.035487,0.000910,0.036397,-0.029491,-0.762591,0.019554,0.782145,0.469361,3.512801,-7.184555,-0.786715,0.000000,0.000000,0.000000,0.000000,0.000000,0.000000,-2.554935,7.798677,-1.912371,0.000000,0.000000,0.000000,336.188885,275.909155,1
6.382000,0.933390,-0.055248,0.228980,-0.276368,0.007086,0.283454,0.442409,-0.032346,0.000829,0.033176,-0.036501,1.996335,-0.051188,-2.047523,-0.790846,0.155066,-0.003976,-0.159042,0.188504,0.523535,-0.013424,-0.536959,1.386576,-1.140317,0.029239,1.169556,-2.261957,0.315739,-0.008096,-0.323835,-0.638779,0.919662,-0.023581,-0.943243,0.077155,-1.919542,0.049219,1.968761,-1.166524,0.237460,-0.006089,-0.243549,-0.711682,-0.035487,0.000910,0.036397,-0.023726,-0.762591,0.019554,0.782145,0.426800,3.540224,-7.298926,-0.851180,0.000000,0.000000,0.000000,0.000000,0.000000,0.000000,-2.657073,7.906158,-1.890925,0.000000,0.000000,0.000000,336.271387,275.875827,1
6.386000,0.942622,-0.057655,0.229069,-0.108404,0.002780,0.111184,0.538794,-0.013936,0.000357,0.014294,-0.038371,2.820422,-0.072319,-2.892740,-0.753534,-0.094757,0.002430,0.097186,0.353817,1.013933,-0.025998,-1.039931,1.327083,-1.961712,0.050300,2.012013,-1.888056,0.281172,-0.007210,-0.288381,-0.648281,1.435635,-0.036811,-1.472446,-0.175774,-2.608440,0.066883,2.675324,-0.667325,0.164773,-0.004225,-0.168998,-1.018065,-0.032787,0.000841,0.033628,-0.028673,-0.190578,0.004887,0.195464,0.453667,3.384532,-7.226981,-1.055846,0.000000,0.000000,0.000000,-0.001516,-0.002748,0.000654,-2.486797,7.322907,-1.539591,0.000000,0.000000,0.000000,336.311172,275.859887,1
6.396000,0.943680,-0.058185,0.226407,-0.108404,0.002780,0.111184,0.525915,-0.013936,0.000357,0.014294,-0.054245,2.820422,-0.072319,-2.892740,-1.033435,-0.094757,0.002430,0.097186,0.361256,1.013933,-0.025998,-1.039931,1.367131,-1.961712,0.050300,2.012013,-1.944084,0.281172,-0.007210,-0.288381,-0.740853,1.435635,-0.036811,-1.472446,-0.193928,-2.608440,0.066883,2.675324,-0.804821,0.164773,-0.004225,-0.168998,-0.965829,-0.032787,0.000841,0.033628,-0.035938,-0.190578,0.004887,0.195464,0.269960,3.431616,-7.284014,-1.090702,0.005922,0.004373,-0.000423,-0.042853,-0.182260,0.084936,-2.582157,7.664270,-1.610849,0.000000,0.000000,0.000000,336.424038,275.822985,1
6.400000,0.951692,-0.063259,0.227967,-0.558112,0.014311,0.572423,0.712424,0.036810,-0.000944,-0.037754,-0.064270,1.470960,-0.037717,-1.508677,-0.566020,0.209510,-0.005372,-0.214882,0.344458,1.233492,-0.031628,-1.265120,1.094714,-2.085888,0.053484,2.139372,-1.499098,0.796833,-0.020432,-0.817265,-0.940811,2.079447,-0.053319,-2.132766,-0.633458,-3.280300,0.084110,3.364411,-0.159767,0.397413,-0.010190,-0.407603,-1.234099,-0.030753,0.000789,0.031541,-0.052886,-0.248699,0.006377,0.255076,0.509392,3.492803,-6.354564,-0.833795,0.004926,0.003146,-0.000809,-0.740927,-1.238885,0.133563,-2.228360,7.162683,-1.323564,0.000000,0.000000,0.000000,336.460927,275.818232,1
6.410000,0.952918,-0.064082,0.225615,-0.558112,0.014311,0.572423,0.651036,0.036810,-0.000944,-0.037754,-0.172432,1.470960,-0.037717,-1.508677,-0.786130,0.209510,-0.005372,-0.214882,0.362483,1.233492,-0.031628,-1.265120,1.155837,-2.085888,0.053484,2.139372,-1.552402,0.796833,-0.020432,-0.817265,-1.007040,2.079447,-0.053319,-2.132766,-0.583400,-3.280300,0.084110,3.364411,-0.361398,0.397413,-0.010190,-0.407603,-1.162728,-0.030753,0.000789,0.031541,-0.049886,-0.248699,0.006377,0.255076,0.305763,3.754133,-6.330545,-0.675271,0.041586,0.033718,-0.002353,-3.157764,-5.032468,0.294748,-2.253821,7.738427,-1.521454,0.000000,0.000000,0.000000,336.563559,275.799288,1
6.416000,0.957054,-0.062197,0.225929,-0.627393,0.016087,0.643480,0.636265,0.060715,-0.001557,-0.062272,0.108752,1.063441,-0.027268,-1.090709,-1.671484,0.185770,-0.004763,-0.190534,0.295540,1.391502,-0.035680,-1.427181,1.104581,-2.097196,0.053774,2.150971,-1.298693,0.834780,-0.021405,-0.856185,-1.074737,2.343159,-0.060081,-2.403240,-0.443256,-3.394548,0.087040,3.481588,-0.549661,0.466391,-0.011959,-0.478350,-0.977725,-0.032103,0.000823,0.032926,-0.032401,-0.069611,0.001785,0.071396,0.188519,3.835645,-5.897187,-0.302736,0.020819,0.028206,0.005882,-3.067097,-5.538472,0.704258,-2.066056,7.894711,-1.797362,0.000000,0.000000,0.000000,336.629840,275.789396,1
6.426000,0.957958,-0.062826,0.223864,-0.627393,0.016087,0.643480,0.804526,0.060715,-0.001557,-0.062272,0.312447,1.063441,-0.027268,-1.090709,-2.360958,0.185770,-0.004763,-0.190534,0.462335,1.391502,-0.035680,-1.427181,1.144792,-2.097196,0.053774,2.150971,-1.312758,0.834780,-0.021405,-0.856185,-0.980479,2.343159,-0.060081,-2.403240,-0.492163,-3.394548,0.087040,3.481588,-0.542831,0.466391,-0.011959,-0.478350,-0.915044,-0.032103,0.000823,0.032926,-0.020861,-0.069611,0.001785,0.071396,0.109259,3.768727,-5.671252,-0.257331,0.073314,0.098096,0.019970,-2.815763,-5.627207,1.004550,-1.993258,7.961557,-1.872937,0.000000,0.000000,0.000000,336.750003,275.780445,1
6.434000,0.967369,-0.052345,0.228741,-0.262713,0.006736,0.269450,0.536128,1.478315,-0.037906,-1.516221,0.145565,-1.868424,0.047908,1.916332,-1.423128,0.228615,-0.005862,-0.234477,0.213318,1.331333,-0.034137,-1.365470,0.968827,-2.082373,0.053394,2.135767,-0.885824,1.073071,-0.027515,-1.100586,-1.263671,2.779869,-0.071279,-2.851148,-0.884487,-4.036224,0.103493,4.139717,0.367899,0.876136,-0.022465,-0.898601,-1.052893,-0.043053,0.001104,0.044157,0.015953,-0.128709,0.003300,0.132009,0.135281,3.505447,-4.693132,0.245774,0.396593,0.579340,0.133799,-4.291726,-8.172770,1.450852,-1.738584,7.193201,-1.966747,0.000000,0.000000,0.000000,336.852062,275.783101,1
6.444000,0.968189,-0.052025,0.227684,-0.262713,0.006736,0.269450,0.735294,1.478315,-0.037906,-1.516221,0.350424,-1.868424,0.047908,1.916332,-2.022246,0.228615,-0.005862,-0.234477,0.369708,1.331333,-0.034137,-1.365470,0.976826,-2.082373,0.053394,2.135767,-0.806533,1.073071,-0.027515,-1.100586,-1.110871,2.779869,-0.071279,-2.851148,-0.778350,-4.036224,0.103493,4.139717,0.211563,0.876136,-0.022465,-0.898601,-0.980322,-0.043053,0.001104,0.044157,0.029857,-0.128709,0.003300,0.132009,0.078888,3.334979,-4.412049,0.259625,0.668886,0.936675,0.202160,-3.827043,-7.567696,1.473165,-1.620139,7.175960,-2.068512,0.000000,0.000000,0.000000,336.981643,275.761688,1
6.450000,0.963151,-0.054580,0.229382,-0.677630,0.017375,0.695005,0.793259,1.637321,-0.041983,-1.679303,0.558718,-2.679162,0.068696,2.747858,-0.816683,-0.374193,0.009595,0.383788,0.616989,1.347483,-0.034551,-1.382034,0.807938,-2.605113,0.066798,2.671911,0.399713,0.552647,-0.014170,-0.566818,-1.160525,2.514211,-0.064467,-2.578678,-1.010206,-3.938363,0.100984,4.039346,1.801185,1.087970,-0.027897,-1.115866,-0.743671,-0.007116,0.000182,0.007298,0.296386,-0.039411,0.001011,0.040421,0.040439,2.097722,-2.771298,0.150836,4.989388,9.306267,2.452768,-3.272613,-4.727850,0.213531,-0.012673,1.496545,-0.695015,0.000000,0.000000,0.000000,337.086806,275.815263,1
6.460000,0.958632,-0.053591,0.227225,-0.664776,0.017046,0.681822,0.817613,1.703203,-0.043672,-1.746875,0.018736,-2.833297,0.072649,2.905945,-1.008181,-0.366861,0.009407,0.376267,0.593681,1.317629,-0.033785,-1.351415,0.432879,-2.571585,0.065938,2.637523,0.041437,0.567328,-0.014547,-0.581875,-0.632555,2.592070,-0.066463,-2.658533,-0.655391,-4.096405,0.105036,4.201441,0.282843,1.113097,-0.028541,-1.141638,-0.526623,-0.014335,0.000368,0.014703,0.749184,-0.080557,0.002066,0.082623,-0.783901,2.278306,-4.218128,-0.408256,2.707163,4.188628,0.921473,-3.062296,-5.983263,1.088330,-1.991327,7.245937,-1.919081,0.000000,0.000000,0.000000,337.170940,275.827153,1
6.466000,0.980083,-0.053453,0.237657,-1.491321,0.038239,1.529560,0.633726,2.141536,-0.054911,-2.196447,0.255219,-3.530984,0.090538,3.621522,0.132726,-1.286722,0.032993,1.319715,1.536372,0.719438,-0.018447,-0.737885,-0.310480,-1.914568,0.049091,1.963660,1.006363,1.830558,-0.046937,-1.877495,-3.427963,-2.906817,0.074534,2.981350,0.422543,8.771546,-0.224911,-8.996457,-5.190572,0.156597,-0.004015,-0.160612,0.160462,1.178449,-0.030217,-1.208666,1.320062,-3.050317,0.078213,3.128530,-1.339588,-0.198716,-0.385655,-0.333519,4.812582,10.213822,2.644332,-3.856379,-4.859745,0.023681,0.000000,0.000000,0.000000,0.000000,0.000000,0.000000,337.569628,276.149368,1
6.476000,0.985831,-0.052991,0.238235,-1.726050,0.044258,1.770308,0.922192,2.285985,-0.058615,-2.344599,0.322223,-3.645064,0.093463,3.738527,-0.326736,-1.508999,0.038692,1.547691,1.451611,0.644076,-0.016515,-0.660591,-0.269032,-1.804999,0.046282,1.851281,0.773968,2.101182,-0.053876,-2.155058,-3.031073,-3.598633,0.092273,3.690906,0.992261,10.586700,-0.271454,-10.858154,-5.480487,0.047964,-0.001230,-0.049194,0.540533,1.287272,-0.033007,-1.320279,0.872874,-3.277671,0.084043,3.361713,-0.947935,-0.564751,-0.820781,-0.787310,4.640233,8.705093,1.742949,-4.004754,-5.068446,0.205657,0.000000,0.000000,0.000000,0.000000,0.000000,0.000000,338.384978,276.837863,1
6.482000,0.978713,-0.050714,0.242008,-0.007009,0.000180,0.007189,-1.491901,0.354024,-0.009078,-0.363102,0.817311,-2.674399,0.068574,2.742973,-0.266785,0.103066,-0.002643,-0.105708,0.167899,0.554740,-0.014224,-0.568964,0.227171,-2.987971,0.076615,3.064586,-0.938632,0.657253,-0.016853,-0.674106,0.295535,0.624516,-0.016013,-0.640529,-0.437133,0.269963,-0.006922,-0.276885,0.081819,0.680483,-0.017448,-0.697932,-1.109020,-0.210264,0.005391,0.215656,0.756578,-2.104204,0.053954,2.158158,-0.611676,0.000000,0.000000,0.000000,2.188073,6.793467,2.376512,-4.002636,-4.261432,-0.770049,0.000000,0.000000,0.000000,0.000000,0.000000,0.000000,338.425909,276.811537,1
6.492000,0.994661,-0.042593,0.250774,1.168457,-0.029960,-1.198417,-2.569282,-0.319561,0.008194,0.327755,0.907919,-3.350439,0.085909,3.436348,0.149644,1.274284,-0.032674,-1.306958,0.038432,0.263186,-0.006748,-0.269934,0.887585,-4.143273,0.106238,4.249511,0.992482,0.192393,-0.004933,-0.197326,-0.166377,0.260461,-0.006678,-0.267139,-0.189046,-1.538720,0.039454,1.578175,0.520748,1.853381,-0.047523,-1.900904,-2.160663,-1.135818,0.029124,1.164941,0.836435,-2.351314,0.060290,2.411604,-0.103712,0.000000,0.000000,0.000000,1.888852,5.287521,1.438120,-3.737819,-4.381514,-0.436489,0.000000,0.000000,0.000000,0.000000,0.000000,0.000000,338.572261,276.947090,1
6.498000,1.024647,-0.035613,0.255160,-4.239225,0.108698,4.347923,1.966307,-0.727940,0.018665,0.746605,0.634805,0.644915,-0.016536,-0.661452,-0.058321,0.502197,-0.012877,-0.515073,-1.986664,1.461037,-0.037462,-1.498500,-1.101181,-15.763074,0.404181,16.167256,8.027569,-0.231263,0.005930,0.237193,2.686533,1.133955,-0.029076,-1.163031,-0.655430,1.224801,-0.031405,-1.256206,-0.292649,-4.060349,0.104112,4.164461,1.619863,-0.389410,0.009985,0.399395,0.749601,-0.328728,0.008429,0.337157,-0.017042,0.000000,0.000000,0.000000,0.394175,6.042209,2.374962,-1.109954,-0.173783,-0.596936,0.000000,0.000000,0.000000,0.000000,0.000000,0.000000,339.474284,277.849044,1
6.508000,1.027255,-0.035268,0.254225,-4.239225,0.108698,4.347923,2.388270,-0.727940,0.018665,0.746605,0.540590,0.644915,-0.016536,-0.661452,-0.223088,0.502197,-0.012877,-0.515073,-1.296785,1.461037,-0.037462,-1.498500,-1.040635,-15.763074,0.404181,16.167256,8.000770,-0.231263,0.005930,0.237193,2.203029,1.133955,-0.029076,-1.163031,-0.697822,1.224801,-0.031405,-1.256206,-0.344190,-4.060349,0.104112,4.164461,1.932278,-0.389410,0.009985,0.399395,0.874680,-0.328728,0.008429,0.337157,-0.569942,0.000000,0.000000,0.000000,0.926863,6.964404,2.471706,-1.485035,-0.268426,-0.775508,0.000000,0.000000,0.000000,0.000000,0.000000,0.000000,341.002963,279.373880,1
6.512000,0.993703,-0.052648,0.236090,-0.079439,0.002037,0.081476,-0.138607,0.097828,-0.002508,-0.100336,0.948577,-0.927093,0.023772,0.950865,-1.476094,-0.953999,0.024462,0.978460,0.109424,-0.148049,0.003796,0.151845,-0.099604,4.155811,-0.106559,-4.262370,-1.876187,0.847638,-0.021734,-0.869372,0.007668,0.043909,-0.001126,-0.045035,-0.084060,0.148814,-0.003816,-0.152630,-0.085673,0.000165,-0.000004,-0.000170,0.501187,0.255527,-0.006552,-0.262079,0.122317,-1.486936,0.038127,1.525063,-0.866168,0.000000,0.000000,0.000000,3.003260,5.839378,1.520484,-3.296663,-5.464351,0.032716,0.000000,0.000000,0.000000,0.000000,0.000000,0.000000,341.046986,279.394824,1
6.522000,0.994208,-0.052895,0.234004,-0.079439,0.002037,0.081476,-0.123905,0.097828,-0.002508,-0.100336,1.034761,-0.927093,0.023772,0.950865,-1.718096,-0.953999,0.024462,0.978460,0.171332,-0.148049,0.003796,0.151845,-0.051938,4.155811,-0.106559,-4.262370,-1.936341,0.847638,-0.021734,-0.869372,-0.015006,0.043909,-0.001126,-0.045035,-0.076156,0.148814,-0.003816,-0.152630,-0.044066,0.000165,-0.000004,-0.000170,0.565652,0.255527,-0.006552,-0.262079,0.114034,-1.486936,0.038127,1.525063,-1.014688,0.000000,0.000000,0.000000,3.184017,6.191286,1.627280,-3.483836,-5.917524,0.109315,0.000000,0.000000,0.000000,0.000000,0.000000,0.000000,341.164758,279.445937,1
6.526000,1.003340,-0.046094,0.242898,-0.362546,0.009296,0.371842,-0.332295,0.101331,-0.002598,-0.103929,0.868379,-1.222518,0.031347,1.253864,-0.667723,-0.290061,0.007437,0.297499,-0.001754,-0.110947,0.002845,0.113792,-0.082110,2.785982,-0.071435,-2.857417,-1.340711,0.394993,-0.010128,-0.405121,0.049733,0.368976,-0.009461,-0.378437,-0.242690,0.294373,-0.007548,-0.301921,-0.034803,-0.171710,0.004403,0.176113,0.338812,0.060368,-0.001548,-0.061916,0.373054,-1.555311,0.039880,1.595191,-0.662437,0.000000,0.000000,0.000000,2.901157,6.395896,1.555387,-3.557065,-4.524996,-0.000173,0.000000,0.000000,0.000000,0.000000,0.000000,0.000000,341.189374,279.453266,1
6.536000,1.004374,-0.045771,0.241100,-0.359741,0.009224,0.368966,-0.300959,0.095593,-0.002451,-0.098044,0.993663,-1.211136,0.031055,1.242191,-1.037599,-0.288209,0.007390,0.295599,-0.008122,-0.107067,0.002745,0.109812,-0.049039,2.738934,-0.070229,-2.809163,-1.304387,0.392838,-0.010073,-0.402910,0.068204,0.357425,-0.009165,-0.366589,-0.239384,0.286975,-0.007358,-0.294333,-0.020422,-0.169731,0.004352,0.174083,0.419718,0.056661,-0.001453,-0.058114,0.377201,-1.545619,0.039631,1.585250,-0.903286,0.000000,0.000000,0.000000,3.135658,6.829590,1.624668,-3.840618,-5.203405,0.208250,0.000000,0.000000,0.000000,0.000000,0.000000,0.000000,341.257549,279.461712,1
6.538000,1.004652,-0.052413,0.237203,-0.192371,0.004933,0.197303,-0.239430,0.098691,-0.002531,-0.101222,1.147268,-0.892633,0.022888,0.915521,-1.421563,-0.200499,0.005141,0.205640,-0.017078,-0.094884,0.002433,0.097317,-0.041919,2.664515,-0.068321,-2.732836,-0.812536,0.674454,-0.017294,-0.691748,0.055828,0.337775,-0.008661,-0.346436,-0.108638,0.268513,-0.006885,-0.275398,-0.008656,-0.036206,0.000928,0.037134,0.495009,0.104442,-0.002678,-0.107120,0.319644,-1.249658,0.032043,1.281701,-0.942913,0.000000,0.000000,0.000000,3.182270,6.425214,1.529303,-3.831845,-5.535814,0.302702,0.000000,0.000000,0.000000,0.000000,0.000000,0.000000,341.267615,279.460762,1
6.548000,1.005429,-0.052349,0.234791,-0.192371,0.004933,0.197303,-0.226105,0.098691,-0.002531,-0.101222,1.245397,-0.892633,0.022888,0.915521,-1.703544,-0.200499,0.005141,0.205640,-0.023442,-0.094884,0.002433,0.097317,-0.046759,2.664515,-0.068321,-2.732836,-1.035640,0.674454,-0.017294,-0.691748,0.013699,0.337775,-0.008661,-0.346436,-0.158443,0.268513,-0.006885,-0.275398,-0.011812,-0.036206,0.000928,0.037134,0.565191,0.104442,-0.002678,-0.107120,0.320594,-1.249658,0.032043,1.281701,-1.164877,0.000000,0.000000,0.000000,3.361103,6.800410,1.622970,-4.045136,-5.977827,0.416460,0.000000,0.000000,0.000000,0.000000,0.000000,0.000000,341.329473,279.457090,1
6.552000,1.011254,-0.050741,0.237827,-0.298890,0.007664,0.306554,-0.265632,0.086104,-0.002208,-0.088311,1.208402,-0.799924,0.020511,0.820435,-1.428292,-0.394055,0.010104,0.404159,-0.007511,-0.057121,0.001465,0.058585,-0.043539,2.277162,-0.058389,-2.335551,-0.692193,0.407581,-0.010451,-0.418032,0.133238,0.206401,-0.005292,-0.211693,-0.057047,0.186729,-0.004788,-0.191517,0.004586,-0.105853,0.002714,0.108567,0.476412,0.071118,-0.001824,-0.072941,0.383689,-1.181293,0.030290,1.211583,-0.982611,0.000000,0.000000,0.000000,3.147202,6.652703,1.641527,-3.936193,-5.461148,0.327337,0.000000,0.000000,0.000000,0.000000,0.000000,0.000000,341.346758,279.453250,1
6.562000,1.012178,-0.050601,0.235357,-0.298890,0.007664,0.306554,-0.237813,0.086104,-0.002208,-0.088311,1.306175,-0.799924,0.020511,0.820435,-1.711513,-0.394055,0.010104,0.404159,-0.003551,-0.057121,0.001465,0.058585,-0.044170,2.277162,-0.058389,-2.335551,-0.876939,0.407581,-0.010451,-0.418032,0.138396,0.206401,-0.005292,-0.211693,-0.103406,0.186729,-0.004788,-0.191517,-0.001354,-0.105853,0.002714,0.108567,0.568148,0.071118,-0.001824,-0.072941,0.380922,-1.181293,0.030290,1.211583,-1.213985,0.000000,0.000000,0.000000,3.334889,6.985635,1.701929,-4.118395,-5.896324,0.473845,0.000000,0.000000,0.000000,0.000000,0.000000,0.000000,341.399607,279.443040,1
6.568000,1.030144,-0.056346,0.245467,-0.213949,0.005486,0.219435,-0.077051,-0.445257,0.011417,0.456674,1.225880,-0.579050,0.014847,0.593898,-1.385113,-0.244642,0.006273,0.250915,-0.178058,-0.009879,0.000253,0.010132,-0.031979,0.638535,-0.016373,-0.654907,-0.015737,0.330688,-0.008479,-0.339168,0.218930,-0.135675,0.003479,0.139154,-0.012348,0.006420,-0.000165,-0.006584,0.037527,-0.023898,0.000613,0.024511,0.258940,-0.434623,0.011144,0.445767,0.697497,-1.026774,0.026328,1.053101,-0.795947,0.000000,0.000000,0.000000,3.021240,6.197957,1.779455,-3.582634,-5.638738,0.215320,0.000000,0.000000,0.000000,0.000000,0.000000,0.000000,341.415725,279.437570,1
6.578000,1.030926,-0.055650,0.247276,-0.318645,0.008170,0.326815,-0.011297,-0.463700,0.011890,0.475589,1.185839,-0.541315,0.013880,0.555194,-1.567762,-0.006735,0.000173,0.006908,-0.280273,-0.008268,0.000212,0.008480,-0.035683,0.373965,-0.009589,-0.383554,-0.015949,0.163802,-0.004200,-0.168002,0.314968,-0.260089,0.006669,0.266757,-0.007586,-0.043933,0.001126,0.045059,0.033770,-0.119055,0.003053,0.122108,0.253978,-0.377973,0.009692,0.387664,0.673741,-1.156997,0.029667,1.186664,-0.938338,0.000000,0.000000,0.000000,3.103681,6.579461,1.932613,-3.734161,-6.074833,0.273362,0.000000,0.000000,0.000000,0.000000,0.000000,0.000000,341.444811,279.425761,1
6.582000,1.042133,-0.042602,0.234064,0.009835,-0.000252,-0.010087,-0.579409,-0.146370,0.003753,0.150123,1.680626,-0.861749,0.022096,0.883845,-1.742647,-1.135439,0.029114,1.164553,0.246476,-0.064625,0.001657,0.066282,-0.066799,2.696139,-0.069132,-2.765270,-0.939996,0.714697,-0.018326,-0.733023,0.244592,0.155350,-0.003983,-0.159333,-0.052160,0.179807,-0.004610,-0.184417,0.007849,0.226385,-0.005805,-0.232190,0.281750,-0.368077,0.009438,0.377515,0.632438,-0.921014,0.023616,0.944630,-1.070614,-0.004172,-0.008696,-0.007760,3.388964,7.049010,1.187565,-4.263107,-5.627262,0.763509,0.000000,0.000000,0.000000,0.000000,0.000000,0.000000,341.469586,279.428119,1
6.592000,1.042400,-0.042671,0.231620,-0.007198,0.000185,0.007383,-0.569282,-0.064699,0.001659,0.066358,1.718712,-0.863111,0.022131,0.885242,-1.932459,-1.198698,0.030736,1.229433,0.368974,-0.055015,0.001411,0.056425,-0.053350,2.980957,-0.076435,-3.057392,-1.243846,0.744803,-0.019098,-0.763900,0.154668,0.111717,-0.002865,-0.114582,-0.071584,0.170740,-0.004378,-0.175117,0.005518,0.209798,-0.005379,-0.215178,0.341553,-0.264407,0.006780,0.271187,0.633421,-0.959096,0.024592,0.983688,-1.299822,0.000000,0.000000,0.000000,3.550554,7.482417,1.319544,-4.405205,-5.912608,0.833856,0.000000,0.000000,0.000000,0.000000,0.000000,0.000000,341.546983,279.441733,1
6.596000,1.031100,-0.058631,0.231412,-0.131662,0.003376,0.135038,-0.252927,-0.110416,0.002831,0.113247,1.531206,-0.635403,0.016292,0.651696,-1.989888,-0.710891,0.018228,0.729119,0.022435,-0.142832,0.003662,0.146494,-0.045968,2.259444,-0.057934,-2.317378,-0.859878,0.443995,-0.011384,-0.455379,0.171997,-0.274166,0.007030,0.281196,0.014638,0.006081,-0.000156,-0.006237,0.068298,0.048065,-0.001232,-0.049298,0.657274,-0.121794,0.003123,0.124917,0.357203,-1.017481,0.026089,1.043570,-1.186411,0.000000,0.000000,0.000000,3.351008,6.358371,1.789587,-4.117694,-6.198496,0.224933,0.000000,0.000000,0.000000,0.000000,0.000000,0.000000,341.566655,279.439910,1
6.606000,1.031717,-0.059056,0.228379,-0.131662,0.003376,0.135038,-0.240626,-0.110416,0.002831,0.113247,1.605383,-0.635403,0.016292,0.651696,-2.175603,-0.710891,0.018228,0.729119,0.017718,-0.142832,0.003662,0.146494,-0.032707,2.259444,-0.057934,-2.317378,-0.938108,0.443995,-0.011384,-0.455379,0.137749,-0.274166,0.007030,0.281196,0.004105,0.006081,-0.000156,-0.006237,0.040923,0.048065,-0.001232,-0.049298,0.744049,-0.121794,0.003123,0.124917,0.361985,-1.017481,0.026089,1.043570,-1.403838,0.000000,0.000000,0.000000,3.499901,6.626088,1.881192,-4.217051,-6.465730,0.299749,0.000000,0.000000,0.000000,0.000000,0.000000,0.000000,341.621004,279.433863,1
6.610000,1.039585,-0.049015,0.229131,-0.241132,0.006183,0.247315,-0.233977,0.100088,-0.002566,-0.102654,1.529742,-0.862989,0.022128,0.885116,-2.237222,-1.222072,0.031335,1.253407,0.268377,-0.134600,0.003451,0.138051,-0.062845,3.322482,-0.085192,-3.407674,-1.296959,1.079272,-0.027674,-1.106946,-0.006081,0.206615,-0.005298,-0.211913,-0.074708,0.204569,-0.005245,-0.209814,0.026245,0.007286,-0.000187,-0.007473,0.502976,-0.034046,0.000873,0.034919,0.477220,-1.124805,0.028841,1.153646,-1.503846,0.000000,0.000000,0.000000,3.615209,7.494046,1.621832,-4.469616,-6.622791,0.776760,0.000000,0.000000,0.000000,0.000000,0.000000,0.000000,341.655976,279.437252,1
6.620000,1.040527,-0.048575,0.225873,-0.241132,0.006183,0.247315,-0.211920,0.100088,-0.002566,-0.102654,1.571355,-0.862989,0.022128,0.885116,-2.361760,-1.222072,0.031335,1.253407,0.353307,-0.134600,0.003451,0.138051,-0.045804,3.322482,-0.085192,-3.407674,-1.434512,1.079272,-0.027674,-1.106946,-0.020616,0.206615,-0.005298,-0.211913,-0.110791,0.204569,-0.005245,-0.209814,0.010387,0.007286,-0.000187,-0.007473,0.607816,-0.034046,0.000873,0.034919,0.457443,-1.124805,0.028841,1.153646,-1.680127,0.000000,0.000000,0.000000,3.729477,7.635560,1.609981,-4.508018,-6.737476,0.860085,0.000000,0.000000,0.000000,0.000000,0.000000,0.000000,341.752466,279.448632,1
6.622000,1.046231,-0.048424,0.230246,-0.212517,0.005449,0.217966,-0.241540,0.195890,-0.005023,-0.200913,1.482539,-1.058293,0.027136,1.085429,-2.273209,-0.760273,0.019494,0.779767,0.078256,-0.085622,0.002195,0.087817,-0.043512,2.962489,-0.075961,-3.038450,-1.253031,0.496372,-0.012727,-0.509100,0.133671,-0.160092,0.004105,0.164197,-0.011281,0.058588,-0.001502,-0.060091,0.081606,-0.132479,0.003397,0.135876,0.463965,0.297201,-0.007621,-0.304822,0.358967,-1.574303,0.040367,1.614669,-1.334422,0.000000,0.000000,0.000000,3.615337,7.696883,1.730339,-4.587776,-6.739540,0.824154,0.000000,0.000000,0.000000,0.000000,0.000000,0.000000,341.770649,279.446173,1
6.632000,1.047226,-0.048038,0.227128,-0.212517,0.005449,0.217966,-0.220165,0.195890,-0.005023,-0.200913,1.515020,-1.058293,0.027136,1.085429,-2.363770,-0.760273,0.019494,0.779767,0.085777,-0.085622,0.002195,0.087817,-0.032867,2.962489,-0.075961,-3.038450,-1.314569,0.496372,-0.012727,-0.509100,0.154758,-0.160092,0.004105,0.164197,-0.011007,0.058588,-0.001502,-0.060091,0.048019,-0.132479,0.003397,0.135876,0.577964,0.297201,-0.007621,-0.304822,0.332953,-1.574303,0.040367,1.614669,-1.489037,0.000000,0.000000,0.000000,3.726355,7.806491,1.703999,-4.603262,-6.811549,0.898061,0.000000,0.000000,0.000000,0.000000,0.000000,0.000000,341.867149,279.432467,1
6.636000,1.060670,-0.046683,0.228945,0.381353,-0.009778,-0.391131,-0.584056,0.386503,-0.009910,-0.396413,1.460547,-1.516279,0.038879,1.555158,-1.948763,0.479868,-0.012304,-0.492172,-0.640793,-0.047411,0.001216,0.048626,-0.032531,1.651843,-0.042355,-1.694198,-0.406090,0.437228,-0.011211,-0.448439,0.744469,-0.894995,0.022949,0.917943,0.322201,-0.283584,0.007271,0.290855,0.285993,0.101539,-0.002604,-0.104143,0.393019,0.842905,-0.021613,-0.864518,0.024339,-2.280226,0.058467,2.338693,-0.744394,0.000000,0.000000,0.000000,3.253047,7.127899,1.530019,-4.279991,-6.494323,0.991986,0.000000,0.000000,0.000000,0.000000,0.000000,0.000000,341.896583,279.415919,1
6.646000,1.062038,-0.046188,0.226158,0.381353,-0.009778,-0.391131,-0.645201,0.386503,-0.009910,-0.396413,1.519441,-1.516279,0.038879,1.555158,-2.038469,0.479868,-0.012304,-0.492172,-0.707019,-0.047411,0.001216,0.048626,-0.036261,1.651843,-0.042355,-1.694198,-0.557141,0.437228,-0.011211,-0.448439,0.570174,-0.894995,0.022949,0.917943,0.278636,-0.283584,0.007271,0.290855,0.224783,0.101539,-0.002604,-0.104143,0.430515,0.842905,-0.021613,-0.864518,0.011889,-2.280226,0.058467,2.338693,-0.881896,0.043448,-0.296146,-0.116853,3.395870,7.455481,1.584431,-4.351130,-6.602243,1.056627,-0.000452,0.000142,0.000156,0.000000,0.000000,0.000000,341.976712,279.373097,1
6.652000,1.073068,-0.051433,0.232160,-0.344142,0.008824,0.352967,0.000274,1.105746,-0.028352,-1.134099,1.160972,-1.919898,0.049228,1.969126,-1.501709,0.856523,-0.021962,-0.878485,-0.945281,-0.022148,0.000568,0.022716,-0.036633,0.594108,-0.015234,-0.609341,-0.126385,-0.453738,0.011634,0.465373,1.068459,-0.484982,0.012435,0.497417,0.228095,-0.953241,0.024442,0.977683,0.750504,-0.873580,0.022399,0.895979,0.992539,1.947933,-0.049947,-1.997880,-0.235993,-3.099736,0.079480,3.179216,-0.357389,0.019232,-0.024608,0.006828,3.336328,7.374323,1.705279,-4.163842,-5.913508,0.813984,0.000000,0.000000,0.000000,0.000000,0.000000,0.000000,342.030853,279.362309,1
6.662000,1.074441,-0.051195,0.229828,-0.344142,0.008824,0.352967,-0.007640,1.105746,-0.028352,-1.134099,1.199020,-1.919898,0.049228,1.969126,-1.604940,0.856523,-0.021962,-0.878485,-0.985496,-0.022148,0.000568,0.022716,-0.049215,0.594108,-0.015234,-0.609341,-0.144670,-0.453738,0.011634,0.465373,1.084394,-0.484982,0.012435,0.497417,0.134832,-0.953241,0.024442,0.977683,0.622973,-0.873580,0.022399,0.895979,1.083334,1.947933,-0.049947,-1.997880,-0.279432,-3.099736,0.079480,3.179216,-0.496407,0.847729,-1.075551,0.299325,3.458502,7.571277,1.710200,-4.495079,-6.139205,0.773513,-0.008878,0.000749,0.004559,0.000000,0.000000,0.000000,342.128511,279.337924,1
6.666000,1.071289,-0.050054,0.224810,-0.251986,0.006461,0.258447,-0.230788,1.268224,-0.032519,-1.300742,1.117739,-1.914954,0.049101,1.964055,-1.420755,0.768723,-0.019711,-0.788434,-0.680393,0.012610,-0.000323,-0.012934,-0.275914,0.591873,-0.015176,-0.607049,-0.550085,-0.388772,0.009969,0.398741,1.021815,-0.417054,0.010694,0.427748,0.095458,-0.586740,0.015045,0.601785,0.373313,-0.862796,0.022123,0.884919,1.140329,2.241020,-0.057462,-2.298482,-0.491090,-3.232397,0.082882,3.315279,-0.529337,3.468656,-6.600650,0.011624,3.014940,7.227757,1.841340,-4.601777,-5.570858,0.246187,-0.042496,0.125791,-0.052267,0.000000,0.000000,0.000000,342.167485,279.328427,1
6.676000,1.072162,-0.049692,0.222561,-0.251986,0.006461,0.258447,-0.372644,1.268224,-0.032519,-1.300742,1.181548,-1.914954,0.049101,1.964055,-1.472021,0.768723,-0.019711,-0.788434,-0.655289,0.012610,-0.000323,-0.012934,0.150493,0.591873,-0.015176,-0.607049,-1.870998,-0.388772,0.009969,0.398741,0.904644,-0.417054,0.010694,0.427748,0.089569,-0.586740,0.015045,0.601785,0.312445,-0.862796,0.022123,0.884919,1.063865,2.241020,-0.057462,-2.298482,-0.520540,-3.232397,0.082882,3.315279,-0.569028,2.781262,-6.973250,-0.888549,2.856275,7.382887,2.040062,-4.708442,-5.301920,0.028673,-0.134145,0.372460,-0.140583,0.000000,0.000000,0.000000,342.275387,279.308074,1
6.684000,1.093886,-0.048800,0.230336,-0.160163,0.004107,0.164270,-0.453417,1.178957,-0.030230,-1.209186,1.007968,-2.180269,0.055904,2.236174,-0.758539,0.345119,-0.008849,-0.353968,-0.741134,1.333063,-0.034181,-1.367244,0.463309,-2.078834,0.053303,2.132137,-1.969708,-0.761498,0.019526,0.781024,0.977689,-0.240804,0.006174,0.246978,0.158667,-1.103988,0.028307,1.132296,0.671654,-0.982281,0.025187,1.007468,0.947402,2.473643,-0.063427,-2.537070,-0.760359,-3.823758,0.098045,3.921803,0.468033,2.895553,-8.438563,-1.489844,2.304039,6.284653,1.381392,-4.055494,-3.622413,-0.091607,0.000000,0.000000,0.000000,0.000000,0.000000,0.000000,342.390326,279.297850,1
6.694000,1.095448,-0.048527,0.229337,-0.160163,0.004107,0.164270,-0.525804,1.178957,-0.030230,-1.209186,1.011254,-2.180269,0.055904,2.236174,-0.609834,0.345119,-0.008849,-0.353968,-0.864689,1.333063,-0.034181,-1.367244,0.634679,-2.078834,0.053303,2.132137,-2.284347,-0.761498,0.019526,0.781024,0.967910,-0.240804,0.006174,0.246978,0.100001,-1.103988,0.028307,1.132296,0.625763,-0.982281,0.025187,1.007468,0.863967,2.473643,-0.063427,-2.537070,-0.610973,-3.823758,0.098045,3.921803,0.341082,2.558639,-7.790344,-1.476698,2.368724,6.841066,1.597819,-3.872378,-3.344740,-0.135897,-0.000687,0.000666,0.000063,0.000000,0.000000,0.000000,342.529972,279.269273,1
6.700000,1.072614,-0.053026,0.223501,0.088093,-0.002259,-0.090352,-0.616727,1.127060,-0.028899,-1.155959,0.826024,-2.363839,0.060611,2.424451,-0.441607,0.495623,-0.012708,-0.508331,-0.941118,1.273578,-0.032656,-1.306234,0.174952,-2.307031,0.059155,2.366186,-1.735376,-0.683213,0.017518,0.700731,0.868336,-0.192651,0.004940,0.197591,0.180716,-0.702331,0.018008,0.720339,0.269993,-0.706548,0.018117,0.724665,0.957996,2.251758,-0.057737,-2.309495,-0.731813,-3.733414,0.095729,3.829143,0.073614,2.070911,-6.754326,-1.362084,2.703961,6.321504,1.667374,-3.321830,-3.577347,-0.176453,-1.620814,4.484608,-1.412427,0.000000,0.000000,0.000000,342.592368,279.255345,1
6.710000,1.072394,-0.053295,0.222539,0.088093,-0.002259,-0.090352,-0.619989,1.127060,-0.028899,-1.155959,0.753341,-2.363839,0.060611,2.424451,-0.389385,0.495623,-0.012708,-0.508331,-0.969481,1.273578,-0.032656,-1.306234,0.075668,-2.307031,0.059155,2.366186,-1.619982,-0.683213,0.017518,0.700731,0.807697,-0.192651,0.004940,0.197591,0.415275,-0.702331,0.018008,0.720339,-0.083513,-0.706548,0.018117,0.724665,0.908985,2.251758,-0.057737,-2.309495,-0.732467,-3.733414,0.095729,3.829143,-0.009035,2.052403,-6.546945,-1.277345,2.688174,5.879886,1.437762,-3.056929,-3.700832,0.076640,-2.092206,5.915203,-1.855723,0.000000,0.000000,0.000000,342.686256,279.232401,1
6.716000,1.086270,-0.060636,0.224200,0.623764,-0.015994,-0.639758,0.082808,1.395022,-0.035770,-1.430791,0.465413,-3.330964,0.085409,3.416374,0.248034,0.896926,-0.022998,-0.919924,-0.027358,1.468708,-0.037659,-1.506367,0.217150,-2.996688,0.076838,3.073526,-0.315981,-1.139725,0.029224,1.168949,0.712324,0.097206,-0.002492,-0.099698,0.968573,-0.881140,0.022593,0.903733,-0.858447,-0.362769,0.009302,0.372071,0.745060,2.088771,-0.053558,-2.142329,-0.642740,-3.665670,0.093992,3.759662,1.085182,2.366060,-4.884992,-0.464806,3.962731,7.701708,1.868048,-2.335638,-4.081383,0.836271,-2.435675,6.576166,-1.244937,0.000000,0.000000,0.000000,342.748229,279.259699,1
6.726000,1.085992,-0.061012,0.223908,0.623764,-0.015994,-0.639758,-0.059975,1.395022,-0.035770,-1.430791,0.374999,-3.330964,0.085409,3.416374,0.020637,0.896926,-0.022998,-0.919924,-0.172250,1.468708,-0.037659,-1.506367,0.002730,-2.996688,0.076838,3.073526,-0.373830,-1.139725,0.029224,1.168949,0.622492,0.097206,-0.002492,-0.099698,0.751590,-0.881140,0.022593,0.903733,-0.917332,-0.362769,0.009302,0.372071,0.675189,2.088771,-0.053558,-2.142329,-0.457820,-3.665670,0.093992,3.759662,0.502504,2.251106,-5.199090,-0.742667,3.316015,6.861897,1.830668,-2.638959,-4.567726,0.917590,-2.326348,5.342006,-0.768285,0.000000,0.000000,0.000000,342.815328,279.274926,1
6.732000,1.096327,-0.061575,0.246447,1.434855,-0.036791,-1.471646,1.317004,1.993424,-0.051113,-2.044538,0.427042,-3.840439,0.098473,3.938912,0.615153,1.584727,-0.040634,-1.625361,1.273470,2.891042,-0.074129,-2.965172,0.395817,-4.162773,0.106738,4.269511,-0.203003,0.281739,-0.007224,-0.288963,1.615557,2.827306,-0.072495,-2.899801,-0.238871,-6.538000,0.167641,6.705641,1.930258,-0.226267,0.005802,0.232068,-2.111922,2.152742,-0.055199,-2.207941,1.105544,-2.415264,0.061930,2.477194,-1.058201,5.055199,-5.172859,1.547818,0.000000,0.000000,0.000000,-1.591116,-6.578523,2.383408,-3.383056,14.939194,-1.087538,0.000000,0.000000,0.000000,342.989328,279.293637,1
6.742000,1.096619,-0.062324,0.246798,1.434855,-0.036791,-1.471646,1.015430,1.993424,-0.051113,-2.044538,0.525463,-3.840439,0.098473,3.938912,-0.072813,1.584727,-0.040634,-1.625361,0.924614,2.891042,-0.074129,-2.965172,0.152167,-4.162773,0.106738,4.269511,-0.128505,0.281739,-0.007224,-0.288963,1.170480,2.827306,-0.072495,-2.899801,-0.043132,-6.538000,0.167641,6.705641,0.874376,-0.226267,0.005802,0.232068,-1.743959,2.152742,-0.055199,-2.207941,-0.197947,-2.415264,0.061930,2.477194,0.423445,4.688990,-4.951509,1.331363,0.000000,0.000000,0.000000,-1.469739,-6.488960,2.333829,-2.753010,14.546937,-1.488539,0.000000,0.000000,0.000000,343.125083,279.307370,1
6.750000,1.101944,-0.069919,0.258863,4.618243,-0.118416,-4.736660,-5.002585,-5.740597,0.147195,5.887792,2.750053,8.714944,-0.223460,-8.938404,-4.814600,0.122978,-0.003153,-0.126131,0.580943,3.502700,-0.089813,-3.592512,-1.114575,-4.989317,0.127931,5.117248,0.341600,-0.859004,0.022026,0.881030,0.413029,3.403991,-0.087282,-3.491273,-2.287173,-6.636093,0.170156,6.806249,2.831826,-1.502103,0.038515,1.540619,-0.261282,2.931147,-0.075158,-3.006305,-0.940090,-3.535775,0.090661,3.626436,0.848588,3.113683,-5.987616,0.203317,0.000000,0.000000,0.000000,0.000000,0.000000,0.000000,-1.276082,2.256412,-0.153059,0.000000,0.000000,0.000000,344.106497,280.281171,1
6.760000,1.102223,-0.070646,0.260869,4.618243,-0.118416,-4.736660,-4.867585,-5.740597,0.147195,5.887792,2.763396,8.714944,-0.223460,-8.938404,-4.476680,0.122978,-0.003153,-0.126131,0.495128,3.502700,-0.089813,-3.592512,-0.915975,-4.989317,0.127931,5.117248,0.198997,-0.859004,0.022026,0.881030,0.331987,3.403991,-0.087282,-3.491273,-2.004597,-6.636093,0.170156,6.806249,2.494274,-1.502103,0.038515,1.540619,0.193919,2.931147,-0.075158,-3.006305,-1.205394,-3.535775,0.090661,3.626436,1.399799,3.202268,-6.340538,0.127361,0.000000,0.000000,0.000000,0.000000,0.000000,0.000000,-1.964661,4.537461,-0.678025,0.000000,0.000000,0.000000,345.276285,281.449710,1
6.764000,1.113614,-0.063031,0.240331,0.857817,-0.021995,-0.879812,-0.003223,-0.216757,0.005558,0.222315,-0.099410,1.707501,-0.043782,-1.751283,-0.137514,-0.530165,0.013594,0.543759,0.653691,-0.072757,0.001866,0.074623,1.070083,-0.936529,0.024014,0.960542,-0.945334,-0.556330,0.014265,0.570595,-0.057467,-0.137207,0.003518,0.140725,0.389047,-0.872715,0.022377,0.895092,-0.712578,-0.218321,0.005598,0.223919,-0.108383,0.025514,-0.000654,-0.026168,-0.145735,0.245474,-0.006294,-0.251768,-0.553286,2.379698,-5.038103,-0.326031,0.000000,0.000000,0.000000,0.000000,0.000000,0.000000,-2.277143,5.749821,-1.124979,0.000000,0.000000,0.000000,345.286292,281.446717,1
6.774000,1.114494,-0.063253,0.238393,0.857817,-0.021995,-0.879812,-0.055340,-0.216757,0.005558,0.222315,-0.079870,1.707501,-0.043782,-1.751283,-0.462609,-0.530165,0.013594,0.543759,0.663881,-0.072757,0.001866,0.074623,1.195520,-0.936529,0.024014,0.960542,-1.276679,-0.556330,0.014265,0.570595,-0.093798,-0.137207,0.003518,0.140725,0.402954,-0.872715,0.022377,0.895092,-0.949428,-0.218321,0.005598,0.223919,-0.090343,0.025514,-0.000654,-0.026168,-0.130004,0.245474,-0.006294,-0.251768,-0.291409,2.657551,-5.708842,-0.422076,0.000000,0.000000,0.000000,0.000000,0.000000,0.000000,-2.381813,6.308931,-1.306808,0.000000,0.000000,0.000000,345.322394,281.439466,1
6.778000,1.118474,-0.066345,0.236430,0.995127,-0.025516,-1.020643,-0.080658,-0.128512,0.003295,0.131807,-0.072180,1.893517,-0.048552,-1.942069,-0.603882,-0.124753,0.003199,0.127951,0.348117,0.024012,-0.000616,-0.024628,1.111427,-1.103250,0.028288,1.131538,-1.058998,-0.252066,0.006463,0.258529,-0.469335,-0.224170,0.005748,0.229918,0.417327,-0.907971,0.023281,0.931253,-1.000776,-0.499087,0.012797,0.511884,-0.025342,0.345141,-0.008850,-0.353991,-0.244985,0.276121,-0.007080,-0.283201,-0.254580,2.579140,-5.452895,-0.406188,0.000000,0.000000,0.000000,0.000000,0.000000,0.000000,-2.340064,6.434126,-1.239349,0.000000,0.000000,0.000000,345.337817,281.436478,1
6.788000,1.119332,-0.066780,0.234120,0.995127,-0.025516,-1.020643,-0.150963,-0.128512,0.003295,0.131807,-0.047295,1.893517,-0.048552,-1.942069,-0.727234,-0.124753,0.003199,0.127951,0.387809,0.024012,-0.000616,-0.024628,1.228657,-1.103250,0.028288,1.131538,-1.363531,-0.252066,0.006463,0.258529,-0.485046,-0.224170,0.005748,0.229918,0.426085,-0.907971,0.023281,0.931253,-1.234274,-0.499087,0.012797,0.511884,-0.013052,0.345141,-0.008850,-0.353991,-0.248230,0.276121,-0.007080,-0.283201,-0.137780,2.781641,-6.057400,-0.544450,0.000000,0.000000,0.000000,0.000000,0.000000,0.000000,-2.432647,6.859362,-1.354204,0.000000,0.000000,0.000000,345.384835,281.426278,1
6.792000,1.128650,-0.070688,0.242234,1.064387,-0.027292,-1.091679,-0.245594,-0.079244,0.002032,0.081276,-0.050211,2.589232,-0.066391,-2.655623,-1.074604,0.229098,-0.005874,-0.234973,0.104872,0.117313,-0.003008,-0.120321,1.029761,-0.967236,0.024801,0.992037,-1.108523,0.052478,-0.001346,-0.053824,-0.355412,0.034712,-0.000890,-0.035602,0.565872,-1.181104,0.030285,1.211389,-0.933298,-0.677813,0.017380,0.695193,-0.009044,0.179667,-0.004607,-0.184274,-0.121412,0.225672,-0.005786,-0.231458,-0.028475,2.967838,-5.618864,-0.456673,0.000000,0.000000,0.000000,0.000000,0.000000,0.000000,-2.400607,7.136120,-1.498824,0.000000,0.000000,0.000000,345.407152,281.429320,1
6.802000,1.129838,-0.071197,0.240166,1.064387,-0.027292,-1.091679,-0.310082,-0.079244,0.002032,0.081276,-0.039390,2.589232,-0.066391,-2.655623,-1.138892,0.229098,-0.005874,-0.234973,0.114045,0.117313,-0.003008,-0.120321,1.145670,-0.967236,0.024801,0.992037,-1.455978,0.052478,-0.001346,-0.053824,-0.403234,0.034712,-0.000890,-0.035602,0.539275,-1.181104,0.030285,1.211389,-1.131758,-0.677813,0.017380,0.695193,-0.001472,0.179667,-0.004607,-0.184274,-0.137381,0.225672,-0.005786,-0.231458,-0.017937,3.177108,-6.216222,-0.620409,0.000000,0.000000,0.000000,0.000000,0.000000,0.000000,-2.537581,7.458777,-1.530849,0.000000,0.000000,0.000000,345.471328,281.433427,1
6.806000,1.125344,-0.067439,0.234237,1.258438,-0.032268,-1.290706,-0.368599,-0.066488,0.001705,0.068193,-0.049188,2.976797,-0.076328,-3.053125,-1.195733,0.249639,-0.006401,-0.256040,0.284919,0.125205,-0.003210,-0.128415,1.277761,-0.926927,0.023767,0.950694,-1.653648,0.078678,-0.002017,-0.080695,-0.571460,0.091934,-0.002357,-0.094291,0.332070,-1.249607,0.032041,1.281648,-1.186846,-0.749205,0.019210,0.768416,0.009063,0.254719,-0.006531,-0.261250,-0.118380,0.270904,-0.006946,-0.277850,-0.018904,3.152812,-6.380170,-0.566868,0.000000,0.000000,0.000000,0.000000,0.000000,0.000000,-2.463342,7.270169,-1.571988,0.000000,0.000000,0.000000,345.501651,281.436830,1
6.816000,1.126113,-0.067798,0.231509,1.258438,-0.032268,-1.290706,-0.441984,-0.066488,0.001705,0.068193,-0.039319,2.976797,-0.076328,-3.053125,-1.295460,0.249639,-0.006401,-0.256040,0.284004,0.125205,-0.003210,-0.128415,1.362292,-0.926927,0.023767,0.950694,-1.890229,0.078678,-0.002017,-0.080695,-0.646440,0.091934,-0.002357,-0.094291,0.317649,-1.249607,0.032041,1.281648,-1.390162,-0.749205,0.019210,0.768416,0.009908,0.254719,-0.006531,-0.261250,-0.148133,0.270904,-0.006946,-0.277850,-0.015300,3.253381,-6.730888,-0.685340,0.000000,0.000000,0.000000,0.000000,0.000000,0.000000,-2.561264,7.520591,-1.611707,0.000000,0.000000,0.000000,345.586525,281.444524,1
6.820000,1.135911,-0.066075,0.241115,1.020152,-0.026158,-1.046310,-0.267927,-0.041731,0.001070,0.042801,-0.040098,2.516866,-0.064535,-2.581401,-1.082257,0.490945,-0.012588,-0.503534,0.022569,-0.005736,0.000147,0.005883,1.202013,-0.972090,0.024925,0.997016,-1.571910,0.274008,-0.007026,-0.281034,-0.438978,-0.059385,0.001523,0.060908,0.518276,-1.361889,0.034920,1.396810,-0.991823,-0.502220,0.012877,0.515097,-0.141342,0.199343,-0.005111,-0.204455,-0.075398,0.223013,-0.005718,-0.228731,0.000062,2.967719,-6.447752,-0.338748,0.000000,0.000000,0.000000,0.000000,0.000000,0.000000,-2.397894,7.210476,-1.871608,0.000000,0.000000,0.000000,345.611685,281.445376,1
6.830000,1.136832,-0.066006,0.238767,1.020152,-0.026158,-1.046310,-0.291989,-0.041731,0.001070,0.042801,-0.041955,2.516866,-0.064535,-2.581401,-1.112004,0.490945,-0.012588,-0.503534,0.019887,-0.005736,0.000147,0.005883,1.293624,-0.972090,0.024925,0.997016,-1.836832,0.274008,-0.007026,-0.281034,-0.503187,-0.059385,0.001523,0.060908,0.507480,-1.361889,0.034920,1.396810,-1.188853,-0.502220,0.012877,0.515097,-0.102961,0.199343,-0.005111,-0.204455,-0.104700,0.223013,-0.005718,-0.228731,-0.003645,3.139343,-6.879968,-0.398834,0.000000,0.000000,0.000000,0.000000,0.000000,0.000000,-2.542018,7.502607,-1.923279,0.000000,0.000000,0.000000,345.681035,281.443590,1
6.834000,1.166379,-0.088205,0.246603,-0.688909,0.017664,0.706573,0.365875,-0.013150,0.000337,0.013487,-0.025326,-1.208790,0.030995,1.239785,0.485395,0.244328,-0.006265,-0.250593,0.401941,-0.469701,0.012044,0.481744,1.256576,-0.224016,0.005744,0.229760,-1.013840,0.131822,-0.003380,-0.135202,-0.261490,-0.291426,0.007472,0.298898,0.584605,-0.861785,0.022097,0.883882,-0.603778,0.802591,-0.020579,-0.823170,-0.889013,-0.966925,0.024793,0.991718,0.232492,-0.342038,0.008770,0.350808,0.171855,2.855396,-4.626788,-0.486471,0.000000,0.000000,0.000000,0.000000,0.000000,0.000000,-1.742864,6.472417,-0.940458,0.000000,0.000000,0.000000,345.695300,281.450913,1
6.844000,1.168636,-0.089398,0.244386,-0.688909,0.017664,0.706573,0.468402,-0.013150,0.000337,0.013487,-0.028693,-1.208790,0.030995,1.239785,0.510003,0.244328,-0.006265,-0.250593,0.395042,-0.469701,0.012044,0.481744,1.392214,-0.224016,0.005744,0.229760,-1.334903,0.131822,-0.003380,-0.135202,-0.316749,-0.291426,0.007472,0.298898,0.638100,-0.861785,0.022097,0.883882,-0.900874,0.802591,-0.020579,-0.823170,-0.995255,-0.966925,0.024793,0.991718,0.238356,-0.342038,0.008770,0.350808,0.153649,3.051613,-5.247563,-0.746758,0.000000,0.000000,0.000000,0.000000,0.000000,0.000000,-1.911921,7.120465,-0.993844,0.000000,0.000000,0.000000,345.737094,281.468660,1
6.848000,1.158460,-0.069526,0.234418,0.258289,-0.006623,-0.264912,-0.000991,-0.011784,0.000302,0.012087,-0.055836,2.305994,-0.059128,-2.365122,-0.758430,0.086353,-0.002214,-0.088567,0.293833,0.320713,-0.008223,-0.328937,1.573926,-0.269868,0.006920,0.276788,-2.242000,-0.036433,0.000934,0.037367,-0.438813,0.446626,-0.011452,-0.458078,0.395833,-0.759857,0.019484,0.779341,-1.191492,-0.486375,0.012471,0.498846,-0.156681,-0.518105,0.013285,0.531389,0.092273,-0.051276,0.001315,0.052591,0.162836,3.475999,-6.541887,-0.471103,0.000000,0.000000,0.000000,0.000000,0.000000,0.000000,-2.619750,7.364037,-1.685883,0.000000,0.000000,0.000000,345.753978,281.466589,1
6.858000,1.159575,-0.069774,0.231328,0.258289,-0.006623,-0.264912,0.009452,-0.011784,0.000302,0.012087,-0.047384,2.305994,-0.059128,-2.365122,-0.909832,0.086353,-0.002214,-0.088567,0.293515,0.320713,-0.008223,-0.328937,1.635725,-0.269868,0.006920,0.276788,-2.426259,-0.036433,0.000934,0.037367,-0.513091,0.446626,-0.011452,-0.458078,0.376484,-0.759857,0.019484,0.779341,-1.379626,-0.486375,0.012471,0.498846,-0.137859,-0.518105,0.013285,0.531389,0.064107,-0.051276,0.001315,0.052591,0.093384,3.552953,-6.781843,-0.558023,0.000000,0.000000,0.000000,0.000000,0.000000,0.000000,-2.729126,7.579747,-1.708829,0.000000,0.000000,0.000000,345.801629,281.462754,1
6.862000,1.158879,-0.073998,0.230662,0.459704,-0.011787,-0.471491,0.058014,-0.011281,0.000289,0.011571,-0.048789,2.904579,-0.074476,-2.979055,-0.830668,0.148121,-0.003798,-0.151919,0.281023,0.241251,-0.006186,-0.247437,1.576183,-0.485985,0.012461,0.498446,-2.344315,-0.025452,0.000653,0.026105,-0.522139,0.313074,-0.008028,-0.321101,0.377633,-0.989567,0.025374,1.014941,-1.426027,-0.661176,0.016953,0.678129,-0.258719,-0.395056,0.010130,0.405185,0.089468,0.132197,-0.003390,-0.135587,0.148137,3.512889,-6.948346,-0.774819,0.000000,0.000000,0.000000,0.000000,0.000000,0.000000,-2.695266,7.719661,-1.635339,0.000000,0.000000,0.000000,345.825300,281.459170,1
6.872000,1.159848,-0.074483,0.227322,0.459704,-0.011787,-0.471491,0.014020,-0.011281,0.000289,0.011571,-0.055796,2.904579,-0.074476,-2.979055,-1.099897,0.148121,-0.003798,-0.151919,0.300102,0.241251,-0.006186,-0.247437,1.628998,-0.485985,0.012461,0.498446,-2.501188,-0.025452,0.000653,0.026105,-0.583691,0.313074,-0.008028,-0.321101,0.341810,-0.989567,0.025374,1.014941,-1.588304,-0.661176,0.016953,0.678129,-0.172429,-0.395056,0.010130,0.405185,0.036257,0.132197,-0.003390,-0.135587,0.074263,3.593357,-7.105070,-0.832094,0.000000,0.000000,0.000000,0.000000,0.000000,0.000000,-2.758713,7.844251,-1.638821,0.000000,0.000000,0.000000,345.893880,281.456417,1
6.878000,1.167980,-0.072931,0.225080,0.452596,-0.011605,-0.464202,0.086751,-0.002040,0.000052,0.002092,-0.047397,3.239548,-0.083065,-3.322613,-1.328639,-0.138091,0.003541,0.141631,0.416894,0.414771,-0.010635,-0.425406,1.606461,-1.411649,0.036196,1.447845,-2.054177,0.025213,-0.000646,-0.025859,-0.858813,0.710743,-0.018224,-0.728967,0.002475,-2.010920,0.051562,2.062482,-1.189430,0.445373,-0.011420,-0.456793,-0.702480,-0.122631,0.003144,0.125775,0.098695,-0.170845,0.004381,0.175226,0.212486,3.035140,-7.206129,-1.011487,0.000000,0.000000,0.000000,0.000000,0.000000,0.000000,-2.581811,7.049650,-1.430565,0.000000,0.000000,0.000000,345.959995,281.448698,1
6.888000,1.168869,-0.073342,0.221849,0.452596,-0.011605,-0.464202,0.037751,-0.002040,0.000052,0.002092,-0.046849,3.239548,-0.083065,-3.322613,-1.412682,-0.138091,0.003541,0.141631,0.439544,0.414771,-0.010635,-0.425406,1.652555,-1.411649,0.036196,1.447845,-2.135902,0.025213,-0.000646,-0.025859,-0.940534,0.710743,-0.018224,-0.728967,-0.045163,-2.010920,0.051562,2.062482,-1.313734,0.445373,-0.011420,-0.456793,-0.796157,-0.122631,0.003144,0.125775,0.035108,-0.170845,0.004381,0.175226,0.151850,3.066772,-7.265025,-1.050804,0.000000,0.000000,0.000000,0.000000,0.000000,0.000000,-2.618826,7.211991,-1.471993,0.000000,0.000000,0.000000,346.077302,281.435552,1
6.892000,1.180110,-0.071207,0.230363,-0.438991,0.011256,0.450248,0.668235,-0.008356,0.000214,0.008570,-0.064244,3.147385,-0.080702,-3.228087,-1.208951,-0.436140,0.011183,0.447323,0.428824,0.576613,-0.014785,-0.591398,1.390113,-2.324343,0.059599,2.383941,-1.802493,-0.002157,0.000055,0.002212,-0.434605,0.950895,-0.024382,-0.975277,-0.013404,-2.836967,0.072743,2.909709,-0.483201,0.367979,-0.009435,-0.377414,-1.126553,-0.899606,0.023067,0.922673,0.268715,-0.066392,0.001702,0.068095,0.203062,3.524706,-7.349705,-0.974862,0.000000,0.000000,0.000000,0.000000,0.000000,0.000000,-2.825834,7.518569,-1.497544,0.000000,0.000000,0.000000,346.123789,281.429826,1
6.902000,1.181512,-0.071560,0.227933,-0.438991,0.011256,0.450248,0.734711,-0.008356,0.000214,0.008570,-0.048551,3.147385,-0.080702,-3.228087,-1.336533,-0.436140,0.011183,0.447323,0.474604,0.576613,-0.014785,-0.591398,1.442926,-2.324343,0.059599,2.383941,-1.862935,-0.002157,0.000055,0.002212,-0.488104,0.950895,-0.024382,-0.975277,-0.016636,-2.836967,0.072743,2.909709,-0.602170,0.367979,-0.009435,-0.377414,-1.067953,-0.899606,0.023067,0.922673,0.260588,-0.066392,0.001702,0.068095,0.118699,3.574138,-7.454093,-1.028699,0.035188,0.015760,-0.010895,0.000000,0.000000,0.000000,-2.939698,7.837769,-1.547308,0.000000,0.000000,0.000000,346.249524,281.414599,1
6.906000,1.172931,-0.071348,0.218884,-0.846450,0.021704,0.868154,0.883874,0.027821,-0.000713,-0.028534,-0.166349,1.071590,-0.027477,-1.099067,-0.487425,0.045031,-0.001155,-0.046186,0.693115,1.267142,-0.032491,-1.299633,1.189178,-2.419509,0.062039,2.481547,-1.137856,0.687391,-0.017625,-0.705016,-1.245604,2.054964,-0.052691,-2.107656,-1.010722,-3.415576,0.087579,3.503155,-0.195756,0.460642,-0.011811,-0.472453,-1.113015,-0.482882,0.012382,0.495263,0.269899,-0.009076,0.000233,0.009308,0.230959,3.218623,-6.127745,-0.342093,0.437490,1.093625,0.528276,-3.056238,-4.885902,0.895491,-1.964574,6.034380,-1.445479,0.000000,0.000000,0.000000,346.289783,281.414163,1
6.916000,1.173278,-0.071550,0.216570,-0.846450,0.021704,0.868154,0.999240,0.027821,-0.000713,-0.028534,-0.033264,1.071590,-0.027477,-1.099067,-1.585423,0.045031,-0.001155,-0.046186,0.731911,1.267142,-0.032491,-1.299633,1.230397,-2.419509,0.062039,2.481547,-1.128683,0.687391,-0.017625,-0.705016,-1.235654,2.054964,-0.052691,-2.107656,-0.955382,-3.415576,0.087579,3.503155,-0.369446,0.460642,-0.011811,-0.472453,-1.018715,-0.482882,0.012382,0.495263,0.299468,-0.009076,0.000233,0.009308,0.079476,3.153124,-6.021150,-0.351192,2.680738,5.738858,2.387185,-3.222664,-5.244891,1.059136,-1.972404,6.158235,-1.504039,0.000000,0.000000,0.000000,346.408324,281.418143,1
6.922000,1.185228,-0.079028,0.227755,-0.461187,0.011825,0.473012,1.007852,0.101385,-0.002600,-0.103985,0.348421,1.314709,-0.033710,-1.348419,-1.930085,-0.268508,0.006885,0.275393,0.752374,1.158023,-0.029693,-1.187716,1.079163,-2.478489,0.063551,2.542040,-0.973578,0.407065,-0.010438,-0.417502,-0.634684,1.919314,-0.049213,-1.968527,-0.327444,-3.380081,0.086669,3.466750,-0.441275,0.308992,-0.007923,-0.316915,-0.896126,-0.217429,0.005575,0.223004,0.021499,0.024510,-0.000628,-0.025139,0.075367,3.506334,-5.614696,-0.451527,0.000000,0.000000,0.000000,-2.026522,-4.566450,0.990223,-2.143384,7.585706,-1.518224,0.000000,0.000000,0.000000,346.467180,281.413105,1
6.932000,1.186146,-0.079780,0.225931,-0.461187,0.011825,0.473012,1.153721,0.101385,-0.002600,-0.103985,0.487531,1.314709,-0.033710,-1.348419,-2.321450,-0.268508,0.006885,0.275393,0.839298,1.158023,-0.029693,-1.187716,1.112868,-2.478489,0.063551,2.542040,-0.991590,0.407065,-0.010438,-0.417502,-0.597185,1.919314,-0.049213,-1.968527,-0.350450,-3.380081,0.086669,3.466750,-0.457340,0.308992,-0.007923,-0.316915,-0.836119,-0.217429,0.005575,0.223004,0.007483,0.024510,-0.000628,-0.025139,0.044534,3.450589,-5.503069,-0.461009,0.000000,0.000000,0.000000,-1.904955,-4.574863,1.108286,-2.112492,7.776259,-1.603247,0.000000,0.000000,0.000000,346.573107,281.409438,1
6.938000,1.192640,-0.069713,0.228724,-0.172928,0.004434,0.177362,0.467084,1.376354,-0.035291,-1.411645,-0.712093,-1.776027,0.045539,1.821566,0.343327,0.101764,-0.002609,-0.104374,0.120347,1.212892,-0.031100,-1.243992,0.922025,-2.282229,0.058519,2.340747,-1.136295,0.926262,-0.023750,-0.950013,-1.389233,2.604067,-0.066771,-2.670838,-0.957636,-4.119373,0.105625,4.224998,0.154735,0.754505,-0.019346,-0.773851,-1.049963,-0.346301,0.008880,0.355180,0.074782,-0.072206,0.001851,0.074057,0.067879,3.526768,-5.936787,-0.284549,0.152979,0.361854,0.139955,-4.698314,-7.770340,0.683887,-2.213968,7.293287,-1.615736,0.000000,0.000000,0.000000,346.638556,281.429055,1
6.948000,1.193440,-0.069775,0.227170,-0.172928,0.004434,0.177362,0.557893,1.376354,-0.035291,-1.411645,-0.188805,-1.776027,0.045539,1.821566,-1.151351,0.101764,-0.002609,-0.104374,0.300812,1.212892,-0.031100,-1.243992,0.997585,-2.282229,0.058519,2.340747,-1.153599,0.926262,-0.023750,-0.950013,-1.229399,2.604067,-0.066771,-2.670838,-0.872930,-4.119373,0.105625,4.224998,0.010597,0.754505,-0.019346,-0.773851,-0.963890,-0.346301,0.008880,0.355180,0.112426,-0.072206,0.001851,0.074057,0.042771,3.607725,-5.575346,-0.062049,0.403742,0.639627,0.176219,-4.203877,-8.101042,1.456778,-1.990881,7.531465,-1.909648,0.000000,0.000000,0.000000,346.746242,281.415342,1
6.956000,1.192162,-0.072653,0.226609,-0.984996,0.025256,1.010252,0.930146,1.055368,-0.027061,-1.082429,0.619442,-2.709520,0.069475,2.778995,-0.818503,-0.809976,0.020769,0.830744,0.727031,0.696140,-0.017850,-0.713990,0.903630,-2.725748,0.069891,2.795639,0.471834,0.111724,-0.002865,-0.114589,-1.004368,2.013337,-0.051624,-2.064961,-0.938682,-4.303751,0.110353,4.414103,1.727670,1.040795,-0.026687,-1.067482,-0.656854,-0.035669,0.000915,0.036583,0.224920,-0.014179,0.000364,0.014543,0.007040,2.169933,-3.178795,0.004948,1.560798,1.963012,0.306624,-2.763993,-4.656915,0.628034,-2.619088,11.562402,-4.275453,0.000000,0.000000,0.000000,346.880978,281.492634,1
6.966000,1.191796,-0.072460,0.225208,-0.984996,0.025256,1.010252,1.166797,1.055368,-0.027061,-1.082429,0.463748,-2.709520,0.069475,2.778995,-0.797186,-0.809976,0.020769,0.830744,0.941602,0.696140,-0.017850,-0.713990,0.944971,-2.725748,0.069891,2.795639,0.241498,0.111724,-0.002865,-0.114589,-0.629968,2.013337,-0.051624,-2.064961,-0.346968,-4.303751,0.110353,4.414103,0.566732,1.040795,-0.026687,-1.067482,-0.580192,-0.035669,0.000915,0.036583,0.199722,-0.014179,0.000364,0.014543,-0.036343,2.279611,-4.018116,-0.336770,6.132857,9.406153,2.223554,-2.490193,-5.185907,1.166150,-2.823644,10.379242,-3.455360,0.000000,0.000000,0.000000,346.980435,281.524239,1
6.972000,1.204061,-0.066146,0.242016,-1.236696,0.031710,1.268406,1.292816,1.177274,-0.030187,-1.207461,-0.189152,-3.656735,0.093762,3.750497,0.420079,-1.118806,0.028687,1.147494,2.288011,0.525200,-0.013467,-0.538667,-0.274710,-3.082472,0.079038,3.161510,1.595605,-0.190363,0.004881,0.195244,-3.559509,1.926240,-0.049391,-1.975631,-0.894271,-4.524602,0.116015,4.640617,-0.407256,1.200761,-0.030789,-1.231550,0.009725,0.226165,-0.005799,-0.231964,1.642036,-0.614362,0.015753,0.630114,-1.461107,0.000000,0.000000,0.000000,5.017562,7.430038,1.206382,-3.183765,-5.033514,1.187288,0.000000,0.000000,0.000000,0.000000,0.000000,0.000000,347.081996,281.579019,1
6.982000,1.204272,-0.065693,0.242332,-1.236696,0.031710,1.268406,1.186558,1.177274,-0.030187,-1.207461,-0.218132,-3.656735,0.093762,3.750497,0.086100,-1.118806,0.028687,1.147494,1.847111,0.525200,-0.013467,-0.538667,-0.314464,-3.082472,0.079038,3.161510,1.498085,-0.190363,0.004881,0.195244,-2.302970,1.926240,-0.049391,-1.975631,-1.096618,-4.524602,0.116015,4.640617,1.024089,1.200761,-0.030789,-1.231550,0.017233,0.226165,-0.005799,-0.231964,1.272600,-0.614362,0.015753,0.630114,-1.352276,0.000000,0.000000,0.000000,4.596845,6.461547,0.883218,-3.722010,-5.645812,1.231207,0.000000,0.000000,0.000000,0.000000,0.000000,0.000000,347.258532,281.723191,1
6.990000,1.236674,-0.049043,0.244359,3.256695,-0.083505,-3.340200,-2.444268,-2.178643,0.055863,2.234506,1.046053,-4.445193,0.113979,4.559172,0.808205,3.139096,-0.080490,-3.219585,-2.981087,-0.761198,0.019518,0.780716,1.374754,-6.001059,0.153873,6.154932,2.327799,-1.953280,0.050084,2.003364,2.365242,-0.651879,0.016715,0.668594,0.089947,-3.313013,0.084949,3.397962,1.732396,3.186536,-0.081706,-3.268242,-1.705964,-3.336620,0.085554,3.422174,1.041444,-2.857243,0.073263,2.930505,-0.024600,0.000000,0.000000,0.000000,2.566607,3.402285,0.468981,-2.116500,-4.817942,0.662249,0.000000,0.000000,0.000000,0.000000,0.000000,0.000000,347.731187,282.194693,1
7.000000,1.238690,-0.048046,0.244087,3.256695,-0.083505,-3.340200,-2.717545,-2.178643,0.055863,2.234506,1.252773,-4.445193,0.113979,4.559172,0.517563,3.139096,-0.080490,-3.219585,-3.152029,-0.761198,0.019518,0.780716,0.801382,-6.001059,0.153873,6.154932,2.796874,-1.953280,0.050084,2.003364,2.142954,-0.651879,0.016715,0.668594,0.143028,-3.313013,0.084949,3.397962,1.701556,3.186536,-0.081706,-3.268242,-1.932349,-3.336620,0.085554,3.422174,1.150238,-2.857243,0.073263,2.930505,-0.217973,0.000000,0.000000,0.000000,2.836732,4.334066,0.794838,-2.726128,-5.983269,0.789658,0.000000,0.000000,0.000000,0.000000,0.000000,0.000000,348.364043,282.814774,1
7.004000,1.216526,-0.056766,0.240877,1.077297,-0.027623,-1.104920,-2.210530,0.489848,-0.012560,-0.502408,0.945555,-3.643183,0.093415,3.736598,-0.618844,-2.016446,0.051704,2.068150,1.330207,-1.983964,0.050871,2.034835,0.832064,3.568126,-0.091490,-3.659616,-2.141636,2.730305,-0.070008,-2.800312,-1.222488,0.085003,-0.002180,-0.087182,-0.142078,6.775109,-0.173721,-6.948830,-2.952345,1.510115,-0.038721,-1.548835,-1.592960,-0.254586,0.006528,0.261113,0.443217,-3.266728,0.083762,3.350491,-0.502390,0.000000,0.000000,0.000000,2.855211,7.041584,2.203251,-4.493325,-6.172976,-0.131700,0.000000,0.000000,0.000000,0.000000,0.000000,0.000000,348.546959,282.961924,1
7.014000,1.217055,-0.055997,0.240221,1.077297,-0.027623,-1.104920,-2.099582,0.489848,-0.012560,-0.502408,0.956611,-3.643183,0.093415,3.736598,-0.704099,-2.016446,0.051704,2.068150,1.436089,-1.983964,0.050871,2.034835,0.762344,3.568126,-0.091490,-3.659616,-1.876703,2.730305,-0.070008,-2.800312,-1.328609,0.085003,-0.002180,-0.087182,-0.124286,6.775109,-0.173721,-6.948830,-3.117170,1.510115,-0.038721,-1.548835,-1.400983,-0.254586,0.006528,0.261113,0.416397,-3.266728,0.083762,3.350491,-0.620043,0.000000,0.000000,0.000000,3.074065,7.314660,2.201359,-4.508176,-6.408946,0.014766,0.000000,0.000000,0.000000,0.000000,0.000000,0.000000,349.012647,283.323832,1
7.018000,1.225553,-0.062634,0.242270,0.446676,-0.011453,-0.458130,-0.802546,-0.115901,0.002972,0.118873,0.992522,-2.235522,0.057321,2.292843,-0.555740,-0.165797,0.004251,0.170048,-0.079832,-0.055453,0.001422,0.056875,-0.045670,-0.372043,0.009540,0.381583,0.030479,1.131013,-0.029000,-1.160014,-0.256560,0.068473,-0.001756,-0.070229,-0.154773,3.123058,-0.080078,-3.203136,-1.614893,0.736344,-0.018881,-0.755225,-0.296765,-0.732824,0.018790,0.751614,0.690419,-1.734895,0.044484,1.779379,-0.687270,0.000000,0.000000,0.000000,2.900359,6.424049,1.556042,-3.564546,-5.097220,0.617175,0.000000,0.000000,0.000000,0.000000,0.000000,0.000000,349.049586,283.340665,1
7.028000,1.223329,-0.062514,0.237675,0.850031,-0.021796,-0.871827,-1.037943,-0.421789,0.010815,0.432604,1.216762,-2.147460,0.055063,2.202523,-1.000309,0.371943,-0.009537,-0.381480,-0.680177,-0.129924,0.003331,0.133256,-0.021912,-0.872160,0.022363,0.894523,0.453229,0.807287,-0.020700,-0.827986,-0.007574,0.049008,-0.001257,-0.050264,-0.058366,1.922285,-0.049289,-1.971574,-0.685697,1.067492,-0.027372,-1.094863,-0.377315,-0.987075,0.025310,1.012385,0.736231,-1.648321,0.042265,1.690586,-1.055649,0.000000,0.000000,0.000000,3.176617,6.626029,1.708430,-3.723968,-6.017389,0.551543,0.000000,0.000000,0.000000,0.000000,0.000000,0.000000,349.135652,283.346915,1
7.032000,1.238383,-0.061913,0.244050,-0.145088,0.003720,0.148809,0.187168,0.082323,-0.002111,-0.084434,0.901260,-0.473782,0.012148,0.485930,-1.301607,-0.872497,0.022372,0.894869,0.404006,-0.109017,0.002795,0.111812,-0.188176,2.063449,-0.052909,-2.116358,-1.001466,0.290535,-0.007450,-0.297985,0.062529,-0.177180,0.004543,0.181723,-0.027435,-0.459529,0.011783,0.471312,0.437744,-0.087342,0.002240,0.089581,0.343631,0.182487,-0.004679,-0.187166,0.469101,-0.871155,0.022337,0.893492,-0.680342,0.000000,0.000000,0.000000,3.075707,6.236587,1.483155,-3.151000,-4.920366,0.546566,0.000000,0.000000,0.000000,0.000000,0.000000,0.000000,349.152431,283.352103,1
7.042000,1.239659,-0.061853,0.242108,-0.145088,0.003720,0.148809,0.118269,0.082323,-0.002111,-0.084434,1.032028,-0.473782,0.012148,0.485930,-1.659458,-0.872497,0.022372,0.894869,0.345847,-0.109017,0.002795,0.111812,-0.117164,2.063449,-0.052909,-2.116358,-0.970131,0.290535,-0.007450,-0.297985,0.057670,-0.177180,0.004543,0.181723,-0.030429,-0.459529,0.011783,0.471312,0.312367,-0.087342,0.002240,0.089581,0.326214,0.182487,-0.004679,-0.187166,0.491886,-0.871155,0.022337,0.893492,-0.930504,0.000000,0.000000,0.000000,3.316205,6.664009,1.560460,-3.520081,-5.521723,0.648248,0.000000,0.000000,0.000000,0.000000,0.000000,0.000000,349.196526,283.359142,1
7.046000,1.233088,-0.063812,0.237219,0.025134,-0.000644,-0.025778,-0.332528,0.050847,-0.001304,-0.052151,1.176077,-0.698168,0.017902,0.716070,-1.476153,-0.411835,0.010560,0.422395,0.003672,-0.184975,0.004743,0.189718,-0.040245,1.691632,-0.043375,-1.735007,-0.619839,0.688962,-0.017666,-0.706628,-0.011075,0.027762,-0.000712,-0.028473,-0.029475,1.196517,-0.030680,-1.227197,-0.312341,0.118998,-0.003051,-0.122050,0.374894,0.014451,-0.000371,-0.014821,0.419423,-0.893068,0.022899,0.915967,-1.096349,0.000000,0.000000,0.000000,3.332288,6.459493,1.512937,-3.849315,-5.330226,0.361020,0.000000,0.000000,0.000000,0.000000,0.000000,0.000000,349.211165,283.356323,1
7.056000,1.233845,-0.063662,0.234669,0.025134,-0.000644,-0.025778,-0.342451,0.050847,-0.001304,-0.052151,1.278172,-0.698168,0.017902,0.716070,-1.764918,-0.411835,0.010560,0.422395,0.001058,-0.184975,0.004743,0.189718,-0.027172,1.691632,-0.043375,-1.735007,-0.681441,0.688962,-0.017666,-0.706628,-0.005880,0.027762,-0.000712,-0.028473,-0.036302,1.196517,-0.030680,-1.227197,-0.373200,0.118998,-0.003051,-0.122050,0.428522,0.014451,-0.000371,-0.014821,0.416486,-0.893068,0.022899,0.915967,-1.315580,0.000000,0.000000,0.000000,3.502823,6.777170,1.581887,-4.077452,-5.790868,0.490705,0.000000,0.000000,0.000000,0.000000,0.000000,0.000000,349.253703,283.346880,1
7.060000,1.231604,-0.065355,0.232876,0.015910,-0.000408,-0.016318,-0.233995,0.079360,-0.002035,-0.081395,1.209721,-0.845889,0.021689,0.867578,-1.935755,-0.438622,0.011247,0.449869,0.012792,-0.186644,0.004786,0.191430,-0.052712,3.027037,-0.077616,-3.104653,-1.131630,0.696098,-0.017849,-0.713947,-0.016390,0.023020,-0.000590,-0.023610,-0.038059,1.841694,-0.047223,-1.888917,-0.609249,0.131884,-0.003382,-0.135266,0.497213,0.112273,-0.002879,-0.115152,0.305160,-1.233752,0.031635,1.265387,-1.332460,0.000000,0.000000,0.000000,3.624804,6.908769,1.594751,-4.108777,-6.286724,0.600244,0.000000,0.000000,0.000000,0.000000,0.000000,0.000000,349.286754,283.351319,1
7.070000,1.232020,-0.065237,0.229947,0.015910,-0.000408,-0.016318,-0.263737,0.079360,-0.002035,-0.081395,1.283355,-0.845889,0.021689,0.867578,-2.155801,-0.438622,0.011247,0.449869,0.007116,-0.186644,0.004786,0.191430,-0.041507,3.027037,-0.077616,-3.104653,-1.277842,0.696098,-0.017849,-0.713947,-0.009749,0.023020,-0.000590,-0.023610,-0.039371,1.841694,-0.047223,-1.888917,-0.685426,0.131884,-0.003382,-0.135266,0.545793,0.112273,-0.002879,-0.115152,0.281720,-1.233752,0.031635,1.265387,-1.515311,0.000000,0.000000,0.000000,3.728822,7.077241,1.630063,-4.246892,-6.554726,0.673269,0.000000,0.000000,0.000000,0.000000,0.000000,0.000000,349.379593,283.364028,1
7.074000,1.261215,-0.059208,0.243359,0.130836,-0.003355,-0.134190,-0.479900,-0.901448,0.023114,0.924562,1.169188,-0.645659,0.016555,0.662214,-0.605913,0.004821,-0.000124,-0.004945,-0.291043,-0.008756,0.000225,0.008980,-0.052733,1.174349,-0.030112,-1.204460,-0.553595,-0.032320,0.000829,0.033148,0.257904,-0.037335,0.000957,0.038292,-0.081546,-2.903301,0.074444,2.977745,1.217427,0.274174,-0.007030,-0.281204,0.368751,-0.777101,0.019926,0.797027,0.536677,-1.258808,0.032277,1.291085,-0.552537,0.000000,0.000000,0.000000,2.879824,5.338650,1.040073,-3.161861,-4.103324,0.286722,0.000000,0.000000,0.000000,0.000000,0.000000,0.000000,349.407981,283.382641,1
7.084000,1.262870,-0.059118,0.241492,0.130836,-0.003355,-0.134190,-0.506933,-0.901448,0.023114,0.924562,1.335853,-0.645659,0.016555,0.662214,-1.003309,0.004821,-0.000124,-0.004945,-0.252926,-0.008756,0.000225,0.008980,-0.045946,1.174349,-0.030112,-1.204460,-0.505973,-0.032320,0.000829,0.033148,0.274463,-0.037335,0.000957,0.038292,-0.063606,-2.903301,0.074444,2.977745,1.339726,0.274174,-0.007030,-0.281204,0.384813,-0.777101,0.019926,0.797027,0.585929,-1.258808,0.032277,1.291085,-0.858537,0.000000,0.000000,0.000000,3.132414,5.998394,1.210498,-3.558706,-4.883620,0.518671,0.000000,0.000000,0.000000,0.000000,0.000000,0.000000,349.490612,283.427594,1
7.088000,1.274634,-0.052980,0.235456,-0.017948,0.000460,0.018408,-0.577913,-0.195528,0.005014,0.200542,1.454008,-0.202072,0.005181,0.207253,-1.797607,-0.291746,0.007481,0.299227,-0.007921,-0.135574,0.003476,0.139050,-0.031205,1.700480,-0.043602,-1.744082,-0.669276,0.321388,-0.008241,-0.329629,0.100735,-0.485746,0.012455,0.498201,0.033978,-1.671645,0.042863,1.714508,0.820977,0.119406,-0.003062,-0.122468,0.317168,-0.026597,0.000682,0.027279,0.325290,-0.855385,0.021933,0.877318,-0.930444,0.000000,0.000000,0.000000,3.113602,6.084360,1.480351,-3.955772,-5.174891,0.343359,0.000000,0.000000,0.000000,0.000000,0.000000,0.000000,349.507294,283.434050,1
7.098000,1.276259,-0.052482,0.232691,-0.017948,0.000460,0.018408,-0.558121,-0.195528,0.005014,0.200542,1.549500,-0.202072,0.005181,0.207253,-2.021827,-0.291746,0.007481,0.299227,-0.012286,-0.135574,0.003476,0.139050,-0.022956,1.700480,-0.043602,-1.744082,-0.707492,0.321388,-0.008241,-0.329629,0.135734,-0.485746,0.012455,0.498201,0.018443,-1.671645,0.042863,1.714508,0.834560,0.119406,-0.003062,-0.122468,0.413150,-0.026597,0.000682,0.027279,0.360905,-0.855385,0.021933,0.877318,-1.190743,0.000000,0.000000,0.000000,3.349256,6.562650,1.582758,-4.097717,-5.501927,0.489162,0.000000,0.000000,0.000000,0.000000,0.000000,0.000000,349.553001,283.448234,1
7.104000,1.265398,-0.064559,0.231505,-0.279943,0.007178,0.287121,-0.137065,0.215602,-0.005528,-0.221130,1.489449,-0.401477,0.010294,0.411772,-2.207198,-0.922497,0.023654,0.946151,0.014556,-0.174831,0.004483,0.179314,-0.051178,3.832970,-0.098281,-3.931251,-1.139237,0.992452,-0.025447,-1.017900,0.037151,-0.400762,0.010276,0.411038,0.068612,0.885191,-0.022697,-0.907888,0.153367,-0.090365,0.002317,0.092682,0.680625,0.471981,-0.012102,-0.484083,0.199976,-1.273241,0.032647,1.305888,-1.087063,0.000000,0.000000,0.000000,3.440413,6.933385,1.626129,-4.292353,-6.270202,0.647974,0.000000,0.000000,0.000000,0.000000,0.000000,0.000000,349.598385,283.457855,1
7.114000,1.266372,-0.064474,0.228448,-0.279943,0.007178,0.287121,-0.121377,0.215602,-0.005528,-0.221130,1.550188,-0.401477,0.010294,0.411772,-2.379558,-0.922497,0.023654,0.946151,0.074215,-0.174831,0.004483,0.179314,-0.064551,3.832970,-0.098281,-3.931251,-1.497827,0.992452,-0.025447,-1.017900,-0.016107,-0.400762,0.010276,0.411038,0.042101,0.885191,-0.022697,-0.907888,-0.057210,-0.090365,0.002317,0.092682,0.769912,0.471981,-0.012102,-0.484083,0.197156,-1.273241,0.032647,1.305888,-1.309211,0.000000,0.000000,0.000000,3.606332,7.211019,1.671738,-4.381426,-6.465334,0.730577,0.000000,0.000000,0.000000,0.000000,0.000000,0.000000,349.691282,283.487269,1
7.118000,1.267929,-0.067954,0.229774,-0.182867,0.004689,0.187556,-0.122709,0.367252,-0.009417,-0.376669,1.487442,-0.863633,0.022144,0.885778,-2.410265,-0.920524,0.023603,0.944127,0.033805,-0.101992,0.002615,0.104607,-0.077216,4.334507,-0.111141,-4.445649,-1.613172,1.055956,-0.027076,-1.083032,-0.001821,-0.370988,0.009513,0.380501,0.017973,1.001845,-0.025688,-1.027534,-0.040907,-0.087587,0.002246,0.089833,0.722625,0.613940,-0.015742,-0.629682,0.146812,-1.647298,0.042238,1.689537,-1.263049,0.000000,0.000000,0.000000,3.709993,7.380225,1.770525,-4.524187,-6.924842,0.792017,0.000000,0.000000,0.000000,0.000000,0.000000,0.000000,349.740370,283.496735,1
7.128000,1.268668,-0.067907,0.226580,-0.182867,0.004689,0.187556,-0.127884,0.367252,-0.009417,-0.376669,1.518501,-0.863633,0.022144,0.885778,-2.512915,-0.920524,0.023603,0.944127,0.070230,-0.101992,0.002615,0.104607,-0.064122,4.334507,-0.111141,-4.445649,-1.855046,1.055956,-0.027076,-1.083032,-0.022671,-0.370988,0.009513,0.380501,-0.001034,1.001845,-0.025688,-1.027534,-0.178597,-0.087587,0.002246,0.089833,0.810196,0.613940,-0.015742,-0.629682,0.110628,-1.647298,0.042238,1.689537,-1.423223,0.000000,0.000000,0.000000,3.813011,7.482044,1.766248,-4.542462,-6.991528,0.844271,0.000000,0.000000,0.000000,0.000000,0.000000,0.000000,349.879342,283.529643,1
7.132000,1.286447,-0.061327,0.231369,0.330213,-0.008467,-0.338680,-0.524474,0.221060,-0.005668,-0.226728,1.448768,-1.442486,0.036987,1.479473,-1.944730,0.542095,-0.013900,-0.555995,-0.522518,-0.055451,0.001422,0.056873,-0.037751,1.658099,-0.042515,-1.700615,-0.711506,0.510341,-0.013086,-0.523427,0.249782,-0.498065,0.012771,0.510836,0.072880,-2.044942,0.052434,2.097376,1.063000,0.072102,-0.001849,-0.073951,0.321646,0.727714,-0.018659,-0.746374,0.081429,-2.325216,0.059621,2.384837,-0.706820,0.000000,0.000000,0.000000,3.405253,7.089782,1.371224,-4.369077,-6.351389,1.003818,0.000000,0.000000,0.000000,0.000000,0.000000,0.000000,349.915557,283.524988,1
7.142000,1.287981,-0.060861,0.228697,0.330213,-0.008467,-0.338680,-0.563019,0.221060,-0.005668,-0.226728,1.504772,-1.442486,0.036987,1.479473,-2.025641,0.542095,-0.013900,-0.555995,-0.619154,-0.055451,0.001422,0.056873,-0.035711,1.658099,-0.042515,-1.700615,-0.704116,0.510341,-0.013086,-0.523427,0.190766,-0.498065,0.012771,0.510836,0.048289,-2.044942,0.052434,2.097376,1.062355,0.072102,-0.001849,-0.073951,0.374247,0.727714,-0.018659,-0.746374,0.079694,-2.325216,0.059621,2.384837,-0.854249,0.032309,-0.186518,-0.063230,3.563965,7.431021,1.415165,-4.427389,-6.455235,1.079396,0.000000,0.000000,0.000000,0.000000,0.000000,0.000000,350.011052,283.509196,1
7.146000,1.282466,-0.065090,0.226097,-0.107149,0.002747,0.109896,-0.230435,0.853970,-0.021897,-0.875867,1.297175,-1.721691,0.044146,1.765837,-1.925515,-0.026388,0.000677,0.027064,-0.345671,-0.041428,0.001062,0.042491,-0.040829,2.585478,-0.066294,-2.651773,-1.079431,0.328986,-0.008436,-0.337422,0.472009,-0.389538,0.009988,0.399526,0.051243,-0.029883,0.000766,0.030650,0.280630,-0.426849,0.010945,0.437794,0.879333,1.381533,-0.035424,-1.416957,-0.257613,-2.590677,0.066428,2.657105,-0.809065,0.007451,-0.088251,-0.038068,3.475086,7.022230,1.519253,-4.397273,-6.476075,0.919350,0.000000,0.000000,0.000000,0.000000,0.000000,0.000000,350.053145,283.496235,1
7.156000,1.283348,-0.064711,0.223232,-0.107149,0.002747,0.109896,-0.233559,0.853970,-0.021897,-0.875867,1.343244,-1.721691,0.044146,1.765837,-1.988753,-0.026388,0.000677,0.027064,-0.329114,-0.041428,0.001062,0.042491,-0.044386,2.585478,-0.066294,-2.651773,-1.136809,0.328986,-0.008436,-0.337422,0.431287,-0.389538,0.009988,0.399526,0.027332,-0.029883,0.000766,0.030650,0.152825,-0.426849,0.010945,0.437794,0.972718,1.381533,-0.035424,-1.416957,-0.260306,-2.590677,0.066428,2.657105,-0.968986,0.026522,-0.578264,-0.276292,3.607504,7.333464,1.589605,-4.436344,-6.551424,0.974517,0.000792,0.002537,-0.001940,0.000000,0.000000,0.000000,350.165843,283.460034,1
7.160000,1.287991,-0.057874,0.221478,-0.238621,0.006118,0.244740,-0.401057,0.939047,-0.024078,-0.963125,1.184148,-1.847613,0.047375,1.894988,-1.597300,0.351301,-0.009008,-0.360309,-0.568749,0.007652,-0.000196,-0.007848,0.190713,1.565749,-0.040147,-1.605897,-1.889312,-0.128106,0.003285,0.131391,0.739896,-0.460548,0.011809,0.472357,0.145084,-0.075509,0.001936,0.077445,0.244670,-0.672864,0.017253,0.690117,0.920096,1.660984,-0.042589,-1.703573,-0.453743,-2.957159,0.075825,3.032984,-0.634777,1.888423,-5.428891,-0.874326,3.042057,7.055360,1.599451,-4.527297,-5.362390,0.464009,0.000054,0.002487,-0.001571,0.000000,0.000000,0.000000,350.209939,283.454591,1
7.170000,1.284887,-0.066515,0.220986,0.073331,-0.001880,-0.075211,-0.390554,0.806732,-0.020685,-0.827418,1.328036,-2.014752,0.051660,2.066413,-1.747900,0.087533,-0.002244,-0.089778,-0.465730,-0.040081,0.001028,0.041109,-0.098221,2.034179,-0.052158,-2.086338,-1.020280,0.077556,-0.001989,-0.079545,0.622918,-0.355332,0.009111,0.364443,0.014174,-0.046379,0.001189,0.047569,0.076570,-0.339673,0.008710,0.348383,1.037733,1.293841,-0.033175,-1.327016,-0.352387,-2.716243,0.069647,2.785890,-0.915745,0.275454,-2.277156,-0.993526,3.567438,7.154113,1.600466,-4.305758,-6.351886,0.858303,0.022115,0.165317,-0.107124,0.000000,0.000000,0.000000,350.313472,283.411814,1
7.176000,1.290726,-0.066589,0.222154,0.056920,-0.001459,-0.058379,-0.385657,1.021209,-0.026185,-1.047394,1.181588,-2.148391,0.055087,2.203478,-1.467152,0.234824,-0.006021,-0.240845,-0.605349,0.107008,-0.002744,-0.109752,0.102005,1.282270,-0.032879,-1.315149,-1.698535,-0.195301,0.005008,0.200309,0.735867,-0.370326,0.009496,0.379822,0.073660,-0.073844,0.001893,0.075737,0.084845,-0.453403,0.011626,0.465029,1.093612,1.643738,-0.042147,-1.685886,-0.599165,-2.991231,0.076698,3.067929,-0.499306,1.764100,-5.289999,-1.046525,3.180862,6.597362,1.500219,-4.278476,-5.568155,0.451088,0.004390,0.143844,-0.082995,0.000000,0.000000,0.000000,350.374168,283.400349,1
7.186000,1.291297,-0.066313,0.219834,0.056920,-0.001459,-0.058379,-0.477302,1.021209,-0.026185,-1.047394,1.226445,-2.148391,0.055087,2.203478,-1.417364,0.234824,-0.006021,-0.240845,-0.758482,0.107008,-0.002744,-0.109752,0.305720,1.282270,-0.032879,-1.315149,-2.299537,-0.195301,0.005008,0.200309,0.669405,-0.370326,0.009496,0.379822,0.077457,-0.073844,0.001893,0.075737,0.052574,-0.453403,0.011626,0.465029,1.043581,1.643738,-0.042147,-1.685886,-0.511233,-2.991231,0.076698,3.067929,-0.643132,1.615138,-5.320853,-1.231359,3.187640,6.977799,1.714539,-4.194771,-5.338986,0.383608,-0.010284,0.363626,-0.198809,0.000000,0.000000,0.000000,350.485806,283.383700,1
7.194000,1.312484,-0.059800,0.228277,0.199345,-0.005111,-0.204456,-0.783026,1.199811,-0.030764,-1.230575,0.621215,-2.549070,0.065361,2.614431,0.053733,0.309058,-0.007925,-0.316983,-1.078296,1.379029,-0.035360,-1.414389,0.416089,-1.687253,0.043263,1.730516,-1.517265,-0.922707,0.023659,0.946366,1.114392,-0.404774,0.010379,0.415153,0.180901,-0.184530,0.004732,0.189262,0.218551,-0.558171,0.014312,0.572483,0.473252,2.150864,-0.055150,-2.206014,-0.501330,-3.688065,0.094566,3.782631,0.440594,1.457920,-5.308106,-1.040029,2.353999,6.184425,1.229827,-3.452555,-3.206023,0.058250,-0.018308,0.014974,0.003858,0.000000,0.000000,0.000000,350.556490,283.390727,1
7.204000,1.313397,-0.059660,0.227637,0.199345,-0.005111,-0.204456,-0.781477,1.199811,-0.030764,-1.230575,0.692659,-2.549070,0.065361,2.614431,-0.045636,0.309058,-0.007925,-0.316983,-1.096048,1.379029,-0.035360,-1.414389,0.380055,-1.687253,0.043263,1.730516,-1.469373,-0.922707,0.023659,0.946366,1.156502,-0.404774,0.010379,0.415153,0.114731,-0.184530,0.004732,0.189262,0.152272,-0.558171,0.014312,0.572483,0.474607,2.150864,-0.055150,-2.206014,-0.423024,-3.688065,0.094566,3.782631,0.278773,1.359457,-5.099664,-1.034594,2.612037,6.999091,1.422032,-3.497917,-3.413378,0.181672,-0.104978,0.085966,0.022657,0.000000,0.000000,0.000000,350.636386,283.389582,1
7.210000,1.302006,-0.072487,0.227366,0.696216,-0.017852,-0.714067,-1.268077,1.090840,-0.027970,-1.118810,0.943886,-2.885602,0.073990,2.959592,-0.716691,0.760022,-0.019488,-0.779509,-1.486954,1.304904,-0.033459,-1.338363,0.146039,-2.384813,0.061149,2.445962,-1.390514,-1.033228,0.026493,1.059721,0.572790,0.066027,-0.001693,-0.067720,0.088846,-0.065521,0.001680,0.067201,0.025003,-0.150319,0.003854,0.154174,0.118798,1.844235,-0.047288,-1.891523,-0.700888,-3.503630,0.089837,3.593467,0.271550,1.959509,-5.848124,-1.246001,2.854365,6.083616,1.563128,-3.385512,-4.757369,0.531775,-4.059715,6.998327,-0.944766,0.000000,0.000000,0.000000,350.707023,283.378862,1
7.220000,1.300753,-0.073123,0.225078,0.578018,-0.014821,-0.592839,-0.714227,1.081799,-0.027738,-1.109538,0.612132,-2.794384,0.071651,2.866035,-0.493062,0.622789,-0.015969,-0.638758,-0.936230,1.468491,-0.037654,-1.506145,-0.081285,-2.674819,0.068585,2.743404,-1.118831,-0.997069,0.025566,1.022635,0.364770,-0.031011,0.000795,0.031806,0.611856,-0.114717,0.002941,0.117658,-0.719523,-0.242067,0.006207,0.248274,0.444431,1.958303,-0.050213,-2.008516,-0.815206,-3.675260,0.094237,3.769497,0.344975,2.132320,-5.601359,-1.033528,2.403502,4.497485,0.884131,-2.696493,-4.439674,0.794259,-2.116852,4.935117,-1.299918,0.000000,0.000000,0.000000,350.805331,283.372243,1
7.228000,1.301495,-0.074834,0.223027,0.733706,-0.018813,-0.752519,-0.748096,0.519811,-0.013328,-0.533140,0.590786,-3.036087,0.077848,3.113936,-0.674938,0.811631,-0.020811,-0.832442,-1.088377,0.654349,-0.016778,-0.671128,-0.022246,-2.326099,0.059644,2.385743,-1.709679,-1.339883,0.034356,1.374239,0.470435,0.065141,-0.001670,-0.066811,0.551250,-0.299331,0.007675,0.307007,-0.925535,-0.184519,0.004731,0.189250,0.534687,1.472534,-0.037757,-1.510291,-0.690800,-3.901299,0.100033,4.001332,-0.323876,2.192175,-6.743550,-1.360209,2.888420,5.330649,1.147769,-2.551483,-4.715850,0.993291,-2.429436,4.966809,-0.920110,0.000000,0.000000,0.000000,350.896430,283.333542,1
7.238000,1.301013,-0.075192,0.222231,0.733706,-0.018813,-0.752519,-0.697875,0.519811,-0.013328,-0.533140,0.452877,-3.036087,0.077848,3.113936,-0.493260,0.811631,-0.020811,-0.832442,-1.051837,0.654349,-0.016778,-0.671128,-0.156485,-2.326099,0.059644,2.385743,-1.496593,-1.339883,0.034356,1.374239,0.527144,0.065141,-0.001670,-0.066811,0.516539,-0.299331,0.007675,0.307007,-0.922471,-0.184519,0.004731,0.189250,0.562881,1.472534,-0.037757,-1.510291,-0.767961,-3.901299,0.100033,4.001332,-0.250098,2.079989,-6.323241,-1.258113,2.748746,4.941419,1.034020,-2.464672,-4.580686,0.961949,-2.393074,4.865943,-0.894458,0.000000,0.000000,0.000000,350.998059,283.301845,1
7.244000,1.312423,-0.082075,0.232891,0.264580,-0.006784,-0.271364,0.080600,0.037042,-0.000950,-0.037992,0.203980,-2.663320,0.068290,2.731610,-0.162711,0.268742,-0.006891,-0.275633,0.063161,0.942619,-0.024170,-0.966789,0.039025,-3.478886,0.089202,3.568088,-0.303108,-1.331212,0.034134,1.365346,0.339513,0.414595,-0.010631,-0.425226,0.150910,-2.657728,0.068147,2.725874,-0.166056,-0.747653,0.019171,0.766824,0.246952,0.967772,-0.024815,-0.992587,-0.670778,-3.182172,0.081594,3.263766,1.831667,2.848172,-5.124892,-0.243651,0.000000,0.000000,0.000000,-1.439837,-3.762015,1.436914,-2.440133,6.344561,-1.230844,0.000000,0.000000,0.000000,351.054606,283.332860,1
7.254000,1.312358,-0.082314,0.232582,0.264580,-0.006784,-0.271364,0.187651,0.037042,-0.000950,-0.037992,0.231686,-2.663320,0.068290,2.731610,-0.147776,0.268742,-0.006891,-0.275633,0.174375,0.942619,-0.024170,-0.966789,0.076444,-3.478886,0.089202,3.568088,-0.275995,-1.331212,0.034134,1.365346,0.431927,0.414595,-0.010631,-0.425226,0.240230,-2.657728,0.068147,2.725874,-0.261822,-0.747653,0.019171,0.766824,0.250553,0.967772,-0.024815,-0.992587,-0.557835,-3.182172,0.081594,3.263766,1.685778,2.976179,-5.247106,-0.201625,0.000000,0.000000,0.000000,-1.384796,-3.759007,1.472447,-2.578797,7.004121,-1.425585,0.000000,0.000000,0.000000,351.146841,283.377376,1
7.260000,1.321013,-0.084164,0.243720,-0.312712,0.008018,0.320731,0.198948,0.049265,-0.001263,-0.050528,-0.114994,-3.091268,0.079263,3.170532,1.830985,-0.240365,0.006163,0.246528,0.833712,0.571470,-0.014653,-0.586123,0.463767,-3.434232,0.088057,3.522290,-0.076692,-1.363075,0.034951,1.398026,0.417326,-0.119868,0.003074,0.122941,0.359985,-2.591281,0.066443,2.657724,-0.433102,-1.401071,0.035925,1.436995,0.857435,0.382888,-0.009818,-0.392706,-0.375138,-0.079462,0.002037,0.081499,-0.407507,2.980043,-5.843939,-0.021542,0.000000,0.000000,0.000000,0.000000,0.000000,0.000000,-2.622045,6.848079,-1.472510,0.000000,0.000000,0.000000,351.205723,283.415544,1
7.270000,1.321252,-0.084735,0.242801,-0.312712,0.008018,0.320731,0.318311,0.049265,-0.001263,-0.050528,-0.088498,-3.091268,0.079263,3.170532,1.649043,-0.240365,0.006163,0.246528,0.868663,0.571470,-0.014653,-0.586123,0.538524,-3.434232,0.088057,3.522290,-0.326219,-1.363075,0.034951,1.398026,0.396938,-0.119868,0.003074,0.122941,0.354560,-2.591281,0.066443,2.657724,-0.626530,-1.401071,0.035925,1.436995,0.806264,0.382888,-0.009818,-0.392706,-0.342443,-0.079462,0.002037,0.081499,-0.187959,3.182117,-6.471990,-0.140898,0.000000,0.000000,0.000000,0.000000,0.000000,0.000000,-2.749301,7.218205,-1.547665,0.000000,0.000000,0.000000,351.311581,283.458499,1
7.274000,1.329324,-0.080802,0.248662,4.044465,-0.103704,-4.148170,-1.794916,-2.598148,0.066619,2.664767,0.980871,7.572954,-0.194178,-7.767132,-4.312062,-1.427429,0.036601,1.464030,1.839605,-0.004130,0.000106,0.004236,0.748261,-3.063224,0.078544,3.141768,-0.051039,-2.274280,0.058315,2.332595,1.169415,-0.209617,0.005375,0.214992,0.180211,-3.423617,0.087785,3.511402,0.145578,-2.531366,0.064907,2.596273,0.760484,-0.163145,0.004183,0.167328,-0.070363,1.552372,-0.039804,-1.592177,-0.256159,2.804512,-6.185667,-0.113982,0.000000,0.000000,0.000000,0.000000,0.000000,0.000000,-2.616572,6.476093,-1.666557,0.000000,0.000000,0.000000,351.519902,283.665443,1
7.284000,1.329813,-0.081187,0.248136,4.044465,-0.103704,-4.148170,-2.314797,-2.598148,0.066619,2.664767,0.936437,7.572954,-0.194178,-7.767132,-3.952351,-1.427429,0.036601,1.464030,1.860668,-0.004130,0.000106,0.004236,0.894739,-3.063224,0.078544,3.141768,-0.419693,-2.274280,0.058315,2.332595,1.150472,-0.209617,0.005375,0.214992,0.240405,-3.423617,0.087785,3.511402,-0.148584,-2.531366,0.064907,2.596273,1.053271,-0.163145,0.004183,0.167328,-0.051853,1.552372,-0.039804,-1.592177,-0.441929,3.043935,-6.948185,-0.232785,0.000000,0.000000,0.000000,0.000000,0.000000,0.000000,-2.787850,7.149851,-1.882201,0.000000,0.000000,0.000000,352.055365,284.163926,1
7.288000,1.345644,-0.092737,0.242396,0.042611,-0.001093,-0.043704,0.390848,0.174412,-0.004472,-0.178884,-0.292538,-0.511653,0.013119,0.524772,-0.377071,-0.087126,0.002234,0.089360,1.057088,-0.355394,0.009113,0.364506,1.198431,-1.851605,0.047477,1.899082,-0.599959,-0.605093,0.015515,0.620608,0.317743,-0.719695,0.018454,0.738148,0.749134,-1.666022,0.042719,1.708740,-0.751938,-0.701349,0.017983,0.719333,-0.373368,0.228699,-0.005864,-0.234563,-0.147920,1.079508,-0.027680,-1.107188,-0.167130,3.223941,-5.423069,-0.204924,0.000000,0.000000,0.000000,0.000000,0.000000,0.000000,-2.020486,7.339461,-1.641482,0.000000,0.000000,0.000000,352.073211,284.158509,1
7.298000,1.347150,-0.093684,0.240523,0.042611,-0.001093,-0.043704,0.288429,0.174412,-0.004472,-0.178884,-0.263398,-0.511653,0.013119,0.524772,-0.070146,-0.087126,0.002234,0.089360,1.006935,-0.355394,0.009113,0.364506,1.314695,-1.851605,0.047477,1.899082,-0.901774,-0.605093,0.015515,0.620608,0.228668,-0.719695,0.018454,0.738148,0.791739,-1.666022,0.042719,1.708740,-1.018120,-0.701349,0.017983,0.719333,-0.238669,0.228699,-0.005864,-0.234563,-0.156278,1.079508,-0.027680,-1.107188,-0.264665,3.381712,-6.029118,-0.428428,0.000000,0.000000,0.000000,0.000000,0.000000,0.000000,-2.197533,7.824443,-1.686246,0.000000,0.000000,0.000000,352.126667,284.138499,1
7.302000,1.350856,-0.087660,0.241877,0.369558,-0.009476,-0.379033,0.112468,0.096618,-0.002477,-0.099096,-0.161855,-0.008774,0.000225,0.008999,0.178484,0.246854,-0.006330,-0.253184,0.205790,-0.160510,0.004116,0.164626,1.155255,-1.270499,0.032577,1.303076,-1.101244,-0.134715,0.003454,0.138169,-0.434696,-0.399309,0.010239,0.409547,0.578008,-1.276628,0.032734,1.309362,-0.959060,-0.470419,0.012062,0.482481,-0.099837,0.137874,-0.003535,-0.141409,-0.185676,0.905973,-0.023230,-0.929203,-0.356475,3.114975,-6.002958,-0.447289,0.000000,0.000000,0.000000,0.000000,0.000000,0.000000,-2.609476,6.968331,-1.494336,0.000000,0.000000,0.000000,352.141451,284.130132,1
7.312000,1.352075,-0.088019,0.239707,0.369558,-0.009476,-0.379033,0.051446,0.096618,-0.002477,-0.099096,-0.134949,-0.008774,0.000225,0.008999,0.099590,0.246854,-0.006330,-0.253184,0.215371,-0.160510,0.004116,0.164626,1.275459,-1.270499,0.032577,1.303076,-1.407593,-0.134715,0.003454,0.138169,-0.481380,-0.399309,0.010239,0.409547,0.591105,-1.276628,0.032734,1.309362,-1.192883,-0.470419,0.012062,0.482481,-0.061569,0.137874,-0.003535,-0.141409,-0.158447,0.905973,-0.023230,-0.929203,-0.316277,3.303778,-6.539891,-0.589067,0.000000,0.000000,0.000000,0.000000,0.000000,0.000000,-2.736201,7.348302,-1.573199,0.000000,0.000000,0.000000,352.184940,284.102295,1
7.316000,1.358601,-0.092546,0.235925,0.382872,-0.009817,-0.392689,0.053474,0.005697,-0.000146,-0.005843,-0.075317,2.206083,-0.056566,-2.262649,-0.682490,0.165162,-0.004235,-0.169397,0.274843,-0.042314,0.001085,0.043399,1.293128,-1.069589,0.027425,1.097015,-1.458532,-0.121391,0.003113,0.124504,-0.588365,-0.076577,0.001964,0.078540,0.351127,-1.461332,0.037470,1.498802,-1.010188,-0.481561,0.012348,0.493908,-0.138586,0.017801,-0.000456,-0.018257,-0.043625,0.718628,-0.018426,-0.737054,-0.118064,3.040582,-6.284689,-0.621602,0.000000,0.000000,0.000000,0.000000,0.000000,0.000000,-2.489324,7.071461,-1.348611,0.000000,0.000000,0.000000,352.205099,284.095866,1
7.326000,1.360094,-0.093235,0.233327,0.381623,-0.009785,-0.391408,0.028624,0.005748,-0.000147,-0.005896,-0.057696,2.174859,-0.055766,-2.230624,-0.827226,0.165570,-0.004245,-0.169815,0.315817,-0.046634,0.001196,0.047830,1.396730,-1.068363,0.027394,1.095757,-1.700003,-0.119342,0.003060,0.122402,-0.612174,-0.081761,0.002096,0.083857,0.359578,-1.455735,0.037327,1.493062,-1.221613,-0.459683,0.011787,0.471470,-0.117054,0.017717,-0.000454,-0.018171,-0.044967,0.685463,-0.017576,-0.703039,-0.135044,3.173407,-6.661202,-0.746051,0.000000,0.000000,0.000000,0.000000,0.000000,0.000000,-2.568291,7.415963,-1.420038,0.000000,0.000000,0.000000,352.264298,284.077432,1
7.330000,1.358402,-0.080918,0.238023,0.604968,-0.015512,-0.620480,-0.009030,-0.003661,0.000094,0.003755,-0.070518,2.716558,-0.069655,-2.786213,-0.948480,-0.034421,0.000883,0.035304,0.200048,-0.153029,0.003924,0.156953,1.333875,-1.045283,0.026802,1.072085,-1.742068,-0.293863,0.007535,0.301398,-0.340321,-0.289692,0.007428,0.297120,0.529636,-1.267310,0.032495,1.299805,-1.092725,-0.515811,0.013226,0.529037,-0.126969,0.003423,-0.000088,-0.003511,-0.018944,0.486721,-0.012480,-0.499201,-0.026481,3.162813,-6.843332,-0.449982,0.000000,0.000000,0.000000,0.000000,0.000000,0.000000,-2.712867,6.975438,-1.701118,0.000000,0.000000,0.000000,352.290272,284.075742,1
7.340000,1.359241,-0.080762,0.235469,0.604968,-0.015512,-0.620480,-0.011495,-0.003661,0.000094,0.003755,-0.052888,2.716558,-0.069655,-2.786213,-1.100483,-0.034421,0.000883,0.035304,0.229464,-0.153029,0.003924,0.156953,1.422659,-1.045283,0.026802,1.072085,-1.968643,-0.293863,0.007535,0.301398,-0.377530,-0.289692,0.007428,0.297120,0.527168,-1.267310,0.032495,1.299805,-1.288006,-0.515811,0.013226,0.529037,-0.068351,0.003423,-0.000088,-0.003511,-0.019092,0.486721,-0.012480,-0.499201,-0.040267,3.285996,-7.179438,-0.511001,0.000000,0.000000,0.000000,0.000000,0.000000,0.000000,-2.826390,7.270978,-1.784064,0.000000,0.000000,0.000000,352.364435,284.071208,1
7.344000,1.369182,-0.092370,0.234367,0.860960,-0.022076,-0.883036,-0.063756,-0.008437,0.000216,0.008654,-0.053445,2.644526,-0.067808,-2.712335,-1.015018,-0.055940,0.001434,0.057375,0.463159,-0.179740,0.004609,0.184349,1.473565,-1.036099,0.026567,1.062666,-1.770296,-0.311061,0.007976,0.319037,-0.296798,-0.431072,0.011053,0.442126,0.568257,-1.085753,0.027840,1.113593,-1.222258,-0.178934,0.004588,0.183522,-0.256143,-0.004713,0.000121,0.004834,-0.017409,0.427079,-0.010951,-0.438030,0.005452,3.194995,-6.652435,-0.734677,0.000000,0.000000,0.000000,0.000000,0.000000,0.000000,-2.570486,7.209906,-1.456760,0.000000,0.000000,0.000000,352.391418,284.071096,1
7.354000,1.367408,-0.088440,0.230526,0.883365,-0.022650,-0.906015,-0.049008,-0.007345,0.000188,0.007533,-0.058878,2.508265,-0.064314,-2.572580,-0.895967,0.108268,-0.002776,-0.111044,0.337223,0.078028,-0.002001,-0.080029,1.517181,-0.976116,0.025029,1.001144,-2.143079,-0.156968,0.004025,0.160993,-0.418620,-0.142915,0.003664,0.146579,0.508821,-1.069508,0.027423,1.096931,-1.475322,-0.528220,0.013544,0.541764,-0.162682,0.004619,-0.000118,-0.004737,-0.038166,1.329626,-0.034093,-1.363719,-0.267652,3.467847,-7.169506,-0.769379,0.000000,0.000000,0.000000,0.000000,0.000000,0.000000,-2.689328,7.672383,-1.682557,0.000000,0.000000,0.000000,352.460096,284.058200,1
7.358000,1.372198,-0.081313,0.232152,0.844581,-0.021656,-0.866237,-0.005329,-0.013277,0.000340,0.013618,-0.048860,2.222325,-0.056983,-2.279308,-0.699893,-0.027266,0.000699,0.027966,0.285847,-0.063383,0.001625,0.065008,1.532348,-0.958456,0.024576,0.983031,-1.943789,-0.275143,0.007055,0.282198,-0.463565,-0.337100,0.008644,0.345743,0.517668,-0.949011,0.024334,0.973345,-1.302118,-0.393897,0.010100,0.403997,-0.158654,-0.004116,0.000106,0.004221,-0.021930,0.685993,-0.017590,-0.703582,0.079332,3.199752,-6.890770,-0.648944,0.000000,0.000000,0.000000,0.000000,0.000000,0.000000,-2.668007,6.997533,-1.640009,0.000000,0.000000,0.000000,352.481361,284.052027,1
7.368000,1.373093,-0.081332,0.229167,0.844581,-0.021656,-0.866237,-0.023798,-0.013277,0.000340,0.013618,-0.043996,2.222325,-0.056983,-2.279308,-0.848961,-0.027266,0.000699,0.027966,0.310440,-0.063383,0.001625,0.065008,1.612006,-0.958456,0.024576,0.983031,-2.118262,-0.275143,0.007055,0.282198,-0.517279,-0.337100,0.008644,0.345743,0.514350,-0.949011,0.024334,0.973345,-1.494137,-0.393897,0.010100,0.403997,-0.142178,-0.004116,0.000106,0.004221,-0.026696,0.685993,-0.017590,-0.703582,-0.045864,3.296141,-7.141263,-0.710537,0.000000,0.000000,0.000000,0.000000,0.000000,0.000000,-2.760164,7.241699,-1.704094,0.000000,0.000000,0.000000,352.541561,284.037412,1
7.372000,1.385914,-0.090095,0.229797,0.150906,-0.003869,-0.154776,0.125374,-0.006922,0.000177,0.007100,-0.047057,2.132265,-0.054673,-2.186938,-0.812153,-0.385734,0.009891,0.395625,0.457175,0.116340,-0.002983,-0.119323,1.619251,-1.671454,0.042858,1.714312,-1.796923,-0.324102,0.008310,0.332412,-0.530176,0.099717,-0.002557,-0.102274,0.363542,-1.871725,0.047993,1.919718,-0.997085,-0.580901,0.014895,0.595796,-0.183589,-0.017447,0.000447,0.017895,-0.009742,-0.550974,0.014128,0.565101,0.282772,3.146757,-7.108373,-1.055061,0.000000,0.000000,0.000000,0.044851,-0.141929,0.120965,-2.663939,7.452854,-1.550535,0.000000,0.000000,0.000000,352.572150,284.023757,1
7.382000,1.387221,-0.091257,0.227705,0.250771,-0.006430,-0.257201,0.112012,-0.005943,0.000152,0.006096,-0.050610,2.378618,-0.060990,-2.439608,-0.986014,-0.394536,0.010116,0.404653,0.581550,0.175786,-0.004507,-0.180293,1.671251,-1.679478,0.043064,1.722542,-1.928541,-0.338291,0.008674,0.346965,-0.472239,0.154194,-0.003954,-0.158148,0.341018,-1.875163,0.048081,1.923244,-1.121922,-0.583546,0.014963,0.598508,-0.107942,-0.017917,0.000459,0.018377,-0.011571,-0.514329,0.013188,0.527517,0.291608,3.262104,-7.286729,-1.133993,0.000000,0.000000,0.000000,0.010528,-0.040215,0.033658,-2.701149,7.733236,-1.601040,0.000000,0.000000,0.000000,352.661024,283.990776,1
7.386000,1.418866,-0.099613,0.242076,-1.848778,0.047405,1.896182,0.998729,0.014386,-0.000369,-0.014755,-0.086762,-0.878081,0.022515,0.900596,0.384218,-0.282195,0.007236,0.289431,0.257826,0.695509,-0.017834,-0.713343,1.140584,-2.310300,0.059238,2.369539,-1.004113,0.575048,-0.014745,-0.589792,-0.704598,1.730765,-0.044379,-1.775143,-0.273716,-3.476836,0.089150,3.565986,0.350815,2.535483,-0.065012,-2.600495,-2.416867,-0.067259,0.001725,0.068983,-0.033979,-5.690715,0.145916,5.836631,2.897912,2.941099,-5.958830,-0.866358,0.125880,0.021932,-0.054636,0.000000,0.000000,0.000000,-2.156664,6.855100,-1.280107,0.000000,0.000000,0.000000,352.784474,284.088664,1
7.396000,1.421150,-0.100279,0.240387,-1.848778,0.047405,1.896182,1.305406,0.014386,-0.000369,-0.014755,-0.062704,-0.878081,0.022515,0.900596,0.381972,-0.282195,0.007236,0.289431,0.292124,0.695509,-0.017834,-0.713343,1.220591,-2.310300,0.059238,2.369539,-1.094310,0.575048,-0.014745,-0.589792,-0.772427,1.730765,-0.044379,-1.775143,-0.235089,-3.476836,0.089150,3.565986,0.161409,2.535483,-0.065012,-2.600495,-2.530321,-0.067259,0.001725,0.068983,-0.037441,-5.690715,0.145916,5.836631,2.876545,2.983345,-6.212220,-1.005803,2.296637,0.551880,-0.965071,0.000000,0.000000,0.000000,-2.366502,7.434736,-1.329732,0.000000,0.000000,0.000000,353.096364,284.331227,1
7.402000,1.404703,-0.100184,0.228829,-0.367321,0.009418,0.376740,0.764975,0.092999,-0.002385,-0.095383,-0.130897,2.312390,-0.059292,-2.371682,-0.940409,0.249771,-0.006404,-0.256176,-0.039180,1.581579,-0.040553,-1.622132,0.918796,-2.290613,0.058734,2.349346,-1.168727,1.006999,-0.025820,-1.032819,-1.229655,2.718563,-0.069707,-2.788270,-0.321413,-3.776768,0.096840,3.873609,-0.659189,0.055095,-0.001413,-0.056508,-1.018266,-0.186438,0.004780,0.191219,-0.022237,0.526001,-0.013487,-0.539488,0.290059,3.390336,-6.445066,-0.786489,-0.000082,0.001022,0.000682,-0.797124,-0.784558,-0.210999,-2.480418,8.676318,-1.979002,0.000000,0.000000,0.000000,353.166655,284.318114,1
7.412000,1.405699,-0.100922,0.226615,-0.367321,0.009418,0.376740,0.639707,0.092999,-0.002385,-0.095383,-0.201013,2.312390,-0.059292,-2.371682,-1.130145,0.249771,-0.006404,-0.256176,0.086487,1.581579,-0.040553,-1.622132,0.968925,-2.290613,0.058734,2.349346,-1.379399,1.006999,-0.025820,-1.032819,-1.227153,2.718563,-0.069707,-2.788270,-0.523541,-3.776768,0.096840,3.873609,-0.619284,0.055095,-0.001413,-0.056508,-0.917776,-0.186438,0.004780,0.191219,-0.025837,0.526001,-0.013487,-0.539488,0.095912,3.690050,-6.665029,-0.716836,-0.000785,0.005185,0.003714,-2.832226,-4.075819,-0.087863,-2.383688,8.402108,-1.907365,0.000000,0.000000,0.000000,353.296752,284.302409,1
7.416000,1.408314,-0.089854,0.234143,-0.922057,0.023642,0.945699,1.132613,0.190671,-0.004889,-0.195560,-0.102135,0.551803,-0.014149,-0.565952,-0.066066,0.533277,-0.013674,-0.546950,-0.142246,1.591291,-0.040802,-1.632093,0.810877,-2.107366,0.054035,2.161401,-1.304168,1.401143,-0.035927,-1.437070,-1.407876,3.112009,-0.079795,-3.191804,-1.017821,-4.170052,0.106924,4.276977,0.317993,0.470542,-0.012065,-0.482607,-1.065797,-0.123348,0.003163,0.126511,0.007311,-0.132731,0.003403,0.136134,0.200272,3.062303,-6.485284,-0.758198,-0.053100,0.116281,0.097291,-0.004306,-0.004632,-0.001164,-2.353966,7.541991,-1.871132,0.000000,0.000000,0.000000,353.346844,284.319363,1
7.426000,1.409182,-0.089835,0.232249,-0.922057,0.023642,0.945699,1.155237,0.190671,-0.004889,-0.195560,-0.128216,0.551803,-0.014149,-0.565952,-0.091827,0.533277,-0.013674,-0.546950,-0.125464,1.591291,-0.040802,-1.632093,0.875081,-2.107366,0.054035,2.161401,-1.465677,1.401143,-0.035927,-1.437070,-1.487511,3.112009,-0.079795,-3.191804,-1.013900,-4.170052,0.106924,4.276977,0.088447,0.470542,-0.012065,-0.482607,-1.104319,-0.123348,0.003163,0.126511,-0.013429,-0.132731,0.003403,0.136134,0.108769,3.190084,-6.816072,-0.833029,-0.072432,0.145249,0.127870,-0.845079,-0.912937,-0.222844,-2.398420,7.773986,-1.948322,0.000000,0.000000,0.000000,353.468203,284.348765,1
7.432000,1.410212,-0.096704,0.226141,-0.633877,0.016253,0.650130,0.836841,0.393633,-0.010093,-0.403726,0.160674,0.674223,-0.017288,-0.691511,-2.170957,0.154388,-0.003959,-0.158346,0.458679,1.591429,-0.040806,-1.632235,0.933013,-2.223343,0.057009,2.280352,-0.977065,1.019864,-0.026150,-1.046014,-1.130223,2.947309,-0.075572,-3.022881,-0.829736,-3.973931,0.101896,4.075826,-0.140116,0.371287,-0.009520,-0.380807,-0.873970,-0.108809,0.002790,0.111599,0.012782,0.288397,-0.007395,-0.295792,0.049809,3.595984,-5.284365,-0.045883,0.016532,0.048105,0.020710,-2.783717,-5.646280,0.994940,-1.865135,7.733028,-2.061949,0.000000,0.000000,0.000000,353.531468,284.358339,1
7.442000,1.410776,-0.097082,0.224485,-0.633877,0.016253,0.650130,1.008417,0.393633,-0.010093,-0.403726,0.231944,0.674223,-0.017288,-0.691511,-2.476920,0.154388,-0.003959,-0.158346,0.574639,1.591429,-0.040806,-1.632235,0.966506,-2.223343,0.057009,2.280352,-0.974108,1.019864,-0.026150,-1.046014,-1.061746,2.947309,-0.075572,-3.022881,-0.841780,-3.973931,0.101896,4.075826,-0.171425,0.371287,-0.009520,-0.380807,-0.823162,-0.108809,0.002790,0.111599,0.002506,0.288397,-0.007395,-0.295792,0.022705,3.505559,-5.142217,-0.050884,0.040743,0.110862,0.046777,-2.546538,-5.455821,1.097960,-1.818022,7.850616,-2.149510,0.000000,0.000000,0.000000,353.641731,284.374824,1
7.450000,1.411573,-0.087664,0.221180,-0.302908,0.007767,0.310674,0.545906,1.548339,-0.039701,-1.588040,-0.311403,-2.124199,0.054467,2.178665,-1.379453,0.094901,-0.002433,-0.097334,0.352811,1.393592,-0.035733,-1.429325,0.809850,-2.295611,0.058862,2.354473,-0.979431,1.024887,-0.026279,-1.051166,-1.299912,3.003898,-0.077023,-3.080921,-1.316313,-4.418404,0.113292,4.531697,0.466985,0.755351,-0.019368,-0.774719,-0.791537,-0.081680,0.002094,0.083774,0.049102,0.079086,-0.002028,-0.081114,0.016048,3.340082,-4.836503,0.213066,0.121326,0.455901,0.214490,-4.356845,-8.055484,1.808006,-1.626376,6.037016,-1.730436,0.000000,0.000000,0.000000,353.764324,284.393343,1
7.460000,1.411848,-0.087227,0.220055,-0.302908,0.007767,0.310674,0.733866,1.548339,-0.039701,-1.588040,-0.048212,-2.124199,0.054467,2.178665,-1.947519,0.094901,-0.002433,-0.097334,0.477501,1.393592,-0.035733,-1.429325,0.835397,-2.295611,0.058862,2.354473,-0.845535,1.024887,-0.026279,-1.051166,-1.163945,3.003898,-0.077023,-3.080921,-1.167558,-4.418404,0.113292,4.531697,0.348608,0.755351,-0.019368,-0.774719,-0.794380,-0.081680,0.002094,0.083774,0.057481,0.079086,-0.002028,-0.081114,0.008885,3.189731,-4.513999,0.267203,0.349166,0.783286,0.299912,-3.877404,-7.468911,1.830091,-1.574698,6.489081,-2.022374,0.000000,0.000000,0.000000,353.912327,284.391845,1
7.466000,1.417933,-0.087753,0.227041,-0.743467,0.019063,0.762530,1.408307,1.314323,-0.033701,-1.348024,0.070660,-1.791739,0.045942,1.837681,-1.557176,-0.328585,0.008425,0.337011,0.978959,1.551833,-0.039791,-1.591623,0.775788,-2.740071,0.070258,2.810329,-0.236224,0.613754,-0.015737,-0.629491,-0.693195,2.733662,-0.070094,-2.803756,-1.024457,-4.062439,0.104165,4.166604,0.556335,0.924000,-0.023692,-0.947693,-1.016176,-0.066997,0.001718,0.068715,-0.005485,0.093546,-0.002399,-0.095945,0.016745,2.930543,-4.085803,0.124679,0.139280,0.118031,-0.001973,-2.471281,-5.251767,1.105355,-1.502734,6.267740,-1.786981,0.000000,0.000000,0.000000,353.989433,284.410662,1
7.476000,1.418120,-0.087302,0.226073,-0.743467,0.019063,0.762530,1.440616,1.314323,-0.033701,-1.348024,0.029937,-1.791739,0.045942,1.837681,-1.395164,-0.328585,0.008425,0.337011,0.987027,1.551833,-0.039791,-1.591623,0.814508,-2.740071,0.070258,2.810329,-0.201374,0.613754,-0.015737,-0.629491,-0.697568,2.733662,-0.070094,-2.803756,-0.896153,-4.062439,0.104165,4.166604,0.356888,0.924000,-0.023692,-0.947693,-1.046300,-0.066997,0.001718,0.068715,-0.009795,0.093546,-0.002399,-0.095945,0.011069,2.887357,-4.163887,0.065874,0.410721,0.347466,-0.006485,-2.263271,-4.916836,1.084618,-1.601521,7.022670,-2.089520,0.000000,0.000000,0.000000,354.102730,284.434593,1
7.482000,1.437870,-0.073035,0.236950,-1.075615,0.027580,1.103195,0.845103,1.087121,-0.027875,-1.114996,-0.126578,-2.933408,0.075216,3.008623,0.135970,-0.859597,0.022041,0.881638,0.621234,1.197059,-0.030694,-1.227753,0.579430,-3.424496,0.087808,3.512303,0.302954,0.049165,-0.001261,-0.050426,-0.478572,2.012618,-0.051606,-2.064224,-0.770986,-4.108674,0.105351,4.214024,1.031650,1.247264,-0.031981,-1.279245,-0.375614,-0.019560,0.000502,0.020061,1.042149,-0.045233,0.001160,0.046393,-0.636666,1.859379,-4.684868,-0.794730,2.877176,5.312888,1.277746,-2.607203,-4.121858,0.385024,-1.889550,3.722655,-0.410942,0.000000,0.000000,0.000000,354.164528,284.487500,1
7.492000,1.438518,-0.071928,0.237038,-1.075615,0.027580,1.103195,0.800557,1.087121,-0.027875,-1.114996,-0.176857,-2.933408,0.075216,3.008623,0.017976,-0.859597,0.022041,0.881638,0.571136,1.197059,-0.030694,-1.227753,0.580203,-3.424496,0.087808,3.512303,0.112174,0.049165,-0.001261,-0.050426,-0.493267,2.012618,-0.051606,-2.064224,-0.835492,-4.108674,0.105351,4.214024,0.940578,1.247264,-0.031981,-1.279245,-0.421822,-0.019560,0.000502,0.020061,0.971469,-0.045233,0.001160,0.046393,-0.711285,1.897638,-4.999299,-0.885941,2.876307,5.188042,1.181011,-2.776643,-4.295171,0.381199,-1.885803,3.803763,-0.470218,0.000000,0.000000,0.000000,354.255023,284.563089,1
7.500000,1.427891,-0.083413,0.236911,-2.204887,0.056536,2.261422,0.568533,0.495279,-0.012699,-0.507978,0.149411,-3.448166,0.088415,3.536580,0.351751,-2.108608,0.054067,2.162674,0.588247,-0.119740,0.003070,0.122810,0.368547,-2.679919,0.068716,2.748635,0.617040,5.828687,-0.149454,-5.978141,-4.533102,-0.540341,0.013855,0.554196,-0.123199,8.989419,-0.230498,-9.219917,-5.041452,-0.685932,0.017588,0.703520,0.102691,0.109135,-0.002798,-0.111934,1.435837,-2.403118,0.061618,2.464736,-1.595114,0.472047,-4.085087,-1.474478,3.730224,9.863371,3.146360,-4.159104,-4.428336,-0.076944,0.000000,0.000000,0.000000,0.000000,0.000000,0.000000,354.922488,285.162771,1
7.510000,1.427336,-0.083776,0.236895,-2.204887,0.056536,2.261422,0.613149,0.495279,-0.012699,-0.507978,0.161273,-3.448166,0.088415,3.536580,0.152778,-2.108608,0.054067,2.162674,0.629188,-0.119740,0.003070,0.122810,0.449559,-2.679919,0.068716,2.748635,0.183432,5.828687,-0.149454,-5.978141,-4.693047,-0.540341,0.013855,0.554196,-0.065307,8.989419,-0.230498,-9.219917,-4.658456,-0.685932,0.017588,0.703520,0.246340,0.109135,-0.002798,-0.111934,1.212019,-2.403118,0.061618,2.464736,-1.479135,0.610619,-4.504634,-1.593431,3.675904,9.296915,2.887352,-4.293229,-4.666023,-0.037189,0.000000,0.000000,0.000000,0.000000,0.000000,0.000000,355.711749,285.874042,1
7.516000,1.424096,-0.085863,0.234424,-0.054813,0.001405,0.056218,-0.907465,-0.240468,0.006166,0.246633,0.572744,-3.287290,0.084289,3.371579,0.003048,-0.002496,0.000064,0.002560,-0.920797,0.143660,-0.003684,-0.147344,0.240539,-3.974371,0.101907,4.076278,0.611028,1.442987,-0.037000,-1.479987,-0.396318,0.528704,-0.013557,-0.542260,-0.331375,1.133335,-0.029060,-1.162394,-0.119614,0.899890,-0.023074,-0.922964,-1.025896,-1.033426,0.026498,1.059924,1.125036,-2.057823,0.052765,2.110587,-0.991866,0.639644,-3.564687,-1.192363,2.586499,7.220038,2.070779,-3.809633,-4.616487,-0.011614,0.000000,0.000000,0.000000,0.000000,0.000000,0.000000,355.758963,285.895070,1
7.526000,1.423883,-0.086080,0.233685,-0.054813,0.001405,0.056218,-0.848436,-0.240468,0.006166,0.246633,0.611157,-3.287290,0.084289,3.371579,-0.080011,-0.002496,0.000064,0.002560,-0.846486,0.143660,-0.003684,-0.147344,0.233023,-3.974371,0.101907,4.076278,0.576574,1.442987,-0.037000,-1.479987,-0.411316,0.528704,-0.013557,-0.542260,-0.290266,1.133335,-0.029060,-1.162394,-0.261612,0.899890,-0.023074,-0.922964,-0.939451,-1.033426,0.026498,1.059924,1.122786,-2.057823,0.052765,2.110587,-1.043909,0.833218,-3.790186,-1.181460,2.838965,7.530555,2.089554,-3.853294,-4.817770,0.070664,0.000000,0.000000,0.000000,0.000000,0.000000,0.000000,355.840820,285.925782,1
7.532000,1.425942,-0.084042,0.238179,0.123504,-0.003167,-0.126671,-1.101022,-0.265741,0.006814,0.272555,0.735764,-3.392500,0.086987,3.479487,-0.421499,0.162750,-0.004173,-0.166923,-0.341870,0.173633,-0.004452,-0.178085,-0.025453,-4.164059,0.106771,4.270829,2.308463,1.519737,-0.038968,-1.558705,-0.231396,0.487179,-0.012492,-0.499671,-0.286234,1.655773,-0.042456,-1.698229,-0.473070,0.969931,-0.024870,-0.994801,-0.625082,-1.150165,0.029491,1.179656,0.577750,-2.226283,0.057084,2.283367,-0.831128,0.000000,0.000000,0.000000,2.942141,6.493593,1.594766,-4.286852,-6.310279,0.417030,0.000000,0.000000,0.000000,0.000000,0.000000,0.000000,355.938233,285.982822,1
7.542000,1.425782,-0.083797,0.236621,0.123504,-0.003167,-0.126671,-1.033251,-0.265741,0.006814,0.272555,0.827590,-3.392500,0.086987,3.479487,-0.602996,0.162750,-0.004173,-0.166923,-0.325781,0.173633,-0.004452,-0.178085,-0.065176,-4.164059,0.106771,4.270829,2.178657,1.519737,-0.038968,-1.558705,-0.315915,0.487179,-0.012492,-0.499671,-0.268016,1.655773,-0.042456,-1.698229,-0.562507,0.969931,-0.024870,-0.994801,-0.501016,-1.150165,0.029491,1.179656,0.650976,-2.226283,0.057084,2.283367,-1.101195,0.004404,-0.023791,-0.010823,3.220595,7.048230,1.717767,-4.424612,-6.679186,0.538618,0.000000,0.000000,0.000000,0.000000,0.000000,0.000000,356.110108,286.062447,1
7.546000,1.445539,-0.079285,0.243768,0.044012,-0.001129,-0.045140,-0.855185,-0.052674,0.001351,0.054024,0.924441,-2.199590,0.056400,2.255989,-0.735462,-1.051249,0.026955,1.078204,0.776279,-0.923694,0.023684,0.947379,0.376838,-0.093845,0.002406,0.096251,-0.333765,1.357495,-0.034808,-1.392303,-0.204031,0.281166,-0.007209,-0.288375,-0.163994,1.426482,-0.036576,-1.463059,-0.370505,0.567704,-0.014557,-0.582260,-0.204713,-0.362027,0.009283,0.371309,0.373879,-2.111937,0.054152,2.166090,-0.628218,0.000000,0.000000,0.000000,2.893877,6.651439,1.652869,-4.136787,-5.661437,0.283512,0.000000,0.000000,0.000000,0.000000,0.000000,0.000000,356.131973,286.059895,1
7.556000,1.446234,-0.078921,0.242167,0.044012,-0.001129,-0.045140,-0.815174,-0.052674,0.001351,0.054024,1.033502,-2.199590,0.056400,2.255989,-0.989351,-1.051249,0.026955,1.078204,0.720770,-0.923694,0.023684,0.947379,0.288679,-0.093845,0.002406,0.096251,-0.157433,1.357495,-0.034808,-1.392303,-0.262273,0.281166,-0.007209,-0.288375,-0.163839,1.426482,-0.036576,-1.463059,-0.455855,0.567704,-0.014557,-0.582260,-0.112500,-0.362027,0.009283,0.371309,0.429298,-2.111937,0.054152,2.166090,-0.906557,0.000000,0.000000,0.000000,3.146714,7.143116,1.741929,-4.290536,-6.115743,0.458723,0.000000,0.000000,0.000000,0.000000,0.000000,0.000000,356.198556,286.042262,1
7.562000,1.467354,-0.083442,0.239400,-0.146048,0.003745,0.149792,-0.290371,0.098602,-0.002528,-0.101130,1.271655,-0.372332,0.009547,0.381879,-1.653896,-1.065898,0.027331,1.093228,-0.007314,-0.065889,0.001689,0.067578,-0.061337,2.235622,-0.057324,-2.292945,-0.310877,1.162678,-0.029812,-1.192490,0.069186,-0.091170,0.002338,0.093508,-0.011345,1.613157,-0.041363,-1.654520,0.099807,-0.051144,0.001311,0.052455,0.331295,0.420261,-0.010776,-0.431037,0.350923,-1.331182,0.034133,1.365315,-0.898609,0.000000,0.000000,0.000000,3.274767,6.741998,1.664682,-4.001843,-5.336538,0.450393,0.000000,0.000000,0.000000,0.000000,0.000000,0.000000,356.217593,286.031987,1
7.572000,1.468467,-0.083328,0.236910,-0.146048,0.003745,0.149792,-0.262256,0.098602,-0.002528,-0.101130,1.355328,-0.372332,0.009547,0.381879,-1.930186,-1.065898,0.027331,1.093228,0.121874,-0.065889,0.001689,0.067578,-0.070863,2.235622,-0.057324,-2.292945,-0.685032,1.162678,-0.029812,-1.192490,-0.020568,-0.091170,0.002338,0.093508,-0.046720,1.613157,-0.041363,-1.654520,-0.285564,-0.051144,0.001311,0.052455,0.411691,0.420261,-0.010776,-0.431037,0.322687,-1.331182,0.034133,1.365315,-1.108108,0.000000,0.000000,0.000000,3.483950,7.050440,1.700155,-4.244654,-5.773888,0.575894,0.000000,0.000000,0.000000,0.000000,0.000000,0.000000,356.265565,286.028467,1
7.576000,1.479989,-0.078423,0.233849,-0.201212,0.005159,0.206371,-0.195900,-0.032657,0.000837,0.033494,1.357475,-0.357655,0.009171,0.366825,-1.705726,-0.389677,0.009992,0.399669,-0.339852,-0.001140,0.000029,0.001169,-0.098766,1.796325,-0.046060,-1.842384,-0.361370,0.014901,-0.000382,-0.015283,0.565007,-0.028589,0.000733,0.029322,-0.044470,-0.939220,0.024083,0.963303,0.650673,-0.154580,0.003964,0.158544,0.804356,0.215277,-0.005520,-0.220797,0.145499,-1.074632,0.027555,1.102187,-0.839074,0.080030,-0.124270,-0.015054,3.192303,6.053274,1.138146,-3.717028,-5.317315,0.219090,0.000000,0.000000,0.000000,0.000000,0.000000,0.000000,356.278503,286.027253,1
7.586000,1.481252,-0.078294,0.231052,-0.201212,0.005159,0.206371,-0.167964,-0.032657,0.000837,0.033494,1.456314,-0.357655,0.009171,0.366825,-1.967244,-0.389677,0.009992,0.399669,-0.204035,-0.001140,0.000029,0.001169,-0.074017,1.796325,-0.046060,-1.842384,-0.628839,0.014901,-0.000382,-0.015283,0.551275,-0.028589,0.000733,0.029322,-0.034981,-0.939220,0.024083,0.963303,0.550263,-0.154580,0.003964,0.158544,0.872641,0.215277,-0.005520,-0.220797,0.187775,-1.074632,0.027555,1.102187,-1.114056,0.509424,-1.546927,-0.329935,3.382814,6.565459,1.275275,-3.948327,-5.659958,0.268193,0.000000,0.000000,0.000000,0.000000,0.000000,0.000000,356.318428,286.024843,1
7.592000,1.498581,-0.086882,0.238997,0.325765,-0.008353,-0.334118,-0.045961,0.200561,-0.005143,-0.205704,1.820534,-0.705350,0.018086,0.723436,-2.015636,-0.598235,0.015339,0.613574,-0.558515,-0.019107,0.000490,0.019597,-0.023215,2.057433,-0.052755,-2.110187,-0.577704,0.507747,-0.013019,-0.520766,0.016353,-0.013452,0.000345,0.013797,-0.007221,0.143524,-0.003680,-0.147204,0.143132,0.581388,-0.014907,-0.596296,0.546004,-0.115010,0.002949,0.117959,0.755564,-0.544475,0.013961,0.558435,-1.036036,0.000000,0.000000,0.000000,3.561871,6.811662,1.615203,-3.718332,-6.419953,0.686867,0.000000,0.000000,0.000000,0.000000,0.000000,0.000000,356.345027,286.014127,1
7.602000,1.500288,-0.087363,0.236134,0.325765,-0.008353,-0.334118,-0.052174,0.200561,-0.005143,-0.205704,1.902880,-0.705350,0.018086,0.723436,-2.220793,-0.598235,0.015339,0.613574,-0.372851,-0.019107,0.000490,0.019597,-0.033434,2.057433,-0.052755,-2.110187,-0.740850,0.507747,-0.013019,-0.520766,0.003839,-0.013452,0.000345,0.013797,-0.010590,0.143524,-0.003680,-0.147204,0.075285,0.581388,-0.014907,-0.596296,0.610918,-0.115010,0.002949,0.117959,0.734922,-0.544475,0.013961,0.558435,-1.198749,0.000000,0.000000,0.000000,3.686052,7.032918,1.665016,-3.858537,-6.690765,0.751733,0.000000,0.000000,0.000000,0.000000,0.000000,0.000000,356.394446,285.998057,1
7.606000,1.482262,-0.083560,0.236344,-0.195889,0.005023,0.200912,-0.053308,-0.380717,0.009762,0.390479,0.947296,-0.399811,0.010252,0.410062,-1.778548,-0.686707,0.017608,0.704315,0.668877,-0.190723,0.004890,0.195613,-0.023156,0.773586,-0.019836,-0.793421,-0.137064,0.092297,-0.002367,-0.094664,0.140542,-0.027542,0.000706,0.028249,0.003990,-0.859309,0.022034,0.881342,0.442404,-0.040879,0.001048,0.041928,0.145486,-0.338590,0.008682,0.347272,0.450652,-0.777126,0.019926,0.797052,-1.357127,0.000000,0.000000,0.000000,3.438135,6.201647,1.382618,-4.418866,-5.698284,0.482413,0.000000,0.000000,0.000000,0.000000,0.000000,0.000000,356.407814,285.996709,1
7.616000,1.482662,-0.083092,0.233592,-0.195889,0.005023,0.200912,-0.056194,-0.380717,0.009762,0.390479,1.024242,-0.399811,0.010252,0.410062,-1.995679,-0.686707,0.017608,0.704315,0.518177,-0.190723,0.004890,0.195613,-0.021504,0.773586,-0.019836,-0.793421,-0.201986,0.092297,-0.002367,-0.094664,0.200999,-0.027542,0.000706,0.028249,-0.004646,-0.859309,0.022034,0.881342,0.434575,-0.040879,0.001048,0.041928,0.189114,-0.338590,0.008682,0.347272,0.466285,-0.777126,0.019926,0.797052,-1.608858,0.000000,0.000000,0.000000,3.662209,6.565160,1.446857,-4.643244,-6.051651,0.574183,0.000000,0.000000,0.000000,0.000000,0.000000,0.000000,356.443947,285.990135,1
7.620000,1.498713,-0.082435,0.231327,-0.223824,0.005739,0.229563,-0.020472,0.778723,-0.019967,-0.798691,1.328037,-1.454168,0.037286,1.491455,-2.161642,-1.260124,0.032311,1.292435,0.026435,-0.119152,0.003055,0.122207,-0.062102,5.070174,-0.130004,-5.200178,-1.265729,0.940301,-0.024110,-0.964411,0.429243,-0.028106,0.000721,0.028827,-0.047164,1.585218,-0.040647,-1.625865,0.166340,-0.277122,0.007106,0.284228,0.736182,0.982056,-0.025181,-1.007237,0.056109,-2.022765,0.051866,2.074631,-1.020648,0.000000,0.000000,0.000000,3.615243,7.570315,1.702058,-4.554680,-7.059922,0.989734,0.000000,0.000000,0.000000,0.000000,0.000000,0.000000,356.499876,285.988810,1
7.630000,1.499702,-0.082135,0.228462,-0.223824,0.005739,0.229563,-0.017917,0.778723,-0.019967,-0.798691,1.364810,-1.454168,0.037286,1.491455,-2.285338,-1.260124,0.032311,1.292435,0.139993,-0.119152,0.003055,0.122207,-0.066752,5.070174,-0.130004,-5.200178,-1.892659,0.940301,-0.024110,-0.964411,0.264492,-0.028106,0.000721,0.028827,-0.064224,1.585218,-0.040647,-1.625865,-0.235694,-0.277122,0.007106,0.284228,0.822369,0.982056,-0.025181,-1.007237,0.014106,-2.022765,0.051866,2.074631,-1.168474,0.000000,0.000000,0.000000,3.691586,7.539262,1.623209,-4.631707,-7.141589,1.023883,0.000000,0.000000,0.000000,0.000000,0.000000,0.000000,356.678337,286.023150,1
7.634000,1.504420,-0.092702,0.234113,0.013232,-0.000339,-0.013571,-0.010627,0.732553,-0.018783,-0.751336,1.321233,-1.779674,0.045633,1.825306,-1.891726,-0.004710,0.000121,0.004831,-0.144598,-0.056916,0.001459,0.058375,-0.051770,2.915869,-0.074766,-2.990635,-1.180742,-0.472043,0.012104,0.484147,0.913870,-0.045041,0.001155,0.046196,-0.017378,-1.412694,0.036223,1.448916,0.809716,-0.385488,0.009884,0.395372,0.959880,1.291460,-0.033114,-1.324575,-0.195607,-2.618314,0.067136,2.685450,-0.592717,0.000000,0.000000,0.000000,3.319599,6.531513,1.647302,-4.089045,-6.806481,0.690296,-0.044766,0.028540,0.005233,0.000000,0.000000,0.000000,356.725647,286.022124,1
7.644000,1.505294,-0.093071,0.231590,0.013232,-0.000339,-0.013571,-0.016892,0.732553,-0.018783,-0.751336,1.368728,-1.779674,0.045633,1.825306,-1.962453,-0.004710,0.000121,0.004831,-0.210548,-0.056916,0.001459,0.058375,-0.037071,2.915869,-0.074766,-2.990635,-1.261019,-0.472043,0.012104,0.484147,0.934724,-0.045041,0.001155,0.046196,-0.019856,-1.412694,0.036223,1.448916,0.746385,-0.385488,0.009884,0.395372,1.048815,1.291460,-0.033114,-1.324575,-0.209650,-2.618314,0.067136,2.685450,-0.729068,0.000000,0.000000,0.000000,3.473221,6.812974,1.721664,-4.115648,-6.914677,0.739701,-0.108642,0.224437,-0.077665,0.000000,0.000000,0.000000,356.851350,286.016379,1
7.650000,1.509340,-0.087486,0.228102,0.127714,-0.003275,-0.130988,-0.269072,1.050009,-0.026923,-1.076932,1.098512,-2.250559,0.057707,2.308265,-1.494541,0.058022,-0.001488,-0.059510,-0.507981,-0.027746,0.000711,0.028458,-0.046404,1.911640,-0.049016,-1.960656,-0.738765,-0.109188,0.002800,0.111988,1.047190,-0.021184,0.000543,0.021727,-0.045022,0.201996,-0.005179,-0.207176,0.177126,-0.392023,0.010052,0.402074,0.997040,1.531781,-0.039276,-1.571057,-0.496884,-2.826794,0.072482,2.899276,-0.435139,0.070951,-0.248250,-0.065732,3.257093,6.295447,1.403368,-4.077858,-6.343621,0.744239,-0.001168,0.004535,-0.001722,0.000000,0.000000,0.000000,356.903827,285.997654,1
7.660000,1.515121,-0.078171,0.224773,0.163184,-0.004184,-0.167368,-0.711884,1.050915,-0.026947,-1.077862,1.087184,-2.400348,0.061547,2.461895,-1.151696,0.600251,-0.015391,-0.615642,-0.928992,-0.026836,0.000688,0.027525,0.622417,1.192215,-0.030570,-1.222784,-2.369038,-0.583871,0.014971,0.598842,1.100089,-0.026285,0.000674,0.026959,-0.025460,-0.482031,0.012360,0.494391,0.316751,-0.409914,0.010511,0.420425,0.523027,1.595182,-0.040902,-1.636084,-0.302522,-3.044003,0.078051,3.122054,-0.432588,1.608278,-4.731151,-0.828684,2.801911,7.083008,1.668588,-4.176136,-5.011320,0.308012,0.000000,0.000000,0.000000,0.000000,0.000000,0.000000,357.008764,285.995423,1
7.664000,1.529410,-0.077735,0.228375,-0.295080,0.007566,0.302646,-0.324181,1.573430,-0.040344,-1.613775,0.944454,-2.230903,0.057203,2.288106,-1.092033,0.953280,-0.024443,-0.977723,-0.681457,0.053466,-0.001371,-0.054837,0.061041,0.096750,-0.002481,-0.099230,-1.475109,-0.669179,0.017158,0.686338,1.149254,-0.025750,0.000660,0.026411,-0.013868,-0.588698,0.015095,0.603793,0.363789,-1.037337,0.026598,1.063936,1.093757,2.649475,-0.067935,-2.717410,-0.866837,-3.635745,0.093224,3.728969,0.205769,2.944110,-7.119417,-0.689607,2.586246,6.791948,1.502826,-4.611312,-4.650986,0.050052,0.000000,0.000000,0.000000,0.000000,0.000000,0.000000,357.049693,286.003354,1
7.674000,1.530806,-0.077083,0.226844,-0.295080,0.007566,0.302646,-0.452288,1.573430,-0.040344,-1.613775,0.992487,-2.230903,0.057203,2.288106,-1.026147,0.953280,-0.024443,-0.977723,-0.780988,0.053466,-0.001371,-0.054837,0.312748,0.096750,-0.002481,-0.099230,-2.269029,-0.669179,0.017158,0.686338,1.079007,-0.025750,0.000660,0.026411,-0.010002,-0.588698,0.015095,0.603793,0.333151,-1.037337,0.026598,1.063936,1.005902,2.649475,-0.067935,-2.717410,-0.758947,-3.635745,0.093224,3.728969,0.058744,2.590185,-7.012488,-1.005361,2.648911,7.356377,1.720420,-4.496455,-4.374926,-0.021995,-0.000438,0.000436,0.000051,0.000000,0.000000,0.000000,357.143553,286.015137,1
7.680000,1.516650,-0.085593,0.225131,-0.200760,0.005148,0.205908,-0.291623,1.459248,-0.037417,-1.496665,0.839541,-2.142026,0.054924,2.196950,-1.138309,0.570969,-0.014640,-0.585610,-0.659962,0.570134,-0.014619,-0.584753,-0.151104,-0.507727,0.013019,0.520745,-1.288016,-0.579931,0.014870,0.594801,1.036584,-0.024538,0.000629,0.025167,0.014683,-0.312882,0.008023,0.320904,0.145635,-0.977392,0.025061,1.002453,1.246295,2.673351,-0.068547,-2.741898,-0.927668,-3.744419,0.096011,3.840429,-0.211509,2.804343,-7.201804,-0.915210,2.667009,6.722863,1.879379,-4.423422,-5.146486,-0.115344,-0.043032,0.179964,-0.078337,0.000000,0.000000,0.000000,357.204944,286.012923,1
7.690000,1.516907,-0.085454,0.223344,-0.200760,0.005148,0.205908,-0.420497,1.459248,-0.037417,-1.496665,0.906510,-2.142026,0.054924,2.196950,-1.140644,0.570969,-0.014640,-0.585610,-0.748655,0.570134,-0.014619,-0.584753,0.026754,-0.507727,0.013019,0.520745,-1.978777,-0.579931,0.014870,0.594801,0.967833,-0.024538,0.000629,0.025167,0.010054,-0.312882,0.008023,0.320904,0.141490,-0.977392,0.025061,1.002453,1.158997,2.673351,-0.068547,-2.741898,-0.891004,-3.744419,0.096011,3.840429,-0.259679,2.476433,-7.013504,-1.166519,2.674250,7.069943,2.076095,-4.268983,-4.880748,-0.162140,-0.124271,0.413036,-0.161626,0.000000,0.000000,0.000000,357.311516,285.999643,1
7.696000,1.527476,-0.089102,0.226091,0.093683,-0.002402,-0.096085,-0.558155,1.153529,-0.029578,-1.183106,0.796095,-2.624991,0.067307,2.692298,-0.381707,0.500778,-0.012840,-0.513618,-0.714270,1.133987,-0.029077,-1.163063,0.114933,-2.498451,0.064063,2.562514,-1.220723,-0.832174,0.021338,0.853512,0.805067,-0.017818,0.000457,0.018274,0.012458,-0.923914,0.023690,0.947604,0.469644,-0.745730,0.019121,0.764851,0.892433,2.290840,-0.058739,-2.349580,-0.765706,-4.034122,0.103439,4.137561,0.418861,2.526057,-6.936227,-1.510103,2.342368,6.053526,1.691017,-3.593495,-3.602382,-0.244683,-0.079201,0.112341,-0.013609,0.000000,0.000000,0.000000,357.377510,286.002861,1
7.706000,1.528036,-0.089495,0.225281,0.093683,-0.002402,-0.096085,-0.637065,1.153529,-0.029578,-1.183106,0.823513,-2.624991,0.067307,2.692298,-0.304749,0.500778,-0.012840,-0.513618,-0.827539,1.133987,-0.029077,-1.163063,0.202467,-2.498451,0.064063,2.562514,-1.383794,-0.832174,0.021338,0.853512,0.829843,-0.017818,0.000457,0.018274,-0.000987,-0.923914,0.023690,0.947604,0.456366,-0.745730,0.019121,0.764851,0.815234,2.290840,-0.058739,-2.349580,-0.641949,-4.034122,0.103439,4.137561,0.279082,2.317527,-6.543545,-1.499201,2.447351,6.643798,1.959956,-3.515493,-3.538070,-0.236191,-0.280782,0.372524,-0.033708,0.000000,0.000000,0.000000,357.482408,285.996234,1
7.710000,1.532437,-0.091556,0.227128,1.022605,-0.026221,-1.048826,-0.941565,1.841034,-0.047206,-1.888240,0.511678,-3.835298,0.098341,3.933638,-0.550287,1.114988,-0.028589,-1.143577,-0.930977,2.761430,-0.070806,-2.832236,0.490270,-4.525231,0.116032,4.641262,-1.511661,-2.428670,0.062274,2.490944,0.895232,0.017671,-0.000453,-0.018124,0.191343,-0.664079,0.017028,0.681107,0.438540,-0.366744,0.009404,0.376147,-0.110190,2.880511,-0.073859,-2.954370,-1.541409,-4.291456,0.110037,4.401493,1.947398,3.445336,-7.292242,-0.914051,4.587113,12.521178,3.334798,-4.018972,-5.585507,0.678244,-1.715565,1.181693,0.571028,0.000000,0.000000,0.000000,357.599554,286.020737,1
7.720000,1.532159,-0.092106,0.225829,1.022605,-0.026221,-1.048826,-0.953426,1.841034,-0.047206,-1.888240,0.702248,-3.835298,0.098341,3.933638,-0.622543,1.114988,-0.028589,-1.143577,-1.008320,2.761430,-0.070806,-2.832236,0.290392,-4.525231,0.116032,4.641262,-1.182843,-2.428670,0.062274,2.490944,1.098559,0.017671,-0.000453,-0.018124,0.048962,-0.664079,0.017028,0.681107,0.229145,-0.366744,0.009404,0.376147,0.051907,2.880511,-0.073859,-2.954370,-0.646536,-4.291456,0.110037,4.401493,0.709922,2.960863,-7.085022,-1.228015,4.236815,11.511978,3.029073,-3.711358,-5.758225,0.971061,-7.305765,7.710585,1.219286,0.000000,0.000000,0.000000,357.801434,286.020856,1
7.728000,1.540251,-0.100136,0.239437,1.136712,-0.029146,-1.165858,-2.635929,1.664929,-0.042690,-1.707619,-0.600398,-3.834223,0.098313,3.932536,0.995847,1.256702,-0.032223,-1.288925,0.186065,2.500852,-0.064124,-2.564977,0.225234,-4.310104,0.110515,4.420620,0.154000,-2.531257,0.064904,2.596161,0.736652,-0.005889,0.000151,0.006040,1.295953,-0.441564,0.011322,0.452886,-1.043973,-0.226851,0.005817,0.232668,0.538204,2.776210,-0.071185,-2.847395,-0.672400,-4.395985,0.112718,4.508703,0.555852,4.392947,-6.203651,0.955056,0.000000,0.000000,0.000000,0.000000,0.000000,0.000000,-4.198665,10.673028,-2.537174,0.000000,0.000000,0.000000,357.933050,286.131826,1
7.738000,1.539720,-0.101238,0.238468,1.136712,-0.029146,-1.165858,-2.063953,1.664929,-0.042690,-1.707619,-0.825576,-3.834223,0.098313,3.932536,1.475952,1.256702,-0.032223,-1.288925,0.298752,2.500852,-0.064124,-2.564977,0.142913,-4.310104,0.110515,4.420620,-0.151511,-2.531257,0.064904,2.596161,0.818358,-0.005889,0.000151,0.006040,1.283429,-0.441564,0.011322,0.452886,-1.621532,-0.226851,0.005817,0.232668,0.244826,2.776210,-0.071185,-2.847395,-1.183562,-4.395985,0.112718,4.508703,1.506826,4.628265,-6.957920,0.801316,0.000000,0.000000,0.000000,0.000000,0.000000,0.000000,-3.966134,9.899683,-2.270508,0.000000,0.000000,0.000000,358.174343,286.330003,1
7.744000,1.543051,-0.098619,0.238605,0.632706,-0.016223,-0.648929,-0.839624,1.475230,-0.037826,-1.513056,-0.884478,-3.501345,0.089778,3.591124,1.658201,1.315433,-0.033729,-1.349162,0.339771,1.831496,-0.046961,-1.878457,0.296775,-3.737978,0.095846,3.833824,-0.337619,-1.824182,0.046774,1.870956,0.614649,-0.239659,0.006145,0.245804,1.144442,-0.624029,0.016001,0.640029,-1.626498,-0.227865,0.005843,0.233708,-0.254892,2.387024,-0.061206,-2.448230,-1.196638,-2.899365,0.074343,2.973708,1.427090,4.393191,-6.574760,0.808082,0.000000,0.000000,0.000000,0.000000,0.000000,0.000000,-3.313217,8.497194,-2.113581,0.000000,0.000000,0.000000,358.293463,286.408194,1
7.754000,1.542523,-0.099369,0.237325,0.632706,-0.016223,-0.648929,-0.617385,1.475230,-0.037826,-1.513056,-0.869817,-3.501345,0.089778,3.591124,1.678695,1.315433,-0.033729,-1.349162,0.316805,1.831496,-0.046961,-1.878457,0.275103,-3.737978,0.095846,3.833824,-0.572450,-1.824182,0.046774,1.870956,0.580545,-0.239659,0.006145,0.245804,1.019479,-0.624029,0.016001,0.640029,-1.745330,-0.227865,0.005843,0.233708,-0.289719,2.387024,-0.061206,-2.448230,-1.264801,-2.899365,0.074343,2.973708,1.464471,4.496961,-7.037461,0.684993,0.000000,0.000000,0.000000,0.000000,0.000000,0.000000,-3.360269,8.124162,-1.881338,0.000000,0.000000,0.000000,358.502033,286.530290,1
7.758000,1.546944,-0.094635,0.238055,0.228589,-0.005861,-0.234450,0.509243,0.761013,-0.019513,-0.780526,-0.536426,-1.969041,0.050488,2.019530,1.188475,1.366012,-0.035026,-1.401037,0.192787,0.299606,-0.007682,-0.307289,0.568377,-2.581485,0.066192,2.647677,-0.381218,-0.500461,0.012832,0.513294,0.024114,-0.789856,0.020253,0.810109,0.920882,-1.140450,0.029242,1.169692,-1.411591,-0.743995,0.019077,0.763071,-0.835332,1.606269,-0.041186,-1.647455,-0.896276,1.395451,-0.035781,-1.431232,-0.151661,3.820232,-5.664205,0.514631,0.000000,0.000000,0.000000,0.000000,0.000000,0.000000,-2.819406,6.849923,-1.732514,0.000000,0.000000,0.000000,358.538565,286.535926,1
7.768000,1.546920,-0.094589,0.236590,0.228589,-0.005861,-0.234450,0.345693,0.761013,-0.019513,-0.780526,-0.485369,-1.969041,0.050488,2.019530,1.057500,1.366012,-0.035026,-1.401037,0.131648,0.299606,-0.007682,-0.307289,0.633446,-2.581485,0.066192,2.647677,-0.656294,-0.500461,0.012832,0.513294,-0.070635,-0.789856,0.020253,0.810109,0.847863,-1.140450,0.029242,1.169692,-1.471275,-0.743995,0.019077,0.763071,-0.541987,1.606269,-0.041186,-1.647455,-0.883462,1.395451,-0.035781,-1.431232,-0.337145,4.013551,-6.274523,0.389341,0.000000,0.000000,0.000000,0.000000,0.000000,0.000000,-2.977568,7.017746,-1.732644,0.000000,0.000000,0.000000,358.633644,286.543634,1
7.772000,1.564318,-0.105192,0.242421,0.676172,-0.017338,-0.693510,0.098399,0.362704,-0.009300,-0.372004,-0.280117,-0.105001,0.002692,0.107694,0.201640,0.831083,-0.021310,-0.852393,0.304803,-0.025748,0.000660,0.026409,0.838831,-2.007288,0.051469,2.058757,-0.251650,-0.375738,0.009634,0.385372,-0.254337,-0.782602,0.020067,0.802668,0.743656,-1.220780,0.031302,1.252082,-0.905079,-0.818443,0.020986,0.839429,-0.370425,1.132446,-0.029037,-1.161483,-0.669137,1.982661,-0.050837,-2.033499,-0.590176,3.427330,-5.155935,-0.103943,0.000000,0.000000,0.000000,0.000000,0.000000,0.000000,-2.563665,6.852747,-1.238826,0.000000,0.000000,0.000000,358.654086,286.544969,1
7.782000,1.565555,-0.106061,0.240722,0.676172,-0.017338,-0.693510,0.008821,0.362704,-0.009300,-0.372004,-0.257795,-0.105001,0.002692,0.107694,0.111325,0.831083,-0.021310,-0.852393,0.315269,-0.025748,0.000660,0.026409,0.975407,-2.007288,0.051469,2.058757,-0.626679,-0.375738,0.009634,0.385372,-0.280740,-0.782602,0.020067,0.802668,0.773363,-1.220780,0.031302,1.252082,-1.166697,-0.818443,0.020986,0.839429,-0.162743,1.132446,-0.029037,-1.161483,-0.647344,1.982661,-0.050837,-2.033499,-0.713859,3.686194,-5.904913,-0.343569,0.000000,0.000000,0.000000,0.000000,0.000000,0.000000,-2.721428,7.361497,-1.320656,0.000000,0.000000,0.000000,358.716372,286.541842,1
7.788000,1.567095,-0.102695,0.241626,1.482460,-0.038012,-1.520472,-0.528530,0.099363,-0.002548,-0.101910,-0.141829,1.591218,-0.040800,-1.632019,-0.471054,1.399835,-0.035893,-1.435728,0.010019,0.282864,-0.007253,-0.290117,0.898206,-1.751707,0.044916,1.796623,-0.816504,0.586495,-0.015038,-0.601533,-0.575305,-0.155957,0.003999,0.159956,0.490900,-1.575260,0.040391,1.615651,-0.883984,-0.492537,0.012629,0.505166,-0.210830,1.503789,-0.038559,-1.542348,-0.681991,0.479115,-0.012285,-0.491400,-0.225829,3.278290,-5.823624,-0.314876,0.000000,0.000000,0.000000,0.000000,0.000000,0.000000,-2.152853,7.301336,-1.665395,0.000000,0.000000,0.000000,358.755077,286.541228,1
7.798000,1.568077,-0.103101,0.239753,1.482460,-0.038012,-1.520472,-0.682411,0.099363,-0.002548,-0.101910,-0.121177,1.591218,-0.040800,-1.632019,-0.587412,1.399835,-0.035893,-1.435728,-0.079562,0.282864,-0.007253,-0.290117,0.985567,-1.751707,0.044916,1.796623,-1.107552,0.586495,-0.015038,-0.601533,-0.724384,-0.155957,0.003999,0.159956,0.491860,-1.575260,0.040391,1.615651,-1.127371,-0.492537,0.012629,0.505166,-0.198353,1.503789,-0.038559,-1.542348,-0.762420,0.479115,-0.012285,-0.491400,-0.134665,3.413299,-6.365270,-0.509257,0.000000,0.000000,0.000000,0.000000,0.000000,0.000000,-2.326204,7.685925,-1.700750,0.000000,0.000000,0.000000,358.835845,286.538047,1
7.802000,1.582101,-0.109921,0.243293,1.478444,-0.037909,-1.516352,-0.423537,0.048408,-0.001241,-0.049650,-0.074645,2.453691,-0.062915,-2.516606,-0.911833,0.842689,-0.021607,-0.864296,0.045127,0.063369,-0.001625,-0.064994,1.056591,-1.560974,0.040025,1.600999,-1.007036,0.255382,-0.006548,-0.261930,-0.559347,-0.312672,0.008017,0.320689,0.539789,-1.498215,0.038416,1.536631,-0.916052,-1.213690,0.031120,1.244810,0.117525,1.273293,-0.032649,-1.305942,-0.618223,0.464272,-0.011904,-0.476177,-0.077504,2.979400,-5.952608,-0.682623,0.000000,0.000000,0.000000,0.000000,0.000000,0.000000,-2.295245,7.331941,-1.266058,0.000000,0.000000,0.000000,358.865358,286.542540,1
7.812000,1.583600,-0.110803,0.241260,1.478444,-0.037909,-1.516352,-0.563296,0.048408,-0.001241,-0.049650,-0.079787,2.453691,-0.062915,-2.516606,-1.020451,0.842689,-0.021607,-0.864296,0.037480,0.063369,-0.001625,-0.064994,1.156083,-1.560974,0.040025,1.600999,-1.289833,0.255382,-0.006548,-0.261930,-0.622826,-0.312672,0.008017,0.320689,0.550875,-1.498215,0.038416,1.536631,-1.153514,-1.213690,0.031120,1.244810,0.162685,1.273293,-0.032649,-1.305942,-0.659830,0.464272,-0.011904,-0.476177,-0.053548,3.244877,-6.459253,-0.783134,0.000000,0.000000,0.000000,0.000000,0.000000,0.000000,-2.430938,7.733408,-1.295440,0.000000,0.000000,0.000000,358.953366,286.551647,1
7.816000,1.574161,-0.100469,0.235146,1.402945,-0.035973,-1.438918,-0.362391,0.034299,-0.000879,-0.035178,-0.064758,3.382187,-0.086723,-3.468909,-1.355401,0.642512,-0.016475,-0.658986,0.038096,0.336569,-0.008630,-0.345199,1.108845,-0.989228,0.025365,1.014593,-1.793547,0.179177,-0.004594,-0.183771,-0.562089,0.344985,-0.008846,-0.353831,0.291196,-1.493265,0.038289,1.531553,-1.144526,-0.744834,0.019098,0.763933,-0.000833,0.235528,-0.006039,-0.241567,-0.138568,0.129033,-0.003309,-0.132341,0.012329,3.228369,-6.697478,-0.604333,0.000000,0.000000,0.000000,0.000000,0.000000,0.000000,-2.565699,7.560235,-1.724777,0.000000,0.000000,0.000000,358.991158,286.556752,1
7.826000,1.574737,-0.100688,0.232518,1.402945,-0.035973,-1.438918,-0.474176,0.034299,-0.000879,-0.035178,-0.068981,3.382187,-0.086723,-3.468909,-1.473096,0.642512,-0.016475,-0.658986,0.034659,0.336569,-0.008630,-0.345199,1.174557,-0.989228,0.025365,1.014593,-2.016171,0.179177,-0.004594,-0.183771,-0.644230,0.344985,-0.008846,-0.353831,0.262462,-1.493265,0.038289,1.531553,-1.330540,-0.744834,0.019098,0.763933,0.010088,0.235528,-0.006039,-0.241567,-0.161064,0.129033,-0.003309,-0.132341,0.005863,3.445107,-7.025050,-0.610618,0.000000,0.000000,0.000000,0.000000,0.000000,0.000000,-2.696679,7.786160,-1.739834,0.000000,0.000000,0.000000,359.096809,286.570297,1
7.830000,1.591902,-0.106301,0.236835,0.743145,-0.019055,-0.762200,-0.014563,0.016768,-0.000430,-0.017197,-0.058032,2.716289,-0.069648,-2.785937,-1.034065,0.316385,-0.008112,-0.324498,0.210326,-0.023320,0.000598,0.023918,1.333757,-0.694546,0.017809,0.712355,-1.814905,-0.014733,0.000378,0.015111,-0.391835,0.101882,-0.002612,-0.104494,0.412604,-1.382011,0.035436,1.417447,-1.060775,-0.637401,0.016344,0.653745,-0.199245,-0.229241,0.005878,0.235119,0.007479,-0.043690,0.001120,0.044810,0.074874,3.501812,-6.361972,-0.765620,0.000000,0.000000,0.000000,0.000000,0.000000,0.000000,-2.623193,7.418707,-1.514101,0.000000,0.000000,0.000000,359.120705,286.569841,1
7.840000,1.593171,-0.106850,0.234145,0.743145,-0.019055,-0.762200,-0.031350,0.016768,-0.000430,-0.017197,-0.055691,2.716289,-0.069648,-2.785937,-1.146501,0.316385,-0.008112,-0.324498,0.228532,-0.023320,0.000598,0.023918,1.420977,-0.694546,0.017809,0.712355,-2.025186,-0.014733,0.000378,0.015111,-0.444104,0.101882,-0.002612,-0.104494,0.414220,-1.382011,0.035436,1.417447,-1.264827,-0.637401,0.016344,0.653745,-0.120337,-0.229241,0.005878,0.235119,0.000457,-0.043690,0.001120,0.044810,0.049138,3.614066,-6.659769,-0.883757,0.000000,0.000000,0.000000,0.000000,0.000000,0.000000,-2.758684,7.739188,-1.546388,0.000000,0.000000,0.000000,359.187640,286.568010,1
7.844000,1.590574,-0.103127,0.233265,0.772425,-0.019806,-0.792230,-0.055939,0.012915,-0.000331,-0.013247,-0.047759,2.758733,-0.070737,-2.829470,-1.164239,0.338509,-0.008680,-0.347189,0.156483,0.045118,-0.001157,-0.046275,1.374310,-0.503132,0.012901,0.516032,-2.141608,0.071551,-0.001835,-0.073386,-0.553079,0.281562,-0.007220,-0.288781,0.260265,-1.328281,0.034058,1.362340,-1.235182,-0.202552,0.005194,0.207745,-0.261348,-0.125792,0.003225,0.129018,-0.012331,-0.131720,0.003377,0.135097,0.165904,3.403953,-6.650627,-0.607194,0.000000,0.000000,0.000000,0.000000,0.000000,0.000000,-2.731975,7.421827,-1.620415,0.000000,0.000000,0.000000,359.213396,286.569471,1
7.854000,1.591386,-0.103421,0.230231,0.772425,-0.019806,-0.792230,-0.071448,0.012915,-0.000331,-0.013247,-0.057390,2.758733,-0.070737,-2.829470,-1.215258,0.338509,-0.008680,-0.347189,0.159653,0.045118,-0.001157,-0.046275,1.440260,-0.503132,0.012901,0.516032,-2.315908,0.071551,-0.001835,-0.073386,-0.628194,0.281562,-0.007220,-0.288781,0.246884,-1.328281,0.034058,1.362340,-1.425279,-0.202552,0.005194,0.207745,-0.295269,-0.125792,0.003225,0.129018,-0.014582,-0.131720,0.003377,0.135097,0.109502,3.484334,-6.884596,-0.688506,0.000000,0.000000,0.000000,0.000000,0.000000,0.000000,-2.830448,7.633166,-1.649757,0.000000,0.000000,0.000000,359.282898,286.571105,1
7.858000,1.618039,-0.112998,0.234815,0.001777,-0.000046,-0.001822,0.176815,0.002354,-0.000060,-0.002414,-0.037937,2.039215,-0.052288,-2.091503,-0.853639,-0.118749,0.003045,0.121794,0.526550,-0.402239,0.010314,0.412553,1.674005,-0.273859,0.007022,0.280881,-1.801746,-0.318906,0.008177,0.327083,-0.329449,-0.078325,0.002008,0.080333,0.449883,-1.251469,0.032089,1.283558,-0.954619,-0.611736,0.015686,0.627421,-0.293294,-1.164937,0.029870,1.194808,0.226852,-0.336306,0.008623,0.344930,0.300416,3.410464,-5.660081,-1.250974,0.000000,0.000000,0.000000,0.000000,0.000000,0.000000,-2.547299,7.184930,-0.955940,0.000000,0.000000,0.000000,359.302796,286.574815,1
7.868000,1.619930,-0.113920,0.231596,0.008384,-0.000215,-0.008599,0.223731,0.002577,-0.000066,-0.002643,-0.043870,2.086584,-0.053502,-2.140086,-0.892611,-0.127123,0.003260,0.130383,0.614622,-0.388236,0.009955,0.398191,1.795132,-0.262632,0.006734,0.269366,-2.006988,-0.326429,0.008370,0.334799,-0.316436,-0.058735,0.001506,0.060241,0.476863,-1.246794,0.031969,1.278763,-1.166443,-0.611118,0.015670,0.626788,-0.172789,-1.180163,0.030261,1.210424,0.297662,-0.342464,0.008781,0.351246,0.227965,3.536958,-5.930934,-1.394905,0.000000,0.000000,0.000000,0.000000,0.000000,0.000000,-2.660273,7.614773,-1.007984,0.000000,0.000000,0.000000,359.357024,286.584076,1
7.874000,1.607512,-0.111541,0.227851,0.911226,-0.023365,-0.934591,-0.093311,0.005332,-0.000137,-0.005469,-0.069739,4.849061,-0.124335,-4.973396,-2.052760,0.440442,-0.011293,-0.451735,0.072274,0.394976,-0.010128,-0.405104,1.394664,-0.617438,0.015832,0.633269,-2.494329,0.363363,-0.009317,-0.372680,-0.735936,0.907871,-0.023279,-0.931150,0.004145,-1.833769,0.047020,1.880789,-1.222295,0.256453,-0.006576,-0.263029,-0.708818,-1.004847,0.025765,1.030613,0.274427,-0.184756,0.004737,0.189493,0.197739,3.607221,-7.023586,-1.077927,0.000000,0.000000,0.000000,0.000000,0.000000,0.000000,-2.816104,7.920449,-1.354953,0.000000,0.000000,0.000000,359.450371,286.623663,1
7.884000,1.608493,-0.112349,0.224518,0.911226,-0.023365,-0.934591,-0.137639,0.005332,-0.000137,-0.005469,-0.061412,4.849061,-0.124335,-4.973396,-2.199720,0.440442,-0.011293,-0.451735,0.068806,0.394976,-0.010128,-0.405104,1.432763,-0.617438,0.015832,0.633269,-2.579402,0.363363,-0.009317,-0.372680,-0.838080,0.907871,-0.023279,-0.931150,-0.016923,-1.833769,0.047020,1.880789,-1.377854,0.256453,-0.006576,-0.263029,-0.783279,-1.004847,0.025765,1.030613,0.269705,-0.184756,0.004737,0.189493,0.143812,3.638792,-7.048407,-1.121015,0.000000,0.000000,0.000000,0.000000,0.000000,0.000000,-2.873705,7.772784,-1.219943,0.000000,0.000000,0.000000,359.617819,286.694382,1
7.888000,1.597004,-0.079499,0.226505,-0.555171,0.014235,0.569406,0.658948,-0.000117,0.000003,0.000120,-0.049021,1.079766,-0.027686,-1.107452,-0.313281,0.573722,-0.014711,-0.588433,-0.063680,0.634356,-0.016266,-0.650621,1.169904,-1.328219,0.034057,1.362276,-1.701145,0.880726,-0.022583,-0.903309,-1.236381,1.497293,-0.038392,-1.535686,-0.348030,-2.827939,0.072511,2.900450,-0.676093,0.661206,-0.016954,-0.678160,-1.018540,-0.504508,0.012936,0.517444,0.229893,-1.349198,0.034595,1.383793,0.547495,2.425810,-6.821873,-0.209386,2.839718,7.193781,2.652075,0.000000,0.000000,0.000000,-2.494069,5.708335,-1.886618,0.000000,0.000000,0.000000,359.653890,286.690137,1
7.898000,1.604177,-0.089458,0.224124,0.344870,-0.008843,-0.353713,0.187042,0.001640,-0.000042,-0.001682,-0.057128,2.117593,-0.054297,-2.171890,-0.664069,0.184000,-0.004718,-0.188718,0.102056,0.638132,-0.016362,-0.654494,1.294142,-2.219228,0.056903,2.276132,-1.622154,0.440253,-0.011289,-0.451542,-1.218839,0.837310,-0.021469,-0.858779,-0.137024,-2.593773,0.066507,2.660280,-1.040843,0.091320,-0.002342,-0.093661,-0.912428,-0.277249,0.007109,0.284358,0.024307,1.020825,-0.026175,-1.047000,-0.134735,3.175997,-7.460513,-0.487953,0.007429,0.031355,0.015571,0.000000,0.000000,0.000000,-2.663053,6.889758,-1.943326,0.000000,0.000000,0.000000,359.751264,286.639640,1
7.902000,1.646585,-0.121328,0.230034,0.429578,-0.011015,-0.440592,0.608638,0.017433,-0.000447,-0.017880,-0.023854,1.004245,-0.025750,-1.029995,-0.430471,0.215285,-0.005520,-0.220805,0.524366,0.708002,-0.018154,-0.726156,1.322808,-2.458154,0.063030,2.521184,-1.008623,0.694470,-0.017807,-0.712277,-0.612099,1.207336,-0.030957,-1.238294,-0.016101,-3.168679,0.081248,3.249927,-0.155953,0.619345,-0.015881,-0.635225,-1.539106,-0.277066,0.007104,0.284171,0.080927,-0.252281,0.006469,0.258749,0.409865,3.622998,-5.616965,-1.004717,0.000000,0.000000,0.000000,-2.660726,-4.944895,0.748115,-2.145582,7.971381,-1.055128,0.000000,0.000000,0.000000,359.776867,286.630088,1
7.912000,1.649209,-0.122919,0.228111,0.429339,-0.011009,-0.440348,0.634529,0.017290,-0.000443,-0.017733,0.697144,0.995681,-0.025530,-1.021211,-1.841686,0.205825,-0.005278,-0.211103,0.511798,0.693427,-0.017780,-0.711207,1.347121,-2.465462,0.063217,2.528679,-1.006729,0.684460,-0.017550,-0.702010,-0.648045,1.186448,-0.030422,-1.216870,0.013657,-3.166425,0.081190,3.247615,-0.262088,0.625030,-0.016026,-0.641056,-1.431847,-0.277304,0.007110,0.284415,0.025819,-0.262080,0.006720,0.268800,0.283403,3.715069,-5.389716,-0.892132,0.000000,0.000000,0.000000,-2.571636,-5.836447,1.423921,-2.046847,8.227686,-1.160280,0.000000,0.000000,0.000000,359.857952,286.615746,1
7.918000,1.631043,-0.109622,0.224687,0.102689,-0.002633,-0.105322,0.301125,0.170159,-0.004363,-0.174522,-0.303280,0.965721,-0.024762,-0.990483,-0.670186,0.541491,-0.013884,-0.555375,0.075930,1.417109,-0.036336,-1.453445,1.021450,-1.976054,0.050668,2.026722,-1.386056,1.144972,-0.029358,-1.174330,-1.354627,2.468520,-0.063295,-2.531815,-0.739808,-3.465742,0.088865,3.554607,-0.291117,0.257337,-0.006598,-0.263936,-1.159415,-0.244187,0.006261,0.250448,0.041774,0.243749,-0.006250,-0.249999,0.098358,3.603226,-6.023199,-0.488233,0.000114,0.027621,0.017618,-3.250120,-5.917157,0.883886,-2.117269,7.706239,-1.736336,0.000000,0.000000,0.000000,359.917497,286.610165,1
7.928000,1.631899,-0.110168,0.222523,0.102689,-0.002633,-0.105322,0.394770,0.170159,-0.004363,-0.174522,0.085873,0.965721,-0.024762,-0.990483,-1.976704,0.541491,-0.013884,-0.555375,0.148703,1.417109,-0.036336,-1.453445,1.080459,-1.976054,0.050668,2.026722,-1.412582,1.144972,-0.029358,-1.174330,-1.316071,2.468520,-0.063295,-2.531815,-0.691192,-3.465742,0.088865,3.554607,-0.424322,0.257337,-0.006598,-0.263936,-0.998549,-0.244187,0.006261,0.250448,0.021657,0.243749,-0.006250,-0.249999,0.046320,3.716395,-5.781039,-0.300188,0.002934,0.068842,0.042546,-3.020728,-6.342086,1.414978,-1.976244,8.049746,-1.991652,0.000000,0.000000,0.000000,360.033643,286.604466,1
7.936000,1.639461,-0.111322,0.224122,0.252567,-0.006476,-0.259043,0.423926,0.749208,-0.019210,-0.768418,0.034914,-0.157771,0.004045,0.161816,-1.783076,0.440113,-0.011285,-0.451398,0.166129,1.335037,-0.034232,-1.369269,1.039210,-2.113047,0.054181,2.167228,-1.170157,1.086446,-0.027858,-1.114303,-1.281798,2.426281,-0.062212,-2.488493,-0.557070,-3.629898,0.093074,3.722973,-0.477128,0.400361,-0.010266,-0.410626,-0.931937,-0.206912,0.005305,0.212217,0.027829,0.203894,-0.005228,-0.209122,0.031036,3.737360,-5.484194,-0.321717,0.007223,0.032807,0.016662,-3.395477,-7.387654,1.647215,-2.043558,8.023102,-1.744164,0.000000,0.000000,0.000000,360.109204,286.580155,1
7.946000,1.640232,-0.111777,0.222316,0.253295,-0.006495,-0.259789,0.631877,0.750527,-0.019244,-0.769771,0.342679,-0.158027,0.004052,0.162079,-2.565261,0.440839,-0.011304,-0.452142,0.274103,1.335461,-0.034243,-1.369703,1.052061,-2.112184,0.054159,2.166343,-1.105601,1.087428,-0.027883,-1.115311,-1.195019,2.427355,-0.062240,-2.489595,-0.554905,-3.629772,0.093071,3.722843,-0.455408,0.400449,-0.010268,-0.410717,-0.866205,-0.206917,0.005306,0.212223,0.014276,0.204098,-0.005233,-0.209332,0.015499,3.574109,-5.092880,-0.241459,0.023034,0.078711,0.037192,-2.995981,-7.025416,1.783912,-1.937122,8.111266,-1.862932,0.000000,0.000000,0.000000,360.204959,286.545862,1
7.954000,1.637704,-0.096614,0.225123,-0.282672,0.007248,0.289920,1.028136,1.237915,-0.031741,-1.269656,-0.095669,-1.822331,0.046726,1.869057,-1.308848,-0.131599,0.003374,0.134974,0.657156,1.403772,-0.035994,-1.439766,0.658871,-2.749218,0.070493,2.819711,-0.034864,0.679520,-0.017424,-0.696944,-1.145274,2.382730,-0.061096,-2.443825,-1.073043,-3.873815,0.099329,3.973143,0.462953,0.956466,-0.024525,-0.980991,-1.126099,-0.129674,0.003325,0.132999,0.082144,0.047622,-0.001221,-0.048843,0.024473,2.748675,-3.887197,0.142980,0.523867,0.694427,0.164713,-2.445292,-5.402888,1.341898,-1.707731,5.565889,-1.314729,0.000000,0.000000,0.000000,360.287985,286.572977,1
7.964000,1.637903,-0.096104,0.224211,-0.282672,0.007248,0.289920,1.072982,1.237915,-0.031741,-1.269656,-0.073574,-1.822331,0.046726,1.869057,-1.283480,-0.131599,0.003374,0.134974,0.684525,1.403772,-0.035994,-1.439766,0.720385,-2.749218,0.070493,2.819711,-0.051029,0.679520,-0.017424,-0.696944,-1.099789,2.382730,-0.061096,-2.443825,-0.940361,-3.873815,0.099329,3.973143,0.267439,0.956466,-0.024525,-0.980991,-1.058443,-0.129674,0.003325,0.132999,0.090825,0.047622,-0.001221,-0.048843,0.011556,2.713237,-4.065175,0.040247,0.877117,1.201174,0.302656,-2.339471,-5.193974,1.317476,-1.801298,6.374517,-1.651044,0.000000,0.000000,0.000000,360.380535,286.593916,1
7.970000,1.642819,-0.103432,0.226940,-0.449259,0.011519,0.460779,1.390092,0.927742,-0.023788,-0.951530,0.381556,-4.297591,0.110195,4.407786,-0.513811,-0.445657,0.011427,0.457085,1.375431,0.902279,-0.023135,-0.925414,-0.534844,-4.382551,0.112373,4.494924,1.408686,0.529853,-0.013586,-0.543439,0.100978,-0.040271,0.001033,0.041303,-1.077002,-1.742118,0.044670,1.786788,2.003285,2.404623,-0.061657,-2.466280,0.262466,-0.093172,0.002389,0.095561,1.316762,-0.087432,0.002242,0.089674,-1.486177,3.000404,-5.266264,-0.416270,7.241843,12.409685,2.829193,-4.369227,-6.671614,0.766526,-0.313150,0.174023,0.222146,0.000000,0.000000,0.000000,360.472389,286.643677,1
7.980000,1.642022,-0.102956,0.225127,-0.449259,0.011519,0.460779,0.599398,0.927742,-0.023788,-0.951530,0.380998,-4.297591,0.110195,4.407786,-0.671559,-0.445657,0.011427,0.457085,0.687532,0.902279,-0.023135,-0.925414,0.156483,-4.382551,0.112373,4.494924,0.587858,0.529853,-0.013586,-0.543439,-0.158772,-0.040271,0.001033,0.041303,-0.587965,-1.742118,0.044670,1.786788,1.234651,2.404623,-0.061657,-2.466280,-0.212172,-0.093172,0.002389,0.095561,1.590561,-0.087432,0.002242,0.089674,-2.151045,1.749082,-6.063748,-1.892147,6.105541,11.189376,2.841420,-5.115231,-6.704749,0.194957,-1.423972,0.787589,1.016571,0.000000,0.000000,0.000000,360.571240,286.668836,1
7.986000,1.664898,-0.091352,0.255970,-1.919876,0.049228,1.969104,-0.225633,2.591399,-0.066446,-2.657845,0.413601,-5.161980,0.132358,5.294339,0.421815,-1.856033,0.047591,1.903624,4.939413,1.294777,-0.033199,-1.327976,-0.723409,-3.273943,0.083947,3.357891,0.593374,0.499556,-0.012809,-0.512365,-0.192656,-2.915427,0.074755,2.990182,0.798354,7.430755,-0.190532,-7.621288,-2.658112,-0.180766,0.004635,0.185401,-0.032397,1.014090,-0.026002,-1.040093,0.688520,-2.328891,0.059715,2.388606,-0.347398,0.000000,0.000000,0.000000,2.411277,8.403393,2.173684,-4.690778,-4.568628,-1.957905,0.000000,0.000000,0.000000,0.000000,0.000000,0.000000,360.813813,286.874263,1
7.996000,1.664647,-0.090800,0.256733,-1.919876,0.049228,1.969104,-0.156543,2.591399,-0.066446,-2.657845,0.281713,-5.161980,0.132358,5.294339,0.455656,-1.856033,0.047591,1.903624,3.970219,1.294777,-0.033199,-1.327976,-0.760855,-3.273943,0.083947,3.357891,1.122863,0.499556,-0.012809,-0.512365,-0.030294,-2.915427,0.074755,2.990182,0.996646,7.430755,-0.190532,-7.621288,-3.227499,-0.180766,0.004635,0.185401,0.058587,1.014090,-0.026002,-1.040093,0.608455,-2.328891,0.059715,2.388606,-0.441061,0.000000,0.000000,0.000000,2.645813,8.402954,2.014148,-4.625032,-4.878455,-1.750896,0.000000,0.000000,0.000000,0.000000,0.000000,0.000000,361.264800,287.270382,1
8.002000,1.659720,-0.106724,0.242260,-0.049671,0.001274,0.050944,-0.168324,-1.234923,0.031665,1.266588,0.651494,-1.206217,0.030929,1.237146,0.026976,-0.634217,0.016262,0.650479,-0.978402,0.101572,-0.002604,-0.104176,-0.155336,0.682437,-0.017498,-0.699936,0.740436,1.109991,-0.028461,-1.138452,-0.870184,-0.268192,0.006877,0.275069,-0.121754,3.250896,-0.083356,-3.334252,-2.693559,0.135299,-0.003469,-0.138768,0.528171,-1.234048,0.031642,1.265690,0.364110,-1.475104,0.037823,1.512927,-0.382333,0.000000,0.000000,0.000000,2.747321,4.152831,0.812169,-1.959841,-3.818552,0.406678,0.000000,0.000000,0.000000,0.000000,0.000000,0.000000,361.343734,287.327134,1
8.012000,1.659811,-0.107518,0.240933,-0.049671,0.001274,0.050944,-0.124938,-1.234923,0.031665,1.266588,0.823414,-1.206217,0.030929,1.237146,-0.413355,-0.634217,0.016262,0.650479,-0.572829,0.101572,-0.002604,-0.104176,-0.131122,0.682437,-0.017498,-0.699936,0.232093,1.109991,-0.028461,-1.138452,-0.795647,-0.268192,0.006877,0.275069,-0.064024,3.250896,-0.083356,-3.334252,-2.064705,0.135299,-0.003469,-0.138768,0.612655,-1.234048,0.031642,1.265690,0.426416,-1.475104,0.037823,1.512927,-0.758305,0.000000,0.000000,0.000000,2.990873,4.999579,1.148436,-2.692192,-4.832489,0.346668,0.000000,0.000000,0.000000,0.000000,0.000000,0.000000,361.460624,287.397971,1
8.018000,1.670412,-0.099152,0.238381,0.098761,-0.002532,-0.101294,-0.562719,-0.355627,0.009119,0.364745,1.117215,-0.808182,0.020723,0.828904,-1.069789,-0.460168,0.011799,0.471967,-0.015281,0.308045,-0.007899,-0.315943,-0.241145,0.103357,-0.002650,-0.106007,-0.029544,0.270240,-0.006929,-0.277169,0.289856,0.027112,-0.000695,-0.027807,-0.086095,0.257462,-0.006602,-0.264064,0.047260,0.215641,-0.005529,-0.221171,0.183081,-0.380634,0.009760,0.390394,0.374078,-1.073905,0.027536,1.101442,-0.712622,0.000000,0.000000,0.000000,2.904377,5.737291,1.395700,-3.420385,-4.662540,0.080819,0.000000,0.000000,0.000000,0.000000,0.000000,0.000000,361.475651,287.391251,1
8.028000,1.671396,-0.099101,0.236300,0.098761,-0.002532,-0.101294,-0.553215,-0.355627,0.009119,0.364745,1.240576,-0.808182,0.020723,0.828904,-1.372922,-0.460168,0.011799,0.471967,-0.004590,0.308045,-0.007899,-0.315943,-0.225790,0.103357,-0.002650,-0.106007,-0.015194,0.270240,-0.006929,-0.277169,0.240586,0.027112,-0.000695,-0.027807,-0.071771,0.257462,-0.006602,-0.264064,0.022602,0.215641,-0.005529,-0.221171,0.234333,-0.380634,0.009760,0.390394,0.439979,-1.073905,0.027536,1.101442,-1.016175,0.000000,0.000000,0.000000,3.144647,6.283528,1.548869,-3.705815,-5.257545,0.225404,0.000000,0.000000,0.000000,0.000000,0.000000,0.000000,361.507043,287.374964,1
8.032000,1.686961,-0.086481,0.242424,0.296525,-0.007603,-0.304128,-0.589182,-0.164194,0.004210,0.168404,1.204296,-1.356565,0.034784,1.391348,-1.054832,-1.687857,0.043278,1.731135,0.352502,0.580066,-0.014873,-0.594939,-0.333675,0.457206,-0.011723,-0.468929,-0.098737,0.421808,-0.010816,-0.432623,0.032565,-0.023777,0.000610,0.024387,-0.092648,1.546664,-0.039658,-1.586322,-0.551526,0.510637,-0.013093,-0.523730,0.077411,-0.490123,0.012567,0.502690,0.592346,-1.219784,0.031277,1.251061,-0.805097,0.000000,0.000000,0.000000,3.328271,6.561462,1.090714,-3.525794,-5.179762,0.523753,0.000000,0.000000,0.000000,0.000000,0.000000,0.000000,361.526809,287.374476,1
8.042000,1.688670,-0.085749,0.240379,0.296525,-0.007603,-0.304128,-0.574813,-0.164194,0.004210,0.168404,1.315233,-1.356565,0.034784,1.391348,-1.353734,-1.687857,0.043278,1.731135,0.568638,0.580066,-0.014873,-0.594939,-0.354332,0.457206,-0.011723,-0.468929,-0.088849,0.421808,-0.010816,-0.432623,0.045128,-0.023777,0.000610,0.024387,-0.069912,1.546664,-0.039658,-1.586322,-0.586043,0.510637,-0.013093,-0.523730,0.140058,-0.490123,0.012567,0.502690,0.630920,-1.219784,0.031277,1.251061,-1.063433,0.000000,0.000000,0.000000,3.511682,7.011440,1.159306,-3.785680,-5.693782,0.688551,0.000000,0.000000,0.000000,0.000000,0.000000,0.000000,361.588694,287.370191,1
8.046000,1.711068,-0.088004,0.249901,-0.160485,0.004115,0.164600,0.027188,0.217397,-0.005574,-0.222971,1.065832,-0.715545,0.018347,0.733893,-1.097585,-0.923089,0.023669,0.946758,0.437874,-0.142839,0.003663,0.146501,-0.145930,2.942258,-0.075443,-3.017701,-1.049354,0.780249,-0.020006,-0.800255,-0.027620,-0.007607,0.000195,0.007802,-0.138871,0.461135,-0.011824,-0.472959,-0.024165,0.058204,-0.001492,-0.059696,0.006283,0.176072,-0.004515,-0.180586,0.762585,-1.044052,0.026771,1.070823,-0.512727,0.000000,0.000000,0.000000,3.062692,6.630087,1.473638,-3.332246,-4.880984,0.220124,0.000000,0.000000,0.000000,0.000000,0.000000,0.000000,361.610181,287.377657,1
8.056000,1.713093,-0.087754,0.248280,-0.160485,0.004115,0.164600,0.016458,0.217397,-0.005574,-0.222971,1.181229,-0.715545,0.018347,0.733893,-1.497436,-0.923089,0.023669,0.946758,0.403761,-0.142839,0.003663,0.146501,-0.086137,2.942258,-0.075443,-3.017701,-1.238201,0.780249,-0.020006,-0.800255,-0.013587,-0.007607,0.000195,0.007802,-0.107052,0.461135,-0.011824,-0.472959,-0.049254,0.058204,-0.001492,-0.059696,0.042657,0.176072,-0.004515,-0.180586,0.734742,-1.044052,0.026771,1.070823,-0.693866,0.000000,0.000000,0.000000,3.320394,7.048273,1.487244,-3.688605,-5.531523,0.342855,0.000000,0.000000,0.000000,0.000000,0.000000,0.000000,361.674278,287.396673,1
8.058000,1.697344,-0.101304,0.238671,-0.039330,0.001008,0.040339,-0.376543,-0.165652,0.004247,0.169899,1.372129,-0.598312,0.015341,0.613653,-1.411311,-0.576250,0.014776,0.591026,0.032070,-0.098639,0.002529,0.101168,-0.035331,1.622639,-0.041606,-1.664245,-0.559711,0.389425,-0.009985,-0.399410,0.065775,-0.009687,0.000248,0.009936,-0.013529,0.615756,-0.015789,-0.631545,-0.072351,0.115576,-0.002963,-0.118539,0.476732,-0.192826,0.004944,0.197770,0.429246,-0.843465,0.021627,0.865092,-0.963316,0.000000,0.000000,0.000000,3.133418,5.976822,1.488449,-3.889215,-5.300949,0.322251,0.000000,0.000000,0.000000,0.000000,0.000000,0.000000,361.680509,287.395699,1
8.068000,1.698492,-0.101277,0.236158,-0.039330,0.001008,0.040339,-0.367330,-0.165652,0.004247,0.169899,1.490241,-0.598312,0.015341,0.613653,-1.693942,-0.576250,0.014776,0.591026,0.017226,-0.098639,0.002529,0.101168,-0.028416,1.622639,-0.041606,-1.664245,-0.631606,0.389425,-0.009985,-0.399410,0.065969,-0.009687,0.000248,0.009936,-0.015258,0.615756,-0.015789,-0.631545,-0.102036,0.115576,-0.002963,-0.118539,0.547453,-0.192826,0.004944,0.197770,0.448382,-0.843465,0.021627,0.865092,-1.213483,0.000000,0.000000,0.000000,3.343215,6.422930,1.609998,-4.086152,-5.748230,0.468648,0.000000,0.000000,0.000000,0.000000,0.000000,0.000000,361.717169,287.388392,1
8.072000,1.704501,-0.090338,0.233536,0.009289,-0.000238,-0.009528,-0.448298,-0.113396,0.002908,0.116304,1.368094,-0.656670,0.016838,0.673508,-1.685506,-0.695841,0.017842,0.713683,0.098873,-0.063731,0.001634,0.065366,-0.040278,2.078881,-0.053305,-2.132185,-0.803502,0.415124,-0.010644,-0.425768,0.117944,-0.011617,0.000298,0.011914,-0.021409,0.401894,-0.010305,-0.412199,-0.006632,0.192773,-0.004943,-0.197716,0.321364,-0.166029,0.004257,0.170287,0.458691,-0.901396,0.023113,0.924509,-1.136086,0.000000,0.000000,0.000000,3.358595,6.609103,1.400271,-4.059494,-5.518664,0.535495,0.000000,0.000000,0.000000,0.000000,0.000000,0.000000,361.734489,287.387295,1
8.082000,1.704021,-0.094142,0.233883,-0.182778,0.004687,0.187465,-0.277763,0.132244,-0.003391,-0.135635,1.453386,-0.602476,0.015448,0.617925,-2.068643,-0.819861,0.021022,0.840883,0.088691,-0.061808,0.001585,0.063393,-0.048454,2.243071,-0.057515,-2.300586,-0.801073,0.700183,-0.017953,-0.718136,0.067624,-0.008106,0.000208,0.008314,-0.033729,0.918705,-0.023557,-0.942262,-0.140058,0.019065,-0.000489,-0.019554,0.455658,0.121015,-0.003103,-0.124118,0.450837,-0.940581,0.024117,0.964698,-1.331974,0.000000,0.000000,0.000000,3.537590,7.221250,1.716749,-4.356511,-6.128352,0.499996,0.000000,0.000000,0.000000,0.000000,0.000000,0.000000,361.784276,287.378498,1
8.086000,1.716742,-0.088001,0.234848,-0.002620,0.000067,0.002687,-0.438939,-0.063157,0.001619,0.064777,1.480146,-0.658909,0.016895,0.675804,-1.802079,-0.875880,0.022458,0.898338,0.152972,-0.042977,0.001102,0.044079,-0.050324,2.928242,-0.075083,-3.003325,-1.165928,0.565737,-0.014506,-0.580243,0.147281,-0.021330,0.000547,0.021877,-0.014402,-0.113785,0.002918,0.116703,0.123621,0.201338,-0.005163,-0.206500,0.316532,-0.056211,0.001441,0.057653,0.519132,-1.061989,0.027230,1.089220,-1.142239,0.000000,0.000000,0.000000,3.479263,7.058252,1.311295,-4.238915,-5.667045,0.797789,0.000000,0.000000,0.000000,0.000000,0.000000,0.000000,361.809860,287.383149,1
8.096000,1.718415,-0.087211,0.231975,-0.002620,0.000067,0.002687,-0.449487,-0.063157,0.001619,0.064777,1.565393,-0.658909,0.016895,0.675804,-2.003900,-0.875880,0.022458,0.898338,0.179360,-0.042977,0.001102,0.044079,-0.039392,2.928242,-0.075083,-3.003325,-1.271287,0.565737,-0.014506,-0.580243,0.108363,-0.021330,0.000547,0.021877,-0.023230,-0.113785,0.002918,0.116703,0.090719,0.201338,-0.005163,-0.206500,0.380510,-0.056211,0.001441,0.057653,0.525994,-1.061989,0.027230,1.089220,-1.346057,0.000000,0.000000,0.000000,3.636746,7.376831,1.334076,-4.377974,-5.926325,0.930991,0.000000,0.000000,0.000000,0.000000,0.000000,0.000000,361.880728,287.394711,1
8.100000,1.706086,-0.106794,0.234358,-0.133116,0.003413,0.136529,0.005601,-0.054289,0.001392,0.055681,1.324646,-0.613259,0.015725,0.628984,-2.163400,-0.827087,0.021207,0.848294,0.038483,-0.032091,0.000823,0.032913,-0.050974,2.817648,-0.072247,-2.889895,-1.118079,0.135370,-0.003471,-0.138841,0.147058,-0.029281,0.000751,0.030032,-0.008655,-0.462392,0.011856,0.474248,0.318097,0.055284,-0.001418,-0.056701,0.460010,0.026783,-0.000687,-0.027470,0.359323,-1.134039,0.029078,1.163117,-1.053827,0.000000,0.000000,0.000000,3.502132,6.319370,1.925390,-3.790212,-6.471997,0.265592,0.000000,0.000000,0.000000,0.000000,0.000000,0.000000,361.905264,287.398089,1
8.110000,1.706535,-0.107497,0.231487,-0.133116,0.003413,0.136529,0.008009,-0.054289,0.001392,0.055681,1.393258,-0.613259,0.015725,0.628984,-2.355722,-0.827087,0.021207,0.848294,0.044066,-0.032091,0.000823,0.032913,-0.038513,2.817648,-0.072247,-2.889895,-1.205944,0.135370,-0.003471,-0.138841,0.191672,-0.029281,0.000751,0.030032,-0.012762,-0.462392,0.011856,0.474248,0.268149,0.055284,-0.001418,-0.056701,0.533444,0.026783,-0.000687,-0.027470,0.361740,-1.134039,0.029078,1.163117,-1.253104,0.000000,0.000000,0.000000,3.662478,6.568745,2.019920,-3.927776,-6.745041,0.285707,0.000000,0.000000,0.000000,0.000000,0.000000,0.000000,361.972623,287.405295,1
8.114000,1.724856,-0.085841,0.229837,-0.103497,0.002654,0.106151,-0.473406,-0.057484,0.001474,0.058958,1.431071,-0.609256,0.015622,0.624878,-1.931898,-0.864076,0.022156,0.886232,0.162158,-0.024052,0.000617,0.024668,-0.039954,3.129801,-0.080251,-3.210053,-1.280932,0.249835,-0.006406,-0.256241,0.424045,-0.033378,0.000856,0.034234,-0.025470,-0.661839,0.016970,0.678809,0.468280,0.119742,-0.003070,-0.122812,0.375064,0.024454,-0.000627,-0.025081,0.354685,-1.173962,0.030102,1.204063,-1.252687,0.000000,0.000000,0.000000,3.344598,7.080295,1.210124,-4.213328,-5.727102,0.936705,0.000000,0.000000,0.000000,0.000000,0.000000,0.000000,362.002979,287.412201,1
8.124000,1.726299,-0.084828,0.226677,-0.103497,0.002654,0.106151,-0.485181,-0.057484,0.001474,0.058958,1.505365,-0.609256,0.015622,0.624878,-2.088719,-0.864076,0.022156,0.886232,0.189371,-0.024052,0.000617,0.024668,-0.037999,3.129801,-0.080251,-3.210053,-1.378649,0.249835,-0.006406,-0.256241,0.410635,-0.033378,0.000856,0.034234,-0.025844,-0.661839,0.016970,0.678809,0.397599,0.119742,-0.003070,-0.122812,0.444137,0.024454,-0.000627,-0.025081,0.366903,-1.173962,0.030102,1.204063,-1.461840,0.000000,0.000000,0.000000,3.487626,7.403415,1.232667,-4.326666,-5.923692,1.054529,0.000000,0.000000,0.000000,0.000000,0.000000,0.000000,362.085376,287.428845,1
8.128000,1.723507,-0.100093,0.228397,0.037708,-0.000967,-0.038675,-0.380362,0.646155,-0.016568,-0.662723,1.409109,-1.899191,0.048697,1.947889,-2.031201,-1.288913,0.033049,1.321962,-0.010668,-0.010242,0.000263,0.010504,-0.081678,4.478214,-0.114826,-4.593040,-1.061967,0.688926,-0.017665,-0.706590,0.373625,-0.002783,0.000071,0.002854,-0.038909,2.582897,-0.066228,-2.649125,-0.211275,0.001047,-0.000027,-0.001074,0.560366,0.585934,-0.015024,-0.600958,0.076267,-1.984359,0.050881,2.035240,-1.094384,0.000000,0.000000,0.000000,3.608513,7.141596,1.726027,-4.597375,-7.169238,0.919480,0.000000,0.000000,0.000000,0.000000,0.000000,0.000000,362.136957,287.420880,1
8.138000,1.735661,-0.096135,0.231039,0.251818,-0.006457,-0.258274,-0.322520,0.253857,-0.006509,-0.260366,1.494888,-1.437211,0.036852,1.474063,-2.108706,0.043030,-0.001103,-0.044133,-0.295957,-0.015274,0.000392,0.015666,-0.037508,2.196763,-0.056327,-2.253091,-0.912496,0.593953,-0.015230,-0.609183,0.305567,-0.031237,0.000801,0.032038,-0.030012,-1.153165,0.029568,1.182733,0.601901,0.123318,-0.003162,-0.126480,0.389690,0.569386,-0.014600,-0.583986,0.222435,-2.074295,0.053187,2.127482,-0.874615,0.000000,0.000000,0.000000,3.691538,7.475651,1.549329,-4.420339,-6.689934,0.827422,0.000301,0.000551,-0.000467,0.000000,0.000000,0.000000,362.222851,287.392270,1
8.142000,1.730692,-0.098025,0.227650,0.109070,-0.002797,-0.111867,-0.312942,1.150645,-0.029504,-1.180149,1.181797,-2.322374,0.059548,2.381922,-1.755984,-1.054017,0.027026,1.081043,-0.114387,0.073531,-0.001885,-0.075416,-0.079667,4.928542,-0.126373,-5.054915,-1.249109,0.713146,-0.018286,-0.731431,0.897433,-0.010289,0.000264,0.010552,-0.015305,2.121200,-0.054390,-2.175589,0.012969,-0.193436,0.004960,0.198396,0.834107,1.433300,-0.036751,-1.470051,-0.354151,-2.793610,0.071631,2.865241,-0.645360,0.000000,0.000000,0.000000,3.555346,6.753169,1.419904,-4.422603,-6.877235,0.971314,0.000000,0.000000,0.000000,0.000000,0.000000,0.000000,362.283955,287.387496,1
8.152000,1.731436,-0.097610,0.225042,0.109070,-0.002797,-0.111867,-0.330818,1.150645,-0.029504,-1.180149,1.228051,-2.322374,0.059548,2.381922,-1.836113,-1.054017,0.027026,1.081043,0.012908,0.073531,-0.001885,-0.075416,-0.106855,4.928542,-0.126373,-5.054915,-1.834937,0.713146,-0.018286,-0.731431,0.635879,-0.010289,0.000264,0.010552,-0.057798,2.121200,-0.054390,-2.175589,-0.448935,-0.193436,0.004960,0.198396,0.897357,1.433300,-0.036751,-1.470051,-0.349224,-2.793610,0.071631,2.865241,-0.813093,-0.002503,-0.007731,-0.006534,3.679424,7.171096,1.562017,-4.548509,-6.981529,0.979740,0.000000,0.000000,0.000000,0.000000,0.000000,0.000000,362.480163,287.411340,1
8.156000,1.746245,-0.095938,0.233187,-0.157326,0.004034,0.161360,-0.196464,1.325121,-0.033977,-1.359099,1.085204,-2.363388,0.060600,2.423987,-1.247936,0.614281,-0.015751,-0.630032,-0.807396,0.039970,-0.001025,-0.040995,-0.056607,1.093998,-0.028051,-1.122049,-0.218420,-0.573139,0.014696,0.587834,1.257131,-0.022333,0.000573,0.022906,-0.003679,-0.427635,0.010965,0.438600,0.406229,-0.759914,0.019485,0.779399,1.221415,2.114935,-0.054229,-2.169165,-0.727612,-3.372071,0.086463,3.458534,0.031271,0.000000,0.000000,0.000000,3.270459,6.407853,1.289197,-4.161638,-5.808392,0.788482,-0.030619,0.058148,-0.011719,0.000000,0.000000,0.000000,362.515536,287.410460,1
8.166000,1.747536,-0.095612,0.231011,-0.157326,0.004034,0.161360,-0.185355,1.325121,-0.033977,-1.359099,1.147931,-2.363388,0.060600,2.423987,-1.326635,0.614281,-0.015751,-0.630032,-0.823230,0.039970,-0.001025,-0.040995,-0.048567,1.093998,-0.028051,-1.122049,-0.316379,-0.573139,0.014696,0.587834,1.232229,-0.022333,0.000573,0.022906,-0.020272,-0.427635,0.010965,0.438600,0.303218,-0.759914,0.019485,0.779399,1.320885,2.114935,-0.054229,-2.169165,-0.683893,-3.372071,0.086463,3.458534,-0.185138,0.349679,-0.613578,0.004189,3.453139,6.941344,1.440164,-4.260738,-6.020087,0.886245,-0.040787,0.139599,-0.049470,0.000000,0.000000,0.000000,362.612461,287.398454,1
8.170000,1.743343,-0.094818,0.225486,-0.109961,0.002820,0.112780,-0.390740,1.475857,-0.037842,-1.513699,0.941591,-2.286897,0.058638,2.345535,-1.067406,0.483469,-0.012397,-0.495866,-0.605050,0.161525,-0.004142,-0.165667,0.091551,0.916812,-0.023508,-0.940320,-1.679653,-0.592099,0.015182,0.607281,1.073960,-0.024997,0.000641,0.025638,0.004284,-0.020525,0.000526,0.021051,0.131032,-0.779157,0.019978,0.799135,1.070546,2.435289,-0.062443,-2.497733,-0.574346,-3.499105,0.089721,3.588826,-0.507399,2.195830,-6.040304,-0.992636,3.013432,7.258674,1.899790,-4.495678,-5.097827,0.107808,-0.000573,0.000816,-0.000104,0.000000,0.000000,0.000000,362.654996,287.394515,1
8.180000,1.744369,-0.095839,0.223676,-0.126029,0.003232,0.129261,-0.452964,1.442710,-0.036993,-1.479702,1.021680,-2.277486,0.058397,2.335883,-1.149026,0.473649,-0.012145,-0.485794,-0.709219,0.153470,-0.003935,-0.157405,0.210183,0.905652,-0.023222,-0.928874,-2.137078,-0.599940,0.015383,0.615323,1.053966,-0.025231,0.000647,0.025878,-0.000812,-0.019885,0.000510,0.020395,0.075205,-0.794994,0.020384,0.815378,1.091631,2.415238,-0.061929,-2.477167,-0.643634,-3.512701,0.090069,3.602771,-0.486543,1.961122,-5.783341,-1.095114,3.006599,7.283309,1.963510,-4.411031,-5.111911,0.146321,-0.130281,0.248699,-0.056118,0.000000,0.000000,0.000000,362.770041,287.388754,1
8.188000,1.763953,-0.094790,0.227658,0.007632,-0.000196,-0.007828,-0.543972,1.372924,-0.035203,-1.408127,0.804692,-2.447394,0.062754,2.510148,-0.483419,0.261335,-0.006701,-0.268036,-0.823329,1.484271,-0.038058,-1.522329,0.472119,-1.781121,0.045670,1.826790,-2.103797,-0.910355,0.023342,0.933698,1.079399,-0.024566,0.000630,0.025195,-0.014544,-0.091226,0.002339,0.093565,0.088567,-0.799924,0.020511,0.820435,0.879736,2.565682,-0.065787,-2.631469,-0.742652,-3.888064,0.099694,3.987758,0.355985,2.220143,-7.216675,-1.487941,2.680899,7.001411,1.726301,-3.790252,-3.521264,-0.115312,-0.003552,0.003848,0.000223,0.000000,0.000000,0.000000,362.868005,287.376176,1
8.198000,1.764937,-0.094628,0.226851,0.007632,-0.000196,-0.007828,-0.625131,1.372924,-0.035203,-1.408127,0.801229,-2.447394,0.062754,2.510148,-0.389211,0.261335,-0.006701,-0.268036,-0.952739,1.484271,-0.038058,-1.522329,0.482109,-1.781121,0.045670,1.826790,-2.119802,-0.910355,0.023342,0.933698,1.096112,-0.024566,0.000630,0.025195,-0.016748,-0.091226,0.002339,0.093565,0.062685,-0.799924,0.020511,0.820435,0.795547,2.565682,-0.065787,-2.631469,-0.635919,-3.888064,0.099694,3.987758,0.201448,1.934758,-6.610767,-1.435513,2.677019,7.264664,1.865856,-3.675765,-3.405379,-0.107260,-0.026950,0.027011,0.002898,0.000000,0.000000,0.000000,362.979315,287.353246,1
8.204000,1.754014,-0.100883,0.228294,0.249841,-0.006406,-0.256247,-0.546401,1.519518,-0.038962,-1.558480,0.426571,-2.672569,0.068527,2.741097,0.279306,0.388227,-0.009955,-0.398181,-0.766777,2.180864,-0.055920,-2.236783,-0.172272,-3.184982,0.081666,3.266648,-0.865846,-1.076911,0.027613,1.104524,0.942908,-0.017006,0.000436,0.017442,0.051619,-0.591687,0.015171,0.606859,0.356734,-0.657519,0.016859,0.674378,0.914021,2.785553,-0.071424,-2.856978,-1.224196,-4.119708,0.105634,4.225341,1.184076,1.797412,-5.357317,-1.207060,2.075970,4.926267,1.345848,-2.724227,-2.302948,-0.452789,-0.077212,0.094509,-0.001049,0.000000,0.000000,0.000000,363.072107,287.404120,1
8.214000,1.754032,-0.101600,0.228174,0.249841,-0.006406,-0.256247,-0.594782,1.519518,-0.038962,-1.558480,0.516823,-2.672569,0.068527,2.741097,0.181530,0.388227,-0.009955,-0.398181,-0.829036,2.180864,-0.055920,-2.236783,-0.205865,-3.184982,0.081666,3.266648,-0.728931,-1.076911,0.027613,1.104524,0.977263,-0.017006,0.000436,0.017442,0.006565,-0.591687,0.015171,0.606859,0.305140,-0.657519,0.016859,0.674378,0.845719,2.785553,-0.071424,-2.856978,-1.026724,-4.119708,0.105634,4.225341,0.889405,1.720732,-5.124713,-1.162207,2.227979,5.718252,1.717441,-2.956829,-2.999634,-0.198642,-0.215341,0.236511,0.011743,0.000000,0.000000,0.000000,363.203643,287.471923,1
8.218000,1.761679,-0.098496,0.242293,-0.804371,0.020625,0.824996,0.297345,0.469847,-0.012047,-0.481894,0.592396,-4.397007,0.112744,4.509750,1.951735,-0.672269,0.017238,0.689507,-0.134672,-0.421454,0.010807,0.432260,0.978851,-2.673545,0.068552,2.742097,0.700573,-1.117654,0.028658,1.146312,0.997517,-0.516681,0.013248,0.529930,0.442186,-0.103012,0.002641,0.105653,0.067679,-1.119690,0.028710,1.148399,2.232906,-0.771568,0.019784,0.791352,0.363594,2.287708,-0.058659,-2.346367,-2.248384,0.642969,-2.591754,-0.727219,0.000000,0.000000,0.000000,0.000000,0.000000,0.000000,-1.712405,3.171823,-0.359269,0.000000,0.000000,0.000000,363.288772,287.554025,1
8.228000,1.761915,-0.098600,0.240456,-0.804371,0.020625,0.824996,0.427571,0.469847,-0.012047,-0.481894,0.224480,-4.397007,0.112744,4.509750,2.109466,-0.672269,0.017238,0.689507,-0.060293,-0.421454,0.010807,0.432260,1.128993,-2.673545,0.068552,2.742097,0.392974,-1.117654,0.028658,1.146312,0.704750,-0.516681,0.013248,0.529930,0.600888,-0.103012,0.002641,0.105653,-0.070994,-1.119690,0.028710,1.148399,1.870235,-0.771568,0.019784,0.791352,0.238545,2.287708,-0.058659,-2.346367,-1.598528,1.576224,-4.153806,-0.701144,0.000000,0.000000,0.000000,0.000000,0.000000,0.000000,-5.105691,15.476880,-3.711361,0.000000,0.000000,0.000000,363.476795,287.738904,1
8.232000,1.766264,-0.105560,0.236208,0.101890,-0.002613,-0.104502,-0.274448,-0.154029,0.003949,0.157978,0.087092,-1.048426,0.026883,1.075309,-0.273063,-0.364036,0.009334,0.373371,1.060579,-0.808502,0.020731,0.829232,1.190708,-1.740865,0.044638,1.785503,-0.624895,-0.858528,0.022014,0.880541,0.808456,-0.363029,0.009308,0.372337,1.565295,-1.007315,0.025829,1.033144,-1.806791,-0.845162,0.021671,0.866833,0.043681,-0.330570,0.008476,0.339046,0.030228,2.112606,-0.054169,-2.166776,-0.661061,2.999804,-5.748565,0.017777,0.000000,0.000000,0.000000,0.000000,0.000000,0.000000,-1.911697,9.603201,-3.177422,0.000000,0.000000,0.000000,363.506703,287.742603,1
8.242000,1.766200,-0.105841,0.234354,0.101890,-0.002613,-0.104502,-0.077312,-0.154029,0.003949,0.157978,-0.021541,-1.048426,0.026883,1.075309,0.107999,-0.364036,0.009334,0.373371,1.141790,-0.808502,0.020731,0.829232,1.207671,-1.740865,0.044638,1.785503,-0.979364,-0.858528,0.022014,0.880541,0.796077,-0.363029,0.009308,0.372337,1.326861,-1.007315,0.025829,1.033144,-1.868031,-0.845162,0.021671,0.866833,-0.005215,-0.330570,0.008476,0.339046,-0.000169,2.112606,-0.054169,-2.166776,-0.786161,3.135022,-6.415038,-0.168178,0.000000,0.000000,0.000000,0.000000,0.000000,0.000000,-1.936807,8.916558,-2.855526,0.000000,0.000000,0.000000,363.588073,287.750242,1
8.246000,1.788711,-0.123932,0.246305,1.364435,-0.034986,-1.399421,-1.864558,0.492809,-0.012636,-0.505445,-0.582870,-0.324573,0.008322,0.332895,-0.268578,3.073643,-0.078811,-3.152454,0.021195,-0.359262,0.009212,0.368474,0.771322,-1.569553,0.040245,1.609798,-0.082757,2.957703,-0.075839,-3.033542,-0.736448,-0.520119,0.013336,0.533455,0.453667,-2.104944,0.053973,2.158917,-0.571470,-0.163811,0.004200,0.168011,-1.090343,0.129225,-0.003313,-0.132538,-0.405349,12.571235,-0.322339,-12.893574,-5.577289,3.655559,-3.406558,1.008367,0.000000,0.000000,0.000000,0.000000,0.000000,0.000000,-0.498125,6.683569,-2.491592,0.000000,0.000000,0.000000,363.905415,288.053932,1
8.256000,1.790453,-0.124626,0.245361,1.364435,-0.034986,-1.399421,-1.736398,0.492809,-0.012636,-0.505445,-0.421961,-0.324573,0.008322,0.332895,-0.117205,3.073643,-0.078811,-3.152454,-0.333174,-0.359262,0.009212,0.368474,0.865172,-1.569553,0.040245,1.609798,-0.295588,2.957703,-0.075839,-3.033542,-1.143198,-0.520119,0.013336,0.533455,0.511799,-2.104944,0.053973,2.158917,-0.832608,-0.163811,0.004200,0.168011,-1.027556,0.129225,-0.003313,-0.132538,-0.269756,12.571235,-0.322339,-12.893574,-5.927473,3.667144,-4.064085,0.673298,0.000000,0.000000,0.000000,0.000000,0.000000,0.000000,-0.911327,7.365005,-2.491699,0.000000,0.000000,0.000000,364.772419,288.871236,1
8.262000,1.781089,-0.105544,0.241308,0.337692,-0.008659,-0.346351,-0.028265,-0.198235,0.005083,0.203318,-0.158580,2.042436,-0.052370,-2.094807,-0.851682,0.462437,-0.011857,-0.474294,0.043948,0.042443,-0.001088,-0.043531,0.795408,-0.638518,0.016372,0.654890,-0.673894,0.322667,-0.008274,-0.330940,-0.804970,0.314815,-0.008072,-0.322887,-0.010888,-1.637542,0.041988,1.679530,-0.389916,-0.155781,0.003994,0.159776,-0.246437,-0.092325,0.002367,0.094692,-0.016681,-0.414020,0.010616,0.424636,0.070144,2.293297,-4.478785,0.011087,0.000000,0.000000,0.000000,0.000000,0.000000,0.000000,-1.786950,5.624989,-1.295189,0.000000,0.000000,0.000000,364.792330,288.876448,1
8.272000,1.781848,-0.105311,0.239716,0.351924,-0.009024,-0.360947,-0.013980,-0.198715,0.005095,0.203810,-0.075180,2.158653,-0.055350,-2.214003,-0.955722,0.441894,-0.011331,-0.453225,0.070443,0.031011,-0.000795,-0.031806,0.959453,-0.640381,0.016420,0.656801,-1.046526,0.307046,-0.007873,-0.314919,-0.836442,0.311825,-0.007996,-0.319821,0.016908,-1.650095,0.042310,1.692406,-0.634477,-0.114833,0.002944,0.117777,-0.263877,-0.112629,0.002888,0.115516,0.000231,-0.544543,0.013963,0.558505,0.185683,2.478865,-5.303039,-0.171096,0.000000,0.000000,0.000000,0.000000,0.000000,0.000000,-1.930863,6.220429,-1.476774,0.000000,0.000000,0.000000,364.835965,288.882576,1
8.276000,1.785316,-0.096007,0.243326,0.053193,-0.001364,-0.054557,0.537541,0.005690,-0.000146,-0.005836,-0.194949,0.625745,-0.016045,-0.641789,-0.011510,0.731118,-0.018747,-0.749865,0.040155,-0.183927,0.004716,0.188643,0.705458,-0.770796,0.019764,0.790560,-0.427808,0.455663,-0.011684,-0.467347,-0.260514,-0.164662,0.004222,0.168884,0.556134,-1.440245,0.036929,1.477174,-0.502483,-1.420150,0.036414,1.456564,0.470487,0.036338,-0.000932,-0.037270,-0.072185,0.300772,-0.007712,-0.308484,-0.024284,2.334691,-4.637217,0.053868,0.000000,0.000000,0.000000,0.000000,0.000000,0.000000,-1.602157,5.797704,-1.842374,0.000000,0.000000,0.000000,364.844736,288.882227,1
8.286000,1.785807,-0.095102,0.241914,0.053193,-0.001364,-0.054557,0.387784,0.005690,-0.000146,-0.005836,-0.121442,0.625745,-0.016045,-0.641789,-0.117099,0.731118,-0.018747,-0.749865,-0.021872,-0.183927,0.004716,0.188643,0.856711,-0.770796,0.019764,0.790560,-0.908399,0.455663,-0.011684,-0.467347,-0.370095,-0.164662,0.004222,0.168884,0.519813,-1.440245,0.036929,1.477174,-0.727142,-1.420150,0.036414,1.456564,0.504787,0.036338,-0.000932,-0.037270,-0.067754,0.300772,-0.007712,-0.308484,-0.018218,2.623273,-5.600031,-0.091081,0.000000,0.000000,0.000000,0.000000,0.000000,0.000000,-1.854165,6.331050,-1.979768,0.000000,0.000000,0.000000,364.875450,288.876673,1
8.292000,1.793823,-0.106947,0.237631,0.813809,-0.020867,-0.834676,-0.120607,-0.004135,0.000106,0.004241,-0.073364,1.678311,-0.043034,-1.721345,-0.567892,0.374467,-0.009602,-0.384069,0.389687,-0.056657,0.001453,0.058109,1.344298,-1.097778,0.028148,1.125926,-1.207735,0.164394,-0.004215,-0.168609,-0.571009,-0.373742,0.009583,0.383325,0.470640,-1.010154,0.025901,1.036055,-1.023648,-1.356854,0.034791,1.391645,0.196401,0.141313,-0.003623,-0.144936,-0.102185,0.436106,-0.011182,-0.447288,-0.059540,3.101599,-5.942834,-0.282250,0.000000,0.000000,0.000000,0.000000,0.000000,0.000000,-2.114430,6.697759,-1.586917,0.000000,0.000000,0.000000,364.901359,288.871738,1
8.302000,1.794787,-0.107074,0.235163,0.813809,-0.020867,-0.834676,-0.153995,-0.004135,0.000106,0.004241,-0.056151,1.678311,-0.043034,-1.721345,-0.650980,0.374467,-0.009602,-0.384069,0.360169,-0.056657,0.001453,0.058109,1.458633,-1.097778,0.028148,1.125926,-1.480327,0.164394,-0.004215,-0.168609,-0.661537,-0.373742,0.009583,0.383325,0.499277,-1.010154,0.025901,1.036055,-1.280799,-1.356854,0.034791,1.391645,0.268663,0.141313,-0.003623,-0.144936,-0.107526,0.436106,-0.011182,-0.447288,-0.040417,3.203559,-6.413976,-0.440198,0.000000,0.000000,0.000000,0.000000,0.000000,0.000000,-2.252097,7.150394,-1.697426,0.000000,0.000000,0.000000,364.953125,288.860858,1
8.306000,1.801360,-0.109193,0.237931,0.815801,-0.020918,-0.836719,-0.051242,-0.029028,0.000744,0.029772,-0.052581,1.823272,-0.046751,-1.870023,-0.528086,0.313509,-0.008039,-0.321548,0.244159,0.047056,-0.001207,-0.048262,1.307211,-1.055763,0.027071,1.082834,-1.524540,0.057990,-0.001487,-0.059477,-0.430124,-0.304430,0.007806,0.312236,0.583591,-0.969268,0.024853,0.994121,-1.166373,-1.229709,0.031531,1.261240,0.075234,0.331207,-0.008492,-0.339699,-0.135222,0.365213,-0.009364,-0.374577,-0.013853,3.154392,-6.461375,-0.376861,0.000000,0.000000,0.000000,0.000000,0.000000,0.000000,-2.292419,7.146049,-1.756068,0.000000,0.000000,0.000000,364.970476,288.854581,1
8.316000,1.802216,-0.109275,0.235385,0.815801,-0.020918,-0.836719,-0.085885,-0.029028,0.000744,0.029772,-0.044086,1.823272,-0.046751,-1.870023,-0.669679,0.313509,-0.008039,-0.321548,0.225956,0.047056,-0.001207,-0.048262,1.394187,-1.055763,0.027071,1.082834,-1.771870,0.057990,-0.001487,-0.059477,-0.512636,-0.304430,0.007806,0.312236,0.582622,-0.969268,0.024853,0.994121,-1.386978,-1.229709,0.031531,1.261240,0.139664,0.331207,-0.008492,-0.339699,-0.170392,0.365213,-0.009364,-0.374577,-0.016579,3.263868,-6.852403,-0.486317,0.000000,0.000000,0.000000,0.000000,0.000000,0.000000,-2.420407,7.459022,-1.817932,0.000000,0.000000,0.000000,365.022632,288.837962,1
8.320000,1.816435,-0.118916,0.241132,0.848209,-0.021749,-0.869958,-0.178151,-0.023417,0.000600,0.024017,-0.045512,1.790155,-0.045901,-1.836057,-0.650587,0.214411,-0.005498,-0.219909,0.364053,-0.209760,0.005378,0.215139,1.395494,-1.172073,0.030053,1.202126,-1.422640,-0.076245,0.001955,0.078200,-0.259444,-0.648495,0.016628,0.665123,0.697337,-1.038309,0.026623,1.064932,-1.057820,-1.034945,0.026537,1.061482,0.039335,0.495009,-0.012693,-0.507702,-0.215673,0.340715,-0.008736,-0.349451,-0.014949,3.150257,-6.220172,-0.658575,0.000000,0.000000,0.000000,0.000000,0.000000,0.000000,-2.283676,7.255159,-1.317742,0.000000,0.000000,0.000000,365.043464,288.835290,1
8.330000,1.818021,-0.119639,0.238670,0.848209,-0.021749,-0.869958,-0.199931,-0.023417,0.000600,0.024017,-0.043195,1.790155,-0.045901,-1.836057,-0.720867,0.214411,-0.005498,-0.219909,0.351114,-0.209760,0.005378,0.215139,1.493327,-1.172073,0.030053,1.202126,-1.647433,-0.076245,0.001955,0.078200,-0.331168,-0.648495,0.016628,0.665123,0.735226,-1.038309,0.026623,1.064932,-1.303106,-1.034945,0.026537,1.061482,0.055999,0.495009,-0.012693,-0.507702,-0.249604,0.340715,-0.008736,-0.349451,-0.015244,3.260974,-6.590868,-0.803201,0.000000,0.000000,0.000000,0.000000,0.000000,0.000000,-2.415029,7.682346,-1.370936,0.000000,0.000000,0.000000,365.103180,288.825559,1
8.332000,1.829124,-0.114387,0.241446,-0.056544,0.001450,0.057993,0.142686,-0.007854,0.000201,0.008055,-0.026241,0.550890,-0.014125,-0.565016,-0.071728,0.072987,-0.001871,-0.074859,0.217624,-0.331055,0.008489,0.339544,1.291069,-0.213557,0.005476,0.219033,-1.603473,-0.053447,0.001370,0.054818,-0.183090,-0.121858,0.003125,0.124983,0.459641,-0.930846,0.023868,0.954714,-0.602733,0.600927,-0.015408,-0.616335,-0.645747,-0.890389,0.022830,0.913220,0.196139,-0.302668,0.007761,0.310429,0.309356,2.707781,-5.701045,-0.235168,0.000000,0.000000,0.000000,0.000000,0.000000,0.000000,-2.049109,6.204319,-1.445519,0.000000,0.000000,0.000000,365.107522,288.826088,1
8.342000,1.830543,-0.114405,0.239173,-0.056544,0.001450,0.057993,0.153895,-0.007854,0.000201,0.008055,-0.023759,0.550890,-0.014125,-0.565016,-0.109939,0.072987,-0.001871,-0.074859,0.173722,-0.331055,0.008489,0.339544,1.405931,-0.213557,0.005476,0.219033,-1.876678,-0.053447,0.001370,0.054818,-0.276350,-0.121858,0.003125,0.124983,0.515824,-0.930846,0.023868,0.954714,-0.891072,0.600927,-0.015408,-0.616335,-0.769449,-0.890389,0.022830,0.913220,0.223571,-0.302668,0.007761,0.310429,0.207624,2.862850,-6.214383,-0.349627,0.000000,0.000000,0.000000,0.000000,0.000000,0.000000,-2.263176,6.850784,-1.593860,0.000000,0.000000,0.000000,365.133980,288.826745,1
8.348000,1.823960,-0.115095,0.230973,0.967461,-0.024807,-0.992267,-0.131286,-0.034969,0.000897,0.035865,-0.076609,2.700121,-0.069234,-2.769355,-0.915238,0.091024,-0.002334,-0.093358,0.370455,0.145407,-0.003728,-0.149136,1.569449,-0.585546,0.015014,0.600560,-2.074625,-0.111950,0.002871,0.114821,-0.519209,0.014653,-0.000376,-0.015029,0.410222,-0.752803,0.019303,0.772106,-1.305977,-0.955207,0.024492,0.979700,-0.016408,-0.035448,0.000909,0.036356,-0.012387,0.100771,-0.002584,-0.103355,0.067826,3.217689,-6.701051,-0.701505,0.000000,0.000000,0.000000,0.000000,0.000000,0.000000,-2.395310,7.303654,-1.519116,0.000000,0.000000,0.000000,365.165660,288.827044,1
8.358000,1.824961,-0.115523,0.227809,0.967461,-0.024807,-0.992267,-0.171349,-0.034969,0.000897,0.035865,-0.058833,2.700121,-0.069234,-2.769355,-1.089237,0.091024,-0.002334,-0.093358,0.380114,0.145407,-0.003728,-0.149136,1.642738,-0.585546,0.015014,0.600560,-2.247232,-0.111950,0.002871,0.114821,-0.589121,0.014653,-0.000376,-0.015029,0.418350,-0.752803,0.019303,0.772106,-1.529024,-0.955207,0.024492,0.979700,0.008379,-0.035448,0.000909,0.036356,-0.014054,0.100771,-0.002584,-0.103355,0.038275,3.277517,-6.918629,-0.796447,0.000000,0.000000,0.000000,0.000000,0.000000,0.000000,-2.494038,7.580120,-1.563055,0.000000,0.000000,0.000000,365.226518,288.830080,1
8.362000,1.825728,-0.115531,0.230056,1.284934,-0.032947,-1.317881,-0.134138,-0.013903,0.000356,0.014260,-0.059881,3.505970,-0.089897,-3.595866,-1.137339,0.374201,-0.009595,-0.383796,0.296225,0.285201,-0.007313,-0.292514,1.564981,-0.789162,0.020235,0.809396,-2.308523,0.133752,-0.003430,-0.137182,-0.480328,0.135464,-0.003473,-0.138937,0.440679,-1.012239,0.025955,1.038194,-1.518829,-0.824497,0.021141,0.845638,-0.005409,0.202147,-0.005183,-0.207331,-0.030937,0.212918,-0.005459,-0.218377,0.052098,3.553587,-7.276620,-0.747578,0.000000,0.000000,0.000000,0.000000,0.000000,0.000000,-2.499468,7.931665,-1.811642,0.000000,0.000000,0.000000,365.260253,288.831056,1
8.372000,1.826523,-0.115943,0.226742,1.284934,-0.032947,-1.317881,-0.278934,-0.013903,0.000356,0.014260,-0.060460,3.505970,-0.089897,-3.595866,-1.407962,0.374201,-0.009595,-0.383796,0.249549,0.285201,-0.007313,-0.292514,1.602286,-0.789162,0.020235,0.809396,-2.438554,0.133752,-0.003430,-0.137182,-0.609465,0.135464,-0.003473,-0.138937,0.409144,-1.012239,0.025955,1.038194,-1.695199,-0.824497,0.021141,0.845638,0.017386,0.202147,-0.005183,-0.207331,-0.089598,0.212918,-0.005459,-0.218377,0.020970,3.553914,-7.381147,-0.834031,0.000000,0.000000,0.000000,0.000000,0.000000,0.000000,-2.618310,8.043747,-1.773316,0.000000,0.000000,0.000000,365.359331,288.842924,1
8.376000,1.841713,-0.123384,0.230508,0.068426,-0.001755,-0.070181,0.117287,-0.006506,0.000167,0.006673,-0.053054,1.952505,-0.050064,-2.002569,-0.781327,0.054420,-0.001395,-0.055816,0.510576,0.233057,-0.005976,-0.239033,1.533598,-1.524633,0.039093,1.563726,-1.910254,0.221762,-0.005686,-0.227448,-0.382719,0.425862,-0.010920,-0.436781,0.349705,-1.966677,0.050428,2.017104,-1.088636,0.990643,-0.025401,-1.016044,-0.919266,-0.618460,0.015858,0.634318,0.218950,-0.129072,0.003310,0.132382,0.149396,3.348476,-7.084533,-1.256321,0.000000,0.000000,0.000000,0.000096,-0.000494,0.000399,-2.297596,8.109285,-1.507690,0.000000,0.000000,0.000000,365.393266,288.830944,1
8.386000,1.843130,-0.124310,0.227587,0.068426,-0.001755,-0.070181,0.109651,-0.006506,0.000167,0.006673,-0.060528,1.952505,-0.050064,-2.002569,-0.825957,0.054420,-0.001395,-0.055816,0.466505,0.233057,-0.005976,-0.239033,1.563233,-1.524633,0.039093,1.563726,-1.984107,0.221762,-0.005686,-0.227448,-0.537954,0.425862,-0.010920,-0.436781,0.300659,-1.966677,0.050428,2.017104,-1.221126,0.990643,-0.025401,-1.016044,-1.154532,-0.618460,0.015858,0.634318,0.155610,-0.129072,0.003310,0.132382,0.109921,3.356749,-7.129667,-1.336477,0.000000,0.000000,0.000000,0.022893,-0.175349,0.133609,-2.379611,8.235664,-1.461910,0.000000,0.000000,0.000000,365.484942,288.800523,1
8.390000,1.850739,-0.128524,0.227736,-0.251069,0.006438,0.257507,0.485891,-0.000037,0.000001,0.000038,-0.052173,2.219359,-0.056907,-2.276266,-0.809280,-0.228010,0.005846,0.233856,0.449608,0.504105,-0.012926,-0.517031,1.330298,-2.110205,0.054108,2.164312,-1.598088,0.226989,-0.005820,-0.232810,-0.596378,0.932125,-0.023901,-0.956026,-0.060522,-2.655065,0.068079,2.723144,-0.558089,1.132359,-0.029035,-1.161394,-1.521780,-0.844529,0.021655,0.866183,0.375677,-0.230008,0.005898,0.235905,0.322664,3.067857,-6.686945,-1.286116,0.000000,0.000000,0.000000,-0.003731,-0.315114,0.201138,-2.344750,7.251712,-1.010593,0.000000,0.000000,0.000000,365.525359,288.795609,1
8.400000,1.852326,-0.129667,0.225155,-0.251069,0.006438,0.257507,0.542676,-0.000037,0.000001,0.000038,-0.045588,2.219359,-0.056907,-2.276266,-0.968121,-0.228010,0.005846,0.233856,0.469248,0.504105,-0.012926,-0.517031,1.383968,-2.110205,0.054108,2.164312,-1.647853,0.226989,-0.005820,-0.232810,-0.671558,0.932125,-0.023901,-0.956026,-0.044726,-2.655065,0.068079,2.723144,-0.709290,1.132359,-0.029035,-1.161394,-1.582034,-0.844529,0.021655,0.866183,0.310762,-0.230008,0.005898,0.235905,0.220584,3.136329,-6.761287,-1.339685,0.000000,0.000000,0.000000,-0.161381,-0.826886,0.424612,-2.435110,7.888826,-1.147623,0.000000,0.000000,0.000000,365.635603,288.781583,1
8.404000,1.848025,-0.118692,0.227037,0.553945,-0.014204,-0.568148,0.297246,0.081974,-0.002102,-0.084076,-0.059547,2.560432,-0.065652,-2.626084,-0.911042,0.289086,-0.007412,-0.296499,0.232757,1.430999,-0.036692,-1.467692,0.987700,-2.136108,0.054772,2.190880,-1.486315,0.811679,-0.020812,-0.832491,-1.142955,2.159540,-0.055373,-2.214913,-0.802905,-3.163381,0.081112,3.244494,-0.225174,-0.242983,0.006230,0.249213,-1.087659,0.112338,-0.002880,-0.115219,0.028061,0.155161,-0.003978,-0.159140,0.117024,3.217240,-6.607158,-0.776712,-0.000022,0.000203,0.000139,-0.061602,-0.596599,0.330871,-2.238117,6.932897,-1.418674,0.000000,0.000000,0.000000,365.679982,288.778223,1
8.414000,1.848683,-0.119225,0.224655,0.553945,-0.014204,-0.568148,0.172993,0.081974,-0.002102,-0.084076,-0.103249,2.560432,-0.065652,-2.626084,-1.130958,0.289086,-0.007412,-0.296499,0.209777,1.430999,-0.036692,-1.467692,1.049939,-2.136108,0.054772,2.190880,-1.564746,0.811679,-0.020812,-0.832491,-1.238750,2.159540,-0.055373,-2.214913,-0.743273,-3.163381,0.081112,3.244494,-0.456401,-0.242983,0.006230,0.249213,-0.891287,0.112338,-0.002880,-0.115219,-0.017442,0.155161,-0.003978,-0.159140,0.056687,3.268773,-6.743794,-0.833585,-0.001271,0.007885,0.005646,-0.049885,-1.341174,0.837442,-2.342792,7.610316,-1.633269,0.000000,0.000000,0.000000,365.804980,288.766389,1
8.420000,1.851550,-0.126388,0.225220,0.152708,-0.003916,-0.156624,0.481102,0.179232,-0.004596,-0.183828,0.049539,1.640970,-0.042076,-1.683046,-1.823819,0.346753,-0.008891,-0.355644,0.282971,1.405429,-0.036037,-1.441466,0.925535,-2.144190,0.054979,2.199169,-1.218458,0.955467,-0.024499,-0.979966,-1.107843,2.350167,-0.060261,-2.410427,-0.584946,-3.463805,0.088816,3.552621,-0.546663,0.049246,-0.001263,-0.050508,-0.891081,-0.020166,0.000517,0.020683,0.011356,0.091938,-0.002357,-0.094296,0.088391,3.576759,-5.816997,-0.436874,0.000000,0.000000,0.000000,-2.213148,-5.118051,1.263679,-2.068078,7.944311,-1.715662,0.000000,0.000000,0.000000,365.875538,288.763156,1
8.430000,1.852178,-0.127123,0.223165,0.152708,-0.003916,-0.156624,0.620679,0.179232,-0.004596,-0.183828,0.255388,1.640970,-0.042076,-1.683046,-2.496164,0.346753,-0.008891,-0.355644,0.354095,1.405429,-0.036037,-1.441466,0.960121,-2.144190,0.054979,2.199169,-1.237395,0.955467,-0.024499,-0.979966,-1.079139,2.350167,-0.060261,-2.410427,-0.591324,-3.463805,0.088816,3.552621,-0.594409,0.049246,-0.001263,-0.050508,-0.776263,-0.020166,0.000517,0.020683,0.000544,0.091938,-0.002357,-0.094296,0.048664,3.518782,-5.642738,-0.411176,0.000000,0.000000,0.000000,-2.127921,-5.268051,1.450980,-2.023172,8.145783,-1.819595,0.000000,0.000000,0.000000,366.007686,288.765473,1
8.436000,1.862524,-0.115365,0.225727,0.176407,-0.004523,-0.180930,0.482264,0.597609,-0.015323,-0.612933,0.013613,0.405722,-0.010403,-0.416126,-1.467998,0.152375,-0.003907,-0.156282,0.200598,1.254000,-0.032154,-1.286154,1.158974,-2.266822,0.058124,2.324946,-1.331402,0.814771,-0.020892,-0.835663,-1.363727,2.264344,-0.058060,-2.322405,-0.791964,-3.645377,0.093471,3.738848,-0.157014,0.242346,-0.006214,-0.248560,-0.797991,-0.013544,0.000347,0.013892,0.006340,0.035023,-0.000898,-0.035921,0.039955,3.404733,-6.114240,-0.398699,0.015365,0.135281,0.075290,-2.919602,-5.741758,1.264737,-2.135472,7.329868,-1.692202,0.000000,0.000000,0.000000,366.062224,288.756393,1
8.446000,1.863305,-0.115445,0.223791,0.176407,-0.004523,-0.180930,0.632074,0.597609,-0.015323,-0.612933,0.240267,0.405722,-0.010403,-0.416126,-2.137622,0.152375,-0.003907,-0.156282,0.306018,1.254000,-0.032154,-1.286154,1.204458,-2.266822,0.058124,2.324946,-1.291625,0.814771,-0.020892,-0.835663,-1.288911,2.264344,-0.058060,-2.322405,-0.713738,-3.645377,0.093471,3.738848,-0.274557,0.242346,-0.006214,-0.248560,-0.723471,-0.013544,0.000347,0.013892,0.001279,0.035023,-0.000898,-0.035921,0.025073,3.317536,-5.824448,-0.335417,0.048394,0.286136,0.152772,-2.693999,-5.696107,1.469231,-2.059404,7.600564,-1.887694,0.000000,0.000000,0.000000,366.159154,288.735544,1
8.454000,1.854093,-0.111836,0.229894,-0.852153,0.021850,0.874003,0.023167,2.465945,-0.063229,-2.529175,0.218400,-5.312140,0.136209,5.448349,0.929216,-0.867828,0.022252,0.890080,-0.007178,1.171036,-0.030027,-1.201062,0.188582,-3.217474,0.082499,3.299973,0.980245,0.176751,-0.004532,-0.181283,-1.552683,2.517296,-0.064546,-2.581842,-0.985450,-4.654548,0.119347,4.773895,2.737260,1.787246,-0.045827,-1.833073,-0.026182,-0.042853,0.001099,0.043952,1.261805,-0.280593,0.007195,0.287788,-1.086170,0.598138,-2.138648,-0.504928,3.926465,5.911330,1.000426,-3.604521,-4.284212,-0.042061,0.000000,0.000000,0.000000,0.000000,0.000000,0.000000,366.362452,288.921275,1
8.464000,1.853259,-0.112029,0.230057,-0.852153,0.021850,0.874003,-0.012162,2.465945,-0.063229,-2.529175,0.122246,-5.312140,0.136209,5.448349,0.783440,-0.867828,0.022252,0.890080,-0.019551,1.171036,-0.030027,-1.201062,0.088508,-3.217474,0.082499,3.299973,0.799280,0.176751,-0.004532,-0.181283,-0.917764,2.517296,-0.064546,-2.581842,-1.116248,-4.654548,0.119347,4.773895,2.517830,1.787246,-0.045827,-1.833073,-0.033078,-0.042853,0.001099,0.043952,1.054759,-0.280593,0.007195,0.287788,-1.079461,0.733045,-2.490845,-0.568492,3.802416,5.629562,0.934045,-4.005416,-4.600213,-0.163140,0.000000,0.000000,0.000000,0.000000,0.000000,0.000000,366.590806,289.134546,1
8.472000,1.893120,-0.105256,0.249756,-0.032320,0.000829,0.033149,-0.580327,0.373482,-0.009576,-0.383059,0.317474,-5.578370,0.143035,5.721405,1.430767,-0.098710,0.002531,0.101242,-0.211368,-0.778354,0.019958,0.798312,0.348283,-3.773284,0.096751,3.870035,2.540666,5.174673,-0.132684,-5.307357,-1.033491,-0.681440,0.017473,0.698913,-0.284672,11.003422,-0.282139,-11.285561,-6.057683,0.776690,-0.019915,-0.796605,-0.662652,-1.899233,0.048698,1.947932,1.409526,-3.313839,0.084970,3.398809,-0.623408,0.000000,0.000000,0.000000,2.413405,7.061555,2.105327,-3.491873,-4.411913,-0.331881,0.000000,0.000000,0.000000,0.000000,0.000000,0.000000,367.374002,289.878062,1
8.482000,1.893743,-0.105001,0.250824,-0.032320,0.000829,0.033149,-0.741240,0.373482,-0.009576,-0.383059,0.371913,-5.578370,0.143035,5.721405,1.174084,-0.098710,0.002531,0.101242,-0.246214,-0.778354,0.019958,0.798312,0.287792,-3.773284,0.096751,3.870035,2.175671,5.174673,-0.132684,-5.307357,-2.116289,-0.681440,0.017473,0.698913,-0.144268,11.003422,-0.282139,-11.285561,-5.700069,0.776690,-0.019915,-0.796605,-0.778649,-1.899233,0.048698,1.947932,1.327662,-3.313839,0.084970,3.398809,-0.641508,0.000000,0.000000,0.000000,2.582662,7.221048,2.055680,-3.816416,-5.109751,-0.199436,0.000000,0.000000,0.000000,0.000000,0.000000,0.000000,368.340073,290.794669,1
8.488000,1.881435,-0.107667,0.242724,2.094872,-0.053715,-2.148587,-2.258670,-0.742587,0.019041,0.761628,1.012562,-3.370962,0.086435,3.457396,-0.139972,-0.369130,0.009465,0.378594,0.126091,-0.336690,0.008633,0.345323,0.313317,-0.203567,0.005220,0.208787,-1.745452,0.984290,-0.025238,-1.009528,-0.553553,-0.557452,0.014294,0.571745,0.158692,0.305662,-0.007837,-0.313499,0.594267,2.433959,-0.062409,-2.496368,-1.843161,-1.901823,0.048765,1.950587,1.003280,-2.265425,0.058088,2.323513,-0.662854,0.000000,0.000000,0.000000,2.766999,5.366454,1.500150,-3.707687,-5.598299,0.280723,0.000000,0.000000,0.000000,0.000000,0.000000,0.000000,368.433449,290.857148,1
8.498000,1.881897,-0.107344,0.242001,2.094872,-0.053715,-2.148587,-2.294884,-0.742587,0.019041,0.761628,1.125688,-3.370962,0.086435,3.457396,-0.336312,-0.369130,0.009465,0.378594,0.066225,-0.336690,0.008633,0.345323,0.116326,-0.203567,0.005220,0.208787,-0.750725,0.984290,-0.025238,-1.009528,-0.477437,-0.557452,0.014294,0.571745,0.178426,0.305662,-0.007837,-0.313499,0.286239,2.433959,-0.062409,-2.496368,-1.826810,-1.901823,0.048765,1.950587,1.028790,-2.265425,0.058088,2.323513,-0.784832,0.000000,0.000000,0.000000,3.104964,5.862959,1.590758,-3.844578,-6.013492,0.426394,0.000000,0.000000,0.000000,0.000000,0.000000,0.000000,368.595822,290.954864,1
8.502000,1.886120,-0.105228,0.239444,0.271713,-0.006967,-0.278680,-1.035682,-0.661122,0.016952,0.678074,1.088119,-1.620784,0.041559,1.662342,-0.789179,0.852362,-0.021855,-0.874218,-0.547658,0.508759,-0.013045,-0.521804,-0.632177,-3.316989,0.085051,3.402040,1.031260,0.488396,-0.012523,-0.500919,-0.046826,-0.066758,0.001712,0.068470,-0.067819,-0.122146,0.003132,0.125278,0.152826,0.470086,-0.012053,-0.482140,-0.513729,-1.210152,0.031030,1.241181,0.823246,-1.258288,0.032264,1.290552,-1.009009,0.000000,0.000000,0.000000,2.560003,6.069335,1.789502,-3.705717,-4.816451,0.150546,0.000000,0.000000,0.000000,0.000000,0.000000,0.000000,368.632919,290.971012,1
8.512000,1.886423,-0.104338,0.237938,0.421758,-0.010814,-0.432572,-1.071674,-0.733952,0.018819,0.752771,1.207031,-1.578536,0.040475,1.619011,-0.990209,0.848505,-0.021757,-0.870261,-0.627284,0.477638,-0.012247,-0.489885,-0.497349,-3.137210,0.080441,3.217652,1.214877,0.360603,-0.009246,-0.369850,0.004172,-0.074657,0.001914,0.076571,-0.036972,-0.853671,0.021889,0.875560,0.425723,0.603955,-0.015486,-0.619441,-0.462054,-1.264225,0.032416,1.296641,0.870906,-1.227522,0.031475,1.258997,-1.227925,0.000000,0.000000,0.000000,2.834364,6.449953,1.841945,-3.868659,-5.257749,0.318208,0.000000,0.000000,0.000000,0.000000,0.000000,0.000000,368.743044,291.018067,1
8.514000,1.893185,-0.107145,0.240482,-0.007791,0.000200,0.007990,-0.403665,-0.055234,0.001416,0.056650,0.942838,-1.413033,0.036232,1.449265,-0.864610,-0.076526,0.001962,0.078488,-0.231671,-0.098245,0.002519,0.100764,-0.142833,-0.388701,0.009967,0.398667,0.155098,1.063717,-0.027275,-1.090992,-0.133731,-0.026643,0.000683,0.027327,-0.050914,2.008648,-0.051504,-2.060152,-0.589805,0.197650,-0.005068,-0.202718,0.138047,-0.398667,0.010222,0.408889,0.488065,-1.350411,0.034626,1.385037,-0.767074,0.000000,0.000000,0.000000,3.134061,6.066576,1.404904,-3.598855,-4.842463,0.251987,0.000000,0.000000,0.000000,0.000000,0.000000,0.000000,368.751157,291.016657,1
8.524000,1.894026,-0.106987,0.238687,-0.007791,0.000200,0.007990,-0.396105,-0.055234,0.001416,0.056650,1.047343,-1.413033,0.036232,1.449265,-1.142298,-0.076526,0.001962,0.078488,-0.197660,-0.098245,0.002519,0.100764,-0.082633,-0.388701,0.009967,0.398667,0.135158,1.063717,-0.027275,-1.090992,-0.162412,-0.026643,0.000683,0.027327,-0.043283,2.008648,-0.051504,-2.060152,-0.728986,0.197650,-0.005068,-0.202718,0.193242,-0.398667,0.010222,0.408889,0.521867,-1.350411,0.034626,1.385037,-1.014078,0.000000,0.000000,0.000000,3.375606,6.545384,1.513590,-3.902521,-5.411398,0.390412,0.000000,0.000000,0.000000,0.000000,0.000000,0.000000,368.802487,291.005439,1
8.530000,1.895269,-0.109389,0.234981,0.361182,-0.009261,-0.370444,-0.376765,-0.263805,0.006764,0.270569,1.161578,-1.576394,0.040420,1.616815,-1.269169,-0.789459,0.020243,0.809702,0.010072,-0.162714,0.004172,0.166886,-0.064230,1.224585,-0.031400,-1.255984,-0.438115,0.852786,-0.021866,-0.874653,-0.132702,-0.020269,0.000520,0.020789,-0.026111,1.513208,-0.038800,-1.552009,-0.568385,0.538701,-0.013813,-0.552514,0.344402,-0.720137,0.018465,0.738602,0.545607,-1.266492,0.032474,1.298966,-1.207009,0.000000,0.000000,0.000000,3.701075,6.202063,1.418042,-3.874922,-5.960332,0.603727,0.000000,0.000000,0.000000,0.000000,0.000000,0.000000,368.839896,290.996992,1
8.540000,1.895827,-0.109339,0.232554,0.361182,-0.009261,-0.370444,-0.436479,-0.263805,0.006764,0.270569,1.268081,-1.576394,0.040420,1.616815,-1.521794,-0.789459,0.020243,0.809702,0.012177,-0.162714,0.004172,0.166886,-0.033520,1.224585,-0.031400,-1.255984,-0.461447,0.852786,-0.021866,-0.874653,-0.129927,-0.020269,0.000520,0.020789,-0.017293,1.513208,-0.038800,-1.552009,-0.582640,0.538701,-0.013813,-0.552514,0.353069,-0.720137,0.018465,0.738602,0.553304,-1.266492,0.032474,1.298966,-1.413345,0.000000,0.000000,0.000000,3.826376,6.491252,1.514013,-4.109165,-6.359886,0.682356,0.000000,0.000000,0.000000,0.000000,0.000000,0.000000,368.910078,290.977226,1
8.544000,1.909962,-0.102741,0.238218,0.036608,-0.000939,-0.037547,-0.361476,-0.112370,0.002881,0.115251,1.171701,-1.094369,0.028061,1.122429,-1.451916,-0.475672,0.012197,0.487869,-0.002652,-0.114140,0.002927,0.117066,-0.048884,2.113584,-0.054194,-2.167778,-0.785473,0.865448,-0.022191,-0.887639,-0.021379,-0.021865,0.000561,0.022426,-0.032067,0.948708,-0.024326,-0.973033,-0.121438,0.207976,-0.005333,-0.213308,0.269520,-0.175961,0.004512,0.180472,0.415633,-1.485767,0.038097,1.523863,-0.949599,0.000000,0.000000,0.000000,3.491780,6.620077,1.398788,-3.969295,-5.609773,0.542487,0.000000,0.000000,0.000000,0.000000,0.000000,0.000000,368.930900,290.972912,1
8.554000,1.911127,-0.102372,0.235876,0.036608,-0.000939,-0.037547,-0.369576,-0.112370,0.002881,0.115251,1.267832,-1.094369,0.028061,1.122429,-1.701571,-0.475672,0.012197,0.487869,0.001367,-0.114140,0.002927,0.117066,-0.034963,2.113584,-0.054194,-2.167778,-0.869632,0.865448,-0.022191,-0.887639,-0.015726,-0.021865,0.000561,0.022426,-0.029724,0.948708,-0.024326,-0.973033,-0.217167,0.207976,-0.005333,-0.213308,0.321413,-0.175961,0.004512,0.180472,0.430407,-1.485767,0.038097,1.523863,-1.174029,0.000000,0.000000,0.000000,3.662790,6.970589,1.465292,-4.187810,-5.997411,0.656288,0.000000,0.000000,0.000000,0.000000,0.000000,0.000000,368.992110,290.958677,1
8.558000,1.907348,-0.107660,0.234031,0.210408,-0.005395,-0.215803,-0.335407,-0.155874,0.003997,0.159871,1.254577,-1.127831,0.028919,1.156749,-1.717100,-0.417620,0.010708,0.428329,0.012654,-0.103939,0.002665,0.106604,-0.050379,3.054670,-0.078325,-3.132995,-1.198770,1.031915,-0.026459,-1.058374,-0.144825,-0.025116,0.000644,0.025760,-0.023170,1.059314,-0.027162,-1.086476,-0.264076,0.377834,-0.009688,-0.387522,0.394213,-0.212228,0.005442,0.217670,0.369234,-1.518818,0.038944,1.557762,-1.167207,0.000000,0.000000,0.000000,3.699862,6.583535,1.541671,-4.056656,-6.214560,0.602637,0.000000,0.000000,0.000000,0.000000,0.000000,0.000000,369.026182,290.961043,1
8.568000,1.908043,-0.107581,0.231365,0.210408,-0.005395,-0.215803,-0.382396,-0.155874,0.003997,0.159871,1.344045,-1.127831,0.028919,1.156749,-1.944193,-0.417620,0.010708,0.428329,0.007493,-0.103939,0.002665,0.106604,-0.037952,3.054670,-0.078325,-3.132995,-1.311349,1.031915,-0.026459,-1.058374,-0.163372,-0.025116,0.000644,0.025760,-0.018551,1.059314,-0.027162,-1.086476,-0.311736,0.377834,-0.009688,-0.387522,0.421860,-0.212228,0.005442,0.217670,0.359993,-1.518818,0.038944,1.557762,-1.355409,0.000000,0.000000,0.000000,3.819450,6.825342,1.609490,-4.225960,-6.516045,0.674743,0.000000,0.000000,0.000000,0.000000,0.000000,0.000000,369.121456,290.965750,1
8.570000,1.938435,-0.107303,0.244620,-0.216399,0.005549,0.221947,-0.142025,0.115449,-0.002960,-0.118410,1.280272,-0.287198,0.007364,0.294562,-1.370062,-0.026875,0.000689,0.027564,-0.041438,-0.012031,0.000308,0.012339,-0.048065,1.171847,-0.030047,-1.201894,-0.197807,0.206347,-0.005291,-0.211638,0.283539,-0.023109,0.000593,0.023701,-0.014311,-0.778253,0.019955,0.798208,0.828774,-0.080608,0.002067,0.082675,0.413868,0.283403,-0.007267,-0.290670,0.440504,-0.898055,0.023027,0.921082,-0.615687,0.000000,0.000000,0.000000,3.168156,6.112080,1.425873,-3.827966,-4.710340,0.220068,0.000000,0.000000,0.000000,0.000000,0.000000,0.000000,369.126011,290.964929,1
8.580000,1.952070,-0.101760,0.255699,0.097990,-0.002513,-0.100502,-0.223089,-0.640249,0.016417,0.656666,1.195685,-0.572593,0.014682,0.587275,-1.006685,-0.025274,0.000648,0.025922,-0.060495,-0.010689,0.000274,0.010963,-0.049721,2.155975,-0.055281,-2.211256,-1.060232,-0.518063,0.013284,0.531346,0.585916,-0.045002,0.001154,0.046156,-0.011187,-3.306536,0.084783,3.391319,1.590749,0.246187,-0.006312,-0.252499,0.045695,-0.432268,0.011084,0.443352,0.692050,-1.359592,0.034861,1.394453,-0.378975,0.000000,0.000000,0.000000,3.312244,6.164247,1.142052,-3.581961,-4.762324,0.383987,0.000000,0.000000,0.000000,0.000000,0.000000,0.000000,369.228998,291.045240,1
8.586000,1.923882,-0.108585,0.232484,-0.078636,0.002016,0.080652,-0.194035,0.342933,-0.008793,-0.351726,1.375909,-0.394170,0.010107,0.404277,-2.131867,-0.139605,0.003580,0.143185,-0.104168,-0.019754,0.000507,0.020261,-0.059197,3.021722,-0.077480,-3.099202,-1.122779,0.832801,-0.021354,-0.854155,0.002874,-0.021321,0.000547,0.021868,-0.036020,0.801468,-0.020550,-0.822018,-0.017587,0.070893,-0.001818,-0.072711,0.624678,0.494978,-0.012692,-0.507669,0.183508,-1.003414,0.025729,1.029142,-1.252496,0.000000,0.000000,0.000000,3.640360,6.643965,1.721197,-4.299775,-6.029989,0.466565,0.000000,0.000000,0.000000,0.000000,0.000000,0.000000,369.266813,291.049354,1
8.596000,1.924483,-0.108520,0.229382,-0.078636,0.002016,0.080652,-0.214576,0.342933,-0.008793,-0.351726,1.450059,-0.394170,0.010107,0.404277,-2.334959,-0.139605,0.003580,0.143185,-0.129919,-0.019754,0.000507,0.020261,-0.048276,3.021722,-0.077480,-3.099202,-1.272300,0.832801,-0.021354,-0.854155,-0.007421,-0.021321,0.000547,0.021868,-0.031450,0.801468,-0.020550,-0.822018,-0.124881,0.070893,-0.001818,-0.072711,0.683064,0.494978,-0.012692,-0.507669,0.161098,-1.003414,0.025729,1.029142,-1.441801,0.000000,0.000000,0.000000,3.767233,6.825401,1.758704,-4.413477,-6.271798,0.547689,0.000000,0.000000,0.000000,0.000000,0.000000,0.000000,369.338403,291.058807,1
8.600000,1.941736,-0.112526,0.240175,0.262669,-0.006735,-0.269404,-0.030846,-0.601085,0.015412,0.616498,1.330337,-0.367211,0.009416,0.376626,-1.961740,-0.145642,0.003734,0.149377,-0.034756,-0.183105,0.004695,0.187800,-0.000152,0.647384,-0.016600,-0.663984,-0.150499,-0.040933,0.001050,0.041982,0.367835,-0.042481,0.001089,0.043571,0.028130,-2.647362,0.067881,2.715243,1.312704,0.412286,-0.010571,-0.422858,-0.008165,-0.556061,0.014258,0.570319,0.630528,-0.815485,0.020910,0.836395,-0.839808,0.000000,0.000000,0.000000,3.471798,6.133572,1.025486,-3.797813,-5.618978,0.659742,0.000000,0.000000,0.000000,0.000000,0.000000,0.000000,369.363678,291.072511,1
8.610000,1.943378,-0.112517,0.237608,0.262669,-0.006735,-0.269404,-0.033511,-0.601085,0.015412,0.616498,1.442945,-0.367211,0.009416,0.376626,-2.182769,-0.145642,0.003734,0.149377,-0.053108,-0.183105,0.004695,0.187800,-0.005570,0.647384,-0.016600,-0.663984,-0.162113,-0.040933,0.001050,0.041982,0.393405,-0.042481,0.001089,0.043571,0.007238,-2.647362,0.067881,2.715243,1.328669,0.412286,-0.010571,-0.422858,0.016669,-0.556061,0.014258,0.570319,0.718956,-0.815485,0.020910,0.836395,-1.112122,0.000000,0.000000,0.000000,3.962339,6.678622,0.986943,-4.143984,-5.946534,0.650830,0.000000,0.000000,0.000000,0.000000,0.000000,0.000000,369.431769,291.105236,1
8.614000,1.943884,-0.108987,0.231808,-0.296515,0.007603,0.304118,-0.132158,0.552205,-0.014159,-0.566364,1.469168,-0.744644,0.019093,0.763737,-2.306027,-1.668551,0.042783,1.711334,0.187482,-0.195544,0.005014,0.200558,-0.042280,4.993254,-0.128032,-5.121286,-1.202227,0.662248,-0.016981,-0.679229,0.454498,-0.166960,0.004281,0.171241,-0.036378,2.205182,-0.056543,-2.261725,-0.098157,-0.051532,0.001321,0.052853,0.596692,0.532454,-0.013653,-0.546107,0.236070,-1.210236,0.031032,1.241267,-1.231589,0.000000,0.000000,0.000000,3.815352,7.196822,1.599335,-4.597988,-6.550459,0.819289,0.000000,0.000000,0.000000,0.000000,0.000000,0.000000,369.477152,291.113703,1
8.624000,1.944879,-0.108672,0.228656,-0.296515,0.007603,0.304118,-0.078270,0.552205,-0.014159,-0.566364,1.514607,-0.744644,0.019093,0.763737,-2.461806,-1.668551,0.042783,1.711334,0.396739,-0.195544,0.005014,0.200558,-0.037296,4.993254,-0.128032,-5.121286,-1.845163,0.662248,-0.016981,-0.679229,0.368653,-0.166960,0.004281,0.171241,-0.057233,2.205182,-0.056543,-2.261725,-0.532862,-0.051532,0.001321,0.052853,0.720420,0.532454,-0.013653,-0.546107,0.218001,-1.210236,0.031032,1.241267,-1.425864,0.000000,0.000000,0.000000,3.946717,7.415477,1.627989,-4.711195,-6.686092,0.864873,0.000000,0.000000,0.000000,0.000000,0.000000,0.000000,369.640055,291.178237,1
8.628000,1.955682,-0.099458,0.229154,-0.019327,0.000496,0.019823,-0.139015,0.673460,-0.017268,-0.690728,1.225700,-1.360961,0.034896,1.395858,-2.082070,-0.183213,0.004698,0.187911,-0.031006,-0.106226,0.002724,0.108950,-0.034975,2.357542,-0.060450,-2.417991,-1.002254,-0.497270,0.012751,0.510020,0.820318,-0.099838,0.002560,0.102398,-0.021169,-0.716737,0.018378,0.735114,0.420014,-0.160822,0.004124,0.164946,0.570982,0.943108,-0.024182,-0.967290,0.046044,-1.914753,0.049096,1.963849,-0.972143,-0.095021,-0.323812,-0.225742,3.867145,7.156676,1.370347,-4.552624,-6.260058,1.028008,0.000000,0.000000,0.000000,0.000000,0.000000,0.000000,369.675918,291.168331,1
8.638000,1.956453,-0.099806,0.226623,-0.029185,0.000748,0.029934,-0.144336,0.677278,-0.017366,-0.694644,1.270554,-1.364740,0.034993,1.399733,-2.162905,-0.266644,0.006837,0.273481,-0.019191,-0.101971,0.002615,0.104586,-0.026514,2.573869,-0.065997,-2.639866,-1.129054,-0.435527,0.011167,0.446694,0.868828,-0.100468,0.002576,0.103044,-0.018067,-0.635798,0.016303,0.652100,0.361525,-0.169682,0.004351,0.174033,0.678816,0.956935,-0.024537,-0.981472,0.013346,-1.940814,0.049764,1.990578,-1.094186,-0.093431,-0.356520,-0.242888,4.009115,7.413000,1.422585,-4.614797,-6.367468,1.055174,0.000000,0.000000,0.000000,0.000000,0.000000,0.000000,369.774298,291.144402,1
8.642000,1.957197,-0.107791,0.228139,-0.159003,0.004077,0.163080,-0.034447,0.991973,-0.025435,-1.017409,1.176419,-2.302448,0.059037,2.361485,-1.615976,-0.343701,0.008813,0.352514,-0.216380,-0.080815,0.002072,0.082887,-0.042508,4.043329,-0.103675,-4.147005,-0.803258,0.320174,-0.008210,-0.328384,0.961950,-0.099276,0.002546,0.101822,-0.038105,0.504447,-0.012935,-0.517382,0.449802,-0.329747,0.008455,0.338202,0.999059,0.822114,-0.021080,-0.843194,-0.080745,-2.108969,0.054076,2.163046,-0.833912,0.009003,-0.003641,0.005977,3.638442,6.538161,1.278599,-4.381623,-6.494118,0.934315,0.000000,0.000000,0.000000,0.000000,0.000000,0.000000,369.819065,291.129532,1
8.652000,1.958118,-0.107371,0.225464,-0.159003,0.004077,0.163080,-0.055574,0.991973,-0.025435,-1.017409,1.230070,-2.302448,0.059037,2.361485,-1.702328,-0.343701,0.008813,0.352514,-0.192437,-0.080815,0.002072,0.082887,-0.047763,4.043329,-0.103675,-4.147005,-1.393591,0.320174,-0.008210,-0.328384,0.770237,-0.099276,0.002546,0.101822,-0.045171,0.504447,-0.012935,-0.517382,0.185967,-0.329747,0.008455,0.338202,1.058928,0.822114,-0.021080,-0.843194,-0.059411,-2.108969,0.054076,2.163046,-1.025308,0.021612,-0.041914,-0.005432,3.785889,7.024723,1.443588,-4.544509,-6.651417,0.956224,0.002330,0.011455,-0.007461,0.000000,0.000000,0.000000,369.960179,291.112168,1
8.656000,1.967479,-0.102273,0.229285,-0.505772,0.012969,0.518740,-0.081791,0.965855,-0.024766,-0.990620,0.970464,-2.686676,0.068889,2.755565,-1.255112,0.646616,-0.016580,-0.663195,-0.670766,-0.260456,0.006678,0.267134,-0.036575,1.229069,-0.031515,-1.260584,-0.324469,-0.267545,0.006860,0.274405,1.069591,-0.096191,0.002466,0.098657,-0.031087,-0.580327,0.014880,0.595207,0.604972,-0.815995,0.020923,0.836918,0.981459,0.772240,-0.019801,-0.792041,-0.307261,-2.305972,0.059127,2.365099,-0.379893,1.363930,-1.523266,0.512514,3.028000,5.714906,1.008871,-4.598961,-5.854737,0.698917,0.000000,0.000000,0.000000,0.000000,0.000000,0.000000,369.991962,291.100962,1
8.666000,1.968714,-0.101620,0.227007,-0.505772,0.012969,0.518740,-0.084109,0.965855,-0.024766,-0.990620,1.056057,-2.686676,0.068889,2.755565,-1.293749,0.646616,-0.016580,-0.663195,-0.454345,-0.260456,0.006678,0.267134,-0.062278,1.229069,-0.031515,-1.260584,-0.648157,-0.267545,0.006860,0.274405,0.974339,-0.096191,0.002466,0.098657,-0.032712,-0.580327,0.014880,0.595207,0.443036,-0.815995,0.020923,0.836918,1.054980,0.772240,-0.019801,-0.792041,-0.171751,-2.305972,0.059127,2.365099,-0.653470,3.194247,-5.477812,0.464243,3.320452,7.057655,1.514524,-4.936321,-5.802582,0.489583,0.000000,0.000000,0.000000,0.000000,0.000000,0.000000,370.080848,291.065444,1
8.672000,1.969870,-0.104016,0.225211,-0.552403,0.014164,0.566567,-0.128140,1.223947,-0.031383,-1.255330,1.027019,-2.535436,0.065011,2.600447,-1.020894,0.657823,-0.016867,-0.674690,-0.419148,-0.220164,0.005645,0.225809,0.276789,1.155311,-0.029623,-1.184935,-1.689630,-0.233324,0.005983,0.239307,0.814260,-0.089197,0.002287,0.091484,-0.014454,-0.363939,0.009332,0.373271,0.259303,-0.986912,0.025305,1.012218,1.239919,1.328006,-0.034051,-1.362057,-0.195449,-2.531254,0.064904,2.596158,-0.787584,2.412793,-5.873307,-0.425186,3.027803,6.869883,1.636118,-4.865471,-5.102453,0.041137,-0.000612,0.152989,-0.082810,0.000000,0.000000,0.000000,370.142186,291.054030,1
8.682000,1.970697,-0.103468,0.223110,-0.552403,0.014164,0.566567,-0.262718,1.223947,-0.031383,-1.255330,1.078118,-2.535436,0.065011,2.600447,-1.026708,0.657823,-0.016867,-0.674690,-0.544397,-0.220164,0.005645,0.225809,0.510173,1.155311,-0.029623,-1.184935,-2.384848,-0.233324,0.005983,0.239307,0.741065,-0.089197,0.002287,0.091484,-0.009097,-0.363939,0.009332,0.373271,0.209633,-0.986912,0.025305,1.012218,1.164525,1.328006,-0.034051,-1.362057,-0.171043,-2.531254,0.064904,2.596158,-0.872005,2.134755,-5.877073,-0.714736,3.034954,7.107298,1.751390,-4.763029,-4.938755,0.024430,-0.018980,0.351096,-0.181495,0.000000,0.000000,0.000000,370.256311,291.039419,1
8.688000,1.978711,-0.109490,0.226536,-0.131656,0.003376,0.135032,-0.412460,1.253262,-0.032135,-1.285397,0.744395,-2.753295,0.070597,2.823892,-0.342212,0.378196,-0.009697,-0.387894,-0.714268,1.241274,-0.031828,-1.273102,0.215187,-1.674153,0.042927,1.717080,-1.757002,-0.760901,0.019510,0.780411,1.021743,-0.050200,0.001287,0.051488,0.011154,-0.719508,0.018449,0.737957,0.409113,-0.821774,0.021071,0.842845,1.156395,1.775209,-0.045518,-1.820727,-0.756789,-3.170790,0.081302,3.252093,0.202937,2.115237,-6.456219,-1.105244,2.566503,5.564356,1.283498,-3.697161,-3.563754,-0.222884,-0.135113,0.298248,-0.073719,0.000000,0.000000,0.000000,370.314267,291.034137,1
8.698000,1.985944,-0.107528,0.225996,-0.240840,0.006175,0.247015,-0.433116,0.981708,-0.025172,-1.006880,0.905663,-2.718799,0.069713,2.788511,-0.283311,0.257066,-0.006591,-0.263658,-0.723437,1.102276,-0.028263,-1.130539,0.450394,-1.922162,0.049286,1.971449,-1.737048,-0.793311,0.020341,0.813653,0.882327,-0.055370,0.001420,0.056790,0.015344,-1.158863,0.029714,1.188578,0.596000,-0.938349,0.024060,0.962409,1.008061,1.669604,-0.042810,-1.712414,-0.404812,-3.443093,0.088284,3.531377,0.056298,2.077929,-6.423902,-1.224609,2.677473,6.531336,1.569510,-3.642651,-3.469031,-0.065130,-0.458508,0.926602,-0.206999,0.000000,0.000000,0.000000,370.406493,291.011512,1
8.702000,1.978649,-0.105491,0.223647,0.226170,-0.005799,-0.231969,-0.811155,1.047190,-0.026851,-1.074041,0.444547,-2.959171,0.075876,3.035048,0.621613,0.486629,-0.012478,-0.499106,-1.179587,1.493520,-0.038295,-1.531816,-0.073328,-3.042232,0.078006,3.120238,-0.855250,-0.888853,0.022791,0.911644,0.789017,-0.067674,0.001735,0.069409,0.142616,-0.889580,0.022810,0.912389,0.512493,-0.582161,0.014927,0.597088,0.775899,1.814682,-0.046530,-1.861212,-0.760488,-3.681794,0.094405,3.776199,0.437951,1.587908,-5.544489,-1.269974,1.909299,4.206808,0.955900,-2.773998,-2.111042,-0.469183,-0.389858,0.594465,-0.115112,0.000000,0.000000,0.000000,370.449098,291.028948,1
8.712000,1.978887,-0.105953,0.223326,0.226170,-0.005799,-0.231969,-0.804186,1.047190,-0.026851,-1.074041,0.547870,-2.959171,0.075876,3.035048,0.499722,0.486629,-0.012478,-0.499106,-1.154490,1.493520,-0.038295,-1.531816,-0.080425,-3.042232,0.078006,3.120238,-0.756302,-0.888853,0.022791,0.911644,0.789531,-0.067674,0.001735,0.069409,0.103594,-0.889580,0.022810,0.912389,0.430570,-0.582161,0.014927,0.597088,0.769328,1.814682,-0.046530,-1.861212,-0.691214,-3.681794,0.094405,3.776199,0.368079,1.632062,-5.391039,-1.162054,2.113383,4.899451,1.210666,-2.833264,-2.479188,-0.271932,-0.750602,1.207854,-0.259328,0.000000,0.000000,0.000000,370.545163,291.066048,1
8.720000,1.981843,-0.112380,0.233349,0.099222,-0.002544,-0.101767,0.157633,0.140887,-0.003612,-0.144500,0.693984,-3.486643,0.089401,3.576044,0.943878,0.300976,-0.007717,-0.308693,0.139794,0.455070,-0.011668,-0.466738,0.719568,-3.185158,0.081671,3.266828,-0.047920,-1.084238,0.027801,1.112039,0.833132,0.083412,-0.002139,-0.085551,1.683434,-0.064820,0.001662,0.066482,-1.217777,-0.813686,0.020864,0.834549,0.964650,0.782226,-0.020057,-0.802283,-0.766042,-3.430622,0.087965,3.518587,0.393684,2.991775,-5.118412,-0.097497,0.000000,0.000000,0.000000,-1.347441,-2.907460,0.786406,-2.517552,10.665866,-3.140516,0.000000,0.000000,0.000000,370.609032,291.115886,1
8.730000,1.981476,-0.112339,0.232139,0.099222,-0.002544,-0.101767,0.234867,0.140887,-0.003612,-0.144500,0.614458,-3.486643,0.089401,3.576044,0.637992,0.300976,-0.007717,-0.308693,0.212103,0.455070,-0.011668,-0.466738,0.650615,-3.185158,0.081671,3.266828,-0.246000,-1.084238,0.027801,1.112039,0.839665,0.083412,-0.002139,-0.085551,1.663826,-0.064820,0.001662,0.066482,-1.548061,-0.813686,0.020864,0.834549,0.657828,0.782226,-0.020057,-0.802283,-0.737150,-3.430622,0.087965,3.518587,1.103369,3.200577,-5.568104,-0.139799,0.000000,0.000000,0.000000,-1.555338,-3.498553,1.006338,-2.459147,10.097791,-2.940157,0.000000,0.000000,0.000000,370.706718,291.182958,1
8.736000,1.988429,-0.117968,0.233523,-0.314328,0.008060,0.322387,0.666190,0.203870,-0.005227,-0.209097,-0.309658,-4.338718,0.111249,4.449968,2.421313,-0.184083,0.004720,0.188803,0.949979,0.208912,-0.005357,-0.214269,0.831843,-3.576645,0.091709,3.668354,-0.489453,-1.241171,0.031825,1.272995,0.906003,-0.582033,0.014924,0.596957,1.423590,-1.356715,0.034788,1.391502,-1.802270,-1.680676,0.043094,1.723770,0.275972,0.707122,-0.018131,-0.725254,-0.698230,-0.067961,0.001743,0.069703,0.533660,3.599977,-7.214466,-0.275718,0.000000,0.000000,0.000000,-0.116373,-0.470845,0.242118,-2.241708,8.973685,-2.703935,0.000000,0.000000,0.000000,370.819144,291.241606,1
8.746000,1.988299,-0.118493,0.231972,-0.314328,0.008060,0.322387,0.662839,0.203870,-0.005227,-0.209097,-0.301400,-4.338718,0.111249,4.449968,2.169189,-0.184083,0.004720,0.188803,0.983121,0.208912,-0.005357,-0.214269,0.851932,-3.576645,0.091709,3.668354,-0.721750,-1.241171,0.031825,1.272995,0.851386,-0.582033,0.014924,0.596957,1.228100,-1.356715,0.034788,1.391502,-1.786315,-1.680676,0.043094,1.723770,0.354663,0.707122,-0.018131,-0.725254,-0.559052,-0.067961,0.001743,0.069703,0.297575,3.660279,-7.504441,-0.373054,0.000000,0.000000,0.000000,-0.303319,-1.417586,0.763903,-2.349068,8.634697,-2.473003,0.000000,0.000000,0.000000,371.001999,291.318144,1
8.750000,1.995894,-0.119772,0.243341,1.621546,-0.041578,-1.663124,-0.824018,-1.249327,0.032034,1.281361,0.361784,1.178580,-0.030220,-1.208800,-2.552510,-0.342688,0.008787,0.351475,1.022065,-0.136373,0.003497,0.139869,0.694779,-3.181732,0.081583,3.263315,-0.136117,-1.053213,0.027005,1.080218,0.668255,-0.833797,0.021379,0.855176,0.716596,-1.847048,0.047360,1.894408,-0.633184,-2.039789,0.052302,2.092091,0.350569,1.348961,-0.034589,-1.383550,-0.724553,0.291803,-0.007482,-0.299285,-0.070993,2.954038,-5.888422,-0.022028,0.000000,0.000000,0.000000,0.000000,0.000000,0.000000,-1.830344,6.636063,-1.858956,0.000000,0.000000,0.000000,371.042445,291.345440,1
8.760000,1.996287,-0.120089,0.242507,1.621546,-0.041578,-1.663124,-0.938276,-1.249327,0.032034,1.281361,0.296804,1.178580,-0.030220,-1.208800,-1.405447,-0.342688,0.008787,0.351475,1.023608,-0.136373,0.003497,0.139869,0.809716,-3.181732,0.081583,3.263315,-0.361574,-1.053213,0.027005,1.080218,0.630592,-0.833797,0.021379,0.855176,0.785982,-1.847048,0.047360,1.894408,-0.834180,-2.039789,0.052302,2.092091,0.630132,1.348961,-0.034589,-1.383550,-0.716082,0.291803,-0.007482,-0.299285,-0.040377,3.070391,-6.456193,-0.179813,0.000000,0.000000,0.000000,0.000000,0.000000,0.000000,-2.069243,7.254243,-1.981976,0.000000,0.000000,0.000000,371.147918,291.395709,1
8.766000,2.010656,-0.122567,0.241361,0.641404,-0.016446,-0.657851,0.010453,-0.127501,0.003269,0.130770,-0.103322,2.456060,-0.062976,-2.519036,-0.559352,-0.072338,0.001855,0.074193,0.237821,0.052607,-0.001349,-0.053956,0.917408,-0.562587,0.014425,0.577013,-0.961920,-0.104025,0.002667,0.106692,-0.365802,0.297061,-0.007617,-0.304678,0.317678,-1.220698,0.031300,1.251998,-0.713583,-0.684501,0.017551,0.702052,-0.002777,-0.354020,0.009077,0.363098,-0.102177,-0.002709,0.000069,0.002779,-0.044296,2.285331,-4.709214,-0.454142,0.000000,0.000000,0.000000,0.000000,0.000000,0.000000,-2.123314,6.498959,-1.225464,0.000000,0.000000,0.000000,371.166638,291.394109,1
8.776000,2.011683,-0.123009,0.239466,0.641404,-0.016446,-0.657851,-0.017278,-0.127501,0.003269,0.130770,-0.080353,2.456060,-0.062976,-2.519036,-0.869442,-0.072338,0.001855,0.074193,0.283542,0.052607,-0.001349,-0.053956,1.043467,-0.562587,0.014425,0.577013,-1.320584,-0.104025,0.002667,0.106692,-0.379831,0.297061,-0.007617,-0.304678,0.296332,-1.220698,0.031300,1.251998,-0.915339,-0.684501,0.017551,0.702052,0.004016,-0.354020,0.009077,0.363098,-0.035706,-0.002709,0.000069,0.002779,-0.013033,2.601186,-5.450193,-0.588948,0.000000,0.000000,0.000000,0.000000,0.000000,0.000000,-2.193829,6.869646,-1.319293,0.000000,0.000000,0.000000,371.210078,291.395177,1
8.782000,2.015180,-0.125586,0.236544,0.415124,-0.010644,-0.425768,0.044949,-0.079158,0.002030,0.081188,-0.069497,3.131213,-0.080288,-3.211501,-1.283405,0.175634,-0.004503,-0.180138,0.067167,0.090399,-0.002318,-0.092717,0.888574,-0.683187,0.017518,0.700705,-1.345864,0.078394,-0.002010,-0.080405,-0.563521,0.267615,-0.006862,-0.274477,0.208710,-1.308166,0.033543,1.341709,-1.012381,-0.425312,0.010905,0.436217,-0.019030,-0.209846,0.005381,0.215226,-0.023190,0.050624,-0.001298,-0.051923,-0.009712,2.600080,-5.852729,-0.477679,0.000000,0.000000,0.000000,0.000000,0.000000,0.000000,-2.196922,6.724624,-1.436355,0.000000,0.000000,0.000000,371.250030,291.405234,1
8.792000,2.015738,-0.125988,0.234184,0.415124,-0.010644,-0.425768,0.009306,-0.079158,0.002030,0.081188,-0.044022,3.131213,-0.080288,-3.211501,-1.380263,0.175634,-0.004503,-0.180138,0.110802,0.090399,-0.002318,-0.092717,1.001875,-0.683187,0.017518,0.700705,-1.669913,0.078394,-0.002010,-0.080405,-0.584408,0.267615,-0.006862,-0.274477,0.191062,-1.308166,0.033543,1.341709,-1.213472,-0.425312,0.010905,0.436217,-0.011581,-0.209846,0.005381,0.215226,-0.008605,0.050624,-0.001298,-0.051923,-0.000010,2.784974,-6.407652,-0.599716,0.000000,0.000000,0.000000,0.000000,0.000000,0.000000,-2.298839,7.078951,-1.516686,0.000000,0.000000,0.000000,371.324607,291.420252,1
8.796000,2.025901,-0.124730,0.241807,0.277633,-0.007119,-0.284752,0.003976,-0.049478,0.001269,0.050747,-0.073954,3.126996,-0.080179,-3.207176,-1.235835,0.262284,-0.006725,-0.269009,0.180721,-0.032882,0.000843,0.033725,1.279449,-0.816071,0.020925,0.836996,-1.416546,0.095494,-0.002449,-0.097943,-0.341931,0.048051,-0.001232,-0.049283,0.552102,-1.402883,0.035971,1.438854,-0.790319,-0.405289,0.010392,0.415681,-0.172889,-0.111409,0.002857,0.114266,-0.003525,0.146162,-0.003748,-0.149909,0.011885,2.961223,-6.081803,-0.409437,0.000000,0.000000,0.000000,0.000000,0.000000,0.000000,-2.149931,7.294648,-1.760266,0.000000,0.000000,0.000000,371.350678,291.426502,1
8.806000,2.027308,-0.124828,0.239636,0.277633,-0.007119,-0.284752,0.003349,-0.049478,0.001269,0.050747,-0.050294,3.126996,-0.080179,-3.207176,-1.360251,0.262284,-0.006725,-0.269009,0.170626,-0.032882,0.000843,0.033725,1.391055,-0.816071,0.020925,0.836996,-1.721421,0.095494,-0.002449,-0.097943,-0.421161,0.048051,-0.001232,-0.049283,0.540480,-1.402883,0.035971,1.438854,-0.992644,-0.405289,0.010392,0.415681,-0.161190,-0.111409,0.002857,0.114266,-0.003846,0.146162,-0.003748,-0.149909,0.007692,3.087257,-6.556447,-0.549108,0.000000,0.000000,0.000000,0.000000,0.000000,0.000000,-2.299500,7.620019,-1.796665,0.000000,0.000000,0.000000,371.425323,291.440872,1
8.810000,2.036039,-0.129166,0.245094,0.431628,-0.011067,-0.442695,-0.012296,-0.033200,0.000851,0.034052,-0.046631,2.367831,-0.060714,-2.428544,-0.952034,0.173777,-0.004456,-0.178233,0.150791,-0.181268,0.004648,0.185916,1.213349,-1.186804,0.030431,1.217235,-1.358650,-0.061919,0.001588,0.063507,-0.122956,-0.469180,0.012030,0.481210,0.764551,-1.201083,0.030797,1.231880,-0.919064,-1.024013,0.026257,1.050270,0.017592,-0.031617,0.000811,0.032428,-0.025658,0.657221,-0.016852,-0.674073,-0.105817,3.010736,-6.307056,-0.591049,0.000000,0.000000,0.000000,0.000000,0.000000,0.000000,-2.238119,7.439347,-1.405399,0.000000,0.000000,0.000000,371.448618,291.441583,1
8.820000,2.037592,-0.129666,0.242967,0.431628,-0.011067,-0.442695,-0.004435,-0.033200,0.000851,0.034052,-0.040603,2.367831,-0.060714,-2.428544,-1.016945,0.173777,-0.004456,-0.178233,0.154694,-0.181268,0.004648,0.185916,1.320447,-1.186804,0.030431,1.217235,-1.635758,-0.061919,0.001588,0.063507,-0.172628,-0.469180,0.012030,0.481210,0.784299,-1.201083,0.030797,1.231880,-1.137655,-1.024013,0.026257,1.050270,0.046359,-0.031617,0.000811,0.032428,-0.026713,0.657221,-0.016852,-0.674073,-0.124574,3.152737,-6.755422,-0.727581,0.000000,0.000000,0.000000,0.000000,0.000000,0.000000,-2.396632,7.845851,-1.436592,0.000000,0.000000,0.000000,371.515224,291.439522,1
8.824000,2.034629,-0.127985,0.234928,0.292019,-0.007488,-0.299507,0.006876,-0.023022,0.000590,0.023612,-0.036849,1.978462,-0.050730,-2.029192,-0.710771,0.225620,-0.005785,-0.231405,0.317546,-0.004248,0.000109,0.004357,1.337055,-0.775056,0.019873,0.794929,-1.681807,0.068937,-0.001768,-0.070705,-0.497070,-0.031760,0.000814,0.032574,0.406143,-1.098074,0.028156,1.126230,-1.165652,-0.618242,0.015852,0.634094,-0.051828,-0.094927,0.002434,0.097361,-0.020588,0.043561,-0.001117,-0.044678,0.118624,3.082897,-6.285557,-0.396145,0.000000,0.000000,0.000000,0.000000,0.000000,0.000000,-2.284400,7.140445,-1.624616,0.000000,0.000000,0.000000,371.532275,291.434443,1
8.834000,2.034020,-0.127802,0.230838,0.281874,-0.007228,-0.289102,0.010824,-0.021572,0.000553,0.022125,-0.046671,2.019786,-0.051789,-2.071576,-0.877292,0.057140,-0.001465,-0.058606,0.327467,-0.077344,0.001983,0.079327,1.398129,-0.676560,0.017348,0.693908,-1.991906,-0.054365,0.001394,0.055759,-0.550926,-0.053099,0.001362,0.054461,0.359345,-1.023408,0.026241,1.049649,-1.414360,-0.166956,0.004281,0.171236,-0.211740,-0.123411,0.003164,0.126575,-0.028667,-0.117037,0.003001,0.120037,0.131701,3.086719,-6.692302,-0.523955,0.000000,0.000000,0.000000,0.000000,0.000000,0.000000,-2.530424,7.217699,-1.590860,0.000000,0.000000,0.000000,371.581519,291.424472,1
8.838000,2.043959,-0.122350,0.239535,0.024515,-0.000629,-0.025143,0.193901,-0.021195,0.000543,0.021739,-0.039932,1.791275,-0.045930,-1.837205,-0.605236,0.063381,-0.001625,-0.065006,0.194173,-0.142593,0.003656,0.146250,1.417957,-0.718058,0.018412,0.736469,-1.875367,-0.078922,0.002024,0.080946,-0.383720,-0.175813,0.004508,0.180321,0.556741,-1.000950,0.025665,1.026615,-1.166085,-0.370543,0.009501,0.380044,-0.106835,-0.514710,0.013198,0.527908,0.023538,-0.017050,0.000437,0.017488,0.141818,3.050296,-6.812304,-0.327902,0.000000,0.000000,0.000000,0.000000,0.000000,0.000000,-2.401586,7.147789,-1.770637,0.000000,0.000000,0.000000,371.597931,291.419537,1
8.848000,2.044836,-0.122164,0.236807,0.024515,-0.000629,-0.025143,0.224769,-0.021195,0.000543,0.021739,-0.034078,1.791275,-0.045930,-1.837205,-0.690197,0.063381,-0.001625,-0.065006,0.198147,-0.142593,0.003656,0.146250,1.499660,-0.718058,0.018412,0.736469,-2.098181,-0.078922,0.002024,0.080946,-0.446653,-0.175813,0.004508,0.180321,0.547724,-1.000950,0.025665,1.026615,-1.358190,-0.370543,0.009501,0.380044,-0.111750,-0.514710,0.013198,0.527908,0.035417,-0.017050,0.000437,0.017488,0.082459,3.137008,-7.142521,-0.404578,0.000000,0.000000,0.000000,0.000000,0.000000,0.000000,-2.522410,7.421576,-1.831556,0.000000,0.000000,0.000000,371.644368,291.405225,1
8.852000,2.051634,-0.134804,0.226617,0.294170,-0.007543,-0.301712,0.742563,-0.020820,0.000534,0.021353,0.972100,0.978842,-0.025099,-1.003941,-1.889328,0.021273,-0.000545,-0.021819,0.661357,-0.230887,0.005920,0.236807,1.572143,-0.778917,0.019972,0.798889,-1.583671,-0.166218,0.004262,0.170480,-0.233953,-0.428307,0.010982,0.439289,0.632257,-0.827431,0.021216,0.848647,-1.279950,-0.286429,0.007344,0.293774,-0.076303,-0.281547,0.007219,0.288766,-0.011155,0.028472,-0.000730,-0.029202,0.059170,3.190711,-5.161116,-0.227695,0.000000,0.000000,0.000000,-2.041392,-4.451649,0.986531,-2.028006,7.054438,-1.424777,0.000000,0.000000,0.000000,371.665267,291.404867,1
8.862000,2.052688,-0.135340,0.224095,0.294170,-0.007543,-0.301712,0.852870,-0.020820,0.000534,0.021353,1.146250,0.978842,-0.025099,-1.003941,-2.266754,0.021273,-0.000545,-0.021819,0.694453,-0.230887,0.005920,0.236807,1.582175,-0.778917,0.019972,0.798889,-1.584915,-0.166218,0.004262,0.170480,-0.227928,-0.428307,0.010982,0.439289,0.666811,-0.827431,0.021216,0.848647,-1.404833,-0.286429,0.007344,0.293774,-0.081432,-0.281547,0.007219,0.288766,-0.006256,0.028472,-0.000730,-0.029202,0.037357,3.161456,-5.032292,-0.210630,0.000000,0.000000,0.000000,-1.988679,-4.526412,1.085876,-2.003157,7.215149,-1.501920,0.000000,0.000000,0.000000,371.722910,291.406579,1
8.866000,2.054761,-0.129486,0.229669,0.936820,-0.024021,-0.960841,-0.002590,-0.014853,0.000381,0.015234,-0.063854,4.336927,-0.111203,-4.448131,-0.980669,0.223830,-0.005739,-0.229569,0.349152,0.335236,-0.008596,-0.343832,1.542676,-1.007587,0.025836,1.033423,-2.334663,-0.034355,0.000881,0.035236,-0.412154,0.181435,-0.004652,-0.186087,0.408481,-1.275487,0.032705,1.308191,-1.435567,-1.670695,0.042838,1.713534,-0.035742,0.323436,-0.008293,-0.331729,-0.017437,0.318231,-0.008160,-0.326391,0.082557,3.560859,-7.616581,-0.727972,0.000000,0.000000,0.000000,0.000000,0.000000,0.000000,-2.544527,7.976565,-1.812243,0.000000,0.000000,0.000000,371.760715,291.403737,1
8.876000,2.055545,-0.129883,0.226395,0.936820,-0.024021,-0.960841,-0.038205,-0.014853,0.000381,0.015234,-0.092661,4.336927,-0.111203,-4.448131,-1.559594,0.223830,-0.005739,-0.229569,0.348522,0.335236,-0.008596,-0.343832,1.582879,-1.007587,0.025836,1.033423,-2.475517,-0.034355,0.000881,0.035236,-0.492566,0.181435,-0.004652,-0.186087,0.370656,-1.275487,0.032705,1.308191,-1.593201,-1.670695,0.042838,1.713534,0.145946,0.323436,-0.008293,-0.331729,-0.106897,0.318231,-0.008160,-0.326391,0.029648,3.614450,-7.719617,-0.768239,0.000000,0.000000,0.000000,0.000000,0.000000,0.000000,-2.617666,8.105288,-1.815514,0.000000,0.000000,0.000000,371.886952,291.422691,1
8.882000,2.064474,-0.141048,0.222669,0.249100,-0.006387,-0.255487,0.802640,-0.005919,0.000152,0.006070,0.421515,1.729732,-0.044352,-1.774084,-1.894295,-0.373014,0.009564,0.382578,0.825597,0.278420,-0.007139,-0.285559,1.406247,-1.520020,0.038975,1.558995,-1.641123,-0.193450,0.004960,0.198411,-0.307475,0.470996,-0.012077,-0.483073,0.089562,-1.893768,0.048558,1.942326,-1.054272,-0.494718,0.012685,0.507403,-0.442996,-0.732006,0.018769,0.750775,0.127481,-0.183154,0.004696,0.187850,0.216432,3.134842,-5.954423,-0.700143,0.000000,0.000000,0.000000,-1.757381,-4.484573,1.504041,-2.070700,7.452146,-1.470776,0.000000,0.000000,0.000000,371.943096,291.412332,1
8.892000,2.065246,-0.141891,0.220089,0.249100,-0.006387,-0.255487,0.997571,-0.005919,0.000152,0.006070,0.684592,1.729732,-0.044352,-1.774084,-2.470231,-0.373014,0.009564,0.382578,0.885105,0.278420,-0.007139,-0.285559,1.418051,-1.520020,0.038975,1.558995,-1.600875,-0.193450,0.004960,0.198411,-0.275254,0.470996,-0.012077,-0.483073,0.134108,-1.893768,0.048558,1.942326,-1.167466,-0.494718,0.012685,0.507403,-0.284610,-0.732006,0.018769,0.750775,0.156487,-0.183154,0.004696,0.187850,0.154783,3.093094,-5.731477,-0.649414,0.002670,0.006671,0.003169,-1.772099,-4.644560,1.621481,-2.021987,7.703275,-1.592507,0.000000,0.000000,0.000000,372.048683,291.404179,1
8.896000,2.080418,-0.138532,0.229595,-0.661717,0.016967,0.678684,0.694449,-0.010252,0.000263,0.010514,-0.045059,1.685359,-0.043214,-1.728573,-0.555118,0.185772,-0.004763,-0.190535,0.431588,0.923170,-0.023671,-0.946841,1.326578,-2.059679,0.052812,2.112492,-1.478917,0.642234,-0.016468,-0.658702,-0.794788,1.583193,-0.040595,-1.623788,-0.192342,-3.042385,0.078010,3.120395,-0.497304,0.520789,-0.013354,-0.534143,-1.178185,-0.065124,0.001670,0.066794,0.165314,-0.019194,0.000492,0.019686,0.212160,3.340115,-6.626800,-0.883036,0.000000,0.000000,0.000000,-0.316409,-0.422992,0.016507,-2.066750,7.585350,-1.463273,0.000000,0.000000,0.000000,372.084387,291.391765,1
8.906000,2.081741,-0.139208,0.227039,-0.657290,0.016854,0.674144,0.708607,-0.008328,0.000214,0.008542,-0.078033,1.694792,-0.043456,-1.738248,-0.720336,0.191426,-0.004908,-0.196334,0.427494,0.934820,-0.023970,-0.958790,1.369728,-2.052726,0.052634,2.105360,-1.573229,0.646912,-0.016587,-0.663500,-0.892179,1.597555,-0.040963,-1.638518,-0.234087,-3.040853,0.077971,3.118823,-0.617033,0.511237,-0.013109,-0.524346,-1.179907,-0.064860,0.001663,0.066524,0.059797,-0.017798,0.000456,0.018255,0.124000,3.414548,-6.758858,-0.936582,0.000000,0.000000,0.000000,-0.811457,-1.184542,0.161226,-2.124023,7.927026,-1.536775,0.000000,0.000000,0.000000,372.184035,291.358723,1
8.912000,2.082452,-0.136273,0.226523,-0.866159,0.022209,0.888368,0.793246,0.069210,-0.001775,-0.070985,-0.245661,0.640207,-0.016416,-0.656622,-0.474888,0.366588,-0.009400,-0.375988,0.214452,1.610473,-0.041294,-1.651767,1.003519,-1.928632,0.049452,1.978084,-1.303191,1.010518,-0.025911,-1.036428,-1.215320,2.718728,-0.069711,-2.788439,-0.916021,-3.469762,0.088968,3.558730,0.010220,0.532483,-0.013653,-0.546137,-1.306536,-0.046997,0.001205,0.048202,0.039784,-0.025670,0.000658,0.026328,0.237530,3.605423,-5.894342,-0.373555,0.041389,0.037438,0.001810,-4.499636,-6.049818,-0.008558,-1.847120,7.274484,-1.730018,0.000000,0.000000,0.000000,372.243566,291.366462,1
8.922000,2.083401,-0.136867,0.224528,-0.866159,0.022209,0.888368,0.739087,0.069210,-0.001775,-0.070985,0.048336,0.640207,-0.016416,-0.656622,-1.782732,0.366588,-0.009400,-0.375988,0.353245,1.610473,-0.041294,-1.651767,1.083602,-1.928632,0.049452,1.978084,-1.334498,1.010518,-0.025911,-1.036428,-1.124084,2.718728,-0.069711,-2.788439,-0.839379,-3.469762,0.088968,3.558730,-0.181077,0.532483,-0.013653,-0.546137,-1.129054,-0.046997,0.001205,0.048202,0.013468,-0.025670,0.000658,0.026328,0.126848,3.830071,-5.689346,-0.140112,0.106111,0.113979,0.014830,-3.815988,-6.409344,0.863841,-1.645181,7.655704,-2.048167,0.000000,0.000000,0.000000,372.355203,291.373893,1
8.928000,2.103523,-0.141256,0.234009,0.324046,-0.008309,-0.332355,-0.142902,3.759485,-0.096397,-3.855882,1.083340,-5.666481,0.145294,5.811776,-0.287924,0.283645,-0.007273,-0.290918,-0.135386,1.559064,-0.039976,-1.599040,1.074088,-1.935777,0.049635,1.985412,-0.391214,1.341046,-0.034386,-1.375432,-2.275721,3.599523,-0.092295,-3.691818,-1.323571,-4.755797,0.121944,4.877740,2.459741,1.321870,-0.033894,-1.355764,-0.480164,-0.039379,0.001010,0.040389,0.323648,-0.154327,0.003957,0.158284,0.192407,3.520778,-3.356584,0.943099,0.891304,0.772620,-0.147992,-4.289225,-8.507603,1.036464,-0.650332,17.158345,-9.710617,0.000000,0.000000,0.000000,372.530047,291.448599,1
8.938000,2.096965,-0.139174,0.227796,0.029901,-0.000767,-0.030668,0.075057,3.276356,-0.084009,-3.360365,1.202112,-5.210430,0.133601,5.344031,-1.073033,0.022324,-0.000572,-0.022896,0.064233,1.426971,-0.036589,-1.463560,1.173640,-2.185612,0.056041,2.241653,-0.134134,1.101860,-0.028253,-1.130112,-2.084969,3.220521,-0.082577,-3.303098,-1.371828,-4.522958,0.115973,4.638931,2.232932,1.439198,-0.036903,-1.476100,-0.617137,-0.030923,0.000793,0.031716,0.424596,-0.093242,0.002391,0.095633,0.025879,2.519510,-2.908193,0.529822,5.535261,10.492571,2.730900,-5.032906,-7.718842,0.731077,0.079406,2.395665,-1.601430,0.000000,0.000000,0.000000,372.829735,291.512368,1
8.944000,2.089056,-0.138696,0.233840,-2.537775,0.065071,2.602847,-0.080586,2.488706,-0.063813,-2.552519,0.346912,-6.757864,0.173279,6.931142,1.078470,-2.531377,0.064907,2.596284,1.891692,-0.389094,0.009977,0.399071,0.832591,-2.475780,0.063482,2.539262,1.633061,11.811335,-0.302855,-12.114189,-6.176877,-2.288836,0.058688,2.347524,0.260528,25.122213,-0.644159,-25.766372,-11.939899,-0.244827,0.006278,0.251105,-0.784264,0.137092,-0.003515,-0.140607,2.265966,-2.255104,0.057823,2.312927,-1.778035,0.000000,0.000000,0.000000,4.384547,13.409956,5.361778,-6.537364,-5.328337,-2.181607,0.000000,0.000000,0.000000,0.000000,0.000000,0.000000,375.263791,293.877745,1
8.954000,2.094243,-0.140145,0.237244,-1.643057,0.042130,1.685187,0.042058,2.091491,-0.053628,-2.145119,0.840883,-6.523889,0.167279,6.691168,-0.287460,-1.644827,0.042175,1.687002,1.343189,-0.350945,0.008999,0.359944,0.405190,-2.835891,0.072715,2.908606,1.590319,9.658764,-0.247661,-9.906424,-6.449306,-1.953176,0.050081,2.003258,0.252700,20.960850,-0.537458,-21.498308,-10.464856,0.111813,-0.002867,-0.114680,-0.527378,-0.024440,0.000627,0.025067,1.961875,-2.307710,0.059172,2.366882,-1.725804,0.000000,0.000000,0.000000,4.610989,11.596255,3.638256,-6.519244,-7.823551,-0.061010,0.000000,0.000000,0.000000,0.000000,0.000000,0.000000,378.307816,296.765529,1
8.960000,2.107988,-0.134475,0.232053,3.179584,-0.081528,-3.261112,-2.052481,-0.463159,0.011876,0.475035,1.253571,-3.794268,0.097289,3.891557,-1.307354,-0.632519,0.016218,0.648737,1.087647,-4.639609,0.118964,4.758573,2.022799,5.934795,-0.152174,-6.086969,-3.738219,-1.798714,0.046121,1.844835,0.506973,-1.039232,0.026647,1.065879,0.222720,-4.408418,0.113036,4.521455,1.912856,3.160390,-0.081036,-3.241425,-1.636606,-0.906301,0.023238,0.929540,0.704740,-3.095724,0.079378,3.175102,-0.883015,0.000000,0.000000,0.000000,3.841442,5.852721,1.111649,-3.692009,-7.457589,1.490768,0.000000,0.000000,0.000000,0.000000,0.000000,0.000000,378.692100,297.055118,1
8.970000,2.108632,-0.133784,0.231622,3.179584,-0.081528,-3.261112,-2.278541,-0.463159,0.011876,0.475035,1.241023,-3.794268,0.097289,3.891557,-1.232918,-0.632519,0.016218,0.648737,0.703787,-4.639609,0.118964,4.758573,2.005586,5.934795,-0.152174,-6.086969,-3.269530,-1.798714,0.046121,1.844835,0.884900,-1.039232,0.026647,1.065879,0.277763,-4.408418,0.113036,4.521455,2.065936,3.160390,-0.081036,-3.241425,-1.736957,-0.906301,0.023238,0.929540,0.592420,-3.095724,0.079378,3.175102,-0.802004,0.000000,0.000000,0.000000,3.828588,5.645218,1.007520,-3.548626,-7.152421,1.482345,-2.433515,1.313705,1.140453,0.000000,0.000000,0.000000,379.319269,297.535398,1
8.972000,2.122972,-0.130512,0.248020,-0.450517,0.011552,0.462069,0.332086,0.118757,-0.003045,-0.121802,0.737424,-0.911152,0.023363,0.934515,-0.807716,-0.676714,0.017352,0.694066,-1.078169,-0.018260,0.000468,0.018729,-0.486692,1.543724,-0.039583,-1.583307,-0.009674,0.296080,-0.007592,-0.303672,1.563864,0.245593,-0.006297,-0.251890,-0.391670,1.716694,-0.044018,-1.760712,-0.742725,-0.494734,0.012685,0.507419,0.584157,0.244474,-0.006269,-0.250743,0.264019,-1.379844,0.035381,1.415224,-0.243327,0.000000,0.000000,0.000000,2.614147,5.493580,1.218930,-2.344720,-3.986495,0.427715,0.000000,0.000000,0.000000,0.000000,0.000000,0.000000,379.327987,297.534166,1
8.982000,2.124412,-0.130495,0.247107,-0.450517,0.011552,0.462069,0.333364,0.118757,-0.003045,-0.121802,0.817761,-0.911152,0.023363,0.934515,-1.059921,-0.676714,0.017352,0.694066,-0.671398,-0.018260,0.000468,0.018729,-0.270038,1.543724,-0.039583,-1.583307,-0.361943,0.296080,-0.007592,-0.303672,1.138975,0.245593,-0.006297,-0.251890,-0.316570,1.716694,-0.044018,-1.760712,-0.723823,-0.494734,0.012685,0.507419,0.610611,0.244474,-0.006269,-0.250743,0.314337,-1.379844,0.035381,1.415224,-0.483277,0.000000,0.000000,0.000000,2.839978,6.089484,1.383422,-2.795895,-4.617483,0.477376,0.000000,0.000000,0.000000,0.000000,0.000000,0.000000,379.378596,297.531379,1
8.986000,2.116774,-0.132169,0.234590,-0.071799,0.001841,0.073640,-0.277936,0.007380,-0.000189,-0.007569,0.931237,-1.090363,0.027958,1.118321,-1.083272,-0.650320,0.016675,0.666995,0.075418,-0.177195,0.004543,0.181738,-0.033466,2.146482,-0.055038,-2.201520,-1.100893,0.694635,-0.017811,-0.712446,0.049533,0.265322,-0.006803,-0.272125,-0.246520,0.212645,-0.005452,-0.218097,-0.365486,-0.035245,0.000904,0.036148,0.395658,0.022360,-0.000573,-0.022934,0.315216,-1.321934,0.033896,1.355830,-0.861790,0.000000,0.000000,0.000000,2.899119,5.930172,1.413981,-3.254545,-4.644059,0.128914,0.000000,0.000000,0.000000,0.000000,0.000000,0.000000,379.398960,297.532095,1
8.996000,2.117359,-0.132012,0.232767,-0.071799,0.001841,0.073640,-0.289079,0.007380,-0.000189,-0.007569,0.995510,-1.090363,0.027958,1.118321,-1.300874,-0.650320,0.016675,0.666995,0.084169,-0.177195,0.004543,0.181738,-0.012098,2.146482,-0.055038,-2.201520,-1.033256,0.694635,-0.017811,-0.712446,0.022332,0.265322,-0.006803,-0.272125,-0.238433,0.212645,-0.005452,-0.218097,-0.192284,-0.035245,0.000904,0.036148,0.441793,0.022360,-0.000573,-0.022934,0.306833,-1.321934,0.033896,1.355830,-1.043129,0.000000,0.000000,0.000000,3.078720,6.307518,1.507227,-3.502057,-5.148310,0.245091,0.000000,0.000000,0.000000,0.000000,0.000000,0.000000,379.452728,297.527401,1
9.002000,2.121736,-0.134393,0.237525,-0.192612,0.004939,0.197550,-0.189413,0.002582,-0.000066,-0.002648,0.949179,-1.442331,0.036983,1.479314,-0.889321,-0.319513,0.008193,0.327705,-0.020406,-0.103631,0.002657,0.106288,-0.042357,2.703917,-0.069331,-2.773249,-1.136252,0.440813,-0.011303,-0.452116,0.105289,0.794182,-0.020364,-0.814546,-0.417359,0.435099,-0.011156,-0.446255,-0.130103,-0.070685,0.001812,0.072497,0.501141,-0.152366,0.003907,0.156273,0.379481,-1.488764,0.038173,1.526938,-0.787689,0.000000,0.000000,0.000000,3.121941,6.083640,1.527880,-3.550454,-4.986304,0.150428,0.000000,0.000000,0.000000,0.000000,0.000000,0.000000,379.490299,297.533567,1
9.012000,2.122482,-0.134393,0.235648,-0.192612,0.004939,0.197550,-0.193876,0.002582,-0.000066,-0.002648,1.046644,-1.442331,0.036983,1.479314,-1.180769,-0.319513,0.008193,0.327705,-0.008072,-0.103631,0.002657,0.106288,-0.029303,2.703917,-0.069331,-2.773249,-1.200221,0.440813,-0.011303,-0.452116,0.062701,0.794182,-0.020364,-0.814546,-0.437731,0.435099,-0.011156,-0.446255,-0.078803,-0.070685,0.001812,0.072497,0.550639,-0.152366,0.003907,0.156273,0.383548,-1.488764,0.038173,1.526938,-1.013376,0.000000,0.000000,0.000000,3.325268,6.489392,1.633364,-3.822501,-5.550535,0.282520,0.000000,0.000000,0.000000,0.000000,0.000000,0.000000,379.562192,297.538076,1
9.014000,2.141257,-0.130458,0.249069,-0.365871,0.009381,0.375253,-0.213132,0.069107,-0.001772,-0.070879,0.875578,-1.088071,0.027899,1.115970,-0.389498,-0.077188,0.001979,0.079167,-0.164191,-0.010495,0.000269,0.010764,-0.058687,2.518431,-0.064575,-2.583006,-1.229512,1.535717,-0.039377,-1.575094,-0.594622,0.749824,-0.019226,-0.769050,-0.481972,0.404637,-0.010375,-0.415012,-0.068604,-0.151676,0.003889,0.155565,0.407824,0.037652,-0.000965,-0.038618,0.343044,-1.506327,0.038624,1.544951,-0.203770,0.000000,0.000000,0.000000,2.721985,5.567327,1.238160,-3.303292,-3.843659,-0.062084,0.000000,0.000000,0.000000,0.000000,0.000000,0.000000,379.573179,297.545389,1
9.024000,2.142864,-0.130478,0.247839,-0.365871,0.009381,0.375253,-0.179303,0.069107,-0.001772,-0.070879,1.023134,-1.088071,0.027899,1.115970,-0.777881,-0.077188,0.001979,0.079167,-0.109561,-0.010495,0.000269,0.010764,-0.050929,2.518431,-0.064575,-2.583006,-1.196658,1.535717,-0.039377,-1.575094,-0.637027,0.749824,-0.019226,-0.769050,-0.460673,0.404637,-0.010375,-0.415012,-0.050789,-0.151676,0.003889,0.155565,0.472215,0.037652,-0.000965,-0.038618,0.390138,-1.506327,0.038624,1.544951,-0.494726,0.000000,0.000000,0.000000,3.055652,6.263903,1.383266,-3.675935,-4.653663,0.166167,0.000000,0.000000,0.000000,0.000000,0.000000,0.000000,379.636576,297.572855,1
9.028000,2.132417,-0.130616,0.235550,-0.026949,0.000691,0.027640,-0.421694,0.085539,-0.002193,-0.087732,1.130991,-0.877965,0.022512,0.900477,-1.115443,-0.371349,0.009522,0.380870,-0.001271,-0.024878,0.000638,0.025516,-0.028373,2.013794,-0.051636,-2.065430,-0.878455,0.888050,-0.022771,-0.910820,-0.161596,0.466539,-0.011963,-0.478501,-0.257728,0.250129,-0.006414,-0.256543,-0.027863,0.142104,-0.003644,-0.145748,0.461519,-0.091555,0.002348,0.093902,0.354292,-0.891644,0.022863,0.914507,-0.956660,0.000000,0.000000,0.000000,3.206118,6.047387,1.321572,-3.652681,-4.780895,0.211869,0.000000,0.000000,0.000000,0.000000,0.000000,0.000000,379.653312,297.573122,1
9.038000,2.133319,-0.130268,0.233162,-0.026949,0.000691,0.027640,-0.428949,0.085539,-0.002193,-0.087732,1.250328,-0.877965,0.022512,0.900477,-1.426330,-0.371349,0.009522,0.380870,-0.005232,-0.024878,0.000638,0.025516,-0.035310,2.013794,-0.051636,-2.065430,-0.890067,0.888050,-0.022771,-0.910820,-0.139135,0.466539,-0.011963,-0.478501,-0.268275,0.250129,-0.006414,-0.256543,-0.017225,0.142104,-0.003644,-0.145748,0.509338,-0.091555,0.002348,0.093902,0.374663,-0.891644,0.022863,0.914507,-1.207419,0.000000,0.000000,0.000000,3.403343,6.481173,1.426558,-3.910139,-5.329475,0.378809,0.000000,0.000000,0.000000,0.000000,0.000000,0.000000,379.700515,297.568580,1
9.042000,2.143459,-0.134627,0.240300,0.018037,-0.000462,-0.018500,-0.335806,0.080192,-0.002056,-0.082248,1.120965,-0.849264,0.021776,0.871040,-1.019158,-0.069148,0.001773,0.070921,-0.033600,-0.013640,0.000350,0.013990,-0.021383,1.951641,-0.050042,-2.001683,-0.232873,1.228033,-0.031488,-1.259521,0.012718,0.563963,-0.014461,-0.578423,-0.070675,0.301311,-0.007726,-0.309037,0.004345,0.223192,-0.005723,-0.228915,0.324060,-0.118736,0.003045,0.121780,0.492924,-0.875964,0.022461,0.898425,-0.763212,0.000000,0.000000,0.000000,3.016488,5.937991,1.438040,-3.630971,-5.017266,0.169565,0.000000,0.000000,0.000000,0.000000,0.000000,0.000000,379.709847,297.563834,1
9.052000,2.148566,-0.130437,0.238962,-0.209941,0.005383,0.215325,-0.056353,-0.097834,0.002509,0.100342,1.029799,-0.945129,0.024234,0.969363,-1.187141,-0.057892,0.001484,0.059376,-0.055820,-0.014713,0.000377,0.015091,-0.032912,1.779932,-0.045639,-1.825571,-0.749919,0.930988,-0.023871,-0.954859,-0.114983,0.387008,-0.009923,-0.396931,-0.246949,0.237831,-0.006098,-0.243929,-0.006252,0.037713,-0.000967,-0.038680,0.394293,-0.223236,0.005724,0.228960,0.535178,-1.209359,0.031009,1.240369,-0.853333,0.000000,0.000000,0.000000,3.143846,6.332049,1.670837,-3.616131,-5.437877,0.006040,0.000000,0.000000,0.000000,0.000000,0.000000,0.000000,379.750294,297.559472,1
9.054000,2.150409,-0.132404,0.240278,-0.243455,0.006242,0.249697,-0.338536,0.268379,-0.006882,-0.275260,1.264030,-0.633899,0.016254,0.650153,-1.459896,-0.849917,0.021793,0.871709,-0.023947,-0.008841,0.000227,0.009067,-0.023678,2.283192,-0.058543,-2.341735,-0.423623,0.054410,-0.001395,-0.055806,0.234643,0.019814,-0.000508,-0.020322,0.011363,0.100056,-0.002566,-0.102621,0.016715,-0.085508,0.002193,0.087701,0.367509,0.184488,-0.004730,-0.189218,0.398033,-0.783671,0.020094,0.803765,-0.860685,0.000000,0.000000,0.000000,3.104076,6.363770,1.542410,-3.904217,-5.226442,0.230324,0.000000,0.000000,0.000000,0.000000,0.000000,0.000000,379.756712,297.557151,1
9.064000,2.151521,-0.132284,0.237849,-0.243455,0.006242,0.249697,-0.244106,0.268379,-0.006882,-0.275260,1.354800,-0.633899,0.016254,0.650153,-1.742968,-0.849917,0.021793,0.871709,0.090951,-0.008841,0.000227,0.009067,-0.052371,2.283192,-0.058543,-2.341735,-0.751611,0.054410,-0.001395,-0.055806,0.338450,0.019814,-0.000508,-0.020322,-0.025705,0.100056,-0.002566,-0.102621,0.008201,-0.085508,0.002193,0.087701,0.515208,0.184488,-0.004730,-0.189218,0.411512,-0.783671,0.020094,0.803765,-1.125013,0.000000,0.000000,0.000000,3.350870,6.802975,1.622698,-4.091266,-5.683051,0.385863,0.000000,0.000000,0.000000,0.000000,0.000000,0.000000,379.801256,297.550308,1
9.068000,2.149753,-0.130069,0.233827,-0.236058,0.006053,0.242111,-0.341785,0.253242,-0.006493,-0.259736,1.346183,-0.670987,0.017205,0.688191,-1.709884,-0.931161,0.023876,0.955037,0.151982,-0.008759,0.000225,0.008983,-0.045853,2.545694,-0.065274,-2.610968,-0.956493,0.158564,-0.004066,-0.162630,0.270274,0.035951,-0.000922,-0.036873,-0.030863,0.111632,-0.002862,-0.114495,0.006346,-0.062652,0.001606,0.064259,0.552199,0.160912,-0.004126,-0.165038,0.344392,-0.834340,0.021393,0.855734,-1.216908,0.000000,0.000000,0.000000,3.302656,6.762954,1.624094,-4.058203,-5.629319,0.427539,0.000000,0.000000,0.000000,0.000000,0.000000,0.000000,379.822983,297.550015,1
9.078000,2.150586,-0.129744,0.230941,-0.236058,0.006053,0.242111,-0.303305,0.253242,-0.006493,-0.259736,1.425781,-0.670987,0.017205,0.688191,-1.942539,-0.931161,0.023876,0.955037,0.215946,-0.008759,0.000225,0.008983,-0.045121,2.545694,-0.065274,-2.610968,-1.070431,0.158564,-0.004066,-0.162630,0.322517,0.035951,-0.000922,-0.036873,-0.051706,0.111632,-0.002862,-0.114495,0.004302,-0.062652,0.001606,0.064259,0.664213,0.160912,-0.004126,-0.165038,0.337856,-0.834340,0.021393,0.855734,-1.446803,0.000000,0.000000,0.000000,3.449679,7.020559,1.666563,-4.193953,-5.960162,0.557548,0.000000,0.000000,0.000000,0.000000,0.000000,0.000000,379.884717,297.549194,1
9.080000,2.156493,-0.138657,0.236722,-0.183569,0.004707,0.188276,-0.046256,0.105999,-0.002718,-0.108717,1.395016,-0.813106,0.020849,0.833954,-1.874602,-0.861028,0.022078,0.883106,0.049298,-0.013359,0.000343,0.013702,-0.051442,2.041362,-0.052343,-2.093705,-0.654136,0.489286,-0.012546,-0.501832,0.156855,0.162268,-0.004161,-0.166429,-0.030554,0.150058,-0.003848,-0.153906,0.010781,0.042559,-0.001091,-0.043650,0.564637,-0.084492,0.002166,0.086659,0.548056,-0.884374,0.022676,0.907051,-1.239142,0.000000,0.000000,0.000000,3.497239,6.786670,1.894806,-4.096260,-6.310946,0.271580,0.000000,0.000000,0.000000,0.000000,0.000000,0.000000,379.893555,297.546218,1
9.090000,2.157168,-0.139021,0.233918,-0.183569,0.004707,0.188276,-0.035517,0.105999,-0.002718,-0.108717,1.467259,-0.813106,0.020849,0.833954,-2.097085,-0.861028,0.022078,0.883106,0.076885,-0.013359,0.000343,0.013702,-0.042724,2.041362,-0.052343,-2.093705,-0.783368,0.489286,-0.012546,-0.501832,0.119701,0.162268,-0.004161,-0.166429,-0.069254,0.150058,-0.003848,-0.153906,0.003641,0.042559,-0.001091,-0.043650,0.642781,-0.084492,0.002166,0.086659,0.528327,-0.884374,0.022676,0.907051,-1.429273,0.000000,0.000000,0.000000,3.639904,6.976105,1.938266,-4.270284,-6.623505,0.314509,0.000000,0.000000,0.000000,0.000000,0.000000,0.000000,379.944217,297.530864,1
9.094000,2.166579,-0.122414,0.230638,-0.053771,0.001379,0.055150,-0.447419,-0.054468,0.001397,0.055865,1.364923,-0.768801,0.019713,0.788513,-1.854149,-0.830054,0.021283,0.851338,0.177742,-0.012808,0.000328,0.013137,-0.041215,2.327667,-0.059684,-2.387351,-0.941132,0.379051,-0.009719,-0.388771,0.278576,-0.112053,0.002873,0.114926,-0.011086,0.049197,-0.001261,-0.050459,0.047643,0.178608,-0.004580,-0.183188,0.253630,-0.207235,0.005314,0.212548,0.527624,-0.937330,0.024034,0.961364,-1.366314,0.000000,0.000000,0.000000,3.427390,7.122171,1.315617,-4.254804,-5.783502,0.835369,0.000000,0.000000,0.000000,0.000000,0.000000,0.000000,379.966400,297.529373,1
9.104000,2.167810,-0.121539,0.227601,-0.053771,0.001379,0.055150,-0.461690,-0.054468,0.001397,0.055865,1.437431,-0.768801,0.019713,0.788513,-2.033982,-0.830054,0.021283,0.851338,0.190834,-0.012808,0.000328,0.013137,-0.046649,2.327667,-0.059684,-2.387351,-1.001208,0.379051,-0.009719,-0.388771,0.258014,-0.112053,0.002873,0.114926,-0.010278,0.049197,-0.001261,-0.050459,0.029927,0.178608,-0.004580,-0.183188,0.316682,-0.207235,0.005314,0.212548,0.532403,-0.937330,0.024034,0.961364,-1.572462,-0.011869,-0.028294,-0.024466,3.569911,7.400866,1.330165,-4.381558,-6.012252,0.954054,0.000000,0.000000,0.000000,0.000000,0.000000,0.000000,380.026887,297.523809,1
9.110000,2.174142,-0.135347,0.232955,0.032437,-0.000832,-0.033268,-0.236325,-0.147617,0.003785,0.151402,1.557629,-0.696299,0.017854,0.714153,-2.070575,-0.672993,0.017256,0.690249,0.024283,-0.015900,0.000408,0.016308,-0.041896,2.183995,-0.056000,-2.239995,-0.844122,0.748966,-0.019204,-0.768170,0.067064,-0.238667,0.006120,0.244787,0.009589,0.000682,-0.000017,-0.000700,0.063932,0.273770,-0.007020,-0.280790,0.387257,-0.244200,0.006262,0.250462,0.570570,-0.982208,0.025185,1.007392,-1.269619,0.000000,0.000000,0.000000,3.607991,6.897922,1.650230,-4.258096,-6.283277,0.581817,0.000000,0.000000,0.000000,0.000000,0.000000,0.000000,380.058179,297.520076,1
9.120000,2.175228,-0.135338,0.229959,0.032437,-0.000832,-0.033268,-0.253929,-0.147617,0.003785,0.151402,1.637774,-0.696299,0.017854,0.714153,-2.248176,-0.672993,0.017256,0.690249,0.012819,-0.015900,0.000408,0.016308,-0.041645,2.183995,-0.056000,-2.239995,-0.907909,0.748966,-0.019204,-0.768170,0.019463,-0.238667,0.006120,0.244787,0.001247,0.000682,-0.000017,-0.000700,0.039388,0.273770,-0.007020,-0.280790,0.444647,-0.244200,0.006262,0.250462,0.573685,-0.982208,0.025185,1.007392,-1.457635,0.000000,0.000000,0.000000,3.757287,7.134498,1.690276,-4.369012,-6.513169,0.662816,0.000000,0.000000,0.000000,0.000000,0.000000,0.000000,380.114753,297.512361,1
9.124000,2.190388,-0.118921,0.230061,0.141752,-0.003635,-0.145387,-0.534876,0.337724,-0.008660,-0.346384,1.451060,-1.417165,0.036338,1.453503,-1.941409,-0.196714,0.005044,0.201758,-0.019218,-0.006516,0.000167,0.006683,-0.045547,2.409161,-0.061773,-2.470934,-0.919147,-0.635318,0.016290,0.651608,0.988897,-0.745286,0.019110,0.764396,0.209493,-0.184267,0.004725,0.188992,0.197161,-0.005668,0.000145,0.005814,0.291530,0.581207,-0.014903,-0.596109,0.295836,-1.908762,0.048943,1.957705,-1.031659,-0.063643,-0.150560,-0.130655,3.546339,7.749116,1.228417,-4.419717,-6.236078,1.378836,0.000000,0.000000,0.000000,0.000000,0.000000,0.000000,380.149621,297.503032,1
9.134000,2.192166,-0.117758,0.227069,0.141752,-0.003635,-0.145387,-0.525763,0.337724,-0.008660,-0.346384,1.489502,-1.417165,0.036338,1.453503,-2.017619,-0.196714,0.005044,0.201758,-0.047089,-0.006516,0.000167,0.006683,-0.040579,2.409161,-0.061773,-2.470934,-1.051055,-0.635318,0.016290,0.651608,1.096920,-0.745286,0.019110,0.764396,0.173906,-0.184267,0.004725,0.188992,0.147369,-0.005668,0.000145,0.005814,0.404527,0.581207,-0.014903,-0.596109,0.268395,-1.908762,0.048943,1.957705,-1.168008,-0.241746,-0.606574,-0.523119,3.660116,7.952885,1.190945,-4.448382,-6.247835,1.447564,0.000000,0.000000,0.000000,0.000000,0.000000,0.000000,380.244185,297.479496,1
9.138000,2.188317,-0.127200,0.226998,0.329307,-0.008444,-0.337751,-0.479208,0.533255,-0.013673,-0.546928,1.267662,-1.987795,0.050969,2.038765,-1.707671,0.330513,-0.008475,-0.338987,-0.448352,-0.020187,0.000518,0.020705,-0.058043,2.165691,-0.055531,-2.221222,-0.769236,-0.928223,0.023801,0.952024,1.487365,-0.911768,0.023379,0.935146,0.286043,-0.264334,0.006778,0.271112,0.273358,-0.109500,0.002808,0.112308,0.636918,1.020292,-0.026161,-1.046454,-0.171908,-2.596981,0.066589,2.663570,-0.745485,0.002678,-0.482356,-0.248330,3.395528,6.555527,1.193366,-4.268726,-6.333923,1.104523,0.000000,0.000000,0.000000,0.000000,0.000000,0.000000,380.284958,297.470976,1
9.148000,2.189394,-0.126507,0.224281,0.329307,-0.008444,-0.337751,-0.513363,0.533255,-0.013673,-0.546928,1.323579,-1.987795,0.050969,2.038765,-1.754719,0.330513,-0.008475,-0.338987,-0.537722,-0.020187,0.000518,0.020705,-0.065080,2.165691,-0.055531,-2.221222,-0.948936,-0.928223,0.023801,0.952024,1.481816,-0.911768,0.023379,0.935146,0.277972,-0.264334,0.006778,0.271112,0.203107,-0.109500,0.002808,0.112308,0.696947,1.020292,-0.026161,-1.046454,-0.155709,-2.596981,0.066589,2.663570,-0.899917,0.108224,-1.142113,-0.532168,3.548165,7.053092,1.329494,-4.319443,-6.356585,1.132342,0.000000,0.000000,0.000000,0.000000,0.000000,0.000000,380.396259,297.448283,1
9.152000,2.190247,-0.132015,0.227572,-0.255430,0.006549,0.261979,-0.195228,1.423803,-0.036508,-1.460311,0.987935,-2.104237,0.053955,2.158192,-1.504756,-0.470312,0.012059,0.482371,-0.266225,0.030154,-0.000773,-0.030927,-0.047059,2.444856,-0.062689,-2.507544,-0.952129,0.195620,-0.005016,-0.200636,1.162976,0.021788,-0.000559,-0.022347,-0.008401,0.116268,-0.002981,-0.119249,0.288524,-0.755461,0.019371,0.774832,1.140770,2.133452,-0.054704,-2.188156,-0.757488,-3.089007,0.079205,3.168212,-0.249242,0.002463,-0.416069,-0.209527,3.252811,6.608559,1.457017,-4.264788,-6.022922,0.683758,0.001732,0.006407,-0.004592,0.000000,0.000000,0.000000,380.439690,297.444296,1
9.162000,2.190954,-0.131589,0.225151,-0.255430,0.006549,0.261979,-0.173965,1.423803,-0.036508,-1.460311,1.051688,-2.104237,0.053955,2.158192,-1.588115,-0.470312,0.012059,0.482371,-0.152491,0.030154,-0.000773,-0.030927,-0.081004,2.444856,-0.062689,-2.507544,-1.088791,0.195620,-0.005016,-0.200636,0.965015,0.021788,-0.000559,-0.022347,-0.024582,0.116268,-0.002981,-0.119249,0.150536,-0.755461,0.019371,0.774832,1.238826,2.133452,-0.054704,-2.188156,-0.698145,-3.089007,0.079205,3.168212,-0.474693,-0.071296,-1.115152,-0.646015,3.460383,7.237491,1.656379,-4.343084,-6.175089,0.749837,0.011982,0.031986,-0.024825,0.000000,0.000000,0.000000,380.559876,297.428525,1
9.168000,2.194911,-0.123570,0.225395,-0.258358,0.006625,0.264982,-0.349703,1.413321,-0.036239,-1.449560,0.894290,-2.179345,0.055881,2.235226,-1.054027,-0.061294,0.001572,0.062866,-0.550417,0.097595,-0.002502,-0.100097,0.304374,1.585073,-0.040643,-1.625716,-2.290872,-0.090290,0.002315,0.092605,0.848667,0.009206,-0.000236,-0.009442,-0.012872,0.053146,-0.001363,-0.054509,0.154123,-0.838450,0.021499,0.859949,1.004052,2.285449,-0.058601,-2.344050,-0.486055,-3.355778,0.086046,3.441824,-0.569574,1.346817,-5.233304,-1.315198,3.099432,7.714365,1.831027,-4.259424,-4.830346,0.291039,-0.000067,0.002049,-0.001108,0.000000,0.000000,0.000000,380.629384,297.428687,1
9.178000,2.195496,-0.122927,0.223463,-0.258358,0.006625,0.264982,-0.407016,1.413321,-0.036239,-1.449560,0.907230,-2.179345,0.055881,2.235226,-1.049474,-0.061294,0.001572,0.062866,-0.667943,0.097595,-0.002502,-0.100097,0.408937,1.585073,-0.040643,-1.625716,-2.655996,-0.090290,0.002315,0.092605,0.765621,0.009206,-0.000236,-0.009442,-0.016549,0.053146,-0.001363,-0.054509,0.085464,-0.838450,0.021499,0.859949,0.987586,2.285449,-0.058601,-2.344050,-0.497640,-3.355778,0.086046,3.441824,-0.617437,1.230040,-5.209159,-1.419837,3.088612,7.847900,1.894029,-4.176935,-4.743914,0.310742,0.000511,0.016179,-0.009533,0.000000,0.000000,0.000000,380.753246,297.432920,1
9.184000,2.205331,-0.131847,0.226091,-0.027884,0.000715,0.028599,-0.343352,1.455175,-0.037312,-1.492488,0.737351,-2.313438,0.059319,2.372757,-0.800951,-0.029287,0.000751,0.030038,-0.591014,1.564862,-0.040125,-1.604986,0.070198,-1.306445,0.033499,1.339944,-1.956252,-0.581646,0.014914,0.596560,0.991580,-0.003589,0.000092,0.003681,-0.014049,-0.030796,0.000790,0.031586,0.102883,-0.813743,0.020865,0.834608,1.246306,2.643660,-0.067786,-2.711446,-1.047771,-3.785906,0.097075,3.882980,0.225055,2.238576,-7.323873,-1.620370,2.829291,6.595824,1.555149,-3.915305,-4.219389,-0.008275,-0.012621,0.037335,-0.012288,0.000000,0.000000,0.000000,380.819920,297.430444,1
9.194000,2.205853,-0.131737,0.224964,-0.027884,0.000715,0.028599,-0.456467,1.455175,-0.037312,-1.492488,0.765384,-2.313438,0.059319,2.372757,-0.727208,-0.029287,0.000751,0.030038,-0.747416,1.564862,-0.040125,-1.604986,0.168879,-1.306445,0.033499,1.339944,-2.186614,-0.581646,0.014914,0.596560,0.915460,-0.003589,0.000092,0.003681,-0.016526,-0.030796,0.000790,0.031586,0.062217,-0.813743,0.020865,0.834608,1.123997,2.643660,-0.067786,-2.711446,-0.911481,-3.785906,0.097075,3.882980,0.053116,1.939893,-6.797609,-1.639795,2.805097,6.943226,1.773206,-3.787152,-4.026036,-0.037220,-0.034023,0.080982,-0.022490,0.000000,0.000000,0.000000,380.922602,297.411039,1
9.202000,2.204459,-0.133774,0.223634,0.155891,-0.003997,-0.159888,-0.631396,1.242222,-0.031852,-1.274074,0.633085,-2.388952,0.061255,2.450208,-0.126438,0.128032,-0.003283,-0.131315,-0.919905,2.125065,-0.054489,-2.179553,0.130973,-3.136978,0.080435,3.217413,-1.455662,-0.820011,0.021026,0.841037,0.816722,-0.015529,0.000398,0.015928,-0.009925,-0.081099,0.002079,0.083178,0.079340,-0.722772,0.018533,0.741305,0.826630,2.772027,-0.071078,-2.843104,-0.757533,-4.308854,0.110483,4.419338,0.326610,1.778350,-6.679385,-1.705378,2.589992,6.902738,2.102574,-3.242908,-3.118416,-0.250463,-0.135412,0.183382,-0.019859,0.000000,0.000000,0.000000,381.012287,297.403356,1
9.212000,2.204404,-0.134211,0.223126,0.155891,-0.003997,-0.159888,-0.683054,1.242222,-0.031852,-1.274074,0.643179,-2.388952,0.061255,2.450208,-0.139574,0.128032,-0.003283,-0.131315,-0.996234,2.125065,-0.054489,-2.179553,0.031094,-3.136978,0.080435,3.217413,-1.306593,-0.820011,0.021026,0.841037,0.864052,-0.015529,0.000398,0.015928,-0.012023,-0.081099,0.002079,0.083178,0.049743,-0.722772,0.018533,0.741305,0.769648,2.772027,-0.071078,-2.843104,-0.720073,-4.308854,0.110483,4.419338,0.209545,1.610159,-6.192617,-1.610402,2.573433,6.992057,2.188264,-3.184036,-3.183071,-0.178218,-0.296785,0.376322,-0.029144,0.000000,0.000000,0.000000,381.111767,297.394171,1
9.216000,2.213009,-0.135342,0.235297,1.745524,-0.044757,-1.790281,-1.488343,0.496405,-0.012728,-0.509133,0.880672,-1.774832,0.045509,1.820340,-0.492599,1.789999,-0.045897,-1.835896,-1.622696,2.437633,-0.062503,-2.500137,0.620533,-3.827464,0.098140,3.925604,-1.322664,-0.958688,0.024582,0.983270,-0.678848,0.437695,-0.011223,-0.448918,1.423809,-0.115889,0.002972,0.118860,-1.878900,-2.245583,0.057579,2.303162,4.045262,-4.246844,0.108893,4.355738,1.603282,9.472668,-0.242889,-9.715557,-5.276127,3.756708,-8.351340,-0.791387,0.000000,0.000000,0.000000,-1.912518,-2.973437,0.518881,-3.815020,9.250297,-1.755846,0.000000,0.000000,0.000000,381.443060,297.648514,1
9.226000,2.210597,-0.135636,0.235086,1.623308,-0.041623,-1.664931,-1.225364,0.496206,-0.012723,-0.508930,0.550028,-1.869462,0.047935,1.917397,-0.270917,1.664013,-0.042667,-1.706680,-1.350929,2.347472,-0.060192,-2.407664,0.228560,-3.819554,0.097937,3.917491,-0.777921,-0.995817,0.025534,1.021350,-0.534783,0.385064,-0.009873,-0.394937,1.186456,-0.118598,0.003041,0.121639,-1.766773,-2.179350,0.055881,2.235230,3.359105,-3.986002,0.102205,4.088207,1.557882,8.832757,-0.226481,-9.059238,-4.717914,3.348618,-6.919382,-0.381105,0.000000,0.000000,0.000000,-1.227046,-2.434557,0.586164,-3.448797,7.876020,-1.447573,0.000000,0.000000,0.000000,382.108966,298.201883,1
9.232000,2.228903,-0.147720,0.242351,-3.277785,0.084046,3.361831,2.173126,-0.927821,0.023790,0.951611,2.912787,-5.866203,0.150415,6.016618,-0.566701,-3.386692,0.086838,3.473530,1.941985,-1.725746,0.044250,1.769996,0.497334,-5.281020,0.135411,5.416431,2.252446,-3.534910,0.090639,3.625548,0.673792,-3.087102,0.079156,3.166259,0.588536,-3.323483,0.085218,3.408700,0.494564,1.707740,-0.043788,-1.751528,-2.792862,-0.143044,0.003668,0.146711,-0.182986,-1.189508,0.030500,1.220008,0.490398,0.935790,-2.908118,-0.534120,0.000000,0.000000,0.000000,0.000000,0.000000,0.000000,-2.300091,1.555030,0.652348,0.000000,0.000000,0.000000,382.377900,298.429579,1
9.242000,2.229862,-0.147868,0.242848,-3.277785,0.084046,3.361831,2.649425,-0.927821,0.023790,0.951611,1.574683,-5.866203,0.150415,6.016618,1.557101,-3.386692,0.086838,3.473530,2.590869,-1.725746,0.044250,1.769996,0.791853,-5.281020,0.135411,5.416431,1.850383,-3.534910,0.090639,3.625548,1.336472,-3.087102,0.079156,3.166259,0.721285,-3.323483,0.085218,3.408700,0.347201,1.707740,-0.043788,-1.751528,-2.134208,-0.143044,0.003668,0.146711,-0.092290,-1.189508,0.030500,1.220008,0.520545,1.468509,-4.172162,-0.674779,0.000000,0.000000,0.000000,0.000000,0.000000,0.000000,-2.362850,3.053035,0.028215,0.000000,0.000000,0.000000,382.906868,298.958277,1
9.248000,2.214883,-0.136477,0.239741,-0.369349,0.009470,0.378820,0.989787,-0.168680,0.004325,0.173005,0.337792,-0.911395,0.023369,0.934764,0.543997,-1.486344,0.038111,1.524456,1.261295,0.033418,-0.000857,-0.034275,0.895887,-3.063371,0.078548,3.141919,-0.231806,-1.852197,0.047492,1.899689,0.717626,-1.238349,0.031753,1.270101,0.831102,-1.326107,0.034003,1.360110,-0.835356,-1.320640,0.033863,1.354502,0.381913,0.056478,-0.001448,-0.057927,-0.068989,2.814922,-0.072177,-2.887099,-0.743308,2.396528,-5.962184,-0.571704,0.000000,0.000000,0.000000,0.000000,0.000000,0.000000,-2.309973,5.752539,-1.152440,0.000000,0.000000,0.000000,382.965944,298.994610,1
9.258000,2.214899,-0.136292,0.238411,-0.369349,0.009470,0.378820,0.917488,-0.168680,0.004325,0.173005,0.137278,-0.911395,0.023369,0.934764,0.501685,-1.486344,0.038111,1.524456,1.369348,0.033418,-0.000857,-0.034275,1.006613,-3.063371,0.078548,3.141919,-0.506195,-1.852197,0.047492,1.899689,0.775948,-1.238349,0.031753,1.270101,0.828355,-1.326107,0.034003,1.360110,-1.002770,-1.320640,0.033863,1.354502,0.470138,0.056478,-0.001448,-0.057927,-0.061772,2.814922,-0.072177,-2.887099,-1.024327,2.623355,-6.548294,-0.638771,0.000000,0.000000,0.000000,0.000000,0.000000,0.000000,-2.450824,6.232375,-1.295936,0.000000,0.000000,0.000000,383.086349,299.055239,1
9.262000,2.220485,-0.140418,0.241691,0.126963,-0.003255,-0.130219,0.267713,-0.141770,0.003635,0.145405,0.053530,-0.321739,0.008250,0.329988,0.143752,-1.190385,0.030523,1.220908,1.271573,-0.004010,0.000103,0.004113,0.971738,-2.830917,0.072588,2.903504,-0.340697,-1.525770,0.039122,1.564893,0.668608,-1.180136,0.030260,1.210396,0.853113,-1.244903,0.031921,1.276824,-0.956075,-1.126283,0.028879,1.155162,0.248563,0.058642,-0.001504,-0.060146,-0.074920,3.070076,-0.078720,-3.148795,-1.179069,2.597894,-6.021853,-0.397371,0.000000,0.000000,0.000000,0.000000,0.000000,0.000000,-2.256117,6.377883,-1.462236,0.000000,0.000000,0.000000,383.126108,299.077039,1
9.272000,2.220570,-0.140495,0.240110,0.126963,-0.003255,-0.130219,0.247778,-0.141770,0.003635,0.145405,0.016439,-0.321739,0.008250,0.329988,0.125682,-1.190385,0.030523,1.220908,1.322662,-0.004010,0.000103,0.004113,1.077222,-2.830917,0.072588,2.903504,-0.616635,-1.525770,0.039122,1.564893,0.661935,-1.180136,0.030260,1.210396,0.864878,-1.244903,0.031921,1.276824,-1.170603,-1.126283,0.028879,1.155162,0.291079,0.058642,-0.001504,-0.060146,-0.054507,3.070076,-0.078720,-3.148795,-1.295215,2.796623,-6.614025,-0.492566,0.000000,0.000000,0.000000,0.000000,0.000000,0.000000,-2.377746,6.797434,-1.581195,0.000000,0.000000,0.000000,383.240918,299.125503,1
9.276000,2.232694,-0.148288,0.239393,1.117495,-0.028654,-1.146148,-0.291630,-0.094581,0.002425,0.097006,-0.103077,1.046545,-0.026834,-1.073380,-0.338147,-0.488292,0.012520,0.500812,0.788928,-0.188314,0.004829,0.193142,0.983102,-2.249066,0.057668,2.306735,-0.475189,-0.786003,0.020154,0.806157,-0.045724,-1.053170,0.027004,1.080174,0.607427,-1.264132,0.032414,1.296545,-1.072456,-0.806355,0.020676,0.827031,0.078002,0.358091,-0.009182,-0.367273,-0.169334,3.107870,-0.079689,-3.187559,-1.363343,2.640571,-5.832000,-0.338120,0.000000,0.000000,0.000000,0.000000,0.000000,0.000000,-2.502697,6.236284,-1.288082,0.000000,0.000000,0.000000,383.276695,299.141012,1
9.286000,2.233058,-0.148613,0.237464,1.117495,-0.028654,-1.146148,-0.321948,-0.094581,0.002425,0.097006,-0.071867,1.046545,-0.026834,-1.073380,-0.372676,-0.488292,0.012520,0.500812,0.843535,-0.188314,0.004829,0.193142,1.107875,-2.249066,0.057668,2.306735,-0.795794,-0.786003,0.020154,0.806157,-0.039735,-1.053170,0.027004,1.080174,0.622113,-1.264132,0.032414,1.296545,-1.315421,-0.806355,0.020676,0.827031,0.087837,0.358091,-0.009182,-0.367273,-0.182423,3.107870,-0.079689,-3.187559,-1.390652,2.849528,-6.477306,-0.463273,0.000000,0.000000,0.000000,0.000000,0.000000,0.000000,-2.573378,6.627168,-1.417763,0.000000,0.000000,0.000000,383.378996,299.171709,1
9.290000,2.243288,-0.151093,0.243700,1.019526,-0.026142,-1.045668,-0.258830,-0.066532,0.001706,0.068238,-0.175828,1.548650,-0.039709,-1.588359,-0.533403,-0.225188,0.005774,0.230962,0.412132,-0.225468,0.005781,0.231249,1.068607,-1.659102,0.042541,1.701643,-0.850454,-0.528943,0.013563,0.542506,-0.084613,-0.814730,0.020891,0.835621,0.752041,-1.246936,0.031973,1.278908,-0.939663,-0.801753,0.020558,0.822310,0.045153,0.254466,-0.006525,-0.260991,-0.162741,2.445795,-0.062713,-2.508508,-1.011415,2.758616,-6.069311,-0.616955,0.000000,0.000000,0.000000,0.000000,0.000000,0.000000,-2.411667,6.835808,-1.301114,0.000000,0.000000,0.000000,383.408645,299.179703,1
9.300000,2.244380,-0.151446,0.241841,1.019526,-0.026142,-1.045668,-0.272484,-0.066532,0.001706,0.068238,-0.111394,1.548650,-0.039709,-1.588359,-0.603886,-0.225188,0.005774,0.230962,0.457578,-0.225468,0.005781,0.231249,1.200741,-1.659102,0.042541,1.701643,-1.182250,-0.528943,0.013563,0.542506,-0.096431,-0.814730,0.020891,0.835621,0.769330,-1.246936,0.031973,1.278908,-1.167497,-0.801753,0.020558,0.822310,0.044031,0.254466,-0.006525,-0.260991,-0.156951,2.445795,-0.062713,-2.508508,-1.045162,2.966221,-6.653253,-0.752695,0.000000,0.000000,0.000000,0.000000,0.000000,0.000000,-2.522181,7.239408,-1.387342,0.000000,0.000000,0.000000,383.493986,299.193748,1
9.304000,2.254114,-0.151353,0.242755,0.794402,-0.020369,-0.814771,-0.138103,0.027940,-0.000716,-0.028657,-0.219632,1.377973,-0.035333,-1.413306,-0.578492,-0.009566,0.000245,0.009811,0.191440,-0.133224,0.003416,0.136640,1.140050,-1.011043,0.025924,1.036967,-1.352751,-0.184539,0.004732,0.189271,-0.246990,-0.328178,0.008415,0.336593,0.631084,-1.087965,0.027897,1.115862,-1.060245,-0.389192,0.009979,0.399171,-0.013593,0.007979,-0.000205,-0.008183,-0.028835,0.537934,-0.013793,-0.551727,-0.091938,3.123934,-6.040463,-0.982183,0.000000,0.000000,0.000000,0.000000,0.000000,0.000000,-2.552049,7.171765,-1.168498,0.000000,0.000000,0.000000,383.509967,299.188626,1
9.314000,2.255387,-0.151978,0.240448,0.794402,-0.020369,-0.814771,-0.130286,0.027940,-0.000716,-0.028657,-0.162839,1.377973,-0.035333,-1.413306,-0.578818,-0.009566,0.000245,0.009811,0.238904,-0.133224,0.003416,0.136640,1.251001,-1.011043,0.025924,1.036967,-1.623052,-0.184539,0.004732,0.189271,-0.262964,-0.328178,0.008415,0.336593,0.640215,-1.087965,0.027897,1.115862,-1.272638,-0.389192,0.009979,0.399171,-0.025013,0.007979,-0.000205,-0.008183,-0.033493,0.537934,-0.013793,-0.551727,-0.090193,3.308765,-6.471044,-1.125039,0.000000,0.000000,0.000000,0.000000,0.000000,0.000000,-2.674904,7.536299,-1.209604,0.000000,0.000000,0.000000,383.555273,299.170674,1
9.320000,2.264161,-0.155617,0.241113,0.754411,-0.019344,-0.773755,-0.034349,-0.123990,0.003179,0.127169,-0.072893,1.700881,-0.043612,-1.744494,-0.651622,0.023716,-0.000608,-0.024324,0.304428,-0.218127,0.005593,0.223720,1.370413,-0.956442,0.024524,0.980966,-1.492006,-0.162547,0.004168,0.166715,-0.381501,-0.401464,0.010294,0.411758,0.618338,-1.088867,0.027920,1.116787,-1.137967,-0.522499,0.013397,0.535896,-0.022308,0.002016,-0.000052,-0.002068,-0.020304,0.644140,-0.016516,-0.660656,-0.095475,3.085569,-6.247096,-0.887085,0.000000,0.000000,0.000000,0.000000,0.000000,0.000000,-2.428320,7.305531,-1.215481,0.000000,0.000000,0.000000,383.582959,299.164439,1
9.330000,2.265584,-0.156258,0.238559,0.754411,-0.019344,-0.773755,-0.041839,-0.123990,0.003179,0.127169,-0.040076,1.700881,-0.043612,-1.744494,-0.694237,0.023716,-0.000608,-0.024324,0.341657,-0.218127,0.005593,0.223720,1.474842,-0.956442,0.024524,0.980966,-1.734885,-0.162547,0.004168,0.166715,-0.409493,-0.401464,0.010294,0.411758,0.627302,-1.088867,0.027920,1.116787,-1.346331,-0.522499,0.013397,0.535896,-0.011964,0.002016,-0.000052,-0.002068,-0.026367,0.644140,-0.016516,-0.660656,-0.117912,3.220392,-6.622666,-1.024922,0.000000,0.000000,0.000000,0.000000,0.000000,0.000000,-2.520415,7.634694,-1.258912,0.000000,0.000000,0.000000,383.634991,299.150601,1
9.334000,2.268471,-0.158096,0.238868,0.905378,-0.023215,-0.928593,-0.135320,-0.085595,0.002195,0.087790,-0.050840,2.519520,-0.064603,-2.584123,-1.003344,0.241372,-0.006189,-0.247561,0.115188,-0.118230,0.003032,0.121262,1.284149,-0.797940,0.020460,0.818400,-1.759775,0.066424,-0.001703,-0.068128,-0.498754,-0.108713,0.002788,0.111501,0.454662,-1.278608,0.032785,1.311393,-1.134344,-0.054766,0.001404,0.056170,-0.356891,-0.016572,0.000425,0.016997,-0.012580,0.102934,-0.002639,-0.105573,0.057404,3.220637,-6.361648,-0.833221,0.000000,0.000000,0.000000,0.000000,0.000000,0.000000,-2.659193,7.372654,-1.319182,0.000000,0.000000,0.000000,383.658775,299.150488,1
9.344000,2.269774,-0.158946,0.236270,0.912394,-0.023395,-0.935789,-0.173399,-0.085801,0.002200,0.088001,-0.034441,2.530407,-0.064882,-2.595289,-1.087429,0.242635,-0.006221,-0.248856,0.135594,-0.118742,0.003045,0.121787,1.369202,-0.805421,0.020652,0.826072,-1.960624,0.066160,-0.001696,-0.067856,-0.560909,-0.113209,0.002903,0.116112,0.456382,-1.281839,0.032868,1.314707,-1.335110,-0.066787,0.001712,0.068499,-0.376334,-0.016257,0.000417,0.016674,-0.020977,0.136782,-0.003507,-0.140289,0.029196,3.340293,-6.665609,-0.949289,0.000000,0.000000,0.000000,0.000000,0.000000,0.000000,-2.762386,7.676893,-1.345019,0.000000,0.000000,0.000000,383.725616,299.148492,1
9.348000,2.272226,-0.154465,0.232776,1.415547,-0.036296,-1.451843,-0.134933,-0.084109,0.002157,0.086265,-0.044988,4.612605,-0.118272,-4.730877,-1.185754,0.303188,-0.007774,-0.310963,0.124230,0.267463,-0.006858,-0.274321,1.408079,-0.679973,0.017435,0.697408,-2.245516,0.101185,-0.002594,-0.103780,-0.595232,0.402004,-0.010308,-0.412312,0.258448,-1.417260,0.036340,1.453600,-1.238674,-0.911367,0.023368,0.934735,-0.256002,-0.021347,0.000547,0.021895,0.008682,1.081684,-0.027735,-1.109420,0.150817,3.404922,-7.109420,-0.952286,0.000000,0.000000,0.000000,0.000000,0.000000,0.000000,-2.681041,7.754397,-1.497291,0.000000,0.000000,0.000000,383.766320,299.154727,1
9.358000,2.273177,-0.154953,0.229692,1.415547,-0.036296,-1.451843,-0.275668,-0.084109,0.002157,0.086265,-0.076549,4.612605,-0.118272,-4.730877,-1.726647,0.303188,-0.007774,-0.310963,0.127101,0.267463,-0.006858,-0.274321,1.463298,-0.679973,0.017435,0.697408,-2.417495,0.101185,-0.002594,-0.103780,-0.662681,0.402004,-0.010308,-0.412312,0.236306,-1.417260,0.036340,1.453600,-1.424000,-0.911367,0.023368,0.934735,-0.119128,-0.021347,0.000547,0.021895,-0.023283,1.081684,-0.027735,-1.109420,-0.108008,3.520338,-7.288322,-0.995310,0.000000,0.000000,0.000000,0.000000,0.000000,0.000000,-2.759637,7.984280,-1.530735,0.000000,0.000000,0.000000,383.898022,299.198174,1
9.362000,2.275943,-0.155306,0.229839,1.072577,-0.027502,-1.100079,-0.159106,-0.094834,0.002432,0.097265,-0.060133,3.767391,-0.096600,-3.863990,-1.494295,0.312349,-0.008009,-0.320358,0.152179,0.136853,-0.003509,-0.140362,1.510497,-0.539308,0.013828,0.553137,-2.334309,0.127560,-0.003271,-0.130831,-0.648933,0.328784,-0.008430,-0.337215,0.257403,-1.347624,0.034554,1.382178,-1.343623,-0.593280,0.015212,0.608493,-0.264736,-0.027750,0.000712,0.028462,-0.014091,0.091367,-0.002343,-0.093710,0.127707,3.495522,-6.955826,-0.901629,0.000000,0.000000,0.000000,0.000000,0.000000,0.000000,-2.682271,7.736918,-1.505857,0.000000,0.000000,0.000000,383.936858,299.207609,1
9.372000,2.276919,-0.155822,0.226552,1.072577,-0.027502,-1.100079,-0.212284,-0.094834,0.002432,0.097265,-0.046421,3.767391,-0.096600,-3.863990,-1.643869,0.312349,-0.008009,-0.320358,0.173352,0.136853,-0.003509,-0.140362,1.570281,-0.539308,0.013828,0.553137,-2.470485,0.127560,-0.003271,-0.130831,-0.712161,0.328784,-0.008430,-0.337215,0.243225,-1.347624,0.034554,1.382178,-1.515478,-0.593280,0.015212,0.608493,-0.196301,-0.027750,0.000712,0.028462,-0.018744,0.091367,-0.002343,-0.093710,0.069520,3.550167,-7.090311,-0.971565,0.000000,0.000000,0.000000,0.000000,0.000000,0.000000,-2.766423,7.934672,-1.520980,0.000000,0.000000,0.000000,384.043145,299.234893,1
9.378000,2.291846,-0.158578,0.229177,-0.340578,0.008733,0.349311,0.339913,-0.052577,0.001348,0.053925,-0.043589,1.745354,-0.044753,-1.790107,-0.683429,0.009956,-0.000255,-0.010211,0.512325,0.235667,-0.006043,-0.241710,1.527328,-1.014619,0.026016,1.040635,-1.997124,0.250469,-0.006422,-0.256892,-0.537742,0.828424,-0.021242,-0.849666,0.062733,-2.075270,0.053212,2.128482,-0.968495,1.026526,-0.026321,-1.052847,-1.345303,-0.998514,0.025603,1.024116,0.196704,-0.338532,0.008680,0.347212,0.273145,3.421866,-6.671663,-1.145506,0.000000,0.000000,0.000000,0.000000,0.000000,0.000000,-2.324349,7.754500,-1.472722,0.000000,0.000000,0.000000,384.089722,299.226632,1
9.388000,2.292947,-0.162072,0.225789,-0.462757,0.011866,0.474623,0.451703,-0.053066,0.001361,0.054427,-0.044073,1.660679,-0.042582,-1.703260,-0.746855,-0.215677,0.005530,0.221208,0.697133,0.083246,-0.002135,-0.085380,1.588311,-1.005189,0.025774,1.030963,-2.020483,0.061867,-0.001586,-0.063453,-0.498995,0.674372,-0.017292,-0.691663,0.070606,-2.005403,0.051421,2.056824,-1.149964,1.449831,-0.037175,-1.487006,-1.665919,-1.277618,0.032759,1.310377,0.327915,-0.461839,0.011842,0.473681,0.249888,3.332680,-6.631177,-1.281835,0.511456,0.129764,-0.200548,0.000000,0.000000,0.000000,-2.379151,7.869777,-1.330363,0.000000,0.000000,0.000000,384.183050,299.227257,1
9.392000,2.293153,-0.151911,0.226538,-0.527920,0.013536,0.541456,0.623348,-0.025267,0.000648,0.025915,-0.047609,1.842449,-0.047242,-1.889692,-0.663910,0.145449,-0.003729,-0.149179,0.119025,0.826175,-0.021184,-0.847359,1.165133,-1.762965,0.045204,1.808170,-1.944382,0.589009,-0.015103,-0.604112,-0.833031,1.560101,-0.040003,-1.600103,-0.389480,-2.929160,0.075107,3.004267,-0.443347,0.690216,-0.017698,-0.707914,-1.209816,-0.198833,0.005098,0.203931,0.044884,-1.789829,0.045893,1.835722,0.977193,3.273701,-7.071950,-0.525153,0.000000,0.000000,0.000000,-0.547967,-0.539359,-0.154325,-2.400316,6.768513,-1.571228,0.000000,0.000000,0.000000,384.227978,299.225353,1
9.402000,2.296354,-0.155290,0.224404,-0.324970,0.008333,0.333303,0.612513,-0.025705,0.000659,0.026364,-0.046998,2.140879,-0.054894,-2.195774,-0.784728,0.104776,-0.002687,-0.107463,0.230316,0.912936,-0.023409,-0.936345,1.247702,-1.897558,0.048655,1.946213,-1.854105,0.525562,-0.013476,-0.539038,-0.939896,1.528072,-0.039181,-1.567253,-0.367968,-2.879334,0.073829,2.953163,-0.629142,0.436860,-0.011202,-0.448062,-1.104381,-0.191271,0.004904,0.196175,-0.004171,-0.934462,0.023961,0.958423,0.591246,3.309235,-7.074729,-0.790135,0.221230,0.066897,-0.068943,-0.354051,-0.479357,0.003855,-2.480107,7.315540,-1.573060,0.000000,0.000000,0.000000,384.335314,299.199459,1
9.406000,2.305848,-0.157927,0.227138,-0.550536,0.014116,0.564652,0.721330,0.072098,-0.001849,-0.073947,-0.127766,1.696358,-0.043496,-1.739854,-0.613086,0.376740,-0.009660,-0.386400,0.219771,1.375526,-0.035270,-1.410796,1.097831,-1.873208,0.048031,1.921239,-1.509496,0.978383,-0.025087,-1.003470,-1.177197,2.461589,-0.063118,-2.524706,-0.857947,-3.495727,0.089634,3.585361,0.029943,0.336998,-0.008641,-0.345639,-1.184594,-0.134429,0.003447,0.137876,0.054787,0.084297,-0.002161,-0.086458,0.431967,3.550831,-6.135341,-0.612645,0.014054,0.022935,0.007382,-3.317568,-4.563293,-0.085145,-2.011649,6.967353,-1.439076,0.000000,0.000000,0.000000,384.375019,299.202594,1
9.416000,2.307012,-0.158473,0.225034,-0.550536,0.014116,0.564652,0.651849,0.072098,-0.001849,-0.073947,0.093883,1.696358,-0.043496,-1.739854,-1.806511,0.376740,-0.009660,-0.386400,0.304680,1.375526,-0.035270,-1.410796,1.157137,-1.873208,0.048031,1.921239,-1.523165,0.978383,-0.025087,-1.003470,-1.153181,2.461589,-0.063118,-2.524706,-0.793961,-3.495727,0.089634,3.585361,-0.156877,0.336998,-0.008641,-0.345639,-1.039620,-0.134429,0.003447,0.137876,0.020282,0.084297,-0.002161,-0.086458,0.225060,3.749977,-5.959812,-0.404152,0.036526,0.080109,0.031712,-2.852536,-5.068138,0.649817,-1.894611,7.459120,-1.733671,0.000000,0.000000,0.000000,384.498023,299.220290,1
9.424000,2.309260,-0.160875,0.227945,-0.282149,0.007235,0.289384,0.597986,0.197180,-0.005056,-0.202235,0.064883,1.561878,-0.040048,-1.601926,-1.834639,0.272523,-0.006988,-0.279511,0.297277,1.397071,-0.035822,-1.432894,0.981764,-1.849231,0.047416,1.896647,-1.396087,0.941372,-0.024138,-0.965509,-1.010422,2.600272,-0.066674,-2.666946,-0.618191,-3.588736,0.092019,3.680755,-0.411614,0.233574,-0.005989,-0.239563,-0.930036,-0.108988,0.002795,0.111782,0.000147,0.095935,-0.002460,-0.098395,0.110603,3.841843,-5.863310,-0.392576,0.000000,0.000000,0.000000,-2.632930,-5.400616,0.875927,-2.094196,7.925134,-1.612850,0.000000,0.000000,0.000000,384.591110,299.222548,1
9.434000,2.310327,-0.161855,0.226329,-0.285632,0.007324,0.292956,0.681673,0.195043,-0.005001,-0.200044,0.206195,1.555552,-0.039886,-1.595438,-2.393280,0.265562,-0.006809,-0.272371,0.383646,1.393041,-0.035719,-1.428760,1.028580,-1.855342,0.047573,1.902915,-1.460577,0.932497,-0.023910,-0.956408,-0.963424,2.590696,-0.066428,-2.657124,-0.636181,-3.587883,0.091997,3.679880,-0.438070,0.233565,-0.005989,-0.239553,-0.849920,-0.109068,0.002797,0.111865,-0.001705,0.094907,-0.002434,-0.097340,0.060841,3.810436,-5.754370,-0.398413,0.000000,0.000000,0.000000,-2.551115,-5.650782,1.116730,-2.087864,8.156991,-1.680431,0.000000,0.000000,0.000000,384.719573,299.230754,1
9.440000,2.313845,-0.164486,0.223301,-0.111966,0.002871,0.114837,0.891045,1.045070,-0.026797,-1.071867,0.258535,0.024586,-0.000630,-0.025216,-2.905835,0.308586,-0.007912,-0.316499,0.419284,1.472432,-0.037755,-1.510186,0.849026,-1.784274,0.045751,1.830024,-0.964299,1.030684,-0.026428,-1.057112,-1.138076,2.883453,-0.073935,-2.957388,-1.009735,-3.830725,0.098224,3.928948,0.102025,0.371476,-0.009525,-0.381002,-0.730082,-0.099121,0.002542,0.101663,-0.005249,0.047432,-0.001216,-0.048648,0.041105,3.270772,-4.282276,0.008753,0.000000,0.000000,0.000000,-2.785211,-6.483948,1.614828,-1.753627,7.328148,-1.556794,0.000000,0.000000,0.000000,384.770592,299.240262,1
9.450000,2.314327,-0.164840,0.221842,-0.111966,0.002871,0.114837,1.016794,1.045070,-0.026797,-1.071867,0.264545,0.024586,-0.000630,-0.025216,-2.925151,0.308586,-0.007912,-0.316499,0.476809,1.472432,-0.037755,-1.510186,0.842794,-1.784274,0.045751,1.830024,-0.865305,1.030684,-0.026428,-1.057112,-1.078163,2.883453,-0.073935,-2.957388,-0.918985,-3.830725,0.098224,3.928948,-0.009742,0.371476,-0.009525,-0.381002,-0.708103,-0.099121,0.002542,0.101663,-0.009517,0.047432,-0.001216,-0.048648,0.026879,3.176302,-4.150068,0.005248,0.000075,0.000578,0.000339,-2.393717,-5.963908,1.603828,-1.729031,7.694715,-1.723321,0.000000,0.000000,0.000000,384.847083,299.250127,1
9.460000,2.307772,-0.147853,0.219057,-0.194891,0.004997,0.199888,0.820126,1.143038,-0.029309,-1.172347,0.125048,-0.978659,0.025094,1.003752,-2.416871,0.119584,-0.003066,-0.122651,0.439533,1.273631,-0.032657,-1.306288,0.961818,-1.981971,0.050820,2.032790,-1.113565,0.858534,-0.022014,-0.880548,-1.149478,2.707739,-0.069429,-2.777168,-0.902043,-4.056463,0.104012,4.160475,-0.199294,0.534159,-0.013696,-0.547855,-0.698526,-0.094398,0.002420,0.096819,0.016019,-0.006795,0.000174,0.006969,0.016740,3.238201,-4.852954,0.196947,0.214681,0.852642,0.428902,-3.361835,-7.092717,1.836404,-1.843965,7.041683,-2.010962,0.000000,0.000000,0.000000,384.957496,299.221026,1
9.470000,2.307659,-0.147302,0.217512,-0.194891,0.004997,0.199888,0.982453,1.143038,-0.029309,-1.172347,0.146800,-0.978659,0.025094,1.003752,-2.504745,0.119584,-0.003066,-0.122651,0.540911,1.273631,-0.032657,-1.306288,0.935495,-1.981971,0.050820,2.032790,-1.010351,0.858534,-0.022014,-0.880548,-1.050060,2.707739,-0.069429,-2.777168,-0.912354,-4.056463,0.104012,4.160475,-0.155649,0.534159,-0.013696,-0.547855,-0.736478,-0.094398,0.002420,0.096819,0.038667,-0.006795,0.000174,0.006969,0.008661,2.947957,-4.692386,0.066805,1.998445,4.804726,1.895617,-2.914964,-6.624519,1.854364,-1.876500,6.741888,-1.861637,0.000000,0.000000,0.000000,385.064877,299.194887,1
9.476000,2.314685,-0.158388,0.220986,-0.357326,0.009162,0.366488,1.075034,0.826439,-0.021191,-0.847630,0.011458,-0.865846,0.022201,0.888047,-1.618229,-0.035593,0.000913,0.036506,0.638549,1.353567,-0.034707,-1.388274,0.727576,-2.465620,0.063221,2.528841,-0.387074,0.668777,-0.017148,-0.685925,-0.813296,2.298635,-0.058939,-2.357574,-0.658368,-3.710709,0.095146,3.805855,-0.046118,0.702150,-0.018004,-0.720154,-0.903525,-0.090365,0.002317,0.092682,-0.008541,-0.017119,0.000439,0.017558,0.018454,2.853521,-4.520821,-0.296814,0.421740,0.429446,0.034070,-1.798151,-4.562456,1.269134,-1.781146,7.536517,-1.794759,0.000000,0.000000,0.000000,385.105618,299.192285,1
9.486000,2.315709,-0.159595,0.218992,-0.326639,0.008375,0.335014,1.115630,0.817093,-0.020951,-0.838044,-0.025151,-0.897534,0.023014,0.920548,-1.537227,-0.013406,0.000344,0.013749,0.651127,1.307235,-0.033519,-1.340754,0.802931,-2.411312,0.061829,2.473141,-0.446510,0.679061,-0.017412,-0.696473,-0.792438,2.306857,-0.059150,-2.366007,-0.612107,-3.771622,0.096708,3.868330,-0.143336,0.700042,-0.017950,-0.717991,-0.853651,-0.090613,0.002323,0.092936,-0.003839,-0.021086,0.000541,0.021627,0.013921,2.752757,-4.551336,-0.449478,0.871000,0.997662,0.157925,-1.818342,-4.600327,1.356867,-1.725689,7.749905,-1.896044,0.000000,0.000000,0.000000,385.177297,299.180949,1
9.494000,2.370118,-0.121793,0.234998,-0.882750,0.022635,0.905384,-0.850920,1.094987,-0.028077,-1.123064,1.057287,-5.413979,0.138820,5.552799,1.475883,-1.025098,0.026285,1.051382,-0.335954,0.664188,-0.017030,-0.681219,0.611618,-4.053531,0.103937,4.157468,0.851998,-0.161836,0.004150,0.165985,1.091661,1.554459,-0.039858,-1.594317,-0.149685,-4.916793,0.126072,5.042864,3.063147,1.340389,-0.034369,-1.374758,0.668374,-0.230966,0.005922,0.236888,1.149884,-0.363164,0.009312,0.372476,-0.848125,1.607755,-6.042180,-1.134536,4.013433,5.619243,-0.131706,-4.363792,-5.085554,-0.881793,-2.211364,9.671154,-2.449592,0.000000,0.000000,0.000000,385.432011,299.372263,1
9.504000,2.372071,-0.119530,0.235249,-0.882750,0.022635,0.905384,-0.652500,1.094987,-0.028077,-1.123064,1.029880,-5.413979,0.138820,5.552799,0.999528,-1.025098,0.026285,1.051382,-0.345434,0.664188,-0.017030,-0.681219,0.866312,-4.053531,0.103937,4.157468,0.168632,-0.161836,0.004150,0.165985,1.056694,1.554459,-0.039858,-1.594317,0.229628,-4.916793,0.126072,5.042864,2.071197,1.340389,-0.034369,-1.374758,0.637384,-0.230966,0.005922,0.236888,0.985575,-0.363164,0.009312,0.372476,-0.786719,1.808793,-6.447431,-1.112558,3.715284,4.674413,-0.417154,-4.031130,-5.114420,-0.407743,-2.032227,8.791913,-2.277733,0.000000,0.000000,0.000000,385.645420,299.500951,1
9.514000,2.334688,-0.146128,0.265451,-1.580644,0.040529,1.621174,0.010423,0.929891,-0.023843,-0.953735,-0.619244,-3.779580,0.096912,3.876492,0.946393,-1.225188,0.031415,1.256603,6.350747,0.989604,-0.025374,-1.014978,0.010595,-4.819558,0.123578,4.943137,0.760172,0.546114,-0.014003,-0.560117,-2.513253,1.601127,-0.041055,-1.642182,-0.725848,-4.388074,0.112515,4.500588,2.053159,1.601655,-0.041068,-1.642723,-0.532559,0.804713,-0.020634,-0.825347,-0.254399,-3.478232,0.089185,3.567417,1.239082,0.000000,0.000000,0.000000,2.679219,4.303012,0.930761,-3.961532,-3.400634,-0.830499,0.000000,0.000000,0.000000,0.000000,0.000000,0.000000,385.979122,299.834438,1
9.524000,2.334686,-0.145499,0.267179,-1.580644,0.040529,1.621174,-0.079032,0.929891,-0.023843,-0.953735,-0.457636,-3.779580,0.096912,3.876492,0.648555,-1.225188,0.031415,1.256603,4.759430,0.989604,-0.025374,-1.014978,-0.227866,-4.819558,0.123578,4.943137,1.672802,0.546114,-0.014003,-0.560117,-1.799275,1.601127,-0.041055,-1.642182,-0.711491,-4.388074,0.112515,4.500588,2.090763,1.601655,-0.041068,-1.642723,-0.641680,0.804713,-0.020634,-0.825347,-0.082855,-3.478232,0.089185,3.567417,0.870276,0.000000,0.000000,0.000000,3.213985,5.364263,1.199261,-4.237730,-4.048671,-0.679835,0.000000,0.000000,0.000000,0.000000,0.000000,0.000000,386.312848,300.165601,1
9.530000,2.360923,-0.151367,0.243043,-1.706363,0.043753,1.750116,-0.132165,-0.075323,0.001931,0.077254,1.382448,-0.503484,0.012910,0.516394,-1.381265,-0.154938,0.003973,0.158911,-4.380852,0.207839,-0.005329,-0.213168,-0.739786,-0.819953,0.021024,0.840978,3.576075,0.152280,-0.003905,-0.156184,1.519529,-0.286504,0.007346,0.293851,-0.299231,4.831212,-0.123877,-4.955089,-2.321057,-1.724894,0.044228,1.769122,0.500815,0.080651,-0.002068,-0.082719,0.835634,-0.869678,0.022299,0.891978,-1.420845,10.926156,-5.110785,6.378227,2.661648,7.369926,2.615942,-4.269708,-5.585873,-0.018059,0.000000,0.000000,0.000000,0.000000,0.000000,0.000000,386.426617,300.239740,1
9.540000,2.361823,-0.152042,0.240453,-1.706363,0.043753,1.750116,-0.065422,-0.075323,0.001931,0.077254,1.462272,-0.503484,0.012910,0.516394,-1.768534,-0.154938,0.003973,0.158911,-0.994634,0.207839,-0.005329,-0.213168,0.044011,-0.819953,0.021024,0.840978,0.883097,0.152280,-0.003905,-0.156184,1.178000,-0.286504,0.007346,0.293851,-0.170179,4.831212,-0.123877,-4.955089,-2.313227,-1.724894,0.044228,1.769122,0.685885,0.080651,-0.002068,-0.082719,0.634155,-0.869678,0.022299,0.891978,-1.530778,4.321577,-7.033091,0.880040,1.823449,6.904807,2.858427,-5.843169,-5.614714,-1.127541,0.000000,0.000000,0.000000,0.000000,0.000000,0.000000,386.590400,300.346582,1
9.546000,2.356701,-0.148855,0.233241,1.890999,-0.048487,-1.939486,-0.840356,-1.077194,0.027620,1.104815,1.505793,-1.592128,0.040824,1.632952,-1.245478,-2.745993,0.070410,2.816403,0.691969,-0.066778,0.001712,0.068490,-0.005618,6.343173,-0.162645,-6.505819,-2.898551,-0.284813,0.007303,0.292116,0.191071,-0.456058,0.011694,0.467752,0.155356,-1.715382,0.043984,1.759366,0.614406,1.916518,-0.049141,-1.965660,0.181344,-1.562518,0.040065,1.602583,0.732287,-0.910454,0.023345,0.933799,-1.393337,0.000000,0.000000,0.000000,3.922608,5.795906,0.264704,-2.775970,-6.129357,1.822594,0.000000,0.000000,0.000000,0.000000,0.000000,0.000000,386.771447,300.483328,1
9.556000,2.357813,-0.148152,0.230483,1.890999,-0.048487,-1.939486,-1.027322,-1.077194,0.027620,1.104815,1.646540,-1.592128,0.040824,1.632952,-1.507874,-2.745993,0.070410,2.816403,1.007773,-0.066778,0.001712,0.068490,-0.047045,6.343173,-0.162645,-6.505819,-2.977141,-0.284813,0.007303,0.292116,0.246178,-0.456058,0.011694,0.467752,0.094344,-1.715382,0.043984,1.759366,0.742623,1.916518,-0.049141,-1.965660,0.055938,-1.562518,0.040065,1.602583,0.764172,-0.910454,0.023345,0.933799,-1.606047,0.000000,0.000000,0.000000,3.810624,6.214580,0.506805,-3.082895,-6.518999,1.899889,0.000000,0.000000,0.000000,0.000000,0.000000,0.000000,387.098858,300.729235,1
9.560000,2.364870,-0.145106,0.239399,-0.247744,0.006352,0.254097,-0.460579,-0.315306,0.008085,0.323391,1.191922,-1.070322,0.027444,1.097766,-1.025203,-0.472818,0.012124,0.484941,0.053554,0.121193,-0.003108,-0.124300,-0.215721,-0.348808,0.008944,0.357752,0.172047,0.408562,-0.010476,-0.419037,0.211889,0.028520,-0.000731,-0.029251,-0.053336,0.275716,-0.007070,-0.282786,-0.017708,0.004766,-0.000122,-0.004888,0.168166,-0.708186,0.018159,0.726344,0.731079,-0.905429,0.023216,0.928645,-1.034501,0.000000,0.000000,0.000000,2.961115,6.688063,1.744203,-3.728042,-4.973639,0.118732,0.000000,0.000000,0.000000,0.000000,0.000000,0.000000,387.112178,300.724214,1
9.570000,2.363838,-0.147872,0.238251,-0.379282,0.009725,0.389008,-0.464988,-0.400863,0.010279,0.411142,1.262765,-1.198906,0.030741,1.229647,-1.242699,-0.502226,0.012878,0.515103,0.383859,0.147303,-0.003777,-0.151080,-0.201825,-0.725181,0.018594,0.743775,0.082074,0.518150,-0.013286,-0.531436,0.207690,0.050823,-0.001303,-0.052127,-0.065142,0.372412,-0.009549,-0.381961,-0.012694,-0.093497,0.002397,0.095895,0.090743,-0.860461,0.022063,0.882524,0.830984,-1.009145,0.025876,1.035020,-1.213187,0.000000,0.000000,0.000000,3.030211,7.085557,2.075165,-4.083656,-5.421312,-0.070983,0.000000,0.000000,0.000000,0.000000,0.000000,0.000000,387.158516,300.709051,1
9.574000,2.370744,-0.154969,0.252099,-0.465902,0.011946,0.477849,0.620359,-0.168823,0.004329,0.173152,0.999077,-0.372641,0.009555,0.382196,-1.634841,0.236647,-0.006068,-0.242714,-0.660667,0.006809,-0.000175,-0.006984,-0.140226,-0.854497,0.021910,0.876407,0.610104,-0.248126,0.006362,0.254488,0.630311,-0.035652,0.000914,0.036566,-0.037710,-0.086616,0.002221,0.088837,0.143885,-0.238693,0.006120,0.244813,0.497151,-0.154378,0.003958,0.158337,0.670221,-0.863757,0.022148,0.885905,-0.915997,0.000000,0.000000,0.000000,3.418534,6.541706,1.944968,-3.486874,-6.097258,0.355690,0.000000,0.000000,0.000000,0.000000,0.000000,0.000000,387.170533,300.709566,1
9.584000,2.371568,-0.155748,0.249819,-0.465902,0.011946,0.477849,0.608125,-0.168823,0.004329,0.173152,1.123699,-0.372641,0.009555,0.382196,-1.982595,0.236647,-0.006068,-0.242714,-0.651152,0.006809,-0.000175,-0.006984,-0.100805,-0.854497,0.021910,0.876407,0.489898,-0.248126,0.006362,0.254488,0.645861,-0.035652,0.000914,0.036566,-0.026356,-0.086616,0.002221,0.088837,0.085283,-0.238693,0.006120,0.244813,0.533152,-0.154378,0.003958,0.158337,0.674622,-0.863757,0.022148,0.885905,-1.131130,0.000000,0.000000,0.000000,3.639711,6.853125,2.025919,-3.793291,-6.605856,0.365800,0.000000,0.000000,0.000000,0.000000,0.000000,0.000000,387.202966,300.706784,1
9.588000,2.382098,-0.140161,0.236874,-0.274819,0.007047,0.281866,-0.156219,-0.215838,0.005534,0.221372,1.236249,-0.823567,0.021117,0.844684,-1.658242,-0.502769,0.012892,0.515661,0.006349,-0.004507,0.000116,0.004623,-0.044894,0.755919,-0.019383,-0.775301,-0.081980,0.406432,-0.010421,-0.416854,0.363425,-0.143365,0.003676,0.147042,-0.011450,0.129662,-0.003325,-0.132987,0.055175,0.000416,-0.000011,-0.000427,0.366191,-0.440583,0.011297,0.451880,0.637432,-0.950204,0.024364,0.974568,-1.376834,0.000000,0.000000,0.000000,3.375472,7.050482,1.453575,-4.194560,-5.897525,0.694357,0.000000,0.000000,0.000000,0.000000,0.000000,0.000000,387.217270,300.697508,1
9.598000,2.375835,-0.150046,0.230367,-0.077056,0.001976,0.079032,-0.374199,0.027810,-0.000713,-0.028523,1.561991,-1.265533,0.032450,1.297982,-2.111154,-1.767742,0.045327,1.813069,0.432485,-0.014935,0.000383,0.015318,-0.083248,3.290248,-0.084365,-3.374613,-1.099175,1.402284,-0.035956,-1.438240,0.007134,0.559431,-0.014344,-0.573775,-0.167066,0.444823,-0.011406,-0.456228,-0.016118,0.238261,-0.006109,-0.244370,0.449826,-0.402115,0.010311,0.412425,0.617150,-1.085587,0.027836,1.113422,-1.679441,0.000000,0.000000,0.000000,3.754391,7.443876,1.814344,-4.525611,-7.011700,0.683150,0.000000,0.000000,0.000000,0.000000,0.000000,0.000000,387.313839,300.697962,1
9.602000,2.387020,-0.149482,0.232234,-0.268625,0.006888,0.275513,-0.173756,-0.181391,0.004651,0.186042,1.524093,-0.880367,0.022574,0.902940,-1.875042,-0.633044,0.016232,0.649276,0.015568,-0.011194,0.000287,0.011481,-0.031421,0.864053,-0.022155,-0.886208,-0.163800,0.799279,-0.020494,-0.819773,0.108037,0.228033,-0.005847,-0.233880,-0.076657,0.212066,-0.005438,-0.217504,0.023967,0.031800,-0.000815,-0.032615,0.647957,-0.449711,0.011531,0.461243,0.606356,-0.970622,0.024888,0.995510,-1.363932,0.000000,0.000000,0.000000,3.416720,6.910267,1.709762,-4.236009,-6.246958,0.552408,0.000000,0.000000,0.000000,0.000000,0.000000,0.000000,387.329641,300.688052,1
9.612000,2.388067,-0.149467,0.229234,-0.268625,0.006888,0.275513,-0.192168,-0.181391,0.004651,0.186042,1.597947,-0.880367,0.022574,0.902940,-2.061374,-0.633044,0.016232,0.649276,0.010114,-0.011194,0.000287,0.011481,-0.035881,0.864053,-0.022155,-0.886208,-0.230230,0.799279,-0.020494,-0.819773,0.030867,0.228033,-0.005847,-0.233880,-0.110669,0.212066,-0.005438,-0.217504,0.008924,0.031800,-0.000815,-0.032615,0.712115,-0.449711,0.011531,0.461243,0.598785,-0.970622,0.024888,0.995510,-1.555928,0.000000,0.000000,0.000000,3.556550,7.120290,1.740019,-4.340099,-6.495187,0.650483,0.000000,0.000000,0.000000,0.000000,0.000000,0.000000,387.372881,300.661011,1
9.616000,2.394819,-0.154698,0.232958,0.069849,-0.001791,-0.071640,-0.430804,-0.231115,0.005926,0.237041,1.634599,-0.688195,0.017646,0.705841,-2.105667,-0.610280,0.015648,0.625929,0.044395,-0.016980,0.000435,0.017416,-0.032718,1.121256,-0.028750,-1.150006,-0.339880,0.074650,-0.001914,-0.076564,0.383491,-0.379509,0.009731,0.389240,0.044258,-0.040224,0.001031,0.041256,0.101688,0.297789,-0.007636,-0.305425,0.326595,-0.408290,0.010469,0.418759,0.620007,-0.814174,0.020876,0.835050,-1.357263,0.000000,0.000000,0.000000,3.453768,6.859045,1.648963,-4.206972,-6.316055,0.556307,0.000000,0.000000,0.000000,0.000000,0.000000,0.000000,387.388350,300.654486,1
9.626000,2.397161,-0.155118,0.231073,0.035479,-0.000910,-0.036389,-0.388529,-0.232840,0.005970,0.238810,1.718218,-0.686098,0.017592,0.703691,-2.201800,-0.576452,0.014781,0.591233,0.009443,-0.016995,0.000436,0.017431,-0.039914,0.983344,-0.025214,-1.008558,-0.330081,0.081209,-0.002082,-0.083291,0.375321,-0.353519,0.009065,0.362584,0.007229,-0.032913,0.000844,0.033756,0.055408,0.265439,-0.006806,-0.272245,0.460458,-0.407055,0.010437,0.417492,0.620931,-0.821681,0.021069,0.842749,-1.509832,0.000000,0.000000,0.000000,3.601927,7.067346,1.666295,-4.275423,-6.427822,0.677137,0.000000,0.000000,0.000000,0.000000,0.000000,0.000000,387.428408,300.634961,1
9.630000,2.403663,-0.151929,0.229403,0.056074,-0.001438,-0.057511,-0.306610,0.584448,-0.014986,-0.599434,1.420089,-1.522678,0.039043,1.561721,-2.047241,-0.411053,0.010540,0.421593,-0.238195,-0.007902,0.000203,0.008105,-0.042239,2.609864,-0.066920,-2.676783,-0.639139,-0.031059,0.000796,0.031855,1.057217,-0.119770,0.003071,0.122841,0.040295,-0.061315,0.001572,0.062887,0.218398,-0.084436,0.002165,0.086601,0.574015,0.777722,-0.019942,-0.797663,0.098106,-1.923345,0.049317,1.972662,-0.958433,0.000000,0.000000,0.000000,3.498741,7.145175,1.561152,-4.418653,-6.700995,0.915216,0.000000,0.000000,0.000000,0.000000,0.000000,0.000000,387.460203,300.617811,1
9.640000,2.404748,-0.151575,0.226495,0.056074,-0.001438,-0.057511,-0.300388,0.584448,-0.014986,-0.599434,1.458952,-1.522678,0.039043,1.561721,-2.140190,-0.411053,0.010540,0.421593,-0.154049,-0.007902,0.000203,0.008105,-0.055570,2.609864,-0.066920,-2.676783,-0.924841,-0.031059,0.000796,0.031855,0.958517,-0.119770,0.003071,0.122841,0.008451,-0.061315,0.001572,0.062887,0.131366,-0.084436,0.002165,0.086601,0.671099,0.777722,-0.019942,-0.797663,0.070130,-1.923345,0.049317,1.972662,-1.098801,-0.008120,-0.031764,-0.024370,3.641341,7.428358,1.607111,-4.481155,-6.799588,0.971621,0.000000,0.000000,0.000000,0.000000,0.000000,0.000000,387.551169,300.578661,1
9.644000,2.404727,-0.162024,0.233717,-0.414642,0.010632,0.425274,0.032998,0.858654,-0.022017,-0.880670,1.124166,-2.013153,0.051619,2.064772,-1.647648,-0.482551,0.012373,0.494924,-0.300875,0.075397,-0.001933,-0.077331,-0.048481,1.041565,-0.026707,-1.068272,-0.307698,-0.480461,0.012320,0.492781,1.116938,-0.074325,0.001906,0.076231,-0.019734,-0.053929,0.001383,0.055312,0.424381,-0.789908,0.020254,0.810162,1.025405,1.344619,-0.034477,-1.379097,-0.282791,-2.717413,0.069677,2.787090,-0.468271,0.000000,0.000000,0.000000,3.124280,6.328525,1.719244,-3.906137,-6.582773,0.645238,0.000000,0.000000,0.000000,0.000000,0.000000,0.000000,387.583124,300.563835,1
9.654000,2.405345,-0.162421,0.231339,-0.414642,0.010632,0.425274,0.083835,0.858654,-0.022017,-0.880670,1.167278,-2.013153,0.051619,2.064772,-1.731019,-0.482551,0.012373,0.494924,-0.157466,0.075397,-0.001933,-0.077331,-0.062729,1.041565,-0.026707,-1.068272,-0.331119,-0.480461,0.012320,0.492781,1.121787,-0.074325,0.001906,0.076231,-0.034005,-0.053929,0.001383,0.055312,0.228704,-0.789908,0.020254,0.810162,1.168294,1.344619,-0.034477,-1.379097,-0.278801,-2.717413,0.069677,2.787090,-0.641916,0.000000,0.000000,0.000000,3.320373,6.750306,1.855472,-3.979277,-6.775029,0.700163,-0.002053,0.011753,-0.004816,0.000000,0.000000,0.000000,387.670748,300.522024,1
9.658000,2.412738,-0.150848,0.225646,-0.179156,0.004594,0.183750,-0.206501,1.149238,-0.029468,-1.178705,1.149674,-2.003012,0.051359,2.054371,-1.525755,-0.075921,0.001947,0.077867,-0.367432,0.115475,-0.002961,-0.118436,-0.140218,1.348747,-0.034583,-1.383331,-0.627783,-0.125998,0.003231,0.129228,0.999903,-0.056227,0.001442,0.057669,-0.036661,0.008179,-0.000210,-0.008388,0.188465,-0.628937,0.016127,0.645064,1.087493,1.730163,-0.044363,-1.774527,-0.504189,-2.771289,0.071059,2.842348,-0.508470,0.453875,-2.237455,-0.838709,3.213601,6.858996,1.508292,-4.221477,-5.915390,0.851453,-0.000330,0.018390,-0.009904,0.000000,0.000000,0.000000,387.705211,300.508446,1
9.668000,2.413705,-0.150311,0.223045,-0.179156,0.004594,0.183750,-0.213750,1.149238,-0.029468,-1.178705,1.220518,-2.003012,0.051359,2.054371,-1.574747,-0.075921,0.001947,0.077867,-0.363329,0.115475,-0.002961,-0.118436,-0.192076,1.348747,-0.034583,-1.383331,-0.987297,-0.125998,0.003231,0.129228,0.902649,-0.056227,0.001442,0.057669,-0.026240,0.008179,-0.000210,-0.008388,0.105124,-0.628937,0.016127,0.645064,1.151019,1.730163,-0.044363,-1.774527,-0.438768,-2.771289,0.071059,2.842348,-0.705111,2.331792,-5.784572,-0.886506,3.297606,7.400876,1.733198,-4.399831,-5.805671,0.703611,0.002116,0.080256,-0.045636,0.000000,0.000000,0.000000,387.802952,300.471229,1
9.676000,2.426607,-0.146306,0.230080,-0.257361,0.006599,0.263960,-0.027452,1.211239,-0.031057,-1.242296,0.843478,-2.124088,0.054464,2.178552,-1.298330,0.196188,-0.005030,-0.201218,-0.419941,0.600792,-0.015405,-0.616197,-0.441259,-0.370569,0.009502,0.380070,0.001802,-0.607846,0.015586,0.623432,1.075804,-0.056890,0.001459,0.058349,-0.032512,-0.096880,0.002484,0.099365,0.154772,-0.940931,0.024126,0.965058,1.133425,2.344173,-0.060107,-2.404280,-0.679047,-3.657578,0.093784,3.751362,-0.060117,3.412268,-7.631243,-0.227742,3.362415,7.519344,1.277063,-4.546363,-5.387340,0.542609,0.000000,0.000000,0.000000,0.000000,0.000000,0.000000,387.865996,300.468498,1
9.686000,2.427865,-0.145543,0.228268,-0.257361,0.006599,0.263960,-0.164908,1.211239,-0.031057,-1.242296,0.916030,-2.124088,0.054464,2.178552,-1.334271,0.196188,-0.005030,-0.201218,-0.353675,0.600792,-0.015405,-0.616197,0.079211,-0.370569,0.009502,0.380070,-1.587900,-0.607846,0.015586,0.623432,0.991426,-0.056890,0.001459,0.058349,-0.011841,-0.096880,0.002484,0.099365,0.098927,-0.940931,0.024126,0.965058,1.025126,2.344173,-0.060107,-2.404280,-0.589761,-3.657578,0.093784,3.751362,-0.239325,2.561394,-8.010292,-1.278019,3.226604,7.925298,1.550932,-4.688197,-5.044557,0.275812,0.000000,0.000000,0.000000,0.000000,0.000000,0.000000,387.953451,300.443171,1
9.692000,2.426494,-0.151790,0.227393,-0.016579,0.000425,0.017005,-0.498140,1.274753,-0.032686,-1.307439,0.514144,-2.300863,0.058996,2.359859,0.294750,0.196583,-0.005041,-0.201623,-0.693121,1.646119,-0.042208,-1.688327,0.048508,-2.469375,0.063317,2.532692,-0.691374,-0.964406,0.024728,0.989134,0.705201,-0.050432,0.001293,0.051725,0.452376,-0.138159,0.003543,0.141701,-0.089984,-0.876204,0.022467,0.898671,0.784271,2.695406,-0.069113,-2.764519,-0.430693,-4.148370,0.106368,4.254739,0.241267,1.762993,-5.677037,-1.127769,2.765595,6.822936,1.710383,-2.895912,-3.284235,0.103994,-1.781610,4.476349,-1.253880,0.000000,0.000000,0.000000,387.995478,300.454882,1
9.702000,2.426523,-0.152130,0.226954,-0.016579,0.000425,0.017005,-0.404536,1.274753,-0.032686,-1.307439,0.497301,-2.300863,0.058996,2.359859,-0.002250,0.196583,-0.005041,-0.201623,-0.625417,1.646119,-0.042208,-1.688327,-0.074916,-2.469375,0.063317,2.532692,-0.854776,-0.964406,0.024728,0.989134,0.729543,-0.050432,0.001293,0.051725,0.515824,-0.138159,0.003543,0.141701,-0.344248,-0.876204,0.022467,0.898671,0.846537,2.695406,-0.069113,-2.764519,-0.592139,-4.148370,0.106368,4.254739,0.153998,1.911918,-5.918313,-1.120457,2.578073,6.256332,1.541858,-2.980002,-3.724570,0.319408,-1.543589,3.978005,-1.142809,0.000000,0.000000,0.000000,388.064777,300.466660,1
9.708000,2.429067,-0.161105,0.222408,0.696217,-0.017852,-0.714069,-1.838127,-0.369153,0.009465,0.378619,0.010902,-1.842787,0.047251,1.890038,1.185428,0.765965,-0.019640,-0.785605,0.708735,2.088043,-0.053540,-2.141582,1.068160,-4.999987,0.128205,5.128192,-2.201011,-2.049372,0.052548,2.101920,0.547237,0.445895,-0.011433,-0.457328,0.720033,-3.489631,0.089478,3.579109,-1.875110,-0.555023,0.014231,0.569254,-0.182985,3.345617,-0.085785,-3.431402,1.166910,-6.740314,0.172829,6.913143,-3.200613,4.643819,-10.955318,-1.430958,1.043287,1.188971,-0.048070,0.000000,0.000000,0.000000,-4.605535,6.964709,-0.883586,0.000000,0.000000,0.000000,388.377462,300.210465,1
9.718000,2.428385,-0.161787,0.221566,0.696217,-0.017852,-0.714069,-1.318190,-0.369153,0.009465,0.378619,-0.001895,-1.842787,0.047251,1.890038,1.008289,0.765965,-0.019640,-0.785605,0.431020,2.088043,-0.053540,-2.141582,0.629031,-4.999987,0.128205,5.128192,-1.942628,-2.049372,0.052548,2.101920,0.227654,0.445895,-0.011433,-0.457328,0.175376,-3.489631,0.089478,3.579109,-1.430574,-0.555023,0.014231,0.569254,0.053090,3.345617,-0.085785,-3.431402,-0.592387,-6.740314,0.172829,6.913143,0.127355,4.693561,-9.741077,-0.779805,1.105752,1.447935,0.043849,0.000000,0.000000,0.000000,-3.957376,6.114150,-0.832761,0.000000,0.000000,0.000000,388.608640,300.104663,1
9.722000,2.445908,-0.176026,0.259316,1.999442,-0.051268,-2.050710,-1.204758,-0.362036,0.009283,0.371319,-0.054385,0.610692,-0.015659,-0.626351,-0.277286,1.436464,-0.036832,-1.473296,0.342194,2.575490,-0.066038,-2.641528,0.811966,-3.916625,0.100426,4.017051,-1.068392,-0.088685,0.002274,0.090959,-0.238866,1.680900,-0.043100,-1.724000,0.177271,-2.645851,0.067842,2.713693,-0.723487,-2.226699,0.057095,2.283794,0.236213,1.675733,-0.042968,-1.718701,-0.822899,7.549651,-0.193581,-7.743232,-4.568418,4.609959,-8.303721,-0.119274,0.000000,0.000000,0.000000,0.000000,0.000000,0.000000,-2.543172,8.670375,-1.534148,0.000000,0.000000,0.000000,388.805536,300.227546,1
9.732000,2.446503,-0.176931,0.259266,1.999442,-0.051268,-2.050710,-1.296395,-0.362036,0.009283,0.371319,-0.014416,0.610692,-0.015659,-0.626351,-0.226496,1.436464,-0.036832,-1.473296,0.163533,2.575490,-0.066038,-2.641528,0.696647,-3.916625,0.100426,4.017051,-0.966112,-0.088685,0.002274,0.090959,-0.442698,1.680900,-0.043100,-1.724000,0.079862,-2.645851,0.067842,2.713693,-0.696337,-2.226699,0.057095,2.283794,0.499163,1.675733,-0.042968,-1.718701,-0.958885,7.549651,-0.193581,-7.743232,-4.029653,4.341520,-7.842704,-0.207858,0.000000,0.000000,0.000000,0.000000,0.000000,0.000000,-2.599273,8.258996,-1.327079,0.000000,0.000000,0.000000,389.253796,300.515105,1
9.738000,2.442338,-0.166454,0.238970,2.037335,-0.052239,-2.089575,-0.417646,-0.005201,0.000133,0.005334,-0.097784,0.270586,-0.006938,-0.277524,-0.245661,0.570796,-0.014636,-0.585431,0.358427,0.371567,-0.009527,-0.381095,0.925198,-1.703931,0.043691,1.747622,-0.816635,0.337832,-0.008662,-0.346494,-0.146072,-0.131599,0.003374,0.134974,0.519999,-1.273985,0.032666,1.306651,-0.827918,-0.142203,0.003646,0.145849,-0.266049,1.557430,-0.039934,-1.597364,-0.367898,0.731525,-0.018757,-0.750282,-0.351362,3.094822,-5.296764,-0.050123,0.000000,0.000000,0.000000,0.000000,0.000000,0.000000,-2.037834,6.293180,-1.751599,0.000000,0.000000,0.000000,389.283938,300.507919,1
9.748000,2.427528,-0.158010,0.233847,-1.110594,0.028477,1.139071,3.188791,-0.004218,0.000108,0.004326,-0.244966,0.530072,-0.013592,-0.543663,-0.352466,-4.288797,0.109969,4.398767,1.603596,-2.301405,0.059010,2.360415,1.252709,-0.281300,0.007213,0.288513,-1.442017,-4.206001,0.107846,4.313847,0.802980,-2.398604,0.061503,2.460107,0.523633,-0.107814,0.002764,0.110578,-1.208534,0.279484,-0.007166,-0.286651,0.217810,-4.634164,0.118825,4.752989,1.720032,-2.195329,0.056290,2.251620,1.104594,0.619275,-5.715614,-2.121816,0.000000,0.000000,0.000000,0.000000,0.000000,0.000000,-3.972478,2.697153,0.557799,0.000000,0.000000,0.000000,389.582562,300.794279,1
9.752000,2.450329,-0.172897,0.238135,2.089825,-0.053585,-2.143410,-0.867374,0.366631,-0.009401,-0.376032,-0.281251,0.448431,-0.011498,-0.459929,-0.135045,0.124843,-0.003201,-0.128044,0.212630,0.191058,-0.004899,-0.195957,0.877262,-1.629370,0.041779,1.671149,-0.798202,-0.077767,0.001994,0.079761,-0.359427,-0.223936,0.005742,0.229678,0.373844,-1.388550,0.035604,1.424154,-0.715983,-0.572540,0.014681,0.587220,0.006870,0.876278,-0.022469,-0.898747,-0.414999,1.061714,-0.027223,-1.088937,-0.355740,2.674065,-5.180384,-0.559302,0.000000,0.000000,0.000000,0.000000,0.000000,0.000000,-2.339333,6.126338,-1.051106,0.000000,0.000000,0.000000,389.604396,300.795463,1
9.762000,2.451433,-0.173539,0.236505,2.089825,-0.053585,-2.143410,-1.068054,0.366631,-0.009401,-0.376032,-0.273775,0.448431,-0.011498,-0.459929,-0.107123,0.124843,-0.003201,-0.128044,0.198208,0.191058,-0.004899,-0.195957,0.975983,-1.629370,0.041779,1.671149,-1.042300,-0.077767,0.001994,0.079761,-0.422147,-0.223936,0.005742,0.229678,0.400276,-1.388550,0.035604,1.424154,-0.930882,-0.572540,0.014681,0.587220,0.011700,0.876278,-0.022469,-0.898747,-0.443535,1.061714,-0.027223,-1.088937,-0.356605,2.898367,-5.747123,-0.707613,0.000000,0.000000,0.000000,0.000000,0.000000,0.000000,-2.494958,6.669808,-1.159324,0.000000,0.000000,0.000000,389.670847,300.795556,1
9.764000,2.456404,-0.172048,0.239595,1.308643,-0.033555,-1.342198,-0.336628,0.119935,-0.003075,-0.123011,-0.119452,0.985410,-0.025267,-1.010677,-0.223695,0.173153,-0.004440,-0.177593,0.150434,0.062589,-0.001605,-0.064194,0.917474,-1.445287,0.037059,1.482346,-0.704521,-0.036231,0.000929,0.037160,-0.451784,-0.337998,0.008667,0.346664,0.476741,-1.240362,0.031804,1.272166,-0.812597,-0.731779,0.018764,0.750543,0.013838,0.677290,-0.017366,-0.694656,-0.330652,1.962632,-0.050324,-2.012956,-0.720913,2.798430,-5.049737,-0.510986,0.000000,0.000000,0.000000,0.000000,0.000000,0.000000,-2.446662,6.243853,-1.225027,0.000000,0.000000,0.000000,389.680307,300.796294,1
9.774000,2.457469,-0.172538,0.237806,1.308643,-0.033555,-1.342198,-0.447738,0.119935,-0.003075,-0.123011,-0.115967,0.985410,-0.025267,-1.010677,-0.301355,0.173153,-0.004440,-0.177593,0.169551,0.062589,-0.001605,-0.064194,1.033637,-1.445287,0.037059,1.482346,-1.008887,-0.036231,0.000929,0.037160,-0.486653,-0.337998,0.008667,0.346664,0.485214,-1.240362,0.031804,1.272166,-1.050851,-0.731779,0.018764,0.750543,0.014132,0.677290,-0.017366,-0.694656,-0.348745,1.962632,-0.050324,-2.012956,-0.777247,3.056397,-5.698712,-0.684126,0.000000,0.000000,0.000000,0.000000,0.000000,0.000000,-2.593039,6.710676,-1.323862,0.000000,0.000000,0.000000,389.738830,300.795879,1
9.778000,2.461794,-0.175927,0.240856,1.188850,-0.030483,-1.219334,-0.625729,0.036836,-0.000945,-0.037780,-0.088428,2.126520,-0.054526,-2.181046,-0.970225,0.003040,-0.000078,-0.003118,0.303414,-0.090244,0.002314,0.092558,1.067640,-1.197290,0.030700,1.227989,-0.974244,-0.168311,0.004316,0.172627,-0.288471,-0.356383,0.009138,0.365521,0.484305,-1.187313,0.030444,1.217757,-0.691366,-0.288634,0.007401,0.296034,-0.019537,0.225808,-0.005790,-0.231598,-0.128871,0.688306,-0.017649,-0.705955,-0.193707,2.813953,-5.318471,-0.486662,0.000000,0.000000,0.000000,0.000000,0.000000,0.000000,-2.373046,6.488204,-1.186038,0.000000,0.000000,0.000000,389.760509,300.800799,1
9.788000,2.463172,-0.176511,0.238928,1.188850,-0.030483,-1.219334,-0.621352,0.036836,-0.000945,-0.037780,-0.084602,2.126520,-0.054526,-2.181046,-0.961810,0.003040,-0.000078,-0.003118,0.328742,-0.090244,0.002314,0.092558,1.200781,-1.197290,0.030700,1.227989,-1.280310,-0.168311,0.004316,0.172627,-0.316251,-0.356383,0.009138,0.365521,0.537743,-1.187313,0.030444,1.217757,-0.960505,-0.288634,0.007401,0.296034,-0.039774,0.225808,-0.005790,-0.231598,-0.136427,0.688306,-0.017649,-0.705955,-0.183945,3.029617,-5.903903,-0.647835,0.000000,0.000000,0.000000,0.000000,0.000000,0.000000,-2.534268,7.039674,-1.294127,0.000000,0.000000,0.000000,389.821879,300.805984,1
9.792000,2.473987,-0.169167,0.246396,0.227330,-0.005829,-0.233159,0.154644,-0.008986,0.000230,0.009217,-0.041203,2.187662,-0.056094,-2.243756,-0.976307,0.045882,-0.001176,-0.047058,0.048129,-0.233399,0.005985,0.239384,0.974793,-0.887264,0.022750,0.910015,-0.756819,-0.132834,0.003406,0.136240,-0.437181,-0.294081,0.007541,0.301621,0.501703,-1.219543,0.031270,1.250813,-0.500849,-0.443192,0.011364,0.454556,-0.002726,-0.209090,0.005361,0.214451,0.006075,0.155253,-0.003981,-0.159234,-0.007311,2.395962,-5.138342,-0.041291,0.000000,0.000000,0.000000,0.000000,0.000000,0.000000,-2.233283,5.771917,-1.384394,0.000000,0.000000,0.000000,389.837848,300.810636,1
9.802000,2.475172,-0.168757,0.244756,0.227330,-0.005829,-0.233159,0.113995,-0.008986,0.000230,0.009217,-0.039552,2.187662,-0.056094,-2.243756,-0.974916,0.045882,-0.001176,-0.047058,0.060978,-0.233399,0.005985,0.239384,1.128565,-0.887264,0.022750,0.910015,-1.163617,-0.132834,0.003406,0.136240,-0.457042,-0.294081,0.007541,0.301621,0.519413,-1.219543,0.031270,1.250813,-0.747799,-0.443192,0.011364,0.454556,-0.005924,-0.209090,0.005361,0.214451,0.002921,0.155253,-0.003981,-0.159234,-0.003679,2.668891,-5.971306,-0.148342,0.000000,0.000000,0.000000,0.000000,0.000000,0.000000,-2.408789,6.367344,-1.568531,0.000000,0.000000,0.000000,389.884894,300.815901,1
9.806000,2.478236,-0.182726,0.234067,0.777749,-0.019942,-0.797692,-0.092006,-0.006913,0.000177,0.007090,-0.048071,2.160115,-0.055388,-2.215502,-0.785724,0.095908,-0.002459,-0.098367,0.588882,0.109602,-0.002810,-0.112412,1.342936,-0.704399,0.018062,0.722461,-1.473583,-0.072961,0.001871,0.074831,-0.277615,0.007649,-0.000196,-0.007846,0.408030,-0.893319,0.022906,0.916225,-1.009474,-0.461282,0.011828,0.473110,-0.081315,-0.028981,0.000743,0.029724,-0.019710,0.863719,-0.022147,-0.885866,-0.153391,3.269955,-5.618934,-0.594732,0.000000,0.000000,0.000000,0.000000,0.000000,0.000000,-2.292583,6.944695,-1.321938,0.000000,0.000000,0.000000,389.901741,300.814654,1
9.816000,2.479582,-0.183669,0.231377,0.777749,-0.019942,-0.797692,-0.135351,-0.006913,0.000177,0.007090,-0.043678,2.160115,-0.055388,-2.215502,-0.887872,0.095908,-0.002459,-0.098367,0.576707,0.109602,-0.002810,-0.112412,1.442843,-0.704399,0.018062,0.722461,-1.717662,-0.072961,0.001871,0.074831,-0.360327,0.007649,-0.000196,-0.007846,0.432100,-0.893319,0.022906,0.916225,-1.262115,-0.461282,0.011828,0.473110,-0.087250,-0.028981,0.000743,0.029724,-0.021277,0.863719,-0.022147,-0.885866,-0.204410,3.392930,-6.008011,-0.765517,0.000000,0.000000,0.000000,0.000000,0.000000,0.000000,-2.433467,7.386791,-1.379588,0.000000,0.000000,0.000000,389.951191,300.810327,1
9.820000,2.480953,-0.169077,0.238337,1.428476,-0.036628,-1.465104,-0.143470,-0.005504,0.000141,0.005645,-0.038589,2.729677,-0.069992,-2.799668,-0.233764,0.010911,-0.000280,-0.011191,0.261084,0.196827,-0.005047,-0.201874,1.361858,-0.974308,0.024982,0.999290,-1.497485,-0.226829,0.005816,0.232645,-0.398694,-0.237802,0.006097,0.243899,0.584089,-0.622441,0.015960,0.638401,-1.157276,-0.906038,0.023232,0.929270,-0.199196,0.008105,-0.000208,-0.008313,-0.012879,2.306010,-0.059128,-2.365139,0.002705,3.175083,-6.397758,-0.634655,0.000000,0.000000,0.000000,0.000000,0.000000,0.000000,-2.527178,6.794015,-1.569884,0.000000,0.000000,0.000000,389.966410,300.803165,1
9.830000,2.501926,-0.189735,0.242176,0.227534,-0.005834,-0.233369,0.020373,-0.009107,0.000234,0.009340,-0.043781,1.520763,-0.038994,-1.559757,-0.658304,0.142668,-0.003658,-0.146326,0.164262,-0.198053,0.005078,0.203132,1.334247,-0.523212,0.013416,0.536627,-1.545389,-0.010951,0.000281,0.011232,-0.131088,-0.117185,0.003005,0.120189,0.632158,-1.053767,0.027020,1.080787,-0.838538,0.074414,-0.001908,-0.076322,-0.474786,-0.033369,0.000856,0.034224,-0.038942,-1.463018,0.037513,1.500531,0.676078,3.344095,-5.522767,-0.643898,0.000000,0.000000,0.000000,0.000000,0.000000,0.000000,-2.685805,7.135593,-1.197891,0.000000,0.000000,0.000000,390.008331,300.809735,1
9.834000,2.491697,-0.183942,0.235403,0.756026,-0.019385,-0.775411,-0.176352,-0.007180,0.000184,0.007365,-0.039302,1.895740,-0.048609,-1.944349,-0.737827,-0.032736,0.000839,0.033575,0.444338,0.226001,-0.005795,-0.231796,1.416393,-0.452628,0.011606,0.464234,-1.679482,-0.164368,0.004215,0.168583,-0.499692,0.159749,-0.004096,-0.163845,0.368254,-0.609339,0.015624,0.624963,-1.223981,-0.094322,0.002419,0.096740,-0.222317,-0.045087,0.001156,0.046243,-0.032767,-0.058366,0.001497,0.059863,0.268859,3.193419,-5.747410,-0.856635,0.000000,0.000000,0.000000,0.183925,-0.547434,0.459213,-2.449605,7.043802,-1.083599,0.000000,0.000000,0.000000,390.022904,300.807981,1
9.844000,2.493025,-0.184973,0.232445,0.756026,-0.019385,-0.775411,-0.056388,-0.007180,0.000184,0.007365,-0.042242,1.895740,-0.048609,-1.944349,-0.910069,-0.032736,0.000839,0.033575,0.472810,0.226001,-0.005795,-0.231796,1.513240,-0.452628,0.011606,0.464234,-1.895598,-0.164368,0.004215,0.168583,-0.534715,0.159749,-0.004096,-0.163845,0.379663,-0.609339,0.015624,0.624963,-1.433095,-0.094322,0.002419,0.096740,-0.276736,-0.045087,0.001156,0.046243,-0.032796,-0.058366,0.001497,0.059863,0.150418,3.344357,-5.817476,-0.841899,0.000000,0.000000,0.000000,-0.739707,-3.961786,1.720219,-2.555780,7.480256,-1.151388,0.000000,0.000000,0.000000,390.064358,300.803288,1
9.848000,2.492920,-0.174543,0.231635,0.418921,-0.010742,-0.429662,0.004637,-0.008484,0.000218,0.008701,-0.031850,2.434336,-0.062419,-2.496755,-1.010563,0.073358,-0.001881,-0.075239,0.071139,0.087887,-0.002254,-0.090141,1.475620,-0.065286,0.001674,0.066960,-2.267708,-0.049041,0.001257,0.050298,-0.582197,0.361304,-0.009264,-0.370568,0.301552,-0.842337,0.021598,0.863935,-1.171177,0.316971,-0.008127,-0.325099,-0.588767,-0.090195,0.002313,0.092508,-0.038412,-0.304916,0.007818,0.312734,0.301706,3.219109,-6.383646,-0.537136,0.000000,0.000000,0.000000,0.000000,0.000000,0.000000,-2.768891,6.860074,-1.600245,0.000000,0.000000,0.000000,390.081389,300.808728,1
9.858000,2.493827,-0.174536,0.228512,0.418921,-0.010742,-0.429662,0.007566,-0.008484,0.000218,0.008701,-0.037255,2.434336,-0.062419,-2.496755,-1.050962,0.073358,-0.001881,-0.075239,0.090078,0.087887,-0.002254,-0.090141,1.558991,-0.065286,0.001674,0.066960,-2.476950,-0.049041,0.001257,0.050298,-0.640433,0.361304,-0.009264,-0.370568,0.284677,-0.842337,0.021598,0.863935,-1.351494,0.316971,-0.008127,-0.325099,-0.653012,-0.090195,0.002313,0.092508,-0.029518,-0.304916,0.007818,0.312734,0.214398,3.323497,-6.654028,-0.605909,0.000000,0.000000,0.000000,0.000000,0.000000,0.000000,-2.883367,7.112237,-1.657128,0.000000,0.000000,0.000000,390.126670,300.821514,1
9.862000,2.498109,-0.178145,0.231513,0.947810,-0.024303,-0.972113,-0.059729,-0.008415,0.000216,0.008630,-0.064120,3.119685,-0.079992,-3.199677,-1.112741,0.216705,-0.005557,-0.222261,0.211703,0.253063,-0.006489,-0.259551,1.590966,-0.626217,0.016057,0.642273,-2.300606,0.020412,-0.000523,-0.020935,-0.557410,0.213494,-0.005474,-0.218968,0.393968,-0.973337,0.024957,0.998294,-1.382343,-0.719127,0.018439,0.737567,-0.241002,-0.266254,0.006827,0.273081,-0.016026,0.082793,-0.002123,-0.084916,0.091626,3.596841,-6.989004,-0.729350,0.000000,0.000000,0.000000,0.000000,0.000000,0.000000,-2.732207,7.630210,-1.655607,0.000000,0.000000,0.000000,390.155568,300.821657,1
9.872000,2.498939,-0.177293,0.229215,0.943441,-0.024191,-0.967632,-0.101549,-0.008291,0.000213,0.008504,-0.050663,3.253991,-0.083436,-3.337427,-1.375499,0.176325,-0.004521,-0.180846,0.194677,0.194800,-0.004995,-0.199795,1.652692,-0.606698,0.015556,0.622254,-2.442748,-0.008776,0.000225,0.009001,-0.624115,0.176547,-0.004527,-0.181074,0.391629,-0.978656,0.025094,1.003749,-1.515007,-0.607663,0.015581,0.623244,-0.188409,-0.376685,0.009659,0.386344,-0.008325,0.039927,-0.001024,-0.040950,0.058869,3.595583,-7.145096,-0.762971,0.000000,0.000000,0.000000,0.000000,0.000000,0.000000,-2.862879,7.744578,-1.669814,0.000000,0.000000,0.000000,390.238518,300.832485,1
9.876000,2.520184,-0.198283,0.234519,-0.195121,0.005003,0.200124,0.213738,-0.003052,0.000078,0.003130,-0.056312,1.895032,-0.048591,-1.943622,-0.817619,-0.266403,0.006831,0.273234,0.584207,0.367760,-0.009430,-0.377190,1.429581,-1.150241,0.029493,1.179734,-1.959289,-0.080810,0.002072,0.082882,-0.176457,0.761018,-0.019513,-0.780532,0.261816,-1.869756,0.047942,1.917698,-0.988120,0.959080,-0.024592,-0.983672,-1.180976,-0.198007,0.005077,0.203085,-0.028183,-0.381403,0.009780,0.391182,0.288397,3.579967,-6.559248,-1.583014,0.000000,0.000000,0.000000,0.000000,0.000000,0.000000,-2.652825,8.084709,-1.018866,0.000000,0.000000,0.000000,390.270664,300.824867,1
9.886000,2.522058,-0.200004,0.231459,-0.195121,0.005003,0.200124,0.279134,-0.003052,0.000078,0.003130,-0.064129,1.895032,-0.048591,-1.943622,-0.823536,-0.266403,0.006831,0.273234,0.620541,0.367760,-0.009430,-0.377190,1.477154,-1.150241,0.029493,1.179734,-2.037828,-0.080810,0.002072,0.082882,-0.247554,0.761018,-0.019513,-0.780532,0.229011,-1.869756,0.047942,1.917698,-1.106848,0.959080,-0.024592,-0.983672,-1.306280,-0.198007,0.005077,0.203085,-0.021520,-0.381403,0.009780,0.391182,0.235454,3.623244,-6.576998,-1.657155,0.000000,0.000000,0.000000,0.052416,-0.290884,0.206728,-2.725798,8.297642,-0.973156,0.000000,0.000000,0.000000,390.355572,300.804022,1
9.892000,2.512983,-0.181303,0.227083,0.506684,-0.012992,-0.519676,0.178251,-0.014315,0.000367,0.014682,-0.068309,5.183913,-0.132921,-5.316834,-1.120926,0.172780,-0.004430,-0.177210,0.210420,1.064925,-0.027306,-1.092231,1.283220,-2.454512,0.062936,2.517449,-1.808855,0.306102,-0.007849,-0.313951,-0.893231,0.872388,-0.022369,-0.894757,-0.164191,-2.302898,0.059049,2.361947,-0.857494,-1.269320,0.032547,1.301866,-0.868433,-0.160315,0.004111,0.164425,0.099589,0.257427,-0.006601,-0.264028,0.228489,3.660714,-7.554600,-1.094064,0.000000,0.000000,0.000000,-0.001838,-0.003338,0.000708,-2.724981,7.062846,-1.299487,0.000000,0.000000,0.000000,390.449808,300.786628,1
9.902000,2.507728,-0.176154,0.223264,0.403427,-0.010344,-0.413771,0.147124,-0.008385,0.000215,0.008600,-0.035758,2.410372,-0.061804,-2.472176,-0.986510,-0.010067,0.000258,0.010326,0.181308,0.567462,-0.014550,-0.582012,1.317640,-2.008349,0.051496,2.059845,-1.763832,0.344185,-0.008825,-0.353010,-1.124063,0.758483,-0.019448,-0.777931,-0.248468,-2.211089,0.056695,2.267783,-0.961257,0.989294,-0.025367,-1.014661,-1.205895,-1.278058,0.032771,1.310829,0.344118,-0.332981,0.008538,0.341519,0.230973,2.966646,-7.032746,-0.935899,0.841344,0.447840,-0.073314,0.000000,0.000000,0.000000,-2.810152,6.620295,-1.378193,0.000000,0.000000,0.000000,390.564063,300.768059,1
9.906000,2.524071,-0.187282,0.230875,-0.675056,0.017309,0.692365,0.797593,0.020224,-0.000519,-0.020743,-0.066397,1.840229,-0.047185,-1.887414,-0.492149,0.275328,-0.007060,-0.282387,0.286167,1.175161,-0.030132,-1.205293,1.006411,-2.412263,0.061853,2.474116,-1.363434,0.743082,-0.019053,-0.762136,-0.941243,1.719813,-0.044098,-1.763911,-0.572399,-3.219390,0.082548,3.301938,-0.220942,-0.009716,0.000249,0.009965,-0.989880,-0.121575,0.003117,0.124692,0.092416,0.028712,-0.000736,-0.029448,0.302016,3.596867,-6.538819,-0.981745,0.000000,0.000000,0.000000,-0.766220,-0.893137,-0.108800,-2.345767,6.997926,-1.158542,0.000000,0.000000,0.000000,390.598609,300.759281,1
9.916000,2.525242,-0.188217,0.228586,-0.675056,0.017309,0.692365,0.730727,0.020224,-0.000519,-0.020743,-0.117005,1.840229,-0.047185,-1.887414,-0.803771,0.275328,-0.007060,-0.282387,0.318734,1.175161,-0.030132,-1.205293,1.071917,-2.412263,0.061853,2.474116,-1.422543,0.743082,-0.019053,-0.762136,-0.988748,1.719813,-0.044098,-1.763911,-0.510134,-3.219390,0.082548,3.301938,-0.441826,-0.009716,0.000249,0.009965,-0.866095,-0.121575,0.003117,0.124692,0.022543,0.028712,-0.000736,-0.029448,0.157076,3.882507,-6.551934,-0.834552,0.000000,0.000000,0.000000,-3.230921,-4.425434,-0.167903,-2.365015,7.584306,-1.356944,0.000000,0.000000,0.000000,390.699162,300.732361,1
9.924000,2.531101,-0.181517,0.224974,-0.534849,0.013714,0.548563,0.708742,0.205640,-0.005273,-0.210913,0.158445,1.606211,-0.041185,-1.647396,-1.822842,0.135559,-0.003476,-0.139035,0.391200,1.453004,-0.037257,-1.490260,1.141117,-2.401041,0.061565,2.462606,-1.246557,0.702909,-0.018023,-0.720932,-1.051486,2.110943,-0.054127,-2.165070,-0.499833,-3.273471,0.083935,3.357407,-0.465866,0.077538,-0.001988,-0.079526,-0.736848,-0.099832,0.002560,0.102392,0.013578,0.039327,-0.001008,-0.040335,0.086740,3.887439,-6.047595,-0.338457,0.026548,0.121550,0.058407,-2.662665,-4.893279,0.698792,-2.235797,7.330212,-1.650261,0.000000,0.000000,0.000000,390.792903,300.723290,1
9.934000,2.531964,-0.182010,0.222920,-0.534849,0.013714,0.548563,0.863306,0.205640,-0.005273,-0.210913,0.371655,1.606211,-0.041185,-1.647396,-2.445917,0.135559,-0.003476,-0.139035,0.515681,1.453004,-0.037257,-1.490260,1.186441,-2.401041,0.061565,2.462606,-1.256830,0.702909,-0.018023,-0.720932,-0.987024,2.110943,-0.054127,-2.165070,-0.512910,-3.273471,0.083935,3.357407,-0.495824,0.077538,-0.001988,-0.079526,-0.646259,-0.099832,0.002560,0.102392,0.004597,0.039327,-0.001008,-0.040335,0.049391,3.805964,-5.851828,-0.317682,0.062295,0.264786,0.126210,-2.438655,-4.931813,0.943784,-2.195897,7.494922,-1.751275,0.000000,0.000000,0.000000,390.923472,300.720260,1
9.940000,2.514777,-0.177941,0.217663,-0.345159,0.008850,0.354010,0.750944,1.723156,-0.044183,-1.767340,-0.317975,-1.491440,0.038242,1.529682,-1.753197,0.041077,-0.001053,-0.042130,0.532686,1.601638,-0.041068,-1.642706,0.259392,-2.389337,0.061265,2.450603,-0.502828,0.835098,-0.021413,-0.856511,-0.927018,2.801423,-0.071831,-2.873254,-1.286749,-3.938846,0.100996,4.039843,0.259652,0.765297,-0.019623,-0.784920,-0.790335,-0.076440,0.001960,0.078400,0.113566,-0.080509,0.002064,0.082573,-0.409088,2.628538,-3.897272,0.199147,1.317024,2.486424,0.820852,-2.999607,-6.458175,1.456507,-1.809689,5.768619,-1.498780,0.000000,0.000000,0.000000,390.991833,300.735865,1
9.950000,2.514149,-0.177953,0.216720,-0.345159,0.008850,0.354010,0.794840,1.723156,-0.044183,-1.767340,-0.324621,-1.491440,0.038242,1.529682,-1.834653,0.041077,-0.001053,-0.042130,0.539910,1.601638,-0.041068,-1.642706,0.190373,-2.389337,0.061265,2.450603,-0.393759,0.835098,-0.021413,-0.856511,-0.877431,2.801423,-0.071831,-2.873254,-1.223334,-3.938846,0.100996,4.039843,0.130327,0.765297,-0.019623,-0.784920,-0.761959,-0.076440,0.001960,0.078400,0.133393,-0.080509,0.002064,0.082573,-0.509118,2.752705,-4.193938,0.147652,1.433529,2.597762,0.832978,-2.817423,-6.156014,1.419467,-1.789006,5.929460,-1.605488,0.000000,0.000000,0.000000,391.095888,300.756942,1
9.956000,2.540333,-0.170610,0.227576,-0.658710,0.016890,0.675600,1.087026,1.830291,-0.046931,-1.877221,0.052614,-2.544518,0.065244,2.609762,-0.880122,-0.436656,0.011196,0.447853,0.823111,1.572950,-0.040332,-1.613282,0.731179,-2.829640,0.072555,2.902195,0.261450,0.389598,-0.009990,-0.399588,-0.748331,2.544311,-0.065239,-2.609550,-0.892845,-3.915177,0.100389,4.015566,0.856210,0.994911,-0.025511,-1.020422,-0.787117,-0.041249,0.001058,0.042307,0.164949,-0.060207,0.001544,0.061751,0.024973,2.676200,-3.682997,0.066564,0.715514,0.869938,0.130759,-2.525025,-4.675630,1.110301,-1.638500,5.528997,-1.433160,0.000000,0.000000,0.000000,391.169784,300.787934,1
9.966000,2.540712,-0.169793,0.227165,-0.658710,0.016890,0.675600,1.130553,1.830291,-0.046931,-1.877221,-0.012839,-2.544518,0.065244,2.609762,-0.784191,-0.436656,0.011196,0.447853,0.842565,1.572950,-0.040332,-1.613282,0.822394,-2.829640,0.072555,2.902195,0.103364,0.389598,-0.009990,-0.399588,-0.713396,2.544311,-0.065239,-2.609550,-0.798267,-3.915177,0.100389,4.015566,0.638917,0.994911,-0.025511,-1.020422,-0.793092,-0.041249,0.001058,0.042307,0.122765,-0.060207,0.001544,0.061751,0.009920,2.626020,-3.936598,-0.082539,1.179083,1.429651,0.213431,-2.433208,-4.467786,1.056885,-1.686572,5.925181,-1.613490,0.000000,0.000000,0.000000,391.275658,300.826342,1
9.972000,2.542816,-0.179465,0.228821,-0.979429,0.025114,1.004542,0.377926,1.979084,-0.050746,-2.029830,0.471566,-3.367409,0.086344,3.453752,-0.726029,-0.811460,0.020807,0.832267,0.230772,1.355768,-0.034763,-1.390532,0.359218,-3.019642,0.077427,3.097068,0.150738,0.128423,-0.003293,-0.131716,-0.690461,2.617837,-0.067124,-2.684961,-0.818955,-4.350928,0.111562,4.462490,1.373270,1.650870,-0.042330,-1.693200,-0.130780,0.114196,-0.002928,-0.117124,1.124457,-0.057033,0.001462,0.058496,-1.402962,1.672372,-4.164641,-1.077533,3.800095,6.564375,1.566490,-3.791023,-5.271268,-0.247423,-0.699651,3.086604,-1.317937,0.000000,0.000000,0.000000,391.358794,300.859342,1
9.982000,2.555516,-0.173220,0.238180,-1.200633,0.030785,1.231419,0.272782,2.157430,-0.055319,-2.212749,0.282795,-3.072192,0.078774,3.150966,-0.261858,-1.028858,0.026381,1.055239,0.190860,1.957856,-0.050201,-2.008057,0.356662,-3.383199,0.086749,3.469948,0.105049,-0.136681,0.003505,0.140186,-0.201832,2.572369,-0.065958,-2.638327,-1.019113,-3.704292,0.094982,3.799274,1.624530,1.441269,-0.036956,-1.478224,-0.093824,0.189246,-0.004852,-0.194099,0.937251,-0.061203,0.001569,0.062772,-1.100663,1.991595,-4.916629,-1.209906,3.190621,5.930707,1.644145,-3.773054,-4.586199,-0.787700,-0.870873,1.400600,-0.092060,0.000000,0.000000,0.000000,391.482271,300.933892,1
9.990000,2.550415,-0.166720,0.239021,-3.135728,0.080403,3.216132,0.029642,4.151156,-0.106440,-4.257595,-0.245225,-3.346164,0.085799,3.431963,0.709609,-2.858455,0.073294,2.931749,2.371403,0.466273,-0.011956,-0.478228,-0.420298,0.719379,-0.018446,-0.737825,-0.217294,1.397487,-0.035833,-1.433320,2.892424,-2.650793,0.067969,2.718762,0.395849,9.434407,-0.241908,-9.676315,-2.876824,-0.227078,0.005823,0.232900,-0.320899,2.212034,-0.056719,-2.268753,0.880248,-1.755544,0.045014,1.800558,-0.815616,0.000000,0.000000,0.000000,2.931293,9.864968,3.475779,-6.042472,-3.556073,-2.537204,0.000000,0.000000,0.000000,0.000000,0.000000,0.000000,391.862173,301.190816,1
10.000000,2.550579,-0.166023,0.238394,-3.135728,0.080403,3.216132,0.060198,4.151156,-0.106440,-4.257595,-0.058055,-3.346164,0.085799,3.431963,0.154844,-2.858455,0.073294,2.931749,2.448903,0.466273,-0.011956,-0.478228,-0.399279,0.719379,-0.018446,-0.737825,-0.256507,1.397487,-0.035833,-1.433320,2.056572,-2.650793,0.067969,2.718762,0.653604,9.434407,-0.241908,-9.676315,-3.808866,-0.227078,0.005823,0.232900,-0.137579,2.212034,-0.056719,-2.268753,0.630350,-1.755544,0.045014,1.800558,-0.903622,0.000000,0.000000,0.000000,3.386395,9.464980,2.963938,-6.183784,-4.868615,-1.896068,0.000000,0.000000,0.000000,0.000000,0.000000,0.000000,392.394190,301.602095,1
10.006000,2.577851,-0.155197,0.261827,-0.610986,0.015666,0.626652,-1.016868,-1.730162,0.044363,1.774525,1.086958,-0.821731,0.021070,0.842801,0.158103,-5.014163,0.128568,5.142731,5.162653,-1.705909,0.043741,1.749651,0.414879,11.784877,-0.302176,-12.087053,-1.870260,1.102091,-0.028259,-1.130349,1.469246,-0.199199,0.005108,0.204306,-0.144362,2.456015,-0.062975,-2.518990,-1.607512,-0.749473,0.019217,0.768690,0.136698,-0.807668,0.020709,0.828378,-0.076477,-3.106361,0.079650,3.186012,0.823216,0.000000,0.000000,0.000000,1.464159,5.449973,1.677129,-3.074340,-2.280446,-0.990268,0.000000,0.000000,0.000000,0.000000,0.000000,0.000000,392.760862,301.940077,1
10.016000,2.580464,-0.155107,0.261498,-0.610986,0.015666,0.626652,-0.993859,-1.730162,0.044363,1.774525,1.294787,-0.821731,0.021070,0.842801,-0.197758,-5.014163,0.128568,5.142731,5.114454,-1.705909,0.043741,1.749651,0.470889,11.784877,-0.302176,-12.087053,-0.442585,1.102091,-0.028259,-1.130349,0.740694,-0.199199,0.005108,0.204306,-0.082911,2.456015,-0.062975,-2.518990,-1.295207,-0.749473,0.019217,0.768690,0.152905,-0.807668,0.020709,0.828378,0.215765,-3.106361,0.079650,3.186012,0.236360,0.000000,0.000000,0.000000,1.852478,6.711938,2.018637,-3.386032,-3.292188,-0.672281,0.000000,0.000000,0.000000,0.000000,0.000000,0.000000,393.168151,302.314493,1
10.020000,2.572793,-0.165146,0.240469,0.486998,-0.012487,-0.499485,-0.383738,-0.173755,0.004455,0.178210,1.102411,-1.414678,0.036274,1.450951,-1.031697,-1.316390,0.033754,1.350144,0.650462,-0.041376,0.001061,0.042437,-0.149811,2.136697,-0.054787,-2.191484,-0.740158,1.033458,-0.026499,-1.059956,-0.089063,0.110057,-0.002822,-0.112879,-0.117360,3.181888,-0.081587,-3.263475,-1.252892,0.785927,-0.020152,-0.806079,-0.053011,-0.876316,0.022470,0.898786,0.857693,-0.733488,0.018807,0.752295,-1.051019,0.000000,0.000000,0.000000,3.024123,6.685920,1.342428,-3.355980,-5.338366,0.706696,0.000000,0.000000,0.000000,0.000000,0.000000,0.000000,393.208921,302.336911,1
10.030000,2.574185,-0.164533,0.238474,0.486998,-0.012487,-0.499485,-0.437865,-0.173755,0.004455,0.178210,1.215563,-1.414678,0.036274,1.450951,-1.324206,-1.316390,0.033754,1.350144,0.645869,-0.041376,0.001061,0.042437,-0.099993,2.136697,-0.054787,-2.191484,-0.868606,1.033458,-0.026499,-1.059956,-0.133395,0.110057,-0.002822,-0.112879,-0.102449,3.181888,-0.081587,-3.263475,-1.359782,0.785927,-0.020152,-0.806079,-0.051960,-0.876316,0.022470,0.898786,0.896214,-0.733488,0.018807,0.752295,-1.323736,0.000000,0.000000,0.000000,3.187595,7.043699,1.388693,-3.660698,-5.866796,0.840217,0.000000,0.000000,0.000000,0.000000,0.000000,0.000000,393.324624,302.394185,1
10.036000,2.573681,-0.171009,0.240813,0.241353,-0.006189,-0.247541,-0.297715,-0.053181,0.001364,0.054545,1.144046,-1.043127,0.026747,1.069874,-1.267207,-0.627134,0.016080,0.643214,0.006912,-0.047365,0.001214,0.048580,-0.125607,1.618578,-0.041502,-1.660080,-0.567489,0.650578,-0.016681,-0.667259,0.006093,-0.030515,0.000782,0.031298,-0.053450,1.280039,-0.032822,-1.312861,-0.345396,0.433528,-0.011116,-0.444645,0.253780,-0.388604,0.009964,0.398568,0.606666,-0.853238,0.021878,0.875116,-1.109552,0.000000,0.000000,0.000000,3.261901,6.444246,1.585742,-3.493509,-5.578273,0.313592,0.000000,0.000000,0.000000,0.000000,0.000000,0.000000,393.350000,302.390144,1
10.046000,2.574525,-0.170952,0.238507,0.241353,-0.006189,-0.247541,-0.332513,-0.053181,0.001364,0.054545,1.257276,-1.043127,0.026747,1.069874,-1.579098,-0.627134,0.016080,0.643214,0.011131,-0.047365,0.001214,0.048580,-0.086537,1.618578,-0.041502,-1.660080,-0.636433,0.650578,-0.016681,-0.667259,0.000850,-0.030515,0.000782,0.031298,-0.035480,1.280039,-0.032822,-1.312861,-0.418226,0.433528,-0.011116,-0.444645,0.272541,-0.388604,0.009964,0.398568,0.603054,-0.853238,0.021878,0.875116,-1.325017,0.000000,0.000000,0.000000,3.401849,6.724253,1.656631,-3.763088,-6.112778,0.412250,0.000000,0.000000,0.000000,0.000000,0.000000,0.000000,393.399800,302.380423,1
10.050000,2.582961,-0.165898,0.239336,0.182362,-0.004676,-0.187038,-0.250064,-0.188918,0.004844,0.193762,1.139761,-0.847379,0.021728,0.869106,-1.444645,-0.486194,0.012467,0.498660,0.005640,-0.063301,0.001623,0.064925,-0.064618,1.750857,-0.044894,-1.795751,-0.724377,0.262816,-0.006739,-0.269555,0.029447,-0.215329,0.005521,0.220850,-0.001054,-0.280146,0.007183,0.287330,0.083082,0.360040,-0.009232,-0.369271,0.187682,-0.351065,0.009002,0.360067,0.608422,-0.952393,0.024420,0.976814,-1.058539,0.000000,0.000000,0.000000,3.232317,6.577863,1.391920,-3.555793,-5.640870,0.469602,0.000000,0.000000,0.000000,0.000000,0.000000,0.000000,393.416542,302.378195,1
10.060000,2.584037,-0.165636,0.236975,0.182362,-0.004676,-0.187038,-0.277948,-0.188918,0.004844,0.193762,1.247773,-0.847379,0.021728,0.869106,-1.746110,-0.486194,0.012467,0.498660,0.000186,-0.063301,0.001623,0.064925,-0.049210,1.750857,-0.044894,-1.795751,-0.741700,0.262816,-0.006739,-0.269555,0.060906,-0.215329,0.005521,0.220850,0.000451,-0.280146,0.007183,0.287330,0.103500,0.360040,-0.009232,-0.369271,0.217648,-0.351065,0.009002,0.360067,0.613567,-0.952393,0.024420,0.976814,-1.272790,0.000000,0.000000,0.000000,3.401254,6.926969,1.457991,-3.795711,-6.112758,0.582244,0.000000,0.000000,0.000000,0.000000,0.000000,0.000000,393.463915,302.368352,1
10.064000,2.619251,-0.148428,0.237649,0.063982,-0.001641,-0.065623,-0.538087,-0.374193,0.009595,0.383787,1.111965,-0.357415,0.009164,0.366579,-0.867498,-0.042451,0.001088,0.043540,-0.105173,-0.007697,0.000197,0.007894,0.024076,1.366188,-0.035030,-1.401219,-0.752234,-0.032179,0.000825,0.033004,0.469233,-0.041425,0.001062,0.042487,-0.081431,-2.886274,0.074007,2.960281,1.344923,0.158435,-0.004062,-0.162498,0.014395,-0.158678,0.004069,0.162747,0.628106,-1.014631,0.026016,1.040648,-0.695441,0.740965,-3.645520,-0.518058,2.576854,6.402753,0.317435,-3.530653,-3.305501,0.831929,0.000000,0.000000,0.000000,0.000000,0.000000,0.000000,393.490585,302.386605,1
10.074000,2.622242,-0.146457,0.235218,0.063982,-0.001641,-0.065623,-0.548760,-0.374193,0.009595,0.383787,1.188386,-0.357415,0.009164,0.366579,-1.058559,-0.042451,0.001088,0.043540,-0.543142,-0.007697,0.000197,0.007894,0.953045,1.366188,-0.035030,-1.401219,-1.927695,-0.032179,0.000825,0.033004,0.474003,-0.041425,0.001062,0.042487,-0.059099,-2.886274,0.074007,2.960281,1.413071,0.158435,-0.004062,-0.162498,-0.000456,-0.158678,0.004069,0.162747,0.666819,-1.014631,0.026016,1.040648,-0.885967,1.230018,-5.140800,-0.589463,2.617140,6.740852,0.318053,-3.631535,-3.308219,0.859357,0.000000,0.000000,0.000000,0.000000,0.000000,0.000000,393.579028,302.448324,1
10.078000,2.594083,-0.169574,0.230132,-0.194490,0.004987,0.199477,-0.179333,0.133230,-0.003416,-0.136647,1.354392,-0.550981,0.014128,0.565109,-1.959474,-0.869339,0.022291,0.891630,0.113745,-0.011520,0.000295,0.011816,-0.055919,2.658121,-0.068157,-2.726278,-0.962213,0.300214,-0.007698,-0.307912,0.177359,-0.019988,0.000513,0.020501,-0.021082,0.592200,-0.015185,-0.607385,0.011205,-0.018040,0.000463,0.018503,0.558335,0.178330,-0.004573,-0.182903,0.287273,-1.008479,0.025858,1.034337,-1.120105,0.000000,0.000000,0.000000,3.181518,6.540590,1.681813,-3.857769,-6.005210,0.268201,0.000000,0.000000,0.000000,0.000000,0.000000,0.000000,393.600375,302.448857,1
10.088000,2.594835,-0.169578,0.227224,-0.194490,0.004987,0.199477,-0.151245,0.133230,-0.003416,-0.136647,1.427622,-0.550981,0.014128,0.565109,-2.171847,-0.869339,0.022291,0.891630,0.151737,-0.011520,0.000295,0.011816,-0.045115,2.658121,-0.068157,-2.726278,-1.097146,0.300214,-0.007698,-0.307912,0.200337,-0.019988,0.000513,0.020501,-0.020272,0.592200,-0.015185,-0.607385,-0.054611,-0.018040,0.000463,0.018503,0.654287,0.178330,-0.004573,-0.182903,0.289454,-1.008479,0.025858,1.034337,-1.347711,0.000000,0.000000,0.000000,3.344742,6.846994,1.758091,-3.979241,-6.313539,0.359881,0.000000,0.000000,0.000000,0.000000,0.000000,0.000000,393.661713,302.450953,1
10.092000,2.611510,-0.166272,0.237311,-0.131572,0.003374,0.134946,-0.049554,0.059925,-0.001537,-0.061462,1.429216,-0.486437,0.012473,0.498910,-2.042323,-0.789884,0.020253,0.810138,0.087583,-0.010987,0.000282,0.011269,-0.053494,2.956883,-0.075818,-3.032701,-1.191353,0.356511,-0.009141,-0.365652,0.159491,-0.030141,0.000773,0.030914,-0.020856,-0.224143,0.005747,0.229891,0.187277,0.039599,-0.001015,-0.040614,0.482135,0.202594,-0.005195,-0.207789,0.411560,-1.126557,0.028886,1.155443,-0.978525,0.000000,0.000000,0.000000,3.357134,7.005804,1.427197,-3.959623,-6.081688,0.611673,0.000000,0.000000,0.000000,0.000000,0.000000,0.000000,393.686256,302.456226,1
10.102000,2.613065,-0.165968,0.234699,-0.136376,0.003497,0.139873,-0.042573,0.053039,-0.001360,-0.054399,1.508224,-0.491816,0.012611,0.504426,-2.234707,-0.786432,0.020165,0.806597,0.096411,-0.011019,0.000283,0.011302,-0.047371,2.956955,-0.075819,-3.032774,-1.287262,0.370579,-0.009502,-0.380081,0.148326,-0.029759,0.000763,0.030522,-0.017654,-0.187755,0.004814,0.192570,0.124376,0.036142,-0.000927,-0.037068,0.553929,0.195723,-0.005019,-0.200742,0.428023,-1.135326,0.029111,1.164437,-1.185296,0.000000,0.000000,0.000000,3.523231,7.333939,1.470109,-4.084217,-6.345299,0.706466,0.000000,0.000000,0.000000,0.000000,0.000000,0.000000,393.753907,302.468689,1
10.108000,2.608014,-0.168190,0.229794,-0.157457,0.004037,0.161494,-0.218099,0.159378,-0.004087,-0.163465,1.492812,-0.485139,0.012439,0.497579,-2.310750,-0.770841,0.019765,0.790606,0.064873,-0.012074,0.000310,0.012383,-0.042399,2.707563,-0.069425,-2.776988,-1.123125,0.399969,-0.010256,-0.410225,0.258170,-0.029275,0.000751,0.030026,-0.023237,0.068441,-0.001755,-0.070196,0.073774,0.013612,-0.000349,-0.013961,0.569543,0.271290,-0.006956,-0.278246,0.320916,-1.056139,0.027080,1.083220,-1.385570,0.000000,0.000000,0.000000,3.463445,7.256215,1.592887,-4.244702,-6.379991,0.672118,0.000000,0.000000,0.000000,0.000000,0.000000,0.000000,393.791765,302.468873,1
10.118000,2.608894,-0.167858,0.226499,-0.157457,0.004037,0.161494,-0.227131,0.159378,-0.004087,-0.163465,1.546495,-0.485139,0.012439,0.497579,-2.452969,-0.770841,0.019765,0.790606,0.072554,-0.012074,0.000310,0.012383,-0.049349,2.707563,-0.069425,-2.776988,-1.183155,0.399969,-0.010256,-0.410225,0.240833,-0.029275,0.000751,0.030026,-0.025553,0.068441,-0.001755,-0.070196,0.042842,0.013612,-0.000349,-0.013961,0.644364,0.271290,-0.006956,-0.278246,0.305292,-1.056139,0.027080,1.083220,-1.565092,0.000000,0.000000,0.000000,3.569222,7.422436,1.605867,-4.318094,-6.538257,0.747532,0.000000,0.000000,0.000000,0.000000,0.000000,0.000000,393.859219,302.468278,1
10.120000,2.615348,-0.177351,0.231810,-0.092160,0.002363,0.094523,-0.129053,0.358425,-0.009190,-0.367616,1.403008,-1.270560,0.032578,1.303138,-2.152761,0.137249,-0.003519,-0.140768,-0.266769,-0.006748,0.000173,0.006921,-0.035366,1.272765,-0.032635,-1.305400,-0.366203,-0.361612,0.009272,0.370885,0.828729,-0.033547,0.000860,0.034408,0.050584,-1.016631,0.026067,1.042699,0.480291,-0.245269,0.006289,0.251558,0.519848,0.687614,-0.017631,-0.705245,0.231458,-1.919493,0.049218,1.968711,-0.981420,0.000000,0.000000,0.000000,3.497830,7.231692,2.109200,-4.388020,-6.839007,0.337583,0.000000,0.000000,0.000000,0.000000,0.000000,0.000000,393.872989,302.460333,1
10.130000,2.616082,-0.177701,0.228979,-0.092160,0.002363,0.094523,-0.090553,0.358425,-0.009190,-0.367616,1.431546,-1.270560,0.032578,1.303138,-2.264855,0.137249,-0.003519,-0.140768,-0.306441,-0.006748,0.000173,0.006921,-0.039270,1.272765,-0.032635,-1.305400,-0.436650,-0.361612,0.009272,0.370885,0.879719,-0.033547,0.000860,0.034408,0.011444,-1.016631,0.026067,1.042699,0.510447,-0.245269,0.006289,0.251558,0.648855,0.687614,-0.017631,-0.705245,0.183640,-1.919493,0.049218,1.968711,-1.114107,0.000000,0.000000,0.000000,3.632490,7.342648,2.108393,-4.421180,-6.984839,0.398467,-0.000712,0.000328,0.000246,0.000000,0.000000,0.000000,393.947436,302.418592,1
10.134000,2.628040,-0.163660,0.228581,-0.124311,0.003187,0.127499,-0.361140,0.812742,-0.020840,-0.833582,1.308295,-1.911934,0.049024,1.960958,-1.829454,-0.369788,0.009482,0.379269,-0.057965,0.004030,-0.000103,-0.004134,-0.047781,2.349557,-0.060245,-2.409802,-0.694119,-0.352054,0.009027,0.361081,1.459823,-0.030728,0.000788,0.031516,0.065698,-0.757346,0.019419,0.776765,0.546362,-0.465704,0.011941,0.477646,0.576421,1.243122,-0.031875,-1.274997,-0.042040,-2.589265,0.066391,2.655656,-0.721993,-0.000212,-0.000813,-0.000620,3.100026,7.414019,1.550237,-4.329912,-6.525992,1.093554,0.000000,0.000000,0.000000,0.000000,0.000000,0.000000,393.985911,302.403760,1
10.144000,2.629410,-0.162897,0.225894,-0.124311,0.003187,0.127499,-0.332870,0.812742,-0.020840,-0.833582,1.340255,-1.911934,0.049024,1.960958,-1.879595,-0.369788,0.009482,0.379269,-0.017038,0.004030,-0.000103,-0.004134,-0.048072,2.349557,-0.060245,-2.409802,-0.885394,-0.352054,0.009027,0.361081,1.361542,-0.030728,0.000788,0.031516,0.016539,-0.757346,0.019419,0.776765,0.479454,-0.465704,0.011941,0.477646,0.703616,1.243122,-0.031875,-1.274997,-0.048870,-2.589265,0.066391,2.655656,-0.880553,-0.042544,-0.196874,-0.142645,3.256125,7.751212,1.578621,-4.362701,-6.575688,1.159231,0.000000,0.000000,0.000000,0.000000,0.000000,0.000000,394.091783,302.365824,1
10.150000,2.636187,-0.166241,0.231082,-0.197335,0.005060,0.202395,-0.253711,1.104416,-0.028318,-1.132735,1.104162,-2.168959,0.055614,2.224574,-1.485987,0.795516,-0.020398,-0.815914,-0.772251,0.023836,-0.000611,-0.024447,-0.045174,1.450307,-0.037187,-1.487494,-0.557648,-0.283655,0.007273,0.290928,1.135507,-0.032285,0.000828,0.033113,0.038811,-0.559826,0.014355,0.574181,0.664863,-0.774627,0.019862,0.794489,0.939482,1.950079,-0.050002,-2.000081,-0.517149,-3.316141,0.085029,3.401170,-0.195253,0.754479,-1.071889,0.163578,3.092588,7.007585,1.350699,-4.345169,-6.039478,0.812395,0.000000,0.000000,0.000000,0.000000,0.000000,0.000000,394.147143,302.357922,1
10.160000,2.637551,-0.165638,0.228771,-0.197335,0.005060,0.202395,-0.279026,1.104416,-0.028318,-1.132735,1.162491,-2.168959,0.055614,2.224574,-1.552477,0.795516,-0.020398,-0.815914,-0.710178,0.023836,-0.000611,-0.024447,-0.129133,1.450307,-0.037187,-1.487494,-0.743528,-0.283655,0.007273,0.290928,1.060366,-0.032285,0.000828,0.033113,-0.008880,-0.559826,0.014355,0.574181,0.472561,-0.774627,0.019862,0.794489,1.002307,1.950079,-0.050002,-2.000081,-0.487946,-3.316141,0.085029,3.401170,-0.375735,2.913075,-5.076145,0.290683,3.154544,7.474466,1.517144,-4.630225,-6.013494,0.655528,0.000000,0.000000,0.000000,0.000000,0.000000,0.000000,394.248601,302.337277,1
10.166000,2.634010,-0.171705,0.223288,-0.218677,0.005607,0.224285,-0.218961,1.359121,-0.034849,-1.393970,1.094726,-2.148462,0.055089,2.203550,-1.394641,0.692420,-0.017754,-0.710174,-0.669169,0.045606,-0.001169,-0.046776,-0.245050,1.196405,-0.030677,-1.227082,-0.714131,-0.334203,0.008569,0.342773,0.997367,-0.034302,0.000880,0.035182,0.005726,-0.089800,0.002303,0.092102,0.167569,-0.848010,0.021744,0.869754,1.280964,2.281213,-0.058493,-2.339706,-0.614717,-3.375221,0.086544,3.461766,-0.557497,3.230644,-5.737242,-0.044502,3.031778,7.077194,1.846673,-4.447818,-5.928184,0.305446,-0.027071,0.575775,-0.308094,0.000000,0.000000,0.000000,394.313707,302.323445,1
10.176000,2.634490,-0.171487,0.220719,-0.224723,0.005762,0.230485,-0.350309,1.366020,-0.035026,-1.401046,1.136918,-2.141494,0.054910,2.196404,-1.467405,0.696415,-0.017857,-0.714272,-0.615509,0.048232,-0.001237,-0.049469,0.064329,1.192377,-0.030574,-1.222951,-1.935381,-0.327786,0.008405,0.336191,0.926315,-0.034397,0.000882,0.035279,0.019032,-0.089750,0.002301,0.092052,0.081068,-0.854657,0.021914,0.876571,1.200505,2.294366,-0.058830,-2.353196,-0.681238,-3.378733,0.086634,3.465367,-0.588357,2.688148,-6.294774,-0.906360,2.890938,6.736482,1.760532,-4.451254,-5.799991,0.235197,-1.151180,4.941320,-1.987581,0.000000,0.000000,0.000000,394.440909,302.311873,1
10.182000,2.658920,-0.168903,0.228659,-0.061373,0.001574,0.062947,-0.555827,1.115214,-0.028595,-1.143809,0.984014,-2.358999,0.060487,2.419486,-0.632630,0.334357,-0.008573,-0.342931,-0.765673,1.259604,-0.032298,-1.291902,0.547897,-1.704032,0.043693,1.747725,-1.860919,-0.743045,0.019052,0.762097,0.956863,-0.042279,0.001084,0.043363,0.008932,-0.172817,0.004431,0.177248,0.193090,-0.859943,0.022050,0.881993,0.742787,2.339250,-0.059981,-2.399231,-0.554102,-3.942582,0.101092,4.043674,0.405821,2.279564,-6.704048,-1.357828,2.532892,6.968546,1.558628,-3.904815,-3.737430,-0.046245,0.000000,0.000000,0.000000,0.000000,0.000000,0.000000,394.508729,302.299877,1
10.192000,2.660458,-0.168758,0.227789,-0.061373,0.001574,0.062947,-0.603893,1.115214,-0.028595,-1.143809,0.978862,-2.358999,0.060487,2.419486,-0.551782,0.334357,-0.008573,-0.342931,-0.853579,1.259604,-0.032298,-1.291902,0.587776,-1.704032,0.043693,1.747725,-1.960581,-0.743045,0.019052,0.762097,0.984490,-0.042279,0.001084,0.043363,-0.009915,-0.172817,0.004431,0.177248,0.135891,-0.859943,0.022050,0.881993,0.694195,2.339250,-0.059981,-2.399231,-0.451901,-3.942582,0.101092,4.043674,0.241066,2.081358,-6.306704,-1.345385,2.559198,7.266702,1.679125,-3.816758,-3.641437,-0.030436,0.000000,0.000000,0.000000,0.000000,0.000000,0.000000,394.612903,302.270471,1
10.198000,2.644930,-0.173866,0.234290,0.284215,-0.007288,-0.291502,-0.537973,1.712850,-0.043919,-1.756769,0.437419,-2.776377,0.071189,2.847566,0.157867,0.521808,-0.013380,-0.535188,-0.683823,1.928406,-0.049446,-1.977852,0.041818,-2.583326,0.066239,2.649565,-1.247861,-0.895390,0.022959,0.918349,0.288657,-0.023868,0.000612,0.024481,0.194054,0.134494,-0.003449,-0.137942,-0.039408,-0.510136,0.013080,0.523216,1.240389,2.361665,-0.060556,-2.422221,-0.985590,-3.320862,0.085150,3.406013,1.691976,2.732760,-5.500133,-0.810670,0.051960,0.016486,-0.035447,-2.731354,-2.352990,-0.477029,0.000000,0.000000,0.000000,0.000000,0.000000,0.000000,394.698128,302.305807,1
10.208000,2.644925,-0.173699,0.233180,0.284215,-0.007288,-0.291502,-0.502078,1.712850,-0.043919,-1.756769,0.593143,-2.776377,0.071189,2.847566,0.120439,0.521808,-0.013380,-0.535188,-0.661005,1.928406,-0.049446,-1.977852,0.160010,-2.583326,0.066239,2.649565,-1.209477,-0.895390,0.022959,0.918349,0.417203,-0.023868,0.000612,0.024481,0.108941,0.134494,-0.003449,-0.137942,-0.025671,-0.510136,0.013080,0.523216,0.965064,2.361665,-0.060556,-2.422221,-1.006456,-3.320862,0.085150,3.406013,1.629378,2.726750,-5.145981,-0.624232,0.323781,0.283670,-0.127635,-2.753230,-2.410186,-0.461908,0.000000,0.000000,0.000000,0.000000,0.000000,0.000000,394.841008,302.357425,1
10.212000,2.651248,-0.169725,0.228972,-0.290021,0.007436,0.297457,-0.052611,0.348864,-0.008945,-0.357809,0.309186,-3.126590,0.080169,3.206759,1.000409,-0.126657,0.003248,0.129904,-0.228744,1.089451,-0.027935,-1.117386,0.570563,-3.968400,0.101754,4.070154,-0.401872,-1.545701,0.039633,1.585334,0.547857,-0.298189,0.007646,0.305835,1.709122,-0.089751,0.002301,0.092053,-1.558066,-2.156430,0.055293,2.211723,2.661822,0.075437,-0.001934,-0.077371,-0.237744,2.833657,-0.072658,-2.906315,-3.246111,2.863634,-6.153127,-0.601680,0.000000,0.000000,0.000000,-0.741458,-1.211188,0.199385,-3.054574,8.892486,-2.645916,0.000000,0.000000,0.000000,394.931055,302.426891,1
10.222000,2.650722,-0.169016,0.227968,-0.290021,0.007436,0.297457,0.097457,0.348864,-0.008945,-0.357809,0.115545,-3.126590,0.080169,3.206759,1.010326,-0.126657,0.003248,0.129904,-0.038256,1.089451,-0.027935,-1.117386,0.506217,-3.968400,0.101754,4.070154,-0.484669,-1.545701,0.039633,1.585334,0.615061,-0.298189,0.007646,0.305835,1.534642,-0.089751,0.002301,0.092053,-1.658610,-2.156430,0.055293,2.211723,2.368856,0.075437,-0.001934,-0.077371,-0.313304,2.833657,-0.072658,-2.906315,-2.190739,3.195168,-6.477447,-0.450909,0.000000,0.000000,0.000000,-1.750022,-2.458567,0.334233,-2.923750,8.236745,-2.421181,0.000000,0.000000,0.000000,395.121866,302.562956,1
10.230000,2.661648,-0.180632,0.243714,-1.748459,0.044832,1.793292,1.995177,-0.624371,0.016010,0.640381,0.902003,-4.243907,0.108818,4.352726,1.594475,-1.667839,0.042765,1.710604,1.568157,-0.447213,0.011467,0.458680,0.509181,-4.556295,0.116828,4.673123,0.362640,-2.450739,0.062839,2.513579,1.604253,-1.330061,0.034104,1.364165,0.919011,-1.461026,0.037462,1.498489,-0.317759,-0.483744,0.012404,0.496148,0.000066,0.442199,-0.011338,-0.453537,-0.297963,0.494919,-0.012690,-0.507610,-0.520397,2.442201,-6.053009,-0.771509,0.000000,0.000000,0.000000,0.000000,0.000000,0.000000,-2.113795,4.935965,-0.976093,0.000000,0.000000,0.000000,395.296811,302.730282,1
10.240000,2.662059,-0.181085,0.243548,-1.748459,0.044832,1.793292,1.969902,-0.624371,0.016010,0.640381,0.514664,-4.243907,0.108818,4.352726,1.934857,-1.667839,0.042765,1.710604,1.628522,-0.447213,0.011467,0.458680,0.610711,-4.556295,0.116828,4.673123,0.199588,-2.450739,0.062839,2.513579,1.612042,-1.330061,0.034104,1.364165,0.972015,-1.461026,0.037462,1.498489,-0.488757,-0.483744,0.012404,0.496148,-0.017621,0.442199,-0.011338,-0.453537,-0.265369,0.494919,-0.012690,-0.507610,-0.289169,2.692480,-6.567018,-0.813531,0.000000,0.000000,0.000000,0.000000,0.000000,0.000000,-2.363712,5.704087,-1.148419,0.000000,0.000000,0.000000,395.523500,302.942149,1
10.244000,2.671892,-0.185657,0.242076,1.157681,-0.029684,-1.187365,-0.335683,-0.292381,0.007497,0.299878,0.046819,0.590153,-0.015132,-0.605285,-0.299373,0.077811,-0.001995,-0.079806,0.825607,-0.047640,0.001222,0.048862,0.651142,-2.958618,0.075862,3.034480,0.272638,-0.349495,0.008961,0.358456,0.164243,-0.340918,0.008741,0.349659,0.503173,-1.690880,0.043356,1.734236,-0.352728,-1.384672,0.035504,1.420176,-0.037744,0.492123,-0.012619,-0.504741,-0.306814,3.777536,-0.096860,-3.874396,-1.606292,2.697269,-4.431791,-0.010357,0.000000,0.000000,0.000000,0.000000,0.000000,0.000000,-1.678602,5.962225,-1.546740,0.000000,0.000000,0.000000,395.558689,302.971488,1
10.254000,2.672644,-0.186266,0.241409,1.157681,-0.029684,-1.187365,-0.470354,-0.292381,0.007497,0.299878,0.027359,0.590153,-0.015132,-0.605285,-0.232456,0.077811,-0.001995,-0.079806,0.772015,-0.047640,0.001222,0.048862,0.733856,-2.958618,0.075862,3.034480,0.024675,-0.349495,0.008961,0.358456,0.070758,-0.340918,0.008741,0.349659,0.539886,-1.690880,0.043356,1.734236,-0.621301,-1.384672,0.035504,1.420176,0.124022,0.492123,-0.012619,-0.504741,-0.302306,3.777536,-0.096860,-3.874396,-1.680795,2.937442,-5.177123,-0.204689,0.000000,0.000000,0.000000,0.000000,0.000000,0.000000,-2.074926,6.650114,-1.583518,0.000000,0.000000,0.000000,395.648811,303.038828,1
10.260000,2.680202,-0.193342,0.243537,0.649275,-0.016648,-0.665923,-0.083257,0.025824,-0.000662,-0.026486,-0.192603,0.538131,-0.013798,-0.551929,-0.011404,0.383996,-0.009846,-0.393842,0.705597,-0.158278,0.004058,0.162336,0.894406,-1.948649,0.049965,1.998614,-0.152414,0.055762,-0.001430,-0.057192,-0.182138,-0.307714,0.007890,0.315604,0.433646,-1.479933,0.037947,1.517880,-0.577836,-0.521431,0.013370,0.534801,-0.511752,0.305165,-0.007825,-0.312990,-0.305263,2.089785,-0.053584,-2.143369,-0.928074,2.899637,-4.645004,0.219627,0.000000,0.000000,0.000000,0.000000,0.000000,0.000000,-1.802469,6.500526,-1.731533,0.000000,0.000000,0.000000,395.673875,303.043092,1
10.270000,2.681102,-0.193842,0.241802,0.490904,-0.012587,-0.503491,-0.018173,0.074524,-0.001911,-0.076435,-0.151333,0.211514,-0.005423,-0.216937,0.069534,0.428389,-0.010984,-0.439373,0.625566,-0.134656,0.003453,0.138109,1.010131,-1.913023,0.049052,1.962075,-0.523192,0.096827,-0.002483,-0.099309,-0.289140,-0.282567,0.007245,0.289812,0.477962,-1.443946,0.037024,1.480970,-0.892219,-0.519604,0.013323,0.532927,-0.356821,0.320424,-0.008216,-0.328640,-0.290897,2.078410,-0.053293,-2.131702,-0.904460,3.104238,-5.461930,-0.017583,0.000000,0.000000,0.000000,0.000000,0.000000,0.000000,-1.972246,7.076491,-1.857800,0.000000,0.000000,0.000000,395.725665,303.038323,1
10.274000,2.692380,-0.185940,0.245422,0.061532,-0.001578,-0.063110,-0.375578,-0.018475,0.000474,0.018948,-0.152125,1.637178,-0.041979,-1.679156,-1.460088,0.012486,-0.000320,-0.012806,0.132482,-0.411004,0.010539,0.421542,1.040783,-0.509076,0.013053,0.522129,-1.221603,-0.079206,0.002031,0.081237,0.057530,-0.284399,0.007292,0.291691,0.736725,-1.022620,0.026221,1.048841,-0.745185,-0.625413,0.016036,0.641449,0.258790,-0.105638,0.002709,0.108347,-0.054755,0.344312,-0.008829,-0.353140,0.086342,2.970406,-5.441431,0.052774,0.000000,0.000000,0.000000,0.000000,0.000000,0.000000,-1.995991,6.278869,-2.000230,0.000000,0.000000,0.000000,395.744706,303.045681,1
10.284000,2.693570,-0.185804,0.243705,0.061532,-0.001578,-0.063110,-0.163114,-0.018475,0.000474,0.018948,-0.136701,1.637178,-0.041979,-1.679156,-1.061231,0.012486,-0.000320,-0.012806,0.126295,-0.411004,0.010539,0.421542,1.169199,-0.509076,0.013053,0.522129,-1.562353,-0.079206,0.002031,0.081237,-0.009403,-0.284399,0.007292,0.291691,0.727364,-1.022620,0.026221,1.048841,-0.931514,-0.625413,0.016036,0.641449,0.133293,-0.105638,0.002709,0.108347,-0.039495,0.344312,-0.008829,-0.353140,0.034138,3.145685,-6.047028,-0.074928,0.000000,0.000000,0.000000,0.000000,0.000000,0.000000,-2.593489,6.740153,-1.888695,0.000000,0.000000,0.000000,395.788675,303.053368,1
10.288000,2.691670,-0.187124,0.234076,-0.150334,0.003855,0.154189,0.380767,-0.167535,0.004296,0.171830,-0.003196,-0.020828,0.000534,0.021362,0.041157,-0.199484,0.005115,0.204599,0.648529,-0.465117,0.011926,0.477043,1.574322,-0.908478,0.023294,0.931772,-1.285755,-0.370576,0.009502,0.380078,-0.445310,-0.911903,0.023382,0.935285,0.572830,-0.441749,0.011327,0.453076,-1.036719,-0.383309,0.009828,0.393138,-0.194783,0.338138,-0.008670,-0.346808,-0.240674,1.444634,-0.037042,-1.481676,-0.470837,2.980447,-5.585382,-0.303273,0.000000,0.000000,0.000000,0.000000,0.000000,0.000000,-2.457700,6.014810,-1.234312,0.000000,0.000000,0.000000,395.805372,303.054752,1
10.298000,2.692974,-0.187338,0.231323,-0.150334,0.003855,0.154189,0.395938,-0.167535,0.004296,0.171830,-0.008710,-0.020828,0.000534,0.021362,0.024954,-0.199484,0.005115,0.204599,0.677394,-0.465117,0.011926,0.477043,1.716203,-0.908478,0.023294,0.931772,-1.556105,-0.370576,0.009502,0.380078,-0.474097,-0.911903,0.023382,0.935285,0.654433,-0.441749,0.011327,0.453076,-1.331728,-0.383309,0.009828,0.393138,-0.116792,0.338138,-0.008670,-0.346808,-0.212655,1.444634,-0.037042,-1.481676,-0.519105,3.138595,-6.064773,-0.432904,0.000000,0.000000,0.000000,0.018905,-0.131163,0.095925,-2.587402,6.604411,-1.430113,0.000000,0.000000,0.000000,395.852920,303.056682,1
10.304000,2.702560,-0.197429,0.236446,1.496347,-0.038368,-1.534715,-0.690654,0.619494,-0.015884,-0.635378,-0.343538,0.506700,-0.012992,-0.519693,-0.103911,-0.499025,0.012796,0.511821,0.707062,-0.200868,0.005150,0.206018,1.300554,-1.371718,0.035172,1.406891,-1.208149,-0.731874,0.018766,0.750640,-0.029373,-0.706366,0.018112,0.724478,0.671129,-0.956233,0.024519,0.980752,-1.127571,-0.267881,0.006869,0.274749,-0.064704,-0.105456,0.002704,0.108160,-0.021839,0.714239,-0.018314,-0.732553,-0.099817,3.023054,-5.993637,-0.852407,0.000000,0.000000,0.000000,0.000000,0.000000,0.000000,-2.664968,6.801567,-1.081344,0.000000,0.000000,0.000000,395.885135,303.054723,1
10.314000,2.703908,-0.198490,0.234013,1.496347,-0.038368,-1.534715,-0.722819,0.619494,-0.015884,-0.635378,-0.364751,0.506700,-0.012992,-0.519693,-0.103639,-0.499025,0.012796,0.511821,0.765668,-0.200868,0.005150,0.206018,1.414846,-1.371718,0.035172,1.406891,-1.473796,-0.731874,0.018766,0.750640,-0.033838,-0.706366,0.018112,0.724478,0.690824,-0.956233,0.024519,0.980752,-1.356812,-0.267881,0.006869,0.274749,-0.084056,-0.105456,0.002704,0.108160,-0.017691,0.714239,-0.018314,-0.732553,-0.146466,3.207496,-6.412622,-0.988778,0.000000,0.000000,0.000000,0.000000,0.000000,0.000000,-2.746734,7.196000,-1.157862,0.000000,0.000000,0.000000,395.946541,303.047038,1
10.318000,2.706899,-0.192538,0.240961,1.606544,-0.041193,-1.647737,-0.640590,0.413690,-0.010607,-0.424297,-0.191932,1.774315,-0.045495,-1.819811,-0.502647,-0.350566,0.008989,0.359554,0.373730,-0.216507,0.005551,0.222059,1.282805,-1.379230,0.035365,1.414595,-1.385093,-0.600281,0.015392,0.615673,-0.110660,-0.668856,0.017150,0.686006,0.708788,-1.111793,0.028508,1.140301,-1.017342,-0.203511,0.005218,0.208729,-0.055880,0.008206,-0.000210,-0.008416,-0.021087,0.901815,-0.023123,-0.924938,-0.204146,3.038790,-6.438730,-0.868122,0.000000,0.000000,0.000000,0.000000,0.000000,0.000000,-2.819126,6.952494,-1.150707,0.000000,0.000000,0.000000,395.971923,303.046826,1
10.328000,2.708259,-0.193113,0.238686,1.606544,-0.041193,-1.647737,-0.706318,0.413690,-0.010607,-0.424297,-0.218496,1.774315,-0.045495,-1.819811,-0.632875,-0.350566,0.008989,0.359554,0.413413,-0.216507,0.005551,0.222059,1.390772,-1.379230,0.035365,1.414595,-1.642321,-0.600281,0.015392,0.615673,-0.133428,-0.668856,0.017150,0.686006,0.731307,-1.111793,0.028508,1.140301,-1.241039,-0.203511,0.005218,0.208729,-0.102492,0.008206,-0.000210,-0.008416,-0.019028,0.901815,-0.023123,-0.924938,-0.244354,3.221294,-6.838866,-0.970676,0.000000,0.000000,0.000000,0.000000,0.000000,0.000000,-2.930417,7.347784,-1.226696,0.000000,0.000000,0.000000,396.046278,303.044343,1
10.330000,2.706754,-0.190101,0.234922,1.416943,-0.036332,-1.453274,-0.421232,0.344152,-0.008824,-0.352976,-0.174381,1.556361,-0.039907,-1.596267,-0.368523,-0.155336,0.003983,0.159319,0.385256,0.022156,-0.000568,-0.022724,1.453569,-1.125839,0.028868,1.154707,-1.885088,-0.376682,0.009659,0.386341,-0.322734,-0.297259,0.007622,0.304881,0.547194,-1.020402,0.026164,1.046566,-1.324282,-0.409704,0.010505,0.420209,-0.164799,0.009184,-0.000235,-0.009420,-0.030103,1.375807,-0.035277,-1.411085,-0.230060,3.327452,-6.952624,-0.806723,0.000000,0.000000,0.000000,0.000000,0.000000,0.000000,-2.834601,7.284216,-1.526944,0.000000,0.000000,0.000000,396.057487,303.040394,1
10.340000,2.707686,-0.190504,0.232063,1.416943,-0.036332,-1.453274,-0.487797,0.344152,-0.008824,-0.352976,-0.195496,1.556361,-0.039907,-1.596267,-0.508592,-0.155336,0.003983,0.159319,0.412623,0.022156,-0.000568,-0.022724,1.528542,-1.125839,0.028868,1.154707,-2.070451,-0.376682,0.009659,0.386341,-0.370919,-0.297259,0.007622,0.304881,0.539460,-1.020402,0.026164,1.046566,-1.514090,-0.409704,0.010505,0.420209,-0.152076,0.009184,-0.000235,-0.009420,-0.032546,1.375807,-0.035277,-1.411085,-0.378520,3.432152,-7.181982,-0.873733,0.000000,0.000000,0.000000,0.000000,0.000000,0.000000,-2.915851,7.508615,-1.569565,0.000000,0.000000,0.000000,396.123204,303.021765,1
10.344000,2.717237,-0.192177,0.233883,1.075852,-0.027586,-1.103438,-0.202538,0.138740,-0.003557,-0.142298,-0.080215,1.937641,-0.049683,-1.987324,-0.420950,-0.011673,0.000299,0.011973,0.341356,0.078031,-0.002001,-0.080032,1.480817,-0.850906,0.021818,0.872724,-2.029190,-0.215904,0.005536,0.221440,-0.345745,-0.072310,0.001854,0.074164,0.503855,-1.023252,0.026237,1.049489,-1.269258,-0.415894,0.010664,0.426557,-0.254197,-0.006406,0.000164,0.006571,-0.022351,0.531679,-0.013633,-0.545311,0.074312,3.379437,-6.799333,-0.740802,0.000000,0.000000,0.000000,0.000000,0.000000,0.000000,-2.728549,7.395412,-1.518707,0.000000,0.000000,0.000000,396.141445,303.012428,1
10.354000,2.718304,-0.192644,0.230929,1.075852,-0.027586,-1.103438,-0.241621,0.138740,-0.003557,-0.142298,-0.084976,1.937641,-0.049683,-1.987324,-0.644064,-0.011673,0.000299,0.011973,0.354162,0.078031,-0.002001,-0.080032,1.544948,-0.850906,0.021818,0.872724,-2.196801,-0.215904,0.005536,0.221440,-0.407265,-0.072310,0.001854,0.074164,0.495753,-1.023252,0.026237,1.049489,-1.457172,-0.415894,0.010664,0.426557,-0.222280,-0.006406,0.000164,0.006571,-0.023947,0.531679,-0.013633,-0.545311,-0.004038,3.485621,-7.024890,-0.809698,0.000000,0.000000,0.000000,0.000000,0.000000,0.000000,-2.821527,7.636247,-1.553391,0.000000,0.000000,0.000000,396.195016,302.990894,1
10.358000,2.735621,-0.200077,0.234102,0.517806,-0.013277,-0.531083,-0.001709,-0.009163,0.000235,0.009398,-0.028340,1.460960,-0.037461,-1.498421,-0.532792,0.038754,-0.000994,-0.039748,0.306382,-0.068184,0.001748,0.069932,1.567514,-0.609777,0.015635,0.625413,-1.985542,-0.129024,0.003308,0.132332,-0.328069,-0.082989,0.002128,0.085117,0.552098,-0.966782,0.024789,0.991572,-1.080950,-0.045608,0.001169,0.046778,-0.439826,-0.275613,0.007067,0.282680,-0.003849,-1.038496,0.026628,1.065124,0.491750,3.416737,-6.149896,-0.840110,0.000000,0.000000,0.000000,0.000000,0.000000,0.000000,-2.702388,7.354212,-1.167446,0.000000,0.000000,0.000000,396.210499,302.987247,1
10.368000,2.737434,-0.200939,0.231098,0.517806,-0.013277,-0.531083,0.002093,-0.009163,0.000235,0.009398,-0.039474,1.460960,-0.037461,-1.498421,-0.570012,0.038754,-0.000994,-0.039748,0.325879,-0.068184,0.001748,0.069932,1.651145,-0.609777,0.015635,0.625413,-2.156252,-0.129024,0.003308,0.132332,-0.381821,-0.082989,0.002128,0.085117,0.573277,-0.966782,0.024789,0.991572,-1.281936,-0.045608,0.001169,0.046778,-0.459218,-0.275613,0.007067,0.282680,-0.000519,-1.038496,0.026628,1.065124,0.509878,3.522544,-6.391402,-0.953380,0.000000,0.000000,0.000000,0.000700,-0.003543,0.002832,-2.828619,7.709229,-1.190868,0.000000,0.000000,0.000000,396.253177,302.975799,1
10.370000,2.730577,-0.191476,0.229995,0.321118,-0.008234,-0.329352,0.016157,0.017339,-0.000445,-0.017784,-0.057275,2.639396,-0.067677,-2.707073,-0.957355,-0.040953,0.001050,0.042003,0.226448,0.397026,-0.010180,-0.407206,1.444065,-1.431657,0.036709,1.468366,-1.970636,0.095238,-0.002442,-0.097680,-0.726384,0.665141,-0.017055,-0.682196,0.106546,-2.015355,0.051676,2.067031,-0.951758,0.185901,-0.004767,-0.190667,-0.508304,-0.118356,0.003035,0.121391,-0.015825,-1.037573,0.026604,1.064178,0.663617,3.200573,-7.170165,-0.732120,0.000000,0.000000,0.000000,0.000000,0.000000,0.000000,-2.708426,7.342783,-1.777290,0.000000,0.000000,0.000000,396.271187,302.971694,1
10.380000,2.731531,-0.191565,0.227193,0.321118,-0.008234,-0.329352,0.023780,0.017339,-0.000445,-0.017784,-0.055032,2.639396,-0.067677,-2.707073,-1.082848,-0.040953,0.001050,0.042003,0.248725,0.397026,-0.010180,-0.407206,1.496192,-1.431657,0.036709,1.468366,-2.095464,0.095238,-0.002442,-0.097680,-0.807543,0.665141,-0.017055,-0.682196,0.058838,-2.015355,0.051676,2.067031,-1.080577,0.185901,-0.004767,-0.190667,-0.578409,-0.118356,0.003035,0.121391,-0.016795,-1.037573,0.026604,1.064178,0.588643,3.255334,-7.328458,-0.785344,0.000337,0.003324,0.002056,0.000000,0.000000,0.000000,-2.782125,7.491950,-1.801128,0.000000,0.000000,0.000000,396.368468,302.949580,1
10.384000,2.742772,-0.196297,0.231955,0.219694,-0.005633,-0.225328,0.257479,0.014884,-0.000382,-0.015266,-0.046743,1.252938,-0.032127,-1.285064,-0.420975,-0.196081,0.005028,0.201108,0.405763,0.589171,-0.015107,-0.604278,1.424751,-1.813516,0.046500,1.860016,-1.615776,0.192314,-0.004931,-0.197245,-0.789630,1.013233,-0.025980,-1.039214,-0.069972,-2.387867,0.061227,2.449094,-0.687451,1.207510,-0.030962,-1.238472,-1.168132,-0.128844,0.003304,0.132147,-0.042956,-0.208461,0.005345,0.213807,0.382459,3.017409,-6.754007,-1.159601,0.250356,0.178637,-0.024930,0.000000,0.000000,0.000000,-2.478800,6.864565,-1.294356,0.000000,0.000000,0.000000,396.400444,302.936646,1
10.394000,2.744050,-0.196822,0.229335,0.219694,-0.005633,-0.225328,0.194846,0.014884,-0.000382,-0.015266,-0.052539,1.252938,-0.032127,-1.285064,-0.453618,-0.196081,0.005028,0.201108,0.388860,0.589171,-0.015107,-0.604278,1.474575,-1.813516,0.046500,1.860016,-1.687456,0.192314,-0.004931,-0.197245,-0.913993,1.013233,-0.025980,-1.039214,-0.091372,-2.387867,0.061227,2.449094,-0.833684,1.207510,-0.030962,-1.238472,-1.301976,-0.128844,0.003304,0.132147,-0.040944,-0.208461,0.005345,0.213807,0.211500,3.027423,-6.879023,-1.257854,0.673810,0.510115,-0.051892,0.000000,0.000000,0.000000,-2.590828,7.190975,-1.339438,0.000000,0.000000,0.000000,396.487600,302.901387,1
10.398000,2.752306,-0.198269,0.231361,-0.732773,0.018789,0.751562,0.921159,0.022751,-0.000583,-0.023334,-0.046544,1.244294,-0.031905,-1.276199,-0.372939,-0.029046,0.000745,0.029790,0.326609,1.066456,-0.027345,-1.093801,1.164237,-2.213304,0.056751,2.270056,-1.532196,0.521768,-0.013379,-0.535147,-0.748987,1.810715,-0.046429,-1.857144,-0.401628,-3.208028,0.082257,3.290286,-0.213567,0.443663,-0.011376,-0.455039,-1.271814,-0.062575,0.001604,0.064179,-0.043195,0.008681,-0.000223,-0.008904,0.309080,3.547268,-6.703798,-0.903160,0.000000,0.000000,0.000000,-0.319730,-0.341413,-0.075626,-2.518707,7.175170,-1.452517,0.000000,0.000000,0.000000,396.521058,302.891165,1
10.408000,2.753661,-0.198872,0.229071,-0.732773,0.018789,0.751562,0.907350,0.022751,-0.000583,-0.023334,-0.074789,1.244294,-0.031905,-1.276199,-0.483301,-0.029046,0.000745,0.029790,0.351480,1.066456,-0.027345,-1.093801,1.225677,-2.213304,0.056751,2.270056,-1.603909,0.521768,-0.013379,-0.535147,-0.820975,1.810715,-0.046429,-1.857144,-0.382422,-3.208028,0.082257,3.290286,-0.380425,0.443663,-0.011376,-0.455039,-1.202886,-0.062575,0.001604,0.064179,-0.038760,0.008681,-0.000223,-0.008904,0.168496,3.662918,-6.843613,-0.936133,0.000000,0.000000,0.000000,-1.122710,-1.260290,-0.184363,-2.611523,7.654731,-1.582951,0.000000,0.000000,0.000000,396.613509,302.858871,1
10.414000,2.752040,-0.196250,0.226551,-0.736413,0.018882,0.755296,0.963877,0.030952,-0.000794,-0.031746,-0.244459,0.528214,-0.013544,-0.541758,-0.428895,0.034278,-0.000879,-0.035157,0.387127,1.361013,-0.034898,-1.395911,0.993741,-2.130916,0.054639,2.185555,-1.108803,0.728312,-0.018675,-0.746986,-1.098658,2.414963,-0.061922,-2.476886,-0.653272,-3.515542,0.090142,3.605684,-0.348161,0.442274,-0.011340,-0.453615,-1.189153,-0.044873,0.001151,0.046024,-0.006797,0.004599,-0.000118,-0.004717,0.139888,3.620121,-5.901098,-0.303793,0.069845,0.083283,0.012684,-3.854832,-5.700202,0.084167,-2.192749,7.068198,-1.700614,0.000000,0.000000,0.000000,396.667670,302.852066,1
10.424000,2.752813,-0.196719,0.224521,-0.736413,0.018882,0.755296,0.891001,0.030952,-0.000794,-0.031746,0.049366,0.528214,-0.013544,-0.541758,-1.616293,0.034278,-0.000879,-0.035157,0.541866,1.361013,-0.034898,-1.395911,1.087003,-2.130916,0.054639,2.185555,-1.216441,0.728312,-0.018675,-0.746986,-1.005342,2.414963,-0.061922,-2.476886,-0.692353,-3.515542,0.090142,3.605684,-0.372700,0.442274,-0.011340,-0.453615,-1.011303,-0.044873,0.001151,0.046024,0.002017,0.004599,-0.000118,-0.004717,0.076869,3.803552,-5.761900,-0.118066,0.173860,0.235880,0.048037,-3.190819,-6.078300,0.927573,-2.024557,7.326114,-1.949622,0.000000,0.000000,0.000000,396.767811,302.841391,1
10.430000,2.750365,-0.198261,0.225393,-0.606596,0.015554,0.622149,0.888724,0.580868,-0.014894,-0.595762,0.235983,-0.554796,0.014226,0.569021,-1.965120,0.016520,-0.000424,-0.016943,0.671410,1.338118,-0.034311,-1.372428,0.840071,-2.180002,0.055897,2.235899,-0.919423,0.774624,-0.019862,-0.794487,-0.728493,2.510632,-0.064375,-2.575007,-0.764746,-3.706853,0.095048,3.801901,0.012280,0.606520,-0.015552,-0.622072,-0.820683,-0.044335,0.001137,0.045472,-0.000354,-0.031746,0.000814,0.032560,0.060119,3.460242,-4.801453,0.129453,0.653159,0.773458,0.075341,-2.761717,-5.835538,1.103683,-1.995280,7.348965,-1.942464,0.000000,0.000000,0.000000,396.816644,302.836478,1
10.440000,2.750639,-0.198454,0.223946,-0.606596,0.015554,0.622149,0.976752,0.580868,-0.014894,-0.595762,0.251749,-0.554796,0.014226,0.569021,-2.060483,0.016520,-0.000424,-0.016943,0.720229,1.338118,-0.034311,-1.372428,0.846175,-2.180002,0.055897,2.235899,-0.873756,0.774624,-0.019862,-0.794487,-0.703575,2.510632,-0.064375,-2.575007,-0.699158,-3.706853,0.095048,3.801901,-0.124524,0.606520,-0.015552,-0.622072,-0.744433,-0.044335,0.001137,0.045472,0.005791,-0.031746,0.000814,0.032560,0.031286,3.292941,-4.749110,0.027667,1.775006,3.013796,0.708873,-2.612425,-5.656963,1.131757,-2.050894,7.430575,-1.938692,0.000000,0.000000,0.000000,396.900188,302.821562,1
10.448000,2.759407,-0.194487,0.224309,-0.730449,0.018729,0.749179,1.176003,0.643436,-0.016498,-0.659935,0.367077,-1.159147,0.029722,1.188868,-1.895682,-0.226150,0.005799,0.231949,0.822109,1.247405,-0.031985,-1.279389,0.929923,-2.472011,0.063385,2.535396,-0.412067,0.535004,-0.013718,-0.548722,-0.770321,2.253533,-0.057783,-2.311315,-0.514704,-3.707074,0.095053,3.802127,-0.224031,0.699968,-0.017948,-0.717916,-0.799383,-0.035013,0.000898,0.035910,0.008670,-0.051353,0.001317,0.052670,0.035665,3.132778,-4.316109,0.114913,0.847603,1.132942,0.222181,-2.714579,-5.733632,1.217788,-1.877538,6.948059,-1.888942,0.000000,0.000000,0.000000,396.970927,302.802985,1
10.458000,2.759616,-0.194353,0.222986,-0.730449,0.018729,0.749179,1.276598,0.643436,-0.016498,-0.659935,0.293808,-1.159147,0.029722,1.188868,-1.839714,-0.226150,0.005799,0.231949,0.891248,1.247405,-0.031985,-1.279389,0.930208,-2.472011,0.063385,2.535396,-0.416587,0.535004,-0.013718,-0.548722,-0.722594,2.253533,-0.057783,-2.311315,-0.576640,-3.707074,0.095053,3.802127,-0.192347,0.699968,-0.017948,-0.717916,-0.730186,-0.035013,0.000898,0.035910,0.047516,-0.051353,0.001317,0.052670,0.019169,2.892398,-4.421392,-0.109755,3.393726,6.151154,1.799476,-2.598506,-5.487506,1.167216,-1.994646,6.601108,-1.632304,0.000000,0.000000,0.000000,397.058708,302.783592,1
10.464000,2.764275,-0.193230,0.220742,-0.759024,0.019462,0.778486,1.142990,0.934201,-0.023954,-0.958155,0.097371,-1.890510,0.048475,1.938984,-1.270035,-0.356086,0.009130,0.365216,0.773436,1.252016,-0.032103,-1.284119,0.733838,-2.681245,0.068750,2.749995,-0.088681,0.444000,-0.011385,-0.455385,-0.700057,2.227905,-0.057126,-2.285030,-0.680044,-3.813013,0.097770,3.910782,0.183443,0.858319,-0.022008,-0.880327,-0.553048,-0.009658,0.000248,0.009905,0.598658,-0.096280,0.002469,0.098749,-0.462746,2.341085,-4.244397,-0.518940,2.986003,5.611128,1.846982,-2.708712,-5.331617,1.049877,-1.964132,5.490371,-1.058969,0.000000,0.000000,0.000000,397.106966,302.786396,1
10.474000,2.762058,-0.193968,0.223243,-0.798729,0.020480,0.819210,1.172297,0.968714,-0.024839,-0.993553,-0.046272,-1.792729,0.045967,1.838697,-1.203647,-0.387362,0.009932,0.397295,0.812401,1.333129,-0.034183,-1.367312,0.689333,-2.702107,0.069285,2.771391,-0.187799,0.425091,-0.010900,-0.435991,-0.675989,2.258361,-0.057907,-2.316267,-0.720462,-3.719284,0.095366,3.814650,0.062450,0.852702,-0.021864,-0.874567,-0.574651,0.056258,-0.001443,-0.057700,0.514528,-0.072991,0.001872,0.074862,-0.513047,2.388231,-4.495255,-0.599199,2.968236,5.642165,1.690395,-2.594420,-5.245210,0.992059,-2.035659,5.573544,-1.019518,0.000000,0.000000,0.000000,397.184742,302.789288,1
10.482000,2.765475,-0.190270,0.225644,-0.737932,0.018921,0.756853,0.821805,0.969770,-0.024866,-0.994636,-0.052023,-2.034506,0.052167,2.086672,-1.245346,-0.362510,0.009295,0.371805,0.487098,1.276087,-0.032720,-1.308807,0.417789,-2.804719,0.071916,2.876635,-0.268218,0.454486,-0.011653,-0.466140,-0.642049,2.074619,-0.053195,-2.127815,-0.822275,-3.581696,0.091838,3.673534,0.249815,0.828840,-0.021252,-0.850092,-0.545315,0.107176,-0.002748,-0.109925,0.576520,-0.516535,0.013244,0.529779,-0.851694,2.284507,-4.704398,-0.731885,2.425608,4.696409,1.309272,-2.824962,-5.401918,0.740630,-1.809059,4.924594,-0.957808,0.000000,0.000000,0.000000,397.254475,302.788115,1
10.492000,2.765210,-0.189982,0.224898,-0.737932,0.018921,0.756853,0.805046,0.969770,-0.024866,-0.994636,-0.149808,-2.034506,0.052167,2.086672,-1.171320,-0.362510,0.009295,0.371805,0.467523,1.276087,-0.032720,-1.308807,0.401745,-2.804719,0.071916,2.876635,-0.338353,0.454486,-0.011653,-0.466140,-0.645939,2.074619,-0.053195,-2.127815,-0.838559,-3.581696,0.091838,3.673534,0.167918,0.828840,-0.021252,-0.850092,-0.565166,0.107176,-0.002748,-0.109925,0.497300,-0.516535,0.013244,0.529779,-0.844220,2.253491,-4.845469,-0.816267,2.368763,4.450313,1.202651,-2.792088,-5.300115,0.715168,-1.785636,4.992833,-1.020444,0.000000,0.000000,0.000000,397.340075,302.784812,1
10.498000,2.777803,-0.171732,0.223653,-0.957177,0.024543,0.981720,-0.323417,1.138666,-0.029197,-1.167863,0.578626,-5.122782,0.131353,5.254135,1.343913,-1.001811,0.025687,1.027498,1.363435,0.402333,-0.010316,-0.412649,0.086612,-3.814597,0.097810,3.912407,1.822878,0.073532,-0.001885,-0.075418,0.128858,1.406586,-0.036066,-1.442653,0.933585,-4.581494,0.117474,4.698968,0.766201,-0.207791,0.005328,0.213119,1.263248,1.174701,-0.030121,-1.204821,-0.584417,-6.946053,0.178104,7.124157,4.554236,-0.414208,-1.428584,-0.986098,0.000000,0.000000,0.000000,-2.766696,-4.711563,1.669217,-3.077753,15.545547,-5.333496,0.000000,0.000000,0.000000,397.670065,303.086174,1
10.508000,2.778559,-0.169552,0.222157,-0.957177,0.024543,0.981720,0.231340,1.138666,-0.029197,-1.167863,0.438924,-5.122782,0.131353,5.254135,0.810279,-1.001811,0.025687,1.027498,1.202408,0.402333,-0.010316,-0.412649,-0.045772,-3.814597,0.097810,3.912407,1.472194,0.073532,-0.001885,-0.075418,0.500315,1.406586,-0.036066,-1.442653,1.058241,-4.581494,0.117474,4.698968,-0.079448,-0.207791,0.005328,0.213119,0.812147,1.174701,-0.030121,-1.204821,-0.574859,-6.946053,0.178104,7.124157,3.945599,2.770741,-7.085230,-2.008793,0.000000,0.000000,0.000000,-2.794046,-5.120909,2.081236,-2.332269,13.252676,-4.900685,0.000000,0.000000,0.000000,398.099302,303.466404,1
10.514000,2.772573,-0.187460,0.233016,-0.884772,0.022686,0.907458,0.155107,0.368892,-0.009459,-0.378351,0.691279,-3.584070,0.091899,3.675969,-0.572057,-0.145042,0.003719,0.148761,1.115195,0.717523,-0.018398,-0.735921,-0.909870,-3.292660,0.084427,3.377088,-0.320111,0.043520,-0.001116,-0.044636,0.030596,1.059369,-0.027163,-1.086533,-0.950723,-1.774185,0.045492,1.819677,0.144236,0.400787,-0.010277,-0.411063,0.369267,0.980951,-0.025153,-1.006104,1.465380,-5.857945,0.150204,6.008149,-1.709890,0.000000,0.000000,0.000000,7.576268,19.395497,5.902113,-5.605134,-7.986315,0.274535,0.000000,0.000000,0.000000,0.000000,0.000000,0.000000,398.205009,303.387957,1
10.524000,2.772259,-0.187264,0.231534,-0.884772,0.022686,0.907458,-0.209626,0.368892,-0.009459,-0.378351,0.583706,-3.584070,0.091899,3.675969,-1.069157,-0.145042,0.003719,0.148761,0.525842,0.717523,-0.018398,-0.735921,-0.960418,-3.292660,0.084427,3.377088,0.670682,0.043520,-0.001116,-0.044636,0.285377,1.059369,-0.027163,-1.086533,-0.980969,-1.774185,0.045492,1.819677,0.558052,0.400787,-0.010277,-0.411063,0.121180,0.980951,-0.025153,-1.006104,1.164866,-5.857945,0.150204,6.008149,-2.286503,0.000000,0.000000,0.000000,5.865911,14.860807,4.561726,-5.970190,-8.683354,0.386342,0.000000,0.000000,0.000000,0.000000,0.000000,0.000000,398.449456,303.246136,1
10.530000,2.816019,-0.167722,0.255628,-1.487068,0.038130,1.525197,-0.261351,-0.823099,0.021105,0.844204,0.324938,-1.394678,0.035761,1.430439,0.365880,-0.072048,0.001847,0.073895,0.726366,0.241391,-0.006190,-0.247581,-0.285708,0.236565,-0.006066,-0.242630,-0.489030,1.846309,-0.047341,-1.893650,-0.678071,1.026063,-0.026309,-1.052373,-0.725742,8.571603,-0.219785,-8.791388,-4.155777,-1.079134,0.027670,1.106805,-0.091069,-0.521338,0.013368,0.534705,0.247410,-2.508740,0.064327,2.573067,0.424018,0.000000,0.000000,0.000000,1.658761,5.341163,1.533429,-3.065843,-2.199057,-0.687108,0.000000,0.000000,0.000000,0.000000,0.000000,0.000000,398.697534,303.488221,1
10.540000,2.817682,-0.167092,0.255538,-1.487068,0.038130,1.525197,-0.099731,-0.823099,0.021105,0.844204,0.460673,-1.394678,0.035761,1.430439,0.047901,-0.072048,0.001847,0.073895,0.471738,0.241391,-0.006190,-0.247581,-0.192125,0.236565,-0.006066,-0.242630,-0.262529,1.846309,-0.047341,-1.893650,-0.793481,1.026063,-0.026309,-1.052373,-0.654407,8.571603,-0.219785,-8.791388,-4.183496,-1.079134,0.027670,1.106805,0.082842,-0.521338,0.013368,0.534705,0.403656,-2.508740,0.064327,2.573067,-0.017727,0.000000,0.000000,0.000000,2.219976,6.432282,1.687017,-3.111386,-3.122700,-0.126372,0.000000,0.000000,0.000000,0.000000,0.000000,0.000000,399.098322,303.885054,1
10.546000,2.841772,-0.168963,0.254119,0.323594,-0.008297,-0.331891,-0.232197,-1.325922,0.033998,1.359920,1.267166,-0.270476,0.006935,0.277411,-0.745915,-0.008750,0.000224,0.008974,-0.148566,0.408509,-0.010475,-0.418984,-0.303679,0.000101,-0.000003,-0.000104,0.294049,-0.339352,0.008701,0.348053,0.716271,0.263613,-0.006759,-0.270372,-0.210251,-1.108766,0.028430,1.137196,0.687905,0.681518,-0.017475,-0.698993,-0.321141,-1.534932,0.039357,1.574290,0.442709,-1.566928,0.040178,1.607106,0.791152,0.000000,0.000000,0.000000,1.883219,3.618884,0.449522,-2.385697,-3.330918,0.329726,0.000000,0.000000,0.000000,0.000000,0.000000,0.000000,399.130825,303.915058,1
10.556000,2.846285,-0.169041,0.253080,0.323594,-0.008297,-0.331891,-0.171737,-1.325922,0.033998,1.359920,1.516681,-0.270476,0.006935,0.277411,-1.100754,-0.008750,0.000224,0.008974,-0.121608,0.408509,-0.010475,-0.418984,-0.243446,0.000101,-0.000003,-0.000104,0.158910,-0.339352,0.008701,0.348053,0.673613,0.263613,-0.006759,-0.270372,-0.149635,-1.108766,0.028430,1.137196,0.596129,0.681518,-0.017475,-0.698993,-0.292816,-1.534932,0.039357,1.574290,0.728885,-1.566928,0.040178,1.607106,0.247352,0.000000,0.000000,0.000000,2.375901,4.712021,0.575622,-2.798723,-3.984349,0.471684,0.000000,0.000000,0.000000,0.000000,0.000000,0.000000,399.183130,303.961234,1
10.562000,2.816043,-0.178573,0.240887,0.620922,-0.015921,-0.636844,-0.756575,-0.217054,0.005565,0.222620,1.609946,-0.640492,0.016423,0.656915,-1.585634,-0.289973,0.007435,0.297408,-0.113971,0.279448,-0.007165,-0.286613,-0.276392,1.936600,-0.049656,-1.986256,-0.758416,0.804898,-0.020638,-0.825536,-0.013616,-0.560227,0.014365,0.574592,0.166506,-0.803654,0.020607,0.824260,0.420891,0.634610,-0.016272,-0.650882,0.402645,-0.164676,0.004222,0.168898,0.309681,-1.166886,0.029920,1.196806,-0.955573,0.000000,0.000000,0.000000,2.985726,6.419708,1.063097,-3.417494,-5.786626,1.072390,0.000000,0.000000,0.000000,0.000000,0.000000,0.000000,399.215610,303.963938,1
10.572000,2.817565,-0.178106,0.238112,0.620922,-0.015921,-0.636844,-0.821554,-0.217054,0.005565,0.222620,1.731633,-0.640492,0.016423,0.656915,-1.827612,-0.289973,0.007435,0.297408,-0.101807,0.279448,-0.007165,-0.286613,-0.242401,1.936600,-0.049656,-1.986256,-0.806529,0.804898,-0.020638,-0.825536,-0.011167,-0.560227,0.014365,0.574592,0.124531,-0.803654,0.020607,0.824260,0.415029,0.634610,-0.016272,-0.650882,0.414652,-0.164676,0.004222,0.168898,0.329517,-1.166886,0.029920,1.196806,-1.178638,0.000000,0.000000,0.000000,3.073809,6.810151,1.169968,-3.556485,-6.080507,1.199332,0.000000,0.000000,0.000000,0.000000,0.000000,0.000000,399.275310,303.965411,1
10.578000,2.824146,-0.198410,0.246159,-0.243059,0.006232,0.249291,-0.128250,-0.237523,0.006090,0.243614,1.442940,0.179442,-0.004601,-0.184043,-2.073497,0.008746,-0.000224,-0.008970,-0.496752,-0.000811,0.000021,0.000832,-0.099442,1.138991,-0.029205,-1.168196,-0.233486,-0.563132,0.014439,0.577572,1.152859,-0.591366,0.015163,0.606529,0.378718,-3.078622,0.078939,3.157561,1.554006,-0.172055,0.004412,0.176466,0.360003,0.280367,-0.007189,-0.287556,0.352655,-1.010416,0.025908,1.036324,-0.698957,0.000000,0.000000,0.000000,2.635678,6.256146,2.035405,-3.359291,-5.936731,0.271149,0.000000,0.000000,0.000000,0.000000,0.000000,0.000000,399.321714,304.001522,1
10.588000,2.825174,-0.199326,0.243577,-0.243059,0.006232,0.249291,-0.064773,-0.237523,0.006090,0.243614,1.517254,0.179442,-0.004601,-0.184043,-2.319869,0.008746,-0.000224,-0.008970,-0.411778,-0.000811,0.000021,0.000832,-0.067833,1.138991,-0.029205,-1.168196,-0.340182,-0.563132,0.014439,0.577572,1.144249,-0.591366,0.015163,0.606529,0.220403,-3.078622,0.078939,3.157561,1.582162,-0.172055,0.004412,0.176466,0.481925,0.280367,-0.007189,-0.287556,0.359440,-1.010416,0.025908,1.036324,-0.957092,0.000000,0.000000,0.000000,2.845424,6.626282,2.157548,-3.476512,-6.308060,0.356536,0.000000,0.000000,0.000000,0.000000,0.000000,0.000000,399.403559,304.061139,1
10.592000,2.826030,-0.189428,0.233597,0.003273,-0.000084,-0.003357,-0.246909,0.151562,-0.003886,-0.155448,1.458329,-0.697969,0.017897,0.715866,-2.135909,-0.223526,0.005731,0.229257,-0.153456,-0.037984,0.000974,0.038957,-0.084672,3.901465,-0.100038,-4.001502,-1.199406,1.402544,-0.035963,-1.438507,-0.082067,-0.220505,0.005654,0.226159,-0.009806,1.616343,-0.041445,-1.657788,-0.216616,0.192831,-0.004944,-0.197775,0.455477,0.162018,-0.004154,-0.166172,0.368726,-1.141211,0.029262,1.170473,-1.280737,0.000000,0.000000,0.000000,3.447702,7.046870,1.600793,-4.282350,-6.556433,0.795853,0.000000,0.000000,0.000000,0.000000,0.000000,0.000000,399.438456,304.068461,1
10.602000,2.826918,-0.189285,0.230576,0.003273,-0.000084,-0.003357,-0.278057,0.151562,-0.003886,-0.155448,1.528734,-0.697969,0.017897,0.715866,-2.321423,-0.223526,0.005731,0.229257,-0.161754,-0.037984,0.000974,0.038957,-0.080258,3.901465,-0.100038,-4.001502,-1.546915,1.402544,-0.035963,-1.438507,-0.181882,-0.220505,0.005654,0.226159,-0.025727,1.616343,-0.041445,-1.657788,-0.430651,0.192831,-0.004944,-0.197775,0.500773,0.162018,-0.004154,-0.166172,0.349659,-1.141211,0.029262,1.170473,-1.465724,0.000000,0.000000,0.000000,3.571129,7.268945,1.641210,-4.381345,-6.734526,0.860955,0.000000,0.000000,0.000000,0.000000,0.000000,0.000000,399.548303,304.101943,1
10.606000,2.822660,-0.188590,0.225898,0.002641,-0.000068,-0.002709,-0.276425,0.127196,-0.003261,-0.130458,1.460397,-0.762572,0.019553,0.782125,-2.430197,-0.385511,0.009885,0.395395,-0.083544,-0.033968,0.000871,0.034839,-0.081712,4.296603,-0.110169,-4.406773,-1.748756,1.402059,-0.035950,-1.438009,-0.206938,-0.185172,0.004748,0.189920,-0.025011,1.549479,-0.039730,-1.589209,-0.436572,0.202424,-0.005190,-0.207614,0.547064,0.134399,-0.003446,-0.137845,0.265332,-1.233696,0.031633,1.265329,-1.580195,0.000000,0.000000,0.000000,3.679377,7.195537,1.645652,-4.374558,-6.898178,0.807490,0.000000,0.000000,0.000000,0.000000,0.000000,0.000000,399.600223,304.119611,1
10.616000,2.823215,-0.188324,0.222905,0.002188,-0.000056,-0.002244,-0.321967,0.126099,-0.003233,-0.129333,1.505879,-0.787713,0.020198,0.807911,-2.532051,-0.434104,0.011131,0.445235,-0.021128,-0.034009,0.000872,0.034881,-0.058916,4.421332,-0.113367,-4.534699,-1.968278,1.441580,-0.036964,-1.478543,-0.301406,-0.184503,0.004731,0.189234,-0.020412,1.665551,-0.042706,-1.708257,-0.572946,0.205912,-0.005280,-0.211192,0.590884,0.123807,-0.003175,-0.126982,0.241354,-1.251085,0.032079,1.283164,-1.726886,0.000000,0.000000,0.000000,3.753494,7.311022,1.660622,-4.423934,-6.976222,0.845157,0.000000,0.000000,0.000000,0.000000,0.000000,0.000000,399.750001,304.176847,1
10.620000,2.836902,-0.187129,0.232966,-0.155577,0.003989,0.159566,-0.124289,-0.003062,0.000079,0.003140,1.285627,-1.273041,0.032642,1.305683,-1.970581,-0.308674,0.007915,0.316589,-0.082299,-0.014024,0.000360,0.014384,-0.063993,1.834009,-0.047026,-1.881035,-0.865848,-0.636460,0.016319,0.652780,0.578644,-0.137411,0.003523,0.140934,-0.012191,-2.201864,0.056458,2.258323,0.950073,-0.285861,0.007330,0.293190,0.544416,0.309350,-0.007932,-0.317282,0.263489,-1.999125,0.051260,2.050385,-1.058925,0.000000,0.000000,0.000000,3.642833,7.225831,1.582322,-4.252111,-6.481191,0.822933,0.000000,0.000000,0.000000,0.000000,0.000000,0.000000,399.786768,304.174605,1
10.630000,2.837892,-0.187271,0.230179,-0.168890,0.004331,0.173221,-0.080633,0.010493,-0.000269,-0.010762,1.336306,-1.276285,0.032725,1.309010,-2.080027,-0.310787,0.007969,0.318756,-0.049649,-0.014144,0.000363,0.014507,-0.065526,1.856128,-0.047593,-1.903721,-0.826113,-0.591374,0.015163,0.606538,0.765463,-0.136347,0.003496,0.139844,-0.002248,-2.055471,0.052704,2.108176,0.978428,-0.298960,0.007666,0.306625,0.700179,0.322113,-0.008259,-0.330373,0.233568,-2.001210,0.051313,2.052524,-1.218353,0.000000,0.000000,0.000000,3.772877,7.424172,1.606575,-4.324512,-6.645870,0.890868,0.000000,0.000000,0.000000,0.000000,0.000000,0.000000,399.883373,304.164288,1
10.634000,2.865206,-0.180532,0.232468,0.100777,-0.002584,-0.103361,-0.356462,0.364107,-0.009336,-0.373443,1.543414,-1.961232,0.050288,2.011519,-1.514204,0.712242,-0.018263,-0.730505,-0.399122,-0.007751,0.000199,0.007950,-0.052223,0.487763,-0.012507,-0.500270,-0.059017,-0.931629,0.023888,0.955517,1.232855,-0.087667,0.002248,0.089914,-0.027291,-1.753918,0.044972,1.798891,0.978447,-0.305689,0.007838,0.313528,0.839375,0.727855,-0.018663,-0.746518,0.055229,-2.464118,0.063183,2.527301,-0.569531,0.299203,-0.646139,-0.107815,3.135660,7.041465,1.133939,-4.056897,-6.049583,1.193651,0.000000,0.000000,0.000000,0.000000,0.000000,0.000000,399.918032,304.158102,1
10.644000,2.867358,-0.179839,0.229820,0.100777,-0.002584,-0.103361,-0.402395,0.364107,-0.009336,-0.373443,1.607215,-1.961232,0.050288,2.011519,-1.568380,0.712242,-0.018263,-0.730505,-0.528290,-0.007751,0.000199,0.007950,-0.100417,0.487763,-0.012507,-0.500270,-0.192821,-0.931629,0.023888,0.955517,1.291423,-0.087667,0.002248,0.089914,-0.021212,-1.753918,0.044972,1.798891,0.930819,-0.305689,0.007838,0.313528,0.895280,0.727855,-0.018663,-0.746518,0.053066,-2.464118,0.063183,2.527301,-0.699540,1.498965,-2.516491,-0.212434,3.189621,7.396519,1.228697,-4.210690,-6.068517,1.173938,0.000000,0.000000,0.000000,0.000000,0.000000,0.000000,400.010816,304.139580,1
10.648000,2.852394,-0.190187,0.226674,-0.018400,0.000472,0.018871,-0.359236,0.910865,-0.023356,-0.934220,1.173506,-2.399101,0.061515,2.460617,-1.307859,0.516775,-0.013251,-0.530025,-0.768272,0.033676,-0.000863,-0.034539,-0.049093,1.470209,-0.037698,-1.507907,-0.358793,-0.405892,0.010407,0.416300,1.257443,-0.055518,0.001424,0.056941,-0.032505,-0.368946,0.009460,0.378406,0.395856,-0.559562,0.014348,0.573910,1.024694,1.461836,-0.037483,-1.499319,-0.485080,-3.110365,0.079753,3.190118,-0.332115,0.172888,-0.276295,0.007820,2.954330,6.138846,1.416420,-4.017078,-6.175345,0.779468,-0.065830,0.106918,-0.020020,0.000000,0.000000,0.000000,400.044101,304.129804,1
10.658000,2.853292,-0.190056,0.224298,-0.018400,0.000472,0.018871,-0.363084,0.910865,-0.023356,-0.934220,1.239221,-2.399101,0.061515,2.460617,-1.386490,0.516775,-0.013251,-0.530025,-0.749661,0.033676,-0.000863,-0.034539,-0.061472,1.470209,-0.037698,-1.507907,-0.527108,-0.405892,0.010407,0.416300,1.165691,-0.055518,0.001424,0.056941,-0.029710,-0.368946,0.009460,0.378406,0.279042,-0.559562,0.014348,0.573910,1.115905,1.461836,-0.037483,-1.499319,-0.471895,-3.110365,0.079753,3.190118,-0.506664,0.587621,-1.036146,-0.050652,3.116861,6.639265,1.579911,-4.098384,-6.348462,0.848240,-0.138655,0.359805,-0.117620,0.000000,0.000000,0.000000,400.137374,304.099193,1
10.662000,2.873794,-0.181346,0.227835,-0.671754,0.017224,0.688979,-0.058439,1.690330,-0.043342,-1.733671,0.908841,-1.907245,0.048904,1.956149,-1.265318,1.009234,-0.025878,-1.035112,-0.678881,0.123579,-0.003169,-0.126748,-0.344678,0.481953,-0.012358,-0.494311,-0.605834,-0.481516,0.012347,0.493862,1.259388,-0.049350,0.001265,0.050615,-0.025811,-0.036278,0.000930,0.037208,0.288939,-1.445457,0.037063,1.482520,1.443436,3.071032,-0.078744,-3.149776,-0.971505,-3.794606,0.097298,3.891903,0.148881,4.075180,-7.627355,0.271789,2.992818,7.829667,1.722575,-4.771983,-4.964362,0.045062,-0.000063,0.000457,-0.000221,0.000000,0.000000,0.000000,400.183575,304.112655,1
10.672000,2.895288,-0.174451,0.238677,-0.275740,0.007070,0.282810,-0.127225,1.262599,-0.032374,-1.294973,0.982648,-2.374609,0.060887,2.435497,-1.099280,0.933417,-0.023934,-0.957351,-0.433308,0.111304,-0.002854,-0.114158,0.004651,0.084120,-0.002157,-0.086277,-0.548384,-0.717920,0.018408,0.736328,1.225117,-0.053321,0.001367,0.054688,-0.026477,-0.107796,0.002764,0.110560,0.175531,-0.984771,0.025251,1.010022,0.723652,2.214612,-0.056785,-2.271397,-0.262658,-3.585553,0.091937,3.677491,0.105117,3.540575,-7.060066,0.436871,3.264565,8.057843,1.015371,-5.095626,-5.107428,0.802417,0.000000,0.000000,0.000000,0.000000,0.000000,0.000000,400.254430,304.103755,1
10.682000,2.876416,-0.187923,0.229475,-0.465113,0.011926,0.477039,0.022165,1.406519,-0.036065,-1.442584,1.032639,-1.941583,0.049784,1.991367,-1.411872,0.585008,-0.015000,-0.600009,-0.981665,0.700672,-0.017966,-0.718638,-0.417290,-0.480647,0.012324,0.492971,0.088903,-0.451004,0.011564,0.462568,1.113193,-0.045202,0.001159,0.046362,-0.045206,-0.038785,0.000994,0.039780,0.101176,-1.249667,0.032043,1.281710,1.484187,2.822631,-0.072375,-2.895006,-0.715996,-3.894243,0.099852,3.994095,-0.342863,4.345844,-6.905412,0.849337,3.156271,7.570374,1.702936,-4.666325,-5.992369,0.405544,0.002426,0.011606,-0.007860,0.000000,0.000000,0.000000,400.365531,304.101401,1
10.692000,2.877418,-0.187645,0.227337,-0.465113,0.011926,0.477039,-0.120362,1.406519,-0.036065,-1.442584,1.129656,-1.941583,0.049784,1.991367,-1.544103,0.585008,-0.015000,-0.600009,-0.582820,0.700672,-0.017966,-0.718638,-0.188138,-0.480647,0.012324,0.492971,-1.251453,-0.451004,0.011564,0.462568,0.984809,-0.045202,0.001159,0.046362,-0.005552,-0.038785,0.000994,0.039780,0.060087,-1.249667,0.032043,1.281710,1.414471,2.822631,-0.072375,-2.895006,-0.785413,-3.894243,0.099852,3.994095,-0.343305,3.233653,-7.750010,-0.590520,2.890530,7.691554,1.962573,-4.927643,-5.666725,0.068651,0.002393,0.040480,-0.023609,0.000000,0.000000,0.000000,400.483329,304.084193,1
10.698000,2.872788,-0.187074,0.223787,-0.188507,0.004834,0.193340,-0.561506,1.347348,-0.034547,-1.381895,0.874228,-2.314187,0.059338,2.373525,-0.798599,0.668433,-0.017139,-0.685572,-0.935535,0.802378,-0.020574,-0.822951,0.173876,-1.146862,0.029407,1.176269,-2.117503,-0.665459,0.017063,0.682522,0.993958,-0.041037,0.001052,0.042089,-0.013747,-0.066381,0.001702,0.068083,0.049591,-0.995656,0.025530,1.021186,1.030407,2.564144,-0.065747,-2.629892,-0.881768,-3.875624,0.099375,3.974999,0.049598,2.214492,-6.247196,-1.092443,2.447521,6.869678,1.934411,-3.822506,-4.094031,-0.156536,-0.259176,0.490102,-0.112253,0.000000,0.000000,0.000000,400.547757,304.078463,1
10.708000,2.872944,-0.187257,0.222507,-0.188507,0.004834,0.193340,-0.606232,1.347348,-0.034547,-1.381895,0.855208,-2.314187,0.059338,2.373525,-0.673168,0.668433,-0.017139,-0.685572,-1.017995,0.802378,-0.020574,-0.822951,0.131105,-1.146862,0.029407,1.176269,-2.025785,-0.665459,0.017063,0.682522,0.951642,-0.041037,0.001052,0.042089,-0.009852,-0.066381,0.001702,0.068083,0.031751,-0.995656,0.025530,1.021186,1.004066,2.564144,-0.065747,-2.629892,-0.816744,-3.875624,0.099375,3.974999,-0.057508,1.989319,-6.027770,-1.193332,2.451597,7.089662,2.066534,-3.696245,-3.982111,-0.144076,-0.412395,0.848291,-0.219903,0.000000,0.000000,0.000000,400.649152,304.067526,1
10.716000,2.860635,-0.204955,0.223135,0.592120,-0.015183,-0.607303,-0.312726,0.912479,-0.023397,-0.935876,0.984505,-3.290038,0.084360,3.374398,1.613755,0.475307,-0.012187,-0.487495,-0.396319,2.254485,-0.057807,-2.312292,0.822234,-5.579889,0.143074,5.722963,1.561885,-1.475860,0.037843,1.513702,0.382870,-0.023319,0.000598,0.023917,0.299496,-0.276227,0.007083,0.283310,0.188472,-0.401292,0.010290,0.411582,1.134689,2.283199,-0.058544,-2.341742,-0.863163,-4.863637,0.124709,4.988346,3.029825,2.068445,-2.204967,0.636276,0.000000,0.000000,0.000000,-0.525716,-0.801321,0.043931,-8.161446,16.060794,-7.421181,0.000000,0.000000,0.000000,400.935808,304.309020,1
10.726000,2.859151,-0.206347,0.221957,0.592120,-0.015183,-0.607303,0.003707,0.912479,-0.023397,-0.935876,0.771197,-3.290038,0.084360,3.374398,1.277564,0.475307,-0.012187,-0.487495,-0.018180,2.254485,-0.057807,-2.312292,0.532792,-5.579889,0.143074,5.722963,1.505485,-1.475860,0.037843,1.513702,-0.026497,-0.023319,0.000598,0.023917,1.542761,-0.276227,0.007083,0.283310,-1.351180,-0.401292,0.010290,0.411582,0.702065,2.283199,-0.058544,-2.341742,-1.077489,-4.863637,0.124709,4.988346,2.700385,3.118948,-3.490675,0.892397,0.497292,1.390265,0.630259,-0.233610,-2.156304,1.030908,-5.315607,13.289507,-6.909595,0.000000,0.000000,0.000000,401.252149,304.577784,1
10.732000,2.926294,-0.235318,0.262806,0.331120,-0.008490,-0.339611,1.015845,-1.088780,0.027917,1.116697,1.120452,-3.171338,0.081316,3.252655,1.204877,0.323894,-0.008305,-0.332199,4.027596,0.609878,-0.015638,-0.625516,0.357632,-5.643474,0.144704,5.788179,1.597746,-0.504996,0.012949,0.517945,3.915017,-0.945160,0.024235,0.969395,0.306671,-4.723798,0.121123,4.844921,2.283189,-10.833825,0.277790,11.111616,4.183503,-4.266246,0.109391,4.375637,1.469595,16.879049,-0.432796,-17.311845,-7.915177,5.017217,-3.646121,2.221247,0.000000,0.000000,0.000000,0.000000,0.000000,0.000000,2.128357,5.316772,-2.611875,0.000000,0.000000,0.000000,402.570074,305.872828,1
10.742000,2.928109,-0.237609,0.265059,0.331120,-0.008490,-0.339611,0.286245,-1.088780,0.027917,1.116697,0.818674,-3.171338,0.081316,3.252655,1.455835,0.323894,-0.008305,-0.332199,3.428576,0.609878,-0.015638,-0.625516,0.468966,-5.643474,0.144704,5.788179,1.452607,-0.504996,0.012949,0.517945,3.586405,-0.945160,0.024235,0.969395,0.729047,-4.723798,0.121123,4.844921,1.561687,-10.833825,0.277790,11.111616,5.631150,-4.266246,0.109391,4.375637,1.556393,16.879049,-0.432796,-17.311845,-8.119417,4.666295,-4.201265,1.665546,0.000000,0.000000,0.000000,0.000000,0.000000,0.000000,0.488982,7.851463,-2.362516,0.000000,0.000000,0.000000,404.926684,308.198848,1
10.748000,2.892279,-0.208875,0.248371,-0.110977,0.002846,0.113822,-0.344227,0.213041,-0.005463,-0.218503,0.120420,-3.070584,0.078733,3.149317,1.265099,1.901967,-0.048768,-1.950736,1.010309,0.381990,-0.009795,-0.391785,0.573250,-2.581888,0.066202,2.648091,0.937737,1.473025,-0.037770,-1.510795,0.299018,-0.955563,0.024502,0.980064,0.683485,-1.114908,0.028587,1.143496,-0.114985,2.534514,-0.064988,-2.599501,-2.734216,-0.310024,0.007949,0.317973,0.011428,-0.301861,0.007740,0.309601,0.427667,3.124723,-1.544249,1.677548,0.000000,0.000000,0.000000,0.000000,0.000000,0.000000,-0.483585,5.279478,-2.102718,0.000000,0.000000,0.000000,405.030035,308.268069,1
10.758000,2.893187,-0.209673,0.247780,-0.110977,0.002846,0.113822,-0.347443,0.213041,-0.005463,-0.218503,0.028763,-3.070584,0.078733,3.149317,1.358547,1.901967,-0.048768,-1.950736,0.597075,0.381990,-0.009795,-0.391785,0.607703,-2.581888,0.066202,2.648091,0.722867,1.473025,-0.037770,-1.510795,-0.098765,-0.955563,0.024502,0.980064,0.780656,-1.114908,0.028587,1.143496,-0.527080,2.534514,-0.064988,-2.599501,-2.961399,-0.310024,0.007949,0.317973,-0.017955,-0.301861,0.007740,0.309601,0.284451,3.345597,-2.603576,1.340549,0.000000,0.000000,0.000000,0.000000,0.000000,0.000000,-0.915465,6.288220,-2.273131,0.000000,0.000000,0.000000,405.199538,308.396430,1
10.762000,2.902761,-0.205473,0.241986,1.234692,-0.031659,-1.266351,-0.216539,-0.459959,0.011794,0.471753,-0.009770,1.752194,-0.044928,-1.797122,-0.395675,0.055493,-0.001423,-0.056916,0.474867,-0.036116,0.000926,0.037042,0.893422,-0.255556,0.006553,0.262109,-0.873307,-0.067998,0.001744,0.069742,-0.063473,0.194932,-0.004998,-0.199931,0.331078,-1.022711,0.026223,1.048934,-0.560405,-0.108837,0.002791,0.111628,-0.136184,0.004877,-0.000125,-0.005002,-0.126897,0.770672,-0.019761,-0.790433,-0.232680,2.441088,-4.071930,0.097860,0.000000,0.000000,0.000000,0.000000,0.000000,0.000000,-2.101674,6.007204,-1.508199,0.000000,0.000000,0.000000,405.208086,308.397505,1
10.772000,2.903738,-0.205870,0.240235,1.234692,-0.031659,-1.266351,-0.383381,-0.459959,0.011794,0.471753,0.005048,1.752194,-0.044928,-1.797122,-0.604286,0.055493,-0.001423,-0.056916,0.414963,-0.036116,0.000926,0.037042,1.016132,-0.255556,0.006553,0.262109,-1.245497,-0.067998,0.001744,0.069742,-0.163747,0.194932,-0.004998,-0.199931,0.340860,-1.022711,0.026223,1.048934,-0.818251,-0.108837,0.002791,0.111628,-0.199602,0.004877,-0.000125,-0.005002,-0.101498,0.770672,-0.019761,-0.790433,-0.234497,2.739118,-4.921109,-0.068369,0.000000,0.000000,0.000000,0.000000,0.000000,0.000000,-2.307624,6.526214,-1.613728,0.000000,0.000000,0.000000,405.239162,308.402377,1
10.778000,2.910043,-0.201479,0.240029,1.029438,-0.026396,-1.055834,-0.046569,-0.159193,0.004082,0.163275,-0.010605,2.078215,-0.053288,-2.131502,-0.367386,-0.161091,0.004131,0.165221,0.345748,-0.179764,0.004609,0.184373,1.121076,-0.935259,0.023981,0.959240,-0.924845,-0.388111,0.009952,0.398063,-0.291532,-0.448285,0.011494,0.459780,0.600908,-0.839856,0.021535,0.861391,-0.919094,-0.606031,0.015539,0.621570,-0.032379,0.150664,-0.003863,-0.154527,-0.075963,1.864674,-0.047812,-1.912486,-0.220533,2.675058,-5.496402,-0.364912,0.000000,0.000000,0.000000,0.000000,0.000000,0.000000,-2.318727,6.119239,-1.435255,0.000000,0.000000,0.000000,405.260898,308.402311,1
10.788000,2.911043,-0.201590,0.237934,1.029438,-0.026396,-1.055834,-0.123918,-0.159193,0.004082,0.163275,-0.039709,2.078215,-0.053288,-2.131502,-0.660492,-0.161091,0.004131,0.165221,0.377248,-0.179764,0.004609,0.184373,1.277029,-0.935259,0.023981,0.959240,-1.319741,-0.388111,0.009952,0.398063,-0.305613,-0.448285,0.011494,0.459780,0.592842,-0.839856,0.021535,0.861391,-1.141749,-0.606031,0.015539,0.621570,0.008541,0.150664,-0.003863,-0.154527,-0.068344,1.864674,-0.047812,-1.912486,-0.520354,2.922940,-6.198929,-0.505645,0.000000,0.000000,0.000000,0.000000,0.000000,0.000000,-2.476358,6.569039,-1.547854,0.000000,0.000000,0.000000,405.315874,308.409736,1
10.790000,2.918175,-0.206559,0.240385,0.948942,-0.024332,-0.973274,-0.119542,-0.093289,0.002392,0.095681,-0.029339,2.325544,-0.059629,-2.385174,-0.761952,-0.014936,0.000383,0.015319,0.293589,0.032746,-0.000840,-0.033586,1.179679,-0.797646,0.020452,0.818099,-1.474283,-0.186609,0.004785,0.191394,-0.177617,-0.109262,0.002802,0.112063,0.492888,-0.894064,0.022925,0.916989,-0.890828,-0.368688,0.009454,0.378142,-0.095110,0.083939,-0.002152,-0.086091,-0.043366,1.295335,-0.033214,-1.328549,-0.276259,3.027169,-5.997516,-0.464625,0.000000,0.000000,0.000000,0.000000,0.000000,0.000000,-2.431386,6.694052,-1.473523,0.000000,0.000000,0.000000,405.324873,308.410194,1
10.800000,2.919352,-0.207001,0.238081,0.948942,-0.024332,-0.973274,-0.177436,-0.093289,0.002392,0.095681,-0.034246,2.325544,-0.059629,-2.385174,-0.913887,-0.014936,0.000383,0.015319,0.279193,0.032746,-0.000840,-0.033586,1.292939,-0.797646,0.020452,0.818099,-1.759677,-0.186609,0.004785,0.191394,-0.247044,-0.109262,0.002802,0.112063,0.521620,-0.894064,0.022925,0.916989,-1.139372,-0.368688,0.009454,0.378142,-0.106121,0.083939,-0.002152,-0.086091,-0.047358,1.295335,-0.033214,-1.328549,-0.383398,3.200922,-6.467550,-0.583318,0.000000,0.000000,0.000000,0.000000,0.000000,0.000000,-2.604263,7.174841,-1.568188,0.000000,0.000000,0.000000,405.380345,308.413296,1
10.806000,2.922950,-0.208758,0.237124,0.760222,-0.019493,-0.779715,-0.186230,-0.056511,0.001449,0.057960,-0.023498,2.276660,-0.058376,-2.335036,-0.985130,0.012637,-0.000324,-0.012961,0.338227,0.037405,-0.000959,-0.038364,1.288450,-0.732715,0.018788,0.751503,-1.732826,-0.119857,0.003073,0.122930,-0.319025,-0.014681,0.000376,0.015057,0.403642,-0.950319,0.024367,0.974686,-1.054904,-0.307778,0.007892,0.315669,-0.075612,-0.066643,0.001709,0.068352,-0.013149,0.505970,-0.012974,-0.518943,-0.054436,3.124834,-6.238984,-0.413477,0.000000,0.000000,0.000000,0.000000,0.000000,0.000000,-2.505489,6.923766,-1.533165,0.000000,0.000000,0.000000,405.409921,308.413477,1
10.816000,2.923978,-0.209184,0.234504,0.760222,-0.019493,-0.779715,-0.169899,-0.056511,0.001449,0.057960,-0.026138,2.276660,-0.058376,-2.335036,-1.003624,0.012637,-0.000324,-0.012961,0.340966,0.037405,-0.000959,-0.038364,1.382707,-0.732715,0.018788,0.751503,-1.965279,-0.119857,0.003073,0.122930,-0.380781,-0.014681,0.000376,0.015057,0.424394,-0.950319,0.024367,0.974686,-1.285346,-0.307778,0.007892,0.315669,-0.103748,-0.066643,0.001709,0.068352,-0.011445,0.505970,-0.012974,-0.518943,-0.064204,3.249162,-6.608683,-0.517408,0.000000,0.000000,0.000000,0.000000,0.000000,0.000000,-2.635002,7.292208,-1.608286,0.000000,0.000000,0.000000,405.463769,308.409943,1
10.820000,2.953192,-0.233255,0.237887,0.181501,-0.004654,-0.186155,0.012739,-0.009526,0.000244,0.009771,-0.033075,1.274317,-0.032675,-1.306992,-0.559997,0.120803,-0.003098,-0.123901,0.447833,-0.078959,0.002025,0.080984,1.145688,-0.695445,0.017832,0.713277,-0.871242,-0.068601,0.001759,0.070360,-0.147144,-0.107024,0.002744,0.109768,0.542112,-1.041248,0.026699,1.067947,-0.580575,0.054892,-0.001407,-0.056300,-0.214752,-0.027754,0.000712,0.028466,-0.036613,-1.243325,0.031880,1.275206,0.497709,2.874090,-4.426137,-0.516612,0.000000,0.000000,0.000000,0.000000,0.000000,0.000000,-1.984000,6.488605,-0.761356,0.000000,0.000000,0.000000,405.475137,308.410823,1
10.830000,2.955534,-0.234947,0.235655,0.181501,-0.004654,-0.186155,0.016588,-0.009526,0.000244,0.009771,-0.038457,1.274317,-0.032675,-1.306992,-0.547583,0.120803,-0.003098,-0.123901,0.444122,-0.078959,0.002025,0.080984,1.281018,-0.695445,0.017832,0.713277,-1.195195,-0.068601,0.001759,0.070360,-0.195573,-0.107024,0.002744,0.109768,0.576544,-1.041248,0.026699,1.067947,-0.835517,0.054892,-0.001407,-0.056300,-0.301676,-0.027754,0.000712,0.028466,-0.041905,-1.243325,0.031880,1.275206,0.558307,3.072726,-5.012637,-0.780801,0.000000,0.000000,0.000000,0.000000,0.000000,0.000000,-2.160211,7.115565,-0.781218,0.000000,0.000000,0.000000,405.509436,308.408757,1
10.832000,2.937162,-0.206513,0.236425,0.759431,-0.019473,-0.778904,-0.015677,-0.012788,0.000328,0.013116,-0.053810,2.189097,-0.056131,-2.245228,-0.716903,-0.039864,0.001022,0.040887,0.214269,0.063509,-0.001628,-0.065137,1.351076,-0.654146,0.016773,0.670919,-1.939809,-0.214762,0.005507,0.220269,-0.236843,-0.081977,0.002102,0.084079,0.533317,-0.746263,0.019135,0.765398,-1.053727,-0.499055,0.012796,0.511851,-0.141843,-0.013128,0.000337,0.013464,-0.026738,0.561727,-0.014403,-0.576131,0.075017,3.275988,-6.566484,-0.469116,0.000000,0.000000,0.000000,0.000000,0.000000,0.000000,-2.641764,6.952827,-1.716412,0.000000,0.000000,0.000000,405.517516,308.407378,1
10.842000,2.938176,-0.206626,0.233726,0.759431,-0.019473,-0.778904,-0.023899,-0.012788,0.000328,0.013116,-0.045849,2.189097,-0.056131,-2.245228,-0.854268,-0.039864,0.001022,0.040887,0.225249,0.063509,-0.001628,-0.065137,1.438652,-0.654146,0.016773,0.670919,-2.160316,-0.214762,0.005507,0.220269,-0.295070,-0.081977,0.002102,0.084079,0.559185,-0.746263,0.019135,0.765398,-1.289107,-0.499055,0.012796,0.511851,-0.098343,-0.013128,0.000337,0.013464,-0.025434,0.561727,-0.014403,-0.576131,-0.014392,3.402431,-6.887899,-0.542497,0.000000,0.000000,0.000000,0.000000,0.000000,0.000000,-2.803650,7.338051,-1.802631,0.000000,0.000000,0.000000,405.563989,308.400929,1
10.848000,2.945830,-0.217514,0.230940,0.586503,-0.015039,-0.601541,-0.031732,-0.011166,0.000286,0.011452,-0.036113,1.814105,-0.046516,-1.860620,-0.756561,0.080380,-0.002061,-0.082441,0.534837,0.098177,-0.002517,-0.100694,1.541977,-0.513662,0.013171,0.526833,-1.842471,-0.052557,0.001348,0.053905,-0.482082,0.096189,-0.002466,-0.098655,0.369876,-0.788515,0.020218,0.808733,-1.267942,-0.261796,0.006713,0.268509,-0.218226,-0.023834,0.000611,0.024445,-0.025194,-0.458660,0.011761,0.470420,0.245737,3.291117,-6.070081,-0.673301,0.000000,0.000000,0.000000,0.000000,0.000000,0.000000,-2.332835,7.167727,-1.485774,0.000000,0.000000,0.000000,405.587148,308.396278,1
10.858000,2.946971,-0.218293,0.227806,0.586503,-0.015039,-0.601541,-0.015229,-0.011166,0.000286,0.011452,-0.043928,1.814105,-0.046516,-1.860620,-0.772546,0.080380,-0.002061,-0.082441,0.547627,0.098177,-0.002517,-0.100694,1.624535,-0.513662,0.013171,0.526833,-2.026507,-0.052557,0.001348,0.053905,-0.554470,0.096189,-0.002466,-0.098655,0.368649,-0.788515,0.020218,0.808733,-1.479203,-0.261796,0.006713,0.268509,-0.233872,-0.023834,0.000611,0.024445,-0.029307,-0.458660,0.011761,0.470420,0.235743,3.370611,-6.337240,-0.800200,0.000000,0.000000,0.000000,0.000000,0.000000,0.000000,-2.425597,7.452753,-1.524876,0.000000,0.000000,0.000000,405.628752,308.385824,1
10.860000,2.972124,-0.223211,0.237598,0.232518,-0.005962,-0.238480,0.024613,-0.165522,0.004244,0.169766,-0.001894,1.230067,-0.031540,-1.261607,-0.280720,0.265863,-0.006817,-0.272680,0.350530,0.135881,-0.003484,-0.139365,1.467797,-0.214830,0.005508,0.220338,-1.941021,0.126880,-0.003253,-0.130133,-0.009516,0.339589,-0.008707,-0.348296,0.515262,-0.883421,0.022652,0.906073,-0.691823,0.002633,-0.000068,-0.002700,-1.028436,-0.046562,0.001194,0.047756,-0.059579,-2.157331,0.055316,2.212647,1.143263,3.639091,-5.654801,-0.442592,0.000000,0.000000,0.000000,0.000000,0.000000,0.000000,-2.294949,7.394891,-1.273520,0.000000,0.000000,0.000000,405.637614,308.388513,1
10.870000,2.974285,-0.224281,0.234818,0.232518,-0.005962,-0.238480,0.009353,-0.165522,0.004244,0.169766,-0.018435,1.230067,-0.031540,-1.261607,-0.395279,0.265863,-0.006817,-0.272680,0.301803,0.135881,-0.003484,-0.139365,1.558678,-0.214830,0.005508,0.220338,-2.151854,0.126880,-0.003253,-0.130133,-0.101049,0.339589,-0.008707,-0.348296,0.574208,-0.883421,0.022652,0.906073,-0.942406,0.002633,-0.000068,-0.002700,-0.928390,-0.046562,0.001194,0.047756,-0.060543,-2.157331,0.055316,2.212647,1.126320,3.749882,-5.985910,-0.604372,0.000000,0.000000,0.000000,0.000000,0.000000,0.000000,-2.539848,7.947401,-1.262625,0.000000,0.000000,0.000000,405.686037,308.400220,1
10.876000,2.964669,-0.211502,0.232025,0.832310,-0.021341,-0.853651,0.303459,0.036326,-0.000931,-0.037257,-0.075686,4.731288,-0.121315,-4.852603,-0.608220,-0.078463,0.002012,0.080475,0.188045,1.288167,-0.033030,-1.321197,1.207955,-2.630444,0.067447,2.697891,-1.795637,0.395697,-0.010146,-0.405843,-0.682559,1.733393,-0.044446,-1.777839,-0.136245,-3.084546,0.079091,3.163636,-0.677931,-0.045597,0.001169,0.046766,-1.102676,-0.015475,0.000397,0.015872,-0.036816,1.410632,-0.036170,-1.446802,0.443351,3.425344,-8.020086,-1.263854,0.000000,0.000000,0.000000,0.000000,0.000000,0.000000,-2.708381,8.009044,-1.818989,0.000000,0.000000,0.000000,405.764195,308.363925,1
10.886000,2.965614,-0.211941,0.229614,0.832310,-0.021341,-0.853651,0.129108,0.036326,-0.000931,-0.037257,-0.080778,4.731288,-0.121315,-4.852603,-1.491125,-0.078463,0.002012,0.080475,0.162725,1.288167,-0.033030,-1.321197,1.223093,-2.630444,0.067447,2.697891,-1.880024,0.395697,-0.010146,-0.405843,-0.804459,1.733393,-0.044446,-1.777839,-0.217561,-3.084546,0.079091,3.163636,-0.776914,-0.045597,0.001169,0.046766,-1.024366,-0.015475,0.000397,0.015872,-0.068230,1.410632,-0.036170,-1.446802,-0.058794,3.517378,-8.076728,-1.262118,0.000000,0.000000,0.000000,0.000000,0.000000,0.000000,-2.762706,8.127226,-1.821218,0.000000,0.000000,0.000000,405.937749,308.351377,1
10.890000,2.966129,-0.211540,0.228833,0.549461,-0.014089,-0.563550,0.264789,0.039941,-0.001024,-0.040965,-0.104802,4.247202,-0.108903,-4.356105,-1.425862,-0.157835,0.004047,0.161882,0.215664,1.279778,-0.032815,-1.312593,1.163445,-2.678746,0.068686,2.747432,-1.783495,0.366791,-0.009405,-0.376196,-0.846484,1.764583,-0.045246,-1.809829,-0.346765,-3.189790,0.081789,3.271579,-0.602747,0.107182,-0.002748,-0.109931,-1.057794,-0.018578,0.000476,0.019054,-0.041355,0.936930,-0.024024,-0.960954,0.089492,3.439031,-7.854047,-1.208913,0.000000,0.000000,0.000000,0.000039,-0.000597,0.000436,-2.757214,7.681172,-1.682797,0.000000,0.000000,0.000000,406.001540,308.346087,1
10.900000,2.966785,-0.211621,0.226012,0.520750,-0.013353,-0.534103,0.168812,0.035880,-0.000920,-0.036800,-0.083539,4.164320,-0.106777,-4.271097,-1.716473,-0.146550,0.003758,0.150308,0.234552,1.270714,-0.032582,-1.303297,1.208000,-2.660469,0.068217,2.728686,-1.843043,0.381387,-0.009779,-0.391167,-0.955393,1.764802,-0.045251,-1.810053,-0.384135,-3.182146,0.081593,3.263739,-0.730933,0.128374,-0.003292,-0.131665,-0.966966,-0.018728,0.000480,0.019208,-0.038035,0.888192,-0.022774,-0.910966,-0.097323,3.454443,-7.873929,-1.218098,0.006183,0.014167,0.005158,0.005736,-0.031932,0.025932,-2.828197,7.894135,-1.751229,0.000000,0.000000,0.000000,406.178885,308.341833,1
10.906000,2.972159,-0.211957,0.227761,-0.119253,0.003058,0.122311,0.638653,0.038250,-0.000981,-0.039230,-0.068633,2.489959,-0.063845,-2.553804,-0.930676,-0.057664,0.001479,0.059143,0.319610,1.431088,-0.036695,-1.467783,1.020515,-2.609651,0.066914,2.676565,-1.475388,0.604100,-0.015490,-0.619589,-0.984635,2.223855,-0.057022,-2.280877,-0.747632,-3.556973,0.091204,3.648178,-0.162885,0.289833,-0.007432,-0.297264,-1.178624,-0.018925,0.000485,0.019410,-0.033170,0.452136,-0.011593,-0.463729,0.112870,3.331120,-6.995749,-0.937400,0.012892,0.012953,0.000840,-0.257942,-0.628963,0.181044,-2.495384,7.207173,-1.560225,0.000000,0.000000,0.000000,406.246303,308.336122,1
10.916000,2.972923,-0.212427,0.225508,-0.119253,0.003058,0.122311,0.580935,0.038250,-0.000981,-0.039230,-0.116237,2.489959,-0.063845,-2.553804,-1.124615,-0.057664,0.001479,0.059143,0.337074,1.431088,-0.036695,-1.467783,1.078178,-2.609651,0.066914,2.676565,-1.530572,0.604100,-0.015490,-0.619589,-1.059755,2.223855,-0.057022,-2.280877,-0.715127,-3.556973,0.091204,3.648178,-0.353584,0.289833,-0.007432,-0.297264,-1.091050,-0.018925,0.000485,0.019410,-0.025621,0.452136,-0.011593,-0.463729,0.038624,3.384765,-7.077848,-0.967468,0.030585,0.055698,0.017587,-0.375707,-1.247111,0.507355,-2.577422,7.714741,-1.728573,0.000000,0.000000,0.000000,406.371975,308.322043,1
10.920000,2.973638,-0.214159,0.225690,-0.093249,0.002391,0.095640,0.630557,0.117732,-0.003019,-0.120751,-0.233283,2.067756,-0.053019,-2.120775,-1.078685,0.010816,-0.000277,-0.011093,0.344784,1.431991,-0.036718,-1.468709,0.994092,-2.450772,0.062840,2.513612,-1.294971,0.710717,-0.018224,-0.728940,-1.184468,2.411437,-0.061832,-2.473269,-0.704368,-3.701741,0.094916,3.796657,-0.466024,0.252083,-0.006464,-0.258547,-1.001065,-0.018626,0.000478,0.019104,-0.012806,0.473608,-0.012144,-0.485752,0.006959,3.517511,-6.542560,-0.642708,0.005239,0.033668,0.017873,-2.112306,-4.230223,0.758660,-2.511551,7.588098,-1.670082,0.000000,0.000000,0.000000,406.418904,308.317037,1
10.930000,2.974219,-0.214662,0.223497,-0.093249,0.002391,0.095640,0.714183,0.117732,-0.003019,-0.120751,0.022038,2.067756,-0.053019,-2.120775,-2.010714,0.010816,-0.000277,-0.011093,0.427525,1.431991,-0.036718,-1.468709,1.061397,-2.450772,0.062840,2.513612,-1.371509,0.710717,-0.018224,-0.728940,-1.163178,2.411437,-0.061832,-2.473269,-0.736032,-3.701741,0.094916,3.796657,-0.508071,0.252083,-0.006464,-0.258547,-0.893264,-0.018626,0.000478,0.019104,-0.003244,0.473608,-0.012144,-0.485752,-0.018068,3.582222,-6.390555,-0.539381,0.015169,0.093841,0.049689,-1.958149,-4.640447,1.169547,-2.407756,7.797573,-1.844959,0.000000,0.000000,0.000000,406.560738,308.320015,1
10.936000,2.986552,-0.216550,0.225705,-0.127023,0.003257,0.130280,0.861791,1.319675,-0.033838,-1.353512,0.165099,-1.246894,0.031972,1.278866,-1.911132,-0.088822,0.002277,0.091100,0.616370,1.253600,-0.032144,-1.285744,0.886046,-2.544062,0.065232,2.609294,-0.723960,0.805514,-0.020654,-0.826168,-0.974113,2.586429,-0.066319,-2.652748,-0.956575,-4.178262,0.107135,4.285397,0.363955,0.758241,-0.019442,-0.777683,-0.858563,-0.018308,0.000469,0.018777,0.025092,-0.539916,0.013844,0.553760,0.330043,3.262119,-4.623442,-0.087332,0.189277,0.234084,0.039157,-3.209747,-6.845123,1.673380,-1.804013,6.523882,-1.480225,0.000000,0.000000,0.000000,406.630441,308.321369,1
10.946000,2.987371,-0.216763,0.224634,-0.127023,0.003257,0.130280,0.971638,1.319675,-0.033838,-1.353512,0.280260,-1.246894,0.031972,1.278866,-2.152694,-0.088822,0.002277,0.091100,0.668053,1.253600,-0.032144,-1.285744,0.895429,-2.544062,0.065232,2.609294,-0.612196,0.805514,-0.020654,-0.826168,-0.914859,2.586429,-0.066319,-2.652748,-0.829972,-4.178262,0.107135,4.285397,0.225786,0.758241,-0.019442,-0.777683,-0.859081,-0.018308,0.000469,0.018777,0.001888,-0.539916,0.013844,0.553760,0.285058,3.137139,-4.425398,-0.082655,0.376371,0.443009,0.063967,-2.860385,-6.371229,1.669899,-1.870918,7.265284,-1.756527,0.000000,0.000000,0.000000,406.738637,308.311944,1
10.952000,2.990893,-0.216273,0.233757,-0.632653,0.016222,0.648875,0.448475,2.721979,-0.069794,-2.791773,1.005619,-5.181159,0.132850,5.314009,0.464137,-0.679967,0.017435,0.697402,0.345583,1.306530,-0.033501,-1.340031,0.979938,-2.975115,0.076285,3.051400,1.216456,0.339607,-0.008708,-0.348314,-2.050561,2.551400,-0.065421,-2.616821,-0.879566,-4.294037,0.110104,4.404141,2.154084,1.509387,-0.038702,-1.548089,-0.347543,-0.022712,0.000582,0.023294,0.399707,-0.088824,0.002278,0.091101,0.001438,1.265667,-0.998565,0.393269,6.917821,12.985598,3.325719,-3.303558,-3.954751,0.039041,0.000000,0.000000,0.000000,0.000000,0.000000,0.000000,406.881924,308.405784,1
10.962000,2.990580,-0.216561,0.232840,-0.632653,0.016222,0.648875,0.296664,2.721979,-0.069794,-2.791773,0.823992,-5.181159,0.132850,5.314009,0.387559,-0.679967,0.017435,0.697402,0.245419,1.306530,-0.033501,-1.340031,0.800542,-2.975115,0.076285,3.051400,0.970895,0.339607,-0.008708,-0.348314,-1.303882,2.551400,-0.065421,-2.616821,-1.177216,-4.294037,0.110104,4.404141,2.159588,1.509387,-0.038702,-1.548089,-0.081795,-0.022712,0.000582,0.023294,1.397671,-0.088824,0.002278,0.091101,-0.970288,0.922822,-1.897093,-0.328157,5.448803,11.118331,3.160303,-3.971653,-4.786936,0.031966,0.000000,0.000000,0.000000,0.000000,0.000000,0.000000,407.102447,308.557076,1
10.968000,2.989871,-0.204653,0.236536,-0.661935,0.016973,0.678907,-0.693889,0.732964,-0.018794,-0.751758,0.529371,-3.824284,0.098059,3.922342,-0.138978,-0.629423,0.016139,0.645562,1.028212,-0.315118,0.008080,0.323198,-0.090084,-2.739895,0.070254,2.810148,1.586433,3.200077,-0.082053,-3.282130,-1.855793,0.133857,-0.003432,-0.137289,-0.229415,3.702304,-0.094931,-3.797235,-2.046173,1.390270,-0.035648,-1.425918,-0.568507,-0.055382,0.001420,0.056802,1.187923,-2.033572,0.052143,2.085715,-1.739162,0.000000,0.000000,0.000000,3.755620,8.772063,2.603200,-4.700429,-5.963661,-0.521203,0.000000,0.000000,0.000000,0.000000,0.000000,0.000000,407.252225,308.646006,1
10.978000,2.989436,-0.204166,0.235890,-0.661935,0.016973,0.678907,-0.762447,0.732964,-0.018794,-0.751758,0.490429,-3.824284,0.098059,3.922342,-0.351175,-0.629423,0.016139,0.645562,0.731200,-0.315118,0.008080,0.323198,-0.058671,-2.739895,0.070254,2.810148,1.419469,3.200077,-0.082053,-3.282130,-1.980466,0.133857,-0.003432,-0.137289,-0.258879,3.702304,-0.094931,-3.797235,-1.862115,1.390270,-0.035648,-1.425918,-0.559713,-0.055382,0.001420,0.056802,0.923684,-2.033572,0.052143,2.085715,-1.641438,0.000000,0.000000,0.000000,3.629461,8.005487,2.268021,-4.840889,-6.384583,-0.397495,0.000000,0.000000,0.000000,0.000000,0.000000,0.000000,407.498468,308.778124,1
10.982000,2.995542,-0.207133,0.236164,-0.268817,0.006893,0.275710,-0.622547,0.486179,-0.012466,-0.498646,0.736987,-2.657900,0.068151,2.726051,-0.830716,-0.277227,0.007108,0.284336,0.464014,-0.029221,0.000749,0.029970,-0.124904,-1.339391,0.034343,1.373734,0.330859,1.487752,-0.038147,-1.525899,-0.614145,0.277933,-0.007126,-0.285060,-0.318506,1.355761,-0.034763,-1.390524,-0.663784,0.919882,-0.023587,-0.943469,-0.267319,0.009636,-0.000247,-0.009884,0.544532,-1.645347,0.042188,1.687535,-0.985750,0.000000,0.000000,0.000000,3.097400,6.853635,1.842263,-4.073670,-5.541120,-0.079651,0.000000,0.000000,0.000000,0.000000,0.000000,0.000000,407.527532,308.771377,1
10.992000,2.995509,-0.206810,0.234895,-0.268817,0.006893,0.275710,-0.625229,0.486179,-0.012466,-0.498646,0.741738,-2.657900,0.068151,2.726051,-0.926594,-0.277227,0.007108,0.284336,0.258873,-0.029221,0.000749,0.029970,-0.104633,-1.339391,0.034343,1.373734,0.470869,1.487752,-0.038147,-1.525899,-0.614614,0.277933,-0.007126,-0.285060,-0.278774,1.355761,-0.034763,-1.390524,-0.589482,0.919882,-0.023587,-0.943469,-0.202642,0.009636,-0.000247,-0.009884,0.505950,-1.645347,0.042188,1.687535,-1.111078,0.000000,0.000000,0.000000,3.255751,7.022359,1.839065,-4.174023,-5.850869,0.028361,0.000000,0.000000,0.000000,0.000000,0.000000,0.000000,407.604531,308.749350,1
10.996000,3.011084,-0.200940,0.238822,-0.655345,0.016804,0.672148,-0.423418,0.058169,-0.001492,-0.059660,0.742887,-1.885390,0.048343,1.933734,-0.362901,0.875590,-0.022451,-0.898041,-0.814979,-0.194801,0.004995,0.199796,-0.033872,-0.066660,0.001709,0.068369,-0.234566,0.029930,-0.000767,-0.030697,0.773571,0.361391,-0.009266,-0.370657,-0.462963,1.129620,-0.028965,-1.158584,-0.575037,0.033762,-0.000866,-0.034628,0.234519,-0.079433,0.002037,0.081470,0.383137,-1.636878,0.041971,1.678849,-0.606437,0.000000,0.000000,0.000000,2.777943,6.342595,1.448432,-3.477521,-4.027415,-0.261599,0.000000,0.000000,0.000000,0.000000,0.000000,0.000000,407.619349,308.747340,1
11.006000,3.011859,-0.200358,0.237455,-0.655345,0.016804,0.672148,-0.409546,0.058169,-0.001492,-0.059660,0.804696,-1.885390,0.048343,1.933734,-0.574094,0.875590,-0.022451,-0.898041,-0.851402,-0.194801,0.004995,0.199796,-0.006564,-0.066660,0.001709,0.068369,-0.117443,0.029930,-0.000767,-0.030697,0.662181,0.361391,-0.009266,-0.370657,-0.385033,1.129620,-0.028965,-1.158584,-0.488794,0.033762,-0.000866,-0.034628,0.289466,-0.079433,0.002037,0.081470,0.414329,-1.636878,0.041971,1.678849,-0.850640,0.000000,0.000000,0.000000,3.004700,6.828019,1.533297,-3.755198,-4.675261,-0.067050,0.000000,0.000000,0.000000,0.000000,0.000000,0.000000,407.663435,308.733402,1
11.008000,3.009352,-0.206861,0.239188,0.086951,-0.002230,-0.089180,-0.426286,0.103480,-0.002653,-0.106133,0.849345,-1.574201,0.040364,1.614565,-0.869202,-1.783297,0.045726,1.829023,0.540013,0.074401,-0.001908,-0.076308,-0.143106,0.344414,-0.008831,-0.353245,-0.143654,1.060344,-0.027188,-1.087532,-0.106597,-0.013614,0.000349,0.013963,-0.120642,1.350496,-0.034628,-1.385124,-0.409150,0.573249,-0.014699,-0.587948,0.144178,-0.094579,0.002425,0.097004,0.369475,-1.381806,0.035431,1.417237,-0.791620,0.000000,0.000000,0.000000,3.225307,6.120571,1.227680,-3.443790,-5.175131,0.388373,0.000000,0.000000,0.000000,0.000000,0.000000,0.000000,407.672450,308.731610,1
11.018000,3.009891,-0.206671,0.237455,0.086951,-0.002230,-0.089180,-0.432932,0.103480,-0.002653,-0.106133,0.956429,-1.574201,0.040364,1.614565,-1.157468,-1.783297,0.045726,1.829023,0.723660,0.074401,-0.001908,-0.076308,-0.138127,0.344414,-0.008831,-0.353245,-0.085367,1.060344,-0.027188,-1.087532,-0.150053,-0.013614,0.000349,0.013963,-0.079405,1.350496,-0.034628,-1.385124,-0.470312,0.573249,-0.014699,-0.587948,0.183529,-0.094579,0.002425,0.097004,0.387240,-1.381806,0.035431,1.417237,-1.007751,0.000000,0.000000,0.000000,3.425283,6.573685,1.338793,-3.730529,-5.743766,0.519439,0.000000,0.000000,0.000000,0.000000,0.000000,0.000000,407.730077,308.719085,1
11.022000,3.022825,-0.203335,0.240084,0.388812,-0.009970,-0.398781,-0.362223,-0.242255,0.006212,0.248466,1.056183,-1.467025,0.037616,1.504641,-0.890038,-1.636475,0.041961,1.678436,0.207474,0.271275,-0.006956,-0.278231,-0.264709,0.441276,-0.011315,-0.452591,-0.080775,0.702166,-0.018004,-0.720170,0.005003,-0.059121,0.001516,0.060637,-0.110694,0.657862,-0.016868,-0.674731,-0.191327,0.731837,-0.018765,-0.750602,0.332519,-0.464787,0.011918,0.476704,0.499490,-1.330290,0.034110,1.364400,-0.872749,0.000000,0.000000,0.000000,3.391269,6.253773,1.023380,-3.144168,-5.376848,0.698883,0.000000,0.000000,0.000000,0.000000,0.000000,0.000000,407.746166,308.712856,1
11.032000,3.023919,-0.202960,0.238109,0.388812,-0.009970,-0.398781,-0.419575,-0.242255,0.006212,0.248466,1.187212,-1.467025,0.037616,1.504641,-1.210890,-1.636475,0.041961,1.678436,0.412895,0.271275,-0.006956,-0.278231,-0.253542,0.441276,-0.011315,-0.452591,-0.075463,0.702166,-0.018004,-0.720170,-0.005075,-0.059121,0.001516,0.060637,-0.065388,0.657862,-0.016868,-0.674731,-0.183095,0.731837,-0.018765,-0.750602,0.326748,-0.464787,0.011918,0.476704,0.520045,-1.330290,0.034110,1.364400,-1.098617,0.000000,0.000000,0.000000,3.522797,6.682545,1.139541,-3.454872,-5.964193,0.832780,0.000000,0.000000,0.000000,0.000000,0.000000,0.000000,407.798219,308.693506,1
11.038000,3.020317,-0.209838,0.237964,0.297412,-0.007626,-0.305038,-0.479643,-0.260243,0.006673,0.266916,1.242834,-1.650999,0.042333,1.693332,-1.227577,-1.857087,0.047618,1.904704,0.396039,0.188746,-0.004840,-0.193586,-0.188562,0.750075,-0.019233,-0.769308,0.200713,1.274875,-0.032689,-1.307564,-0.019858,-0.154360,0.003958,0.158318,-0.014756,2.840616,-0.072836,-2.913452,-0.693106,0.660604,-0.016939,-0.677542,0.207097,-0.755509,0.019372,0.774881,0.702030,-1.181593,0.030297,1.211891,-1.255027,0.000000,0.000000,0.000000,3.524946,6.653482,1.534681,-3.814767,-6.306791,0.606672,0.000000,0.000000,0.000000,0.000000,0.000000,0.000000,407.844748,308.693274,1
11.048000,3.020876,-0.209890,0.235579,0.297412,-0.007626,-0.305038,-0.501066,-0.260243,0.006673,0.266916,1.344795,-1.650999,0.042333,1.693332,-1.518586,-1.857087,0.047618,1.904704,0.587238,0.188746,-0.004840,-0.193586,-0.167656,0.750075,-0.019233,-0.769308,-0.028826,1.274875,-0.032689,-1.307564,-0.126064,-0.154360,0.003958,0.158318,-0.035999,2.840616,-0.072836,-2.913452,-0.993292,0.660604,-0.016939,-0.677542,0.239699,-0.755509,0.019372,0.774881,0.687097,-1.181593,0.030297,1.211891,-1.454758,0.000000,0.000000,0.000000,3.653520,6.926468,1.612445,-4.055119,-6.741562,0.682907,0.000000,0.000000,0.000000,0.000000,0.000000,0.000000,407.942535,308.701009,1
11.052000,3.038580,-0.202305,0.241501,0.361308,-0.009264,-0.370572,-0.378597,-0.514570,0.013194,0.527765,1.258436,-1.403427,0.035985,1.439413,-1.205908,-1.302423,0.033395,1.335819,0.255565,0.043545,-0.001117,-0.044661,-0.068969,1.384928,-0.035511,-1.420439,-0.358264,0.641413,-0.016446,-0.657860,-0.004003,-0.090320,0.002316,0.092636,-0.024215,1.385100,-0.035515,-1.420615,-0.463656,0.659190,-0.016902,-0.676092,0.101451,-0.945864,0.024253,0.970117,0.821453,-1.102311,0.028264,1.130575,-1.070164,0.000000,0.000000,0.000000,3.522687,6.662514,0.982378,-3.740643,-5.857272,0.949304,0.000000,0.000000,0.000000,0.000000,0.000000,0.000000,407.967065,308.701407,1
11.062000,3.040063,-0.201821,0.239251,0.361308,-0.009264,-0.370572,-0.422631,-0.514570,0.013194,0.527765,1.375796,-1.403427,0.035985,1.439413,-1.487861,-1.302423,0.033395,1.335819,0.351294,0.043545,-0.001117,-0.044661,-0.072425,1.384928,-0.035511,-1.420439,-0.464230,0.641413,-0.016446,-0.657860,-0.004805,-0.090320,0.002316,0.092636,-0.016233,1.385100,-0.035515,-1.420615,-0.497542,0.659190,-0.016902,-0.676092,0.111798,-0.945864,0.024253,0.970117,0.852378,-1.102311,0.028264,1.130575,-1.305476,0.000000,0.000000,0.000000,3.684102,7.089998,1.058492,-4.002553,-6.292371,1.078511,0.000000,0.000000,0.000000,0.000000,0.000000,0.000000,408.039527,308.699976,1
11.066000,3.034757,-0.208787,0.234898,0.151181,-0.003876,-0.155057,-0.379088,-0.191080,0.004899,0.195980,1.429470,-1.171962,0.030050,1.202012,-1.741321,-1.255779,0.032199,1.287978,0.372202,0.012264,-0.000314,-0.012578,-0.062628,1.592271,-0.040827,-1.633099,-0.520212,0.861105,-0.022080,-0.883185,-0.014319,-0.077053,0.001976,0.079029,-0.022363,1.588325,-0.040726,-1.629051,-0.474873,0.408379,-0.010471,-0.418850,0.400427,-0.433766,0.011122,0.444888,0.557098,-1.160833,0.029765,1.190598,-1.280244,0.000000,0.000000,0.000000,3.560449,6.819618,1.533094,-4.032418,-6.426674,0.598163,0.000000,0.000000,0.000000,0.000000,0.000000,0.000000,408.065485,308.695639,1
11.076000,3.035340,-0.209133,0.231614,0.130820,-0.003354,-0.134174,-0.369324,-0.208083,0.005335,0.213419,1.536139,-1.073632,0.027529,1.101161,-1.983342,-1.231868,0.031586,1.263455,0.432587,0.024239,-0.000622,-0.024861,-0.080810,1.710941,-0.043870,-1.754811,-0.691971,0.753587,-0.019323,-0.772909,-0.008611,-0.083168,0.002133,0.085300,-0.016083,1.056783,-0.027097,-1.083880,-0.320843,0.363701,-0.009326,-0.373027,0.528796,-0.369549,0.009476,0.379025,0.509719,-1.177827,0.030201,1.208028,-1.454487,0.000000,0.000000,0.000000,3.650763,6.974497,1.651585,-4.127650,-6.676670,0.604972,0.000000,0.000000,0.000000,0.000000,0.000000,0.000000,408.133760,308.681121,1
11.080000,3.040330,-0.205606,0.232994,0.191528,-0.004911,-0.196439,-0.504181,-0.306273,0.007853,0.314127,1.496839,-1.220842,0.031304,1.252145,-1.788878,-1.316234,0.033750,1.349984,0.443490,-0.005414,0.000139,0.005553,-0.043669,2.178725,-0.055865,-2.234589,-0.809614,0.782759,-0.020071,-0.802830,-0.016672,-0.066105,0.001695,0.067800,-0.023597,1.331784,-0.034148,-1.365932,-0.374436,0.455472,-0.011679,-0.467151,0.388062,-0.566248,0.014519,0.580767,0.537372,-1.235322,0.031675,1.266997,-1.387064,0.000000,0.000000,0.000000,3.565379,6.918641,1.447558,-4.064996,-6.488517,0.758843,0.000000,0.000000,0.000000,0.000000,0.000000,0.000000,408.165738,308.679655,1
11.090000,3.041175,-0.205345,0.230075,0.191528,-0.004911,-0.196439,-0.530931,-0.306273,0.007853,0.314127,1.573228,-1.220842,0.031304,1.252145,-1.965188,-1.316234,0.033750,1.349984,0.484390,-0.005414,0.000139,0.005553,-0.050944,2.178725,-0.055865,-2.234589,-0.888792,0.782759,-0.020071,-0.802830,-0.012906,-0.066105,0.001695,0.067800,-0.019637,1.331784,-0.034148,-1.365932,-0.434635,0.455472,-0.011679,-0.467151,0.440705,-0.566248,0.014519,0.580767,0.534575,-1.235322,0.031675,1.266997,-1.580951,0.000000,0.000000,0.000000,3.656990,7.134847,1.498843,-4.178988,-6.714496,0.838451,0.000000,0.000000,0.000000,0.000000,0.000000,0.000000,408.253981,308.674473,1
11.094000,3.052837,-0.203866,0.233243,-0.018280,0.000469,0.018748,-0.283759,-0.318415,0.008164,0.326580,1.435983,-0.731027,0.018744,0.749772,-1.939849,-0.676527,0.017347,0.693874,0.004829,-0.008367,0.000215,0.008581,-0.032860,1.662953,-0.042640,-1.705593,-0.491655,0.567553,-0.014553,-0.582106,0.030512,-0.054666,0.001402,0.056068,-0.009191,-0.291952,0.007486,0.299438,0.341209,0.208003,-0.005333,-0.213336,0.413942,-0.281775,0.007225,0.289000,0.476664,-1.267330,0.032496,1.299825,-1.184918,0.000000,0.000000,0.000000,3.486635,6.797411,1.494579,-4.126153,-6.183778,0.610145,0.000000,0.000000,0.000000,0.000000,0.000000,0.000000,408.272611,308.668249,1
11.104000,3.053862,-0.203727,0.230361,-0.018280,0.000469,0.018748,-0.300614,-0.318415,0.008164,0.326580,1.510331,-0.731027,0.018744,0.749772,-2.124615,-0.676527,0.017347,0.693874,0.008947,-0.008367,0.000215,0.008581,-0.032821,1.662953,-0.042640,-1.705593,-0.602108,0.567553,-0.014553,-0.582106,0.008755,-0.054666,0.001402,0.056068,-0.019252,-0.291952,0.007486,0.299438,0.237419,0.208003,-0.005333,-0.213336,0.466906,-0.281775,0.007225,0.289000,0.486090,-1.267330,0.032496,1.299825,-1.397542,0.000000,0.000000,0.000000,3.642959,7.106203,1.558721,-4.264571,-6.445544,0.693939,0.000000,0.000000,0.000000,0.000000,0.000000,0.000000,408.325204,308.650416,1
11.108000,3.076171,-0.193794,0.233176,0.010955,-0.000281,-0.011236,-0.393491,-0.335280,0.008597,0.343877,1.627746,-0.732202,0.018774,0.750977,-1.821179,-0.752091,0.019284,0.771376,0.075554,-0.010236,0.000262,0.010498,-0.039230,2.029751,-0.052045,-2.081796,-0.753082,-0.156228,0.004006,0.160234,0.585220,-0.051206,0.001313,0.052519,-0.020441,-1.052848,0.026996,1.079844,0.625284,0.229856,-0.005894,-0.235750,0.343675,-0.352855,0.009048,0.361902,0.589629,-1.180467,0.030268,1.210736,-1.022516,0.000000,0.000000,0.000000,3.245331,7.056318,1.022970,-3.914758,-5.725887,0.972017,0.000000,0.000000,0.000000,0.000000,0.000000,0.000000,408.348647,308.652354,1
11.118000,3.078285,-0.192957,0.230213,0.010955,-0.000281,-0.011236,-0.399180,-0.335280,0.008597,0.343877,1.715096,-0.732202,0.018774,0.750977,-1.984851,-0.752091,0.019284,0.771376,0.096269,-0.010236,0.000262,0.010498,-0.041686,2.029751,-0.052045,-2.081796,-0.830873,-0.156228,0.004006,0.160234,0.624298,-0.051206,0.001313,0.052519,-0.020049,-1.052848,0.026996,1.079844,0.575449,0.229856,-0.005894,-0.235750,0.411017,-0.352855,0.009048,0.361902,0.625297,-1.180467,0.030268,1.210736,-1.243825,-0.018098,-0.037634,-0.033970,3.397372,7.452644,1.057039,-4.045028,-5.948938,1.093339,0.000000,0.000000,0.000000,0.000000,0.000000,0.000000,408.413055,308.654864,1
11.122000,3.053242,-0.216870,0.231543,-0.141474,0.003628,0.145101,-0.046101,0.232533,-0.005962,-0.238495,1.220226,-1.300711,0.033352,1.334063,-1.898371,-0.159762,0.004096,0.163858,-0.077119,-0.004860,0.000125,0.004985,-0.044861,2.222852,-0.056996,-2.279848,-0.842810,-0.454122,0.011644,0.465766,0.655043,-0.050521,0.001295,0.051816,-0.025475,-1.369462,0.035114,1.404577,0.735927,-0.280923,0.007203,0.288126,0.887088,0.665337,-0.017060,-0.682397,-0.071745,-2.187652,0.056094,2.243745,-0.927226,0.000000,0.000000,0.000000,3.314300,5.994819,1.766711,-3.789245,-6.734143,0.512777,-0.109122,1.146832,-0.584161,0.000000,0.000000,0.000000,408.447014,308.649424,1
11.132000,3.053306,-0.217546,0.228756,-0.141474,0.003628,0.145101,-0.030232,0.232533,-0.005962,-0.238495,1.248789,-1.300711,0.033352,1.334063,-2.034121,-0.159762,0.004096,0.163858,-0.099214,-0.004860,0.000125,0.004985,-0.044957,2.222852,-0.056996,-2.279848,-0.918623,-0.454122,0.011644,0.465766,0.798892,-0.050521,0.001295,0.051816,-0.027301,-1.369462,0.035114,1.404577,0.527958,-0.280923,0.007203,0.288126,0.976047,0.665337,-0.017060,-0.682397,-0.120857,-2.187652,0.056094,2.243745,-1.082382,0.000000,0.000000,0.000000,3.576016,5.534014,1.366424,-3.459273,-7.104362,0.960881,-2.227604,8.061447,-2.824193,0.000000,0.000000,0.000000,408.537354,308.630517,1
11.140000,3.097814,-0.192284,0.232499,0.223644,-0.005734,-0.229379,-0.392013,0.348861,-0.008945,-0.357806,1.453608,-2.180447,0.055909,2.236356,-1.489845,0.180373,-0.004625,-0.184998,-0.322135,0.007752,-0.000199,-0.007950,-0.043074,1.578148,-0.040465,-1.618614,-0.600081,-0.748172,0.019184,0.767356,1.164353,-0.039365,0.001009,0.040374,-0.018396,-1.279670,0.032812,1.312482,0.685580,-0.134246,0.003442,0.137688,0.564548,0.639767,-0.016404,-0.656171,0.181726,-2.610408,0.066934,2.677341,-0.526030,-0.022393,-0.114646,-0.083830,3.271216,7.583709,0.859085,-4.068959,-6.235262,1.524364,0.000000,0.000000,0.000000,0.000000,0.000000,0.000000,408.604334,308.611412,1
11.150000,3.099625,-0.191379,0.229319,0.225608,-0.005785,-0.231393,-0.410345,0.383323,-0.009829,-0.393152,1.506473,-2.165106,0.055516,2.220621,-1.579500,0.136467,-0.003499,-0.139966,-0.369220,0.008257,-0.000212,-0.008469,-0.034687,1.740720,-0.044634,-1.785354,-0.737352,-0.734482,0.018833,0.753314,1.223691,-0.040755,0.001045,0.041800,-0.017958,-1.344950,0.034486,1.379436,0.718236,-0.133945,0.003434,0.137379,0.647491,0.691856,-0.017740,-0.709596,0.165960,-2.623011,0.067257,2.690267,-0.674998,0.067995,-0.566011,-0.288375,3.399029,7.921225,0.870530,-4.146080,-6.316959,1.603295,0.000000,0.000000,0.000000,0.000000,0.000000,0.000000,408.699325,308.585719,1
11.154000,3.093370,-0.201209,0.228452,-0.696746,0.017865,0.714611,0.001030,1.402818,-0.035970,-1.438788,1.013613,-2.092771,0.053661,2.146431,-1.459053,-0.345741,0.008865,0.354607,-0.354528,0.017384,-0.000446,-0.017830,-0.191402,1.400026,-0.035898,-1.435924,-0.597507,-0.603889,0.015484,0.619373,1.293572,-0.032570,0.000835,0.033405,-0.037972,-0.425713,0.010916,0.436628,0.458001,-1.238408,0.031754,1.270162,1.254060,2.331862,-0.059791,-2.391653,-0.730861,-3.454865,0.088586,3.543452,-0.073767,2.397564,-5.483861,-0.526556,2.861226,7.110451,1.485410,-4.091896,-5.650771,0.841526,-0.000726,0.000704,0.000010,0.000000,0.000000,0.000000,408.740055,308.586622,1
11.164000,3.094660,-0.200610,0.226400,-0.696746,0.017865,0.714611,-0.014667,1.402818,-0.035970,-1.438788,1.054041,-2.092771,0.053661,2.146431,-1.437991,-0.345741,0.008865,0.354607,-0.238365,0.017384,-0.000446,-0.017830,0.151094,1.400026,-0.035898,-1.435924,-1.870964,-0.603889,0.015484,0.619373,1.226140,-0.032570,0.000835,0.033405,-0.025439,-0.425713,0.010916,0.436628,0.335029,-1.238408,0.031754,1.270162,1.292686,2.331862,-0.059791,-2.391653,-0.654217,-3.454865,0.088586,3.543452,-0.259679,1.962926,-5.984973,-1.208007,2.880201,7.682294,1.738302,-4.513954,-5.373593,0.431706,-0.005374,0.010453,-0.003028,0.000000,0.000000,0.000000,408.864262,308.598393,1
11.170000,3.088257,-0.209658,0.225932,-0.344217,0.008826,0.353043,0.001270,1.333002,-0.034180,-1.367181,0.983499,-2.054193,0.052672,2.106865,-1.439302,-0.132075,0.003387,0.135462,-0.465315,0.177300,-0.004546,-0.181846,-0.131572,1.431177,-0.036697,-1.467874,-0.502023,-0.320089,0.008207,0.328296,1.062710,-0.036658,0.000940,0.037598,-0.030821,0.234189,-0.006005,-0.240193,0.078373,-0.959275,0.024597,0.983871,1.348563,2.365419,-0.060652,-2.426071,-0.701422,-3.508370,0.089958,3.598329,-0.389975,0.357084,-1.057590,-0.228450,3.168596,6.901312,1.620761,-3.918792,-6.206011,0.813586,0.094391,0.488087,-0.332296,0.000000,0.000000,0.000000,408.924274,308.588045,1
11.180000,3.088896,-0.209581,0.223471,-0.334679,0.008582,0.343260,-0.021323,1.331202,-0.034133,-1.365336,1.069402,-2.065167,0.052953,2.118120,-1.579193,-0.132891,0.003407,0.136299,-0.327281,0.170373,-0.004369,-0.174742,-0.274068,1.441518,-0.036962,-1.478480,-0.766064,-0.325178,0.008338,0.333515,1.055702,-0.036410,0.000934,0.037344,-0.017897,0.235245,-0.006032,-0.241277,0.024230,-0.950415,0.024370,0.974784,1.427197,2.353274,-0.060340,-2.413614,-0.737762,-3.499618,0.089734,3.589351,-0.508135,2.230488,-5.527051,-0.824058,3.218988,7.233410,1.773053,-4.336520,-6.216670,0.551834,0.091198,0.559291,-0.372043,0.000000,0.000000,0.000000,409.038192,308.568216,1
11.188000,3.112508,-0.195849,0.230297,-0.016240,0.000416,0.016657,-0.487209,1.264506,-0.032423,-1.296930,0.613835,-2.381464,0.061063,2.442527,-0.297356,-0.003397,0.000087,0.003484,-0.740537,1.401954,-0.035948,-1.437901,0.589803,-1.533283,0.039315,1.572598,-2.079165,-0.828696,0.021249,0.849944,0.997195,-0.044416,0.001139,0.045555,-0.021670,0.026235,-0.000673,-0.026908,0.067940,-0.817160,0.020953,0.838112,0.649282,2.497937,-0.064050,-2.561987,-0.586668,-3.984409,0.102164,4.086573,0.439414,1.729491,-6.442718,-1.388750,2.578329,7.268708,1.353966,-3.553123,-3.263812,0.074003,0.000000,0.000000,0.000000,0.000000,0.000000,0.000000,409.120945,308.560510,1
11.198000,3.113896,-0.195270,0.229594,-0.016240,0.000416,0.016657,-0.543886,1.264506,-0.032423,-1.296930,0.622613,-2.381464,0.061063,2.442527,-0.265680,-0.003397,0.000087,0.003484,-0.824545,1.401954,-0.035948,-1.437901,0.567683,-1.533283,0.039315,1.572598,-2.061721,-0.828696,0.021249,0.849944,1.041403,-0.044416,0.001139,0.045555,-0.019987,0.026235,-0.000673,-0.026908,0.042699,-0.817160,0.020953,0.838112,0.595351,2.497937,-0.064050,-2.561987,-0.488439,-3.984409,0.102164,4.086573,0.253717,1.570645,-6.092517,-1.363950,2.662646,7.649464,1.438303,-3.587934,-3.379418,0.158314,0.000000,0.000000,0.000000,0.000000,0.000000,0.000000,409.212957,308.541944,1
11.204000,3.079500,-0.211509,0.222559,0.533484,-0.013679,-0.547163,-0.564987,1.005329,-0.025778,-1.031107,0.350221,-2.972581,0.076220,3.048801,1.497292,0.475725,-0.012198,-0.487923,-0.606388,2.629559,-0.067425,-2.696983,0.152447,-5.644443,0.144729,5.789172,1.580808,-1.447862,0.037125,1.484986,0.191962,-0.051990,0.001333,0.053323,0.168634,-0.244659,0.006273,0.250932,-0.001789,-0.475731,0.012198,0.487929,0.652862,2.633788,-0.067533,-2.701321,0.222159,-4.922633,0.126221,5.048855,1.253743,0.772140,-4.333362,-1.496216,7.321184,18.868349,7.204073,-1.518047,-1.610405,-0.225988,-5.961155,9.414032,-2.328418,0.000000,0.000000,0.000000,409.348779,308.661292,1
11.214000,3.077417,-0.212234,0.222280,0.533484,-0.013679,-0.547163,-0.579781,1.005329,-0.025778,-1.031107,0.049212,-2.972581,0.076220,3.048801,0.953262,0.475725,-0.012198,-0.487923,-0.631649,2.629559,-0.067425,-2.696983,-0.383252,-5.644443,0.144729,5.789172,1.220738,-1.447862,0.037125,1.484986,-0.123784,-0.051990,0.001333,0.053323,0.530405,-0.244659,0.006273,0.250932,-0.831211,-0.475731,0.012198,0.487929,0.476821,2.633788,-0.067533,-2.701321,0.512419,-4.922633,0.126221,5.048855,-0.445426,1.369333,-5.864907,-1.695544,6.105369,14.849142,5.327602,-2.149462,-3.787408,0.583858,-3.933207,6.043022,-1.469589,0.000000,0.000000,0.000000,409.508475,308.739463,1
11.222000,3.101237,-0.211462,0.236957,0.385162,-0.009876,-0.395038,-0.887029,-0.611706,0.015685,0.627390,-0.079484,-2.000090,0.051284,2.051374,0.293691,0.398474,-0.010217,-0.408692,0.974826,1.281591,-0.032861,-1.314452,0.472394,-4.857380,0.124548,4.981929,1.176048,-1.591445,0.040806,1.632251,0.736956,-0.774251,0.019853,0.794103,1.572910,-0.773594,0.019836,0.793430,-1.211351,-0.457076,0.011720,0.468796,1.178680,1.767680,-0.045325,-1.813006,-1.257184,-5.204670,0.133453,5.338123,0.452562,3.260699,-4.124607,0.726397,0.000000,0.000000,0.000000,0.000000,0.000000,0.000000,-2.394231,6.853660,-1.982255,0.000000,0.000000,0.000000,409.640810,308.839312,1
11.232000,3.106683,-0.213547,0.240529,0.598909,-0.015357,-0.614266,-1.359743,-0.294927,0.007562,0.302489,-0.103386,-2.551873,0.065433,2.617305,0.781116,0.620263,-0.015904,-0.636167,0.371648,1.434492,-0.036782,-1.471274,0.158729,-4.967020,0.127359,5.094379,1.054463,-1.548153,0.039696,1.587849,0.204467,-0.426076,0.010925,0.437001,1.158329,-1.588830,0.040739,1.629569,-1.031177,-0.421645,0.010811,0.432457,1.459445,1.747839,-0.044816,-1.792655,-1.325889,-4.921758,0.126199,5.047957,1.487873,3.357635,-5.141698,0.240077,0.000000,0.000000,0.000000,0.000000,0.000000,0.000000,-2.949589,6.744735,-1.567257,0.000000,0.000000,0.000000,409.858636,309.013507,1
11.236000,3.112997,-0.218683,0.241118,0.537751,-0.013788,-0.551539,-1.256500,-0.506676,0.012992,0.519668,0.227147,0.407203,-0.010441,-0.417644,-1.272894,0.415260,-0.010648,-0.425907,1.046598,0.406026,-0.010411,-0.416437,0.597011,-3.191651,0.081837,3.273488,0.185965,-0.798531,0.020475,0.819007,0.459386,-0.755935,0.019383,0.775318,0.587611,-1.169556,0.029989,1.199545,-0.630298,-0.165664,0.004248,0.169912,-0.165887,1.121803,-0.028764,-1.150568,-0.712139,-2.302901,0.059049,2.361950,0.868999,3.461042,-4.869202,0.395560,0.000000,0.000000,0.000000,0.000000,0.000000,0.000000,-1.705920,5.281200,-1.445832,0.000000,0.000000,0.000000,409.887172,309.030213,1
11.246000,3.113189,-0.219134,0.240390,0.537751,-0.013788,-0.551539,-0.988554,-0.506676,0.012992,0.519668,0.163376,0.407203,-0.010441,-0.417644,-0.685108,0.415260,-0.010648,-0.425907,0.965639,0.406026,-0.010411,-0.416437,0.691469,-3.191651,0.081837,3.273488,0.005698,-0.798531,0.020475,0.819007,0.340053,-0.755935,0.019383,0.775318,0.648094,-1.169556,0.029989,1.199545,-0.818288,-0.165664,0.004248,0.169912,-0.184577,1.121803,-0.028764,-1.150568,-0.657125,-2.302901,0.059049,2.361950,1.022333,3.548572,-5.381636,0.198649,0.000000,0.000000,0.000000,0.000000,0.000000,0.000000,-1.998097,6.039866,-1.618985,0.000000,0.000000,0.000000,409.953160,309.061958,1
11.252000,3.128713,-0.226089,0.247914,-1.412946,0.036229,1.449176,-0.060524,-0.272481,0.006987,0.279467,0.051762,-0.059059,0.001514,0.060573,-0.634155,1.739765,-0.044609,-1.784374,0.383334,0.098330,-0.002521,-0.100851,0.744042,-1.910263,0.048981,1.959244,-0.176754,0.970025,-0.024872,-0.994897,0.033708,-0.525713,0.013480,0.539193,0.680913,-1.098311,0.028162,1.126472,-0.463628,0.023620,-0.000606,-0.024226,-1.219971,1.302999,-0.033410,-1.336409,-0.582139,1.621179,-0.041569,-1.662748,-0.363030,3.804893,-4.058303,1.039379,0.000000,0.000000,0.000000,0.000000,0.000000,0.000000,-1.420254,6.473227,-2.180958,0.000000,0.000000,0.000000,409.974640,309.061991,1
11.262000,3.129704,-0.226159,0.246746,-1.412946,0.036229,1.449176,0.325156,-0.272481,0.006987,0.279467,0.041452,-0.059059,0.001514,0.060573,-0.324037,1.739765,-0.044609,-1.784374,0.197323,0.098330,-0.002521,-0.100851,0.843502,-1.910263,0.048981,1.959244,-0.432863,0.970025,-0.024872,-0.994897,-0.166909,-0.525713,0.013480,0.539193,0.782280,-1.098311,0.028162,1.126472,-0.793442,0.023620,-0.000606,-0.024226,-1.079188,1.302999,-0.033410,-1.336409,-0.633227,1.621179,-0.041569,-1.662748,-0.492526,3.764637,-4.810812,0.670794,0.000000,0.000000,0.000000,0.000000,0.000000,0.000000,-1.757679,7.178008,-2.303032,0.000000,0.000000,0.000000,410.024247,309.067624,1
11.266000,3.140533,-0.223925,0.243896,2.537936,-0.065075,-2.603012,-1.099938,0.031475,-0.000807,-0.032282,-0.242916,0.750276,-0.019238,-0.769514,-0.181111,-0.714313,0.018316,0.732628,0.056141,-0.153410,0.003934,0.157344,0.972423,-1.167642,0.029940,1.197581,-0.973616,-0.887520,0.022757,0.910277,-0.345432,-0.348538,0.008937,0.357475,0.454761,-1.263857,0.032407,1.296263,-0.599820,-1.140515,0.029244,1.169759,1.014969,-0.321590,0.008246,0.329835,-0.137171,0.633318,-0.016239,-0.649556,-0.555641,2.233419,-5.618626,-1.108639,0.000000,0.000000,0.000000,0.000000,0.000000,0.000000,-2.950504,5.911746,-0.629699,0.000000,0.000000,0.000000,410.053120,309.078073,1
11.276000,3.145842,-0.225570,0.243618,2.013039,-0.051616,-2.064655,0.099085,0.034263,-0.000879,-0.035141,-0.189964,0.486337,-0.012470,-0.498808,0.083253,-0.001991,0.000051,0.002042,-0.557860,-0.160804,0.004123,0.164927,0.996179,-1.121929,0.028767,1.150696,-1.090162,-0.253252,0.006494,0.259746,-1.048934,-0.389186,0.009979,0.399165,0.492660,-1.280343,0.032829,1.313172,-0.903998,-1.551675,0.039787,1.591462,0.725906,0.121977,-0.003128,-0.125105,-0.325618,2.694603,-0.069092,-2.763696,-1.277872,2.176824,-6.113512,-1.511519,0.000000,0.000000,0.000000,0.000000,0.000000,0.000000,-3.060966,6.606357,-0.801406,0.000000,0.000000,0.000000,410.133685,309.099413,1
11.280000,3.139067,-0.225530,0.238375,0.922058,-0.023643,-0.945700,-0.178560,-0.025308,0.000649,0.025957,-0.058363,1.520865,-0.038997,-1.559861,-0.570269,-0.004486,0.000115,0.004601,0.222112,0.178929,-0.004588,-0.183517,1.036022,-0.912193,0.023390,0.935583,-1.222771,-0.116070,0.002976,0.119047,-0.399501,0.125401,-0.003215,-0.128616,0.340234,-1.135821,0.029124,1.164944,-0.799706,-0.317756,0.008148,0.325904,-0.027194,-0.116024,0.002975,0.118999,-0.007595,0.735355,-0.018855,-0.754210,-0.189084,2.872174,-5.488145,-0.324184,0.000000,0.000000,0.000000,0.000000,0.000000,0.000000,-2.557603,6.418873,-1.414298,0.000000,0.000000,0.000000,410.147967,309.094747,1
11.290000,3.139940,-0.225783,0.236223,0.922058,-0.023643,-0.945700,-0.211794,-0.025308,0.000649,0.025957,-0.051052,1.520865,-0.038997,-1.559861,-0.606966,-0.004486,0.000115,0.004601,0.240897,0.178929,-0.004588,-0.183517,1.152322,-0.912193,0.023390,0.935583,-1.532513,-0.116070,0.002976,0.119047,-0.439229,0.125401,-0.003215,-0.128616,0.348894,-1.135821,0.029124,1.164944,-1.018167,-0.317756,0.008148,0.325904,-0.043724,-0.116024,0.002975,0.118999,-0.006123,0.735355,-0.018855,-0.754210,-0.195419,3.084665,-6.053586,-0.446035,0.000000,0.000000,0.000000,0.000000,0.000000,0.000000,-2.714095,6.875104,-1.526734,0.000000,0.000000,0.000000,410.190371,309.078255,1
11.294000,3.140882,-0.225193,0.237132,1.391395,-0.035677,-1.427072,-0.314603,-0.034658,0.000889,0.035547,-0.041037,2.941917,-0.075434,-3.017351,-0.652949,0.074702,-0.001915,-0.076617,0.265441,0.229805,-0.005892,-0.235698,1.207990,-0.906908,0.023254,0.930162,-1.674589,-0.082458,0.002114,0.084572,-0.432979,0.251256,-0.006442,-0.257699,0.290306,-1.357275,0.034802,1.392077,-1.022247,-0.658733,0.016891,0.675624,-0.086561,-0.099558,0.002553,0.102110,-0.010788,1.208553,-0.030989,-1.239542,-0.069231,3.243229,-6.397607,-0.763009,0.000000,0.000000,0.000000,0.000000,0.000000,0.000000,-2.711364,7.174239,-1.418113,0.000000,0.000000,0.000000,410.214224,309.074442,1
11.304000,3.139560,-0.221856,0.234447,1.117287,-0.028648,-1.145936,-0.305531,-0.033678,0.000864,0.034541,-0.043130,2.285128,-0.058593,-2.343721,-0.931808,0.063734,-0.001634,-0.065369,0.226789,0.196253,-0.005032,-0.201285,1.281398,-0.805154,0.020645,0.825799,-1.917781,-0.064967,0.001666,0.066633,-0.569156,0.238658,-0.006119,-0.244778,0.248096,-1.236897,0.031715,1.268612,-1.237408,-0.391123,0.010029,0.401152,-0.069644,-0.101664,0.002607,0.104271,-0.009647,0.652296,-0.016726,-0.669021,-0.117745,3.270674,-6.700490,-0.600633,0.000000,0.000000,0.000000,0.000000,0.000000,0.000000,-2.774736,7.181867,-1.624588,0.000000,0.000000,0.000000,410.275905,309.065016,1
11.308000,3.168431,-0.238384,0.244196,0.472127,-0.012106,-0.484233,0.016943,-0.005107,0.000131,0.005238,-0.066725,2.637227,-0.067621,-2.704848,-0.982611,0.469132,-0.012029,-0.481161,0.162533,0.278379,-0.007138,-0.285516,1.137443,-0.148282,0.003802,0.152084,-1.515062,0.359139,-0.009209,-0.368348,-0.318854,0.709968,-0.018204,-0.728172,0.232170,-1.249780,0.032046,1.281826,-0.480076,-0.380532,0.009757,0.390289,-0.241880,-0.034709,0.000890,0.035599,-0.005156,-0.827429,0.021216,0.848645,0.621648,3.325943,-5.008996,-0.334669,0.000000,0.000000,0.000000,0.000000,0.000000,0.000000,-2.350411,6.895261,-1.259873,0.000000,0.000000,0.000000,410.295200,309.072144,1
11.318000,3.170299,-0.239200,0.241984,0.472127,-0.012106,-0.484233,0.002929,-0.005107,0.000131,0.005238,-0.049778,2.637227,-0.067621,-2.704848,-1.116181,0.469132,-0.012029,-0.481161,0.114602,0.278379,-0.007138,-0.285516,1.241860,-0.148282,0.003802,0.152084,-1.808565,0.359139,-0.009209,-0.368348,-0.406862,0.709968,-0.018204,-0.728172,0.267928,-1.249780,0.032046,1.281826,-0.751248,-0.380532,0.009757,0.390289,-0.238990,-0.034709,0.000890,0.035599,-0.021303,-0.827429,0.021216,0.848645,0.509638,3.523941,-5.518437,-0.516859,0.000000,0.000000,0.000000,0.000000,0.000000,0.000000,-2.583465,7.452772,-1.296069,0.000000,0.000000,0.000000,410.350600,309.088773,1
11.322000,3.148427,-0.219145,0.232009,0.715592,-0.018349,-0.733940,-0.018546,-0.009609,0.000246,0.009856,-0.052372,3.266744,-0.083763,-3.350506,-1.297299,0.183461,-0.004704,-0.188165,0.203124,0.203994,-0.005231,-0.209225,1.232612,-0.231456,0.005935,0.237391,-1.861764,0.068518,-0.001757,-0.070274,-0.821854,0.503087,-0.012900,-0.515986,-0.047282,-1.062217,0.027236,1.089453,-1.088906,-0.292345,0.007496,0.299841,-0.061209,-0.057002,0.001462,0.058463,-0.024904,-0.014963,0.000384,0.015347,0.259362,2.926036,-6.180866,0.011268,-0.050083,0.209844,0.138639,0.000000,0.000000,0.000000,-2.517358,5.639599,-1.576764,0.000000,0.000000,0.000000,410.376164,309.098780,1
11.332000,3.148416,-0.218590,0.228962,0.715592,-0.018349,-0.733940,-0.015911,-0.009609,0.000246,0.009856,-0.040719,3.266744,-0.083763,-3.350506,-1.413788,0.183461,-0.004704,-0.188165,0.203640,0.203994,-0.005231,-0.209225,1.320508,-0.231456,0.005935,0.237391,-2.114662,0.068518,-0.001757,-0.070274,-0.883492,0.503087,-0.012900,-0.515986,-0.054931,-1.062217,0.027236,1.089453,-1.316757,-0.292345,0.007496,0.299841,-0.105636,-0.057002,0.001462,0.058463,-0.026761,-0.014963,0.000384,0.015347,0.137137,3.007119,-6.589675,-0.074391,-0.148528,0.705797,0.463716,0.000000,0.000000,0.000000,-2.637904,5.888886,-1.671270,0.000000,0.000000,0.000000,410.447424,309.124343,1
11.336000,3.161946,-0.232032,0.231399,1.135345,-0.029111,-1.164456,-0.229381,-0.009933,0.000255,0.010188,-0.062098,2.981313,-0.076444,-3.057757,-1.146170,0.305067,-0.007822,-0.312890,0.352233,0.241630,-0.006196,-0.247826,1.438754,-0.889807,0.022816,0.912623,-1.963745,0.077047,-0.001976,-0.079022,-0.531281,0.060158,-0.001543,-0.061701,0.397899,-1.014580,0.026015,1.040595,-1.424193,-1.179325,0.030239,1.209564,0.016463,-0.046462,0.001191,0.047653,-0.019354,0.088896,-0.002279,-0.091176,0.039358,3.571369,-6.692734,-0.684220,0.000000,0.000000,0.000000,0.000000,0.000000,0.000000,-2.662899,7.600411,-1.657601,0.000000,0.000000,0.000000,410.477841,309.124595,1
11.346000,3.162794,-0.232654,0.228299,1.135345,-0.029111,-1.164456,-0.304416,-0.009933,0.000255,0.010188,-0.057603,2.981313,-0.076444,-3.057757,-1.271846,0.305067,-0.007822,-0.312890,0.344502,0.241630,-0.006196,-0.247826,1.502804,-0.889807,0.022816,0.912623,-2.133383,0.077047,-0.001976,-0.079022,-0.621990,0.060158,-0.001543,-0.061701,0.383489,-1.014580,0.026015,1.040595,-1.617536,-1.179325,0.030239,1.209564,0.056430,-0.046462,0.001191,0.047653,-0.022942,0.088896,-0.002279,-0.091176,0.023531,3.628129,-6.898170,-0.787192,0.000000,0.000000,0.000000,0.000000,0.000000,0.000000,-2.757960,7.783022,-1.662278,0.000000,0.000000,0.000000,410.562829,309.126825,1
11.350000,3.165723,-0.222138,0.232821,0.754255,-0.019340,-0.773595,-0.010525,-0.014970,0.000384,0.015354,-0.039268,1.940576,-0.049758,-1.990334,-0.571497,0.249044,-0.006386,-0.255430,0.251726,0.002827,-0.000072,-0.002900,1.487312,-0.865238,0.022186,0.887424,-1.968131,0.010034,-0.000257,-0.010291,-0.522875,-0.180505,0.004628,0.185134,0.482086,-1.013739,0.025993,1.039732,-1.339841,-0.800946,0.020537,0.821483,-0.041578,-0.010932,0.000280,0.011212,-0.015701,0.144066,-0.003694,-0.147760,0.109099,3.500910,-6.811651,-0.313438,0.000000,0.000000,0.000000,0.000000,0.000000,0.000000,-2.722898,7.117974,-1.904655,0.000000,0.000000,0.000000,410.580827,309.118749,1
11.360000,3.166383,-0.221973,0.229819,0.754255,-0.019340,-0.773595,-0.021449,-0.014970,0.000384,0.015354,-0.039458,1.940576,-0.049758,-1.990334,-0.714858,0.249044,-0.006386,-0.255430,0.241428,0.002827,-0.000072,-0.002900,1.556120,-0.865238,0.022186,0.887424,-2.152554,0.010034,-0.000257,-0.010291,-0.608175,-0.180505,0.004628,0.185134,0.465998,-1.013739,0.025993,1.039732,-1.527786,-0.800946,0.020537,0.821483,-0.002676,-0.010932,0.000280,0.011212,-0.016384,0.144066,-0.003694,-0.147760,0.058308,3.563036,-7.069895,-0.392483,0.000000,0.000000,0.000000,0.000000,0.000000,0.000000,-2.844998,7.300525,-1.934498,0.000000,0.000000,0.000000,410.631911,309.098303,1
11.364000,3.172966,-0.234370,0.227537,1.259358,-0.032291,-1.291650,-0.305889,-0.010164,0.000261,0.010424,-0.061419,3.637676,-0.093274,-3.730950,-1.433853,0.259145,-0.006645,-0.265790,0.435105,0.157991,-0.004051,-0.162042,1.520029,-0.976753,0.025045,1.001798,-2.143442,-0.018343,0.000470,0.018813,-0.455137,-0.048029,0.001232,0.049260,0.433034,-1.152679,0.029556,1.182235,-1.564862,-1.116499,0.028628,1.145127,0.018222,-0.010689,0.000274,0.010963,-0.023271,0.914136,-0.023439,-0.937575,-0.083748,3.676679,-6.968154,-0.860631,0.000000,0.000000,0.000000,0.000000,0.000000,0.000000,-2.748462,7.825903,-1.662782,0.000000,0.000000,0.000000,410.672848,309.104290,1
11.374000,3.173788,-0.235094,0.224220,1.259358,-0.032291,-1.291650,-0.387197,-0.010164,0.000261,0.010424,-0.055931,3.637676,-0.093274,-3.730950,-1.583445,0.259145,-0.006645,-0.265790,0.430626,0.157991,-0.004051,-0.162042,1.568648,-0.976753,0.025045,1.001798,-2.266419,-0.018343,0.000470,0.018813,-0.554857,-0.048029,0.001232,0.049260,0.405395,-1.152679,0.029556,1.182235,-1.730809,-1.116499,0.028628,1.145127,0.028271,-0.010689,0.000274,0.010963,-0.025290,0.914136,-0.023439,-0.937575,-0.177074,3.714021,-7.089473,-0.943281,0.000000,0.000000,0.000000,0.000000,0.000000,0.000000,-2.831800,7.941737,-1.639758,0.000000,0.000000,0.000000,410.786077,309.123586,1
11.378000,3.192090,-0.239953,0.230811,-0.235248,0.006032,0.241280,0.260215,-0.004119,0.000106,0.004224,-0.054673,1.184221,-0.030365,-1.214586,-0.484293,0.161286,-0.004136,-0.165421,0.364722,0.232473,-0.005961,-0.238434,1.411598,-1.478473,0.037910,1.516383,-1.798466,0.311609,-0.007990,-0.319599,-0.398515,0.544096,-0.013951,-0.558047,0.246232,-2.126822,0.054534,2.181356,-0.783452,0.471036,-0.012078,-0.483114,-0.535412,-0.031078,0.000797,0.031875,-0.035117,-1.782799,0.045713,1.828511,0.873900,3.557212,-6.484461,-0.989178,0.000000,0.000000,0.000000,0.000000,0.000000,0.000000,-2.601523,7.598953,-1.390790,0.000000,0.000000,0.000000,410.816504,309.114238,1
11.388000,3.193745,-0.240784,0.228153,-0.235248,0.006032,0.241280,0.295770,-0.004119,0.000106,0.004224,-0.055673,1.184221,-0.030365,-1.214586,-0.473434,0.161286,-0.004136,-0.165421,0.326730,0.232473,-0.005961,-0.238434,1.461276,-1.478473,0.037910,1.516383,-1.885172,0.311609,-0.007990,-0.319599,-0.540054,0.544096,-0.013951,-0.558047,0.231715,-2.126822,0.054534,2.181356,-0.927317,0.471036,-0.012078,-0.483114,-0.710275,-0.031078,0.000797,0.031875,-0.032619,-1.782799,0.045713,1.828511,0.890751,3.597792,-6.617303,-1.091010,0.000000,0.000000,0.000000,0.000000,0.000000,0.000000,-2.740070,7.910525,-1.386745,0.000000,0.000000,0.000000,410.898558,309.088002,1
11.392000,3.195472,-0.232701,0.228820,0.266204,-0.006826,-0.273030,0.382131,0.006174,-0.000158,-0.006332,-0.043744,2.741892,-0.070305,-2.812197,-0.637406,-0.002528,0.000065,0.002593,0.278590,1.085057,-0.027822,-1.112879,1.242133,-1.921918,0.049280,1.971198,-1.633383,0.391206,-0.010031,-0.401237,-0.827051,1.644655,-0.042171,-1.686826,-0.225757,-2.759277,0.070751,2.830028,-0.597727,0.368893,-0.009459,-0.378352,-1.120562,-0.049038,0.001257,0.050295,-0.034861,-0.075339,0.001932,0.077271,0.425521,3.348606,-6.655889,-0.951062,0.000753,0.000561,-0.000070,0.001462,-0.042403,0.027976,-2.718997,7.351324,-1.469886,0.000000,0.000000,0.000000,410.936009,309.074255,1
11.402000,3.196532,-0.233250,0.226269,0.266204,-0.006826,-0.273030,0.304652,0.006174,-0.000158,-0.006332,-0.061615,2.741892,-0.070305,-2.812197,-0.968030,-0.002528,0.000065,0.002593,0.281002,1.085057,-0.027822,-1.112879,1.283586,-1.921918,0.049280,1.971198,-1.732152,0.391206,-0.010031,-0.401237,-0.924243,1.644655,-0.042171,-1.686826,-0.269497,-2.759277,0.070751,2.830028,-0.726745,0.368893,-0.009459,-0.378352,-1.096592,-0.049038,0.001257,0.050295,-0.038239,-0.075339,0.001932,0.077271,0.230832,3.460449,-6.837239,-1.001804,0.048617,0.041630,-0.001072,0.012218,-0.370560,0.242642,-2.786608,7.646830,-1.541360,0.000000,0.000000,0.000000,411.045672,309.044224,1
11.406000,3.207303,-0.231914,0.235543,-0.709036,0.018180,0.727216,0.951452,0.011424,-0.000293,-0.011717,-0.041215,0.782986,-0.020077,-0.803062,-0.114493,0.099968,-0.002563,-0.102531,0.135956,1.416706,-0.036326,-1.453032,1.030543,-2.023221,0.051877,2.075098,-1.541442,0.721544,-0.018501,-0.740045,-0.894175,2.420757,-0.062071,-2.482828,-0.629325,-3.370779,0.086430,3.457209,0.061583,0.814646,-0.020888,-0.835534,-1.437251,-0.050514,0.001295,0.051809,-0.034781,-0.120955,0.003101,0.124056,0.319003,3.566895,-6.457760,-0.801083,0.000000,0.000000,0.000000,-0.188924,-0.237072,-0.033774,-2.722062,7.393755,-1.365363,0.000000,0.000000,0.000000,411.082366,309.043225,1
11.416000,3.208655,-0.232399,0.233407,-0.709036,0.018180,0.727216,0.929930,0.011424,-0.000293,-0.011717,-0.064109,0.782986,-0.020077,-0.803062,-0.218545,0.099968,-0.002563,-0.102531,0.134129,1.416706,-0.036326,-1.453032,1.087798,-2.023221,0.051877,2.075098,-1.637473,0.721544,-0.018501,-0.740045,-0.979576,2.420757,-0.062071,-2.482828,-0.593916,-3.370779,0.086430,3.457209,-0.149073,0.814646,-0.020888,-0.835534,-1.440271,-0.050514,0.001295,0.051809,-0.036855,-0.120955,0.003101,0.124056,0.181346,3.710204,-6.659905,-0.844034,0.002628,0.001170,-0.000871,-1.248562,-1.565004,-0.203425,-2.819886,7.852856,-1.481572,0.000000,0.000000,0.000000,411.180241,309.030908,1
11.422000,3.203330,-0.233085,0.225254,-0.634868,0.016279,0.651147,0.760250,-0.040470,0.001038,0.041508,0.048413,0.186138,-0.004773,-0.190910,-1.503196,-0.096109,0.002464,0.098573,0.428260,1.063328,-0.027265,-1.090593,1.072689,-2.223317,0.057008,2.280325,-1.215142,0.592502,-0.015192,-0.607694,-1.079033,2.099431,-0.053832,-2.153262,-0.658288,-3.548464,0.090986,3.639450,-0.382566,0.839675,-0.021530,-0.861205,-1.220202,-0.045730,0.001173,0.046902,0.003694,-0.109041,0.002796,0.111837,0.116989,3.663794,-5.830539,-0.320689,0.340416,0.334017,0.010197,-3.373962,-6.589269,1.058752,-2.263123,7.000315,-1.653209,0.000000,0.000000,0.000000,411.236021,309.022691,1
11.432000,3.203991,-0.233437,0.223281,-0.634868,0.016279,0.651147,0.930284,-0.040470,0.001038,0.041508,0.282380,0.186138,-0.004773,-0.190910,-2.217947,-0.096109,0.002464,0.098573,0.591076,1.063328,-0.027265,-1.090593,1.139701,-2.223317,0.057008,2.280325,-1.210071,0.592502,-0.015192,-0.607694,-0.965437,2.099431,-0.053832,-2.153262,-0.635355,-3.548464,0.090986,3.639450,-0.405838,0.839675,-0.021530,-0.861205,-1.091204,-0.045730,0.001173,0.046902,0.001031,-0.109041,0.002796,0.111837,0.067655,3.572794,-5.527370,-0.244517,0.658181,0.717899,0.062395,-3.033978,-6.431626,1.299704,-2.205305,7.315642,-1.852898,0.000000,0.000000,0.000000,411.330828,309.007911,1
11.440000,3.207267,-0.231533,0.222893,-0.632372,0.016215,0.648586,1.128206,1.152740,-0.029557,-1.182298,0.190648,-2.602366,0.066727,2.669094,-1.685679,-0.365476,0.009371,0.374847,0.861307,0.879873,-0.022561,-0.902434,0.786041,-2.566169,0.065799,2.631968,-0.474790,0.504127,-0.012926,-0.517053,-0.643762,2.154508,-0.055244,-2.209751,-0.747845,-4.114302,0.105495,4.219797,0.220864,1.186595,-0.030426,-1.217021,-0.978590,-0.135806,0.003482,0.139288,0.053239,-0.154433,0.003960,0.158393,0.065952,3.041620,-4.088789,0.078359,0.998587,0.814310,-0.080155,-3.181670,-7.114964,1.637333,-2.017374,7.127689,-1.822182,0.000000,0.000000,0.000000,411.425743,308.995888,1
11.450000,3.207592,-0.231391,0.222053,-0.632372,0.016215,0.648586,1.242800,1.152740,-0.029557,-1.182298,0.180717,-2.602366,0.066727,2.669094,-1.668921,-0.365476,0.009371,0.374847,0.936310,0.879873,-0.022561,-0.902434,0.778946,-2.566169,0.065799,2.631968,-0.375078,0.504127,-0.012926,-0.517053,-0.563227,2.154508,-0.055244,-2.209751,-0.646580,-4.114302,0.105495,4.219797,0.067396,1.186595,-0.030426,-1.217021,-0.901021,-0.135806,0.003482,0.139288,0.058153,-0.154433,0.003960,0.158393,0.034016,2.731198,-3.833619,-0.002206,2.618661,2.628231,0.058083,-2.915989,-6.590943,1.531422,-2.033392,7.184123,-1.847864,0.000000,0.000000,0.000000,411.532041,308.975020,1
11.454000,3.209588,-0.233100,0.229321,-1.074629,0.027555,1.102183,1.028414,1.171144,-0.030029,-1.201173,0.455503,-3.049541,0.078193,3.127734,-0.755105,-0.909839,0.023329,0.933169,0.855451,0.813877,-0.020869,-0.834746,0.926573,-2.860025,0.073334,2.933359,0.376737,0.021157,-0.000542,-0.021700,-1.011944,1.990226,-0.051031,-2.041257,-0.622397,-4.130972,0.105922,4.236895,1.786835,1.215422,-0.031165,-1.246586,-0.913104,0.042180,-0.001082,-0.043262,0.060805,-0.014241,0.000365,0.014606,0.000264,2.326088,-3.033468,0.148810,0.587391,0.695431,0.054348,-3.004972,-4.568848,0.362893,-0.302794,1.347643,-0.360720,0.000000,0.000000,0.000000,411.598934,309.012433,1
11.464000,3.209384,-0.233138,0.227677,-1.074629,0.027555,1.102183,1.110456,1.171144,-0.030029,-1.201173,0.490139,-3.049541,0.078193,3.127734,-0.652634,-0.909839,0.023329,0.933169,0.922554,0.813877,-0.020869,-0.834746,1.087265,-2.860025,0.073334,2.933359,0.223084,0.021157,-0.000542,-0.021700,-0.578125,1.990226,-0.051031,-2.041257,-0.718621,-4.130972,0.105922,4.236895,1.637768,1.215422,-0.031165,-1.246586,-0.860296,0.042180,-0.001082,-0.043262,0.062591,-0.014241,0.000365,0.014606,0.001188,2.467638,-3.666818,-0.078643,1.841482,2.015589,0.089408,-2.573335,-4.628213,0.736726,-4.143589,14.134717,-4.130115,0.000000,0.000000,0.000000,411.756639,309.099331,1
11.470000,3.213912,-0.233358,0.233957,-1.076910,0.027613,1.104523,0.520151,1.009744,-0.025891,-1.035635,0.332846,-3.334655,0.085504,3.420159,-0.147618,-0.979505,0.025116,1.004620,0.519849,0.243429,-0.006242,-0.249671,0.354829,-2.417843,0.061996,2.479839,0.663611,0.676146,-0.017337,-0.693483,-1.610636,-1.441924,0.036972,1.478896,0.362263,2.437476,-0.062499,-2.499976,-3.162581,1.548896,-0.039715,-1.588611,-0.061262,0.238240,-0.006109,-0.244349,1.520320,-0.157205,0.004031,0.161236,-1.765516,1.305231,-3.785799,-0.968014,4.290853,8.403715,1.991763,-3.780021,-5.209268,0.265759,0.000000,0.000000,0.000000,0.000000,0.000000,0.000000,411.840597,309.164158,1
11.480000,3.213352,-0.233363,0.233300,-1.076910,0.027613,1.104523,0.392548,1.009744,-0.025891,-1.035635,0.295929,-3.334655,0.085504,3.420159,-0.320671,-0.979505,0.025116,1.004620,0.381623,0.243429,-0.006242,-0.249671,0.446952,-2.417843,0.061996,2.479839,0.173322,0.676146,-0.017337,-0.693483,-1.190472,-1.441924,0.036972,1.478896,0.306117,2.437476,-0.062499,-2.499976,-2.052608,1.548896,-0.039715,-1.588611,-0.127922,0.238240,-0.006109,-0.244349,1.297593,-0.157205,0.004031,0.161236,-1.706551,1.275393,-4.196599,-1.199416,3.979880,7.744920,1.831507,-4.006717,-5.371814,0.177031,0.000000,0.000000,0.000000,0.000000,0.000000,0.000000,411.940265,309.221685,1
11.486000,3.218541,-0.231253,0.240597,0.217574,-0.005579,-0.223153,-0.919423,0.099873,-0.002561,-0.102434,0.539983,-3.522773,0.090328,3.613101,-0.244848,0.266520,-0.006834,-0.273353,-0.330257,-0.077291,0.001982,0.079273,0.198393,-3.267936,0.083793,3.351730,1.834740,1.016951,-0.026076,-1.043027,0.370212,0.140950,-0.003614,-0.144564,-0.315665,0.138391,-0.003548,-0.141940,0.262103,1.564881,-0.040125,-1.605006,-1.000292,-0.503257,0.012904,0.516161,0.890046,-1.134863,0.029099,1.163962,-0.825825,0.000000,0.000000,0.000000,2.789619,6.411183,1.692781,-4.239912,-6.179952,0.300285,0.000000,0.000000,0.000000,0.000000,0.000000,0.000000,412.005640,309.259166,1
11.496000,3.221986,-0.229906,0.243413,1.174297,-0.030110,-1.204407,-1.316917,-0.713571,0.018297,0.731868,0.636933,-3.676349,0.094265,3.770615,0.082944,1.218176,-0.031235,-1.249412,-1.069580,-0.356754,0.009148,0.365902,0.262574,-4.126485,0.105807,4.232292,2.164640,-0.790953,0.020281,0.811234,1.112550,-0.177133,0.004542,0.181675,-0.091651,-3.276502,0.084013,3.360515,1.505030,2.411688,-0.061838,-2.473526,-1.274999,-1.245814,0.031944,1.277758,0.982713,-1.372815,0.035200,1.408015,-0.583912,0.000000,0.000000,0.000000,3.164743,6.043958,1.299235,-3.581568,-6.062812,0.604583,0.000000,0.000000,0.000000,0.000000,0.000000,0.000000,412.247313,309.484062,1
11.500000,3.235126,-0.221462,0.246085,-0.014673,0.000376,0.015050,-0.876614,0.202131,-0.005183,-0.207313,0.753169,-3.007044,0.077104,3.084147,-0.296420,-3.262866,0.083663,3.346529,2.013566,-0.241342,0.006188,0.247530,0.115628,2.150096,-0.055131,-2.205227,-0.915450,0.693299,-0.017777,-0.711076,0.682706,1.112542,-0.028527,-1.141068,-0.487133,0.553948,-0.014204,-0.568152,0.069457,0.724609,-0.018580,-0.743189,-0.459807,-0.022247,0.000570,0.022818,0.559104,-2.038357,0.052266,2.090623,-0.472822,0.000000,0.000000,0.000000,2.809862,6.884613,1.735206,-3.922138,-5.489641,0.168725,0.000000,0.000000,0.000000,0.000000,0.000000,0.000000,412.296485,309.512459,1
11.510000,3.235796,-0.221003,0.245294,-0.014673,0.000376,0.015050,-0.791304,0.202131,-0.005183,-0.207313,0.805124,-3.007044,0.077104,3.084147,-0.512644,-3.262866,0.083663,3.346529,2.277302,-0.241342,0.006188,0.247530,0.048864,2.150096,-0.055131,-2.205227,-0.932868,0.693299,-0.017777,-0.711076,0.477097,1.112542,-0.028527,-1.141068,-0.559011,0.553948,-0.014204,-0.568152,0.004565,0.724609,-0.018580,-0.743189,-0.328045,-0.022247,0.000570,0.022818,0.567338,-2.038357,0.052266,2.090623,-0.699104,0.000000,0.000000,0.000000,3.068435,7.338982,1.790766,-4.136673,-6.009652,0.328046,0.000000,0.000000,0.000000,0.000000,0.000000,0.000000,412.437968,309.582675,1
11.514000,3.234214,-0.226553,0.241177,-0.227867,0.005843,0.233710,-0.267249,0.091053,-0.002335,-0.093387,0.868290,-1.928473,0.049448,1.977921,-0.819568,-1.119155,0.028696,1.147851,0.466885,-0.275878,0.007074,0.282952,-0.082449,0.739573,-0.018963,-0.758536,-0.206597,0.691242,-0.017724,-0.708966,0.002114,0.648210,-0.016621,-0.664830,-0.510252,1.057866,-0.027125,-1.084991,-0.483115,0.273868,-0.007022,-0.280890,0.238190,-0.139259,0.003571,0.142830,0.526561,-1.294279,0.033187,1.327466,-0.880185,0.000000,0.000000,0.000000,3.231577,6.715224,1.485865,-3.753767,-5.570012,0.341601,0.000000,0.000000,0.000000,0.000000,0.000000,0.000000,412.456591,309.577102,1
11.524000,3.234737,-0.226492,0.239410,-0.227867,0.005843,0.233710,-0.261101,0.091053,-0.002335,-0.093387,0.962242,-1.928473,0.049448,1.977921,-1.093091,-1.119155,0.028696,1.147851,0.483645,-0.275878,0.007074,0.282952,-0.041563,0.739573,-0.018963,-0.758536,-0.236956,0.691242,-0.017724,-0.708966,0.000331,0.648210,-0.016621,-0.664830,-0.458323,1.057866,-0.027125,-1.084991,-0.421553,0.273868,-0.007022,-0.280890,0.301107,-0.139259,0.003571,0.142830,0.540963,-1.294279,0.033187,1.327466,-1.114712,0.000000,0.000000,0.000000,3.410689,7.094102,1.571447,-4.006990,-6.096622,0.467203,0.000000,0.000000,0.000000,0.000000,0.000000,0.000000,412.511226,309.553952,1
11.528000,3.263053,-0.225529,0.243583,-0.411265,0.010545,0.421810,0.066150,-0.203253,0.005212,0.208464,0.945872,-0.991691,0.025428,1.017119,-0.447673,-0.706347,0.018111,0.724459,0.066053,-0.001266,0.000032,0.001298,-0.399017,1.821297,-0.046700,-1.867996,-0.864189,0.063897,-0.001638,-0.065535,0.045217,0.221056,-0.005668,-0.226724,-0.268977,2.389780,-0.061276,-2.451057,-1.265228,-0.291909,0.007485,0.299393,0.806207,-0.292770,0.007507,0.300277,0.408489,-1.184459,0.030371,1.214830,-0.477146,0.000000,0.000000,0.000000,2.331352,5.394825,1.263927,-2.540954,-4.167756,0.298491,0.000000,0.000000,0.000000,0.000000,0.000000,0.000000,412.537034,309.571451,1
11.538000,3.264379,-0.225778,0.242059,-0.411265,0.010545,0.421810,0.037489,-0.203253,0.005212,0.208464,1.097812,-0.991691,0.025428,1.017119,-0.819864,-0.706347,0.018111,0.724459,0.074232,-0.001266,0.000032,0.001298,-0.245346,1.821297,-0.046700,-1.867996,-0.848864,0.063897,-0.001638,-0.065535,0.080958,0.221056,-0.005668,-0.226724,-0.224871,2.389780,-0.061276,-2.451057,-1.165584,-0.291909,0.007485,0.299393,0.821745,-0.292770,0.007507,0.300277,0.440139,-1.184459,0.030371,1.214830,-0.774712,0.000000,0.000000,0.000000,2.517372,5.973339,1.433262,-2.920577,-5.015038,0.479163,0.000000,0.000000,0.000000,0.000000,0.000000,0.000000,412.606543,309.605347,1
11.542000,3.255378,-0.222205,0.239896,-0.034326,0.000880,0.035206,-0.190765,-0.013422,0.000344,0.013766,1.177488,-0.665681,0.017069,0.682749,-1.402132,-0.723069,0.018540,0.741609,-0.019621,-0.019337,0.000496,0.019833,-0.102085,1.723636,-0.044196,-1.767831,-0.529614,0.187207,-0.004800,-0.192007,0.231699,0.006908,-0.000177,-0.007086,-0.059806,0.800694,-0.020531,-0.821224,-0.121460,0.083322,-0.002136,-0.085459,0.438026,-0.042835,0.001098,0.043934,0.493240,-0.910949,0.023358,0.934307,-1.030881,0.000000,0.000000,0.000000,3.208350,6.620376,1.547315,-3.569528,-5.323956,0.432744,0.000000,0.000000,0.000000,0.000000,0.000000,0.000000,412.618943,309.601541,1
11.552000,3.256433,-0.222009,0.237466,-0.034326,0.000880,0.035206,-0.207095,-0.013422,0.000344,0.013766,1.283022,-0.665681,0.017069,0.682749,-1.707164,-0.723069,0.018540,0.741609,0.011397,-0.019337,0.000496,0.019833,-0.074999,1.723636,-0.044196,-1.767831,-0.650842,0.187207,-0.004800,-0.192007,0.247990,0.006908,-0.000177,-0.007086,-0.053155,0.800694,-0.020531,-0.821224,-0.180141,0.083322,-0.002136,-0.085459,0.489512,-0.042835,0.001098,0.043934,0.486876,-0.910949,0.023358,0.934307,-1.255130,0.000000,0.000000,0.000000,3.363436,6.921451,1.605676,-3.821834,-5.826366,0.563604,0.000000,0.000000,0.000000,0.000000,0.000000,0.000000,412.656771,309.590640,1
11.556000,3.253009,-0.226695,0.235368,-0.243807,0.006251,0.250058,-0.055861,0.122687,-0.003146,-0.125833,1.137105,-0.530597,0.013605,0.544202,-1.788667,-1.027052,0.026335,1.053387,0.160794,-0.023476,0.000602,0.024078,-0.071422,3.074508,-0.078834,-3.153341,-1.215693,0.480440,-0.012319,-0.492759,0.132667,-0.121413,0.003113,0.124527,-0.018908,0.803611,-0.020605,-0.824216,-0.115264,-0.127898,0.003279,0.131178,0.640895,0.370130,-0.009491,-0.379621,0.198046,-1.328385,0.034061,1.362446,-1.099046,0.000000,0.000000,0.000000,3.223235,6.761752,1.698768,-3.789356,-5.922923,0.508629,0.000000,0.000000,0.000000,0.000000,0.000000,0.000000,412.684589,309.596278,1
11.566000,3.253559,-0.226694,0.232657,-0.243807,0.006251,0.250058,-0.064762,0.122687,-0.003146,-0.125833,1.225349,-0.530597,0.013605,0.544202,-2.047421,-1.027052,0.026335,1.053387,0.218954,-0.023476,0.000602,0.024078,-0.057437,3.074508,-0.078834,-3.153341,-1.330575,0.480440,-0.012319,-0.492759,0.110654,-0.121413,0.003113,0.124527,-0.015860,0.803611,-0.020605,-0.824216,-0.172507,-0.127898,0.003279,0.131178,0.705941,0.370130,-0.009491,-0.379621,0.180433,-1.328385,0.034061,1.362446,-1.307300,0.000000,0.000000,0.000000,3.365708,7.008533,1.753816,-3.958665,-6.291816,0.608269,0.000000,0.000000,0.000000,0.000000,0.000000,0.000000,412.763122,309.610969,1
11.570000,3.266222,-0.222123,0.235199,-0.170156,0.004363,0.174519,-0.207483,-0.177251,0.004545,0.181796,1.281237,-0.628554,0.016117,0.644670,-1.746500,-0.715922,0.018357,0.734279,0.056072,-0.016958,0.000435,0.017393,-0.056321,2.542839,-0.065201,-2.608040,-1.061031,0.238342,-0.006111,-0.244453,0.313729,-0.080868,0.002074,0.082942,-0.011331,-0.149853,0.003842,0.153696,0.106737,-0.004482,0.000115,0.004597,0.371806,-0.049902,0.001280,0.051182,0.449968,-1.287192,0.033005,1.320197,-1.100957,0.000000,0.000000,0.000000,3.347224,6.923493,1.402982,-4.068352,-5.653215,0.846876,0.000000,0.000000,0.000000,0.000000,0.000000,0.000000,412.786228,309.612522,1
11.580000,3.267473,-0.221709,0.232495,-0.170156,0.004363,0.174519,-0.216951,-0.177251,0.004545,0.181796,1.370367,-0.628554,0.016117,0.644670,-1.965326,-0.715922,0.018357,0.734279,0.068647,-0.016958,0.000435,0.017393,-0.052389,2.542839,-0.065201,-2.608040,-1.116041,0.238342,-0.006111,-0.244453,0.316075,-0.080868,0.002074,0.082942,-0.010600,-0.149853,0.003842,0.153696,0.088492,-0.004482,0.000115,0.004597,0.438031,-0.049902,0.001280,0.051182,0.451910,-1.287192,0.033005,1.320197,-1.313007,0.000000,0.000000,0.000000,3.517570,7.236888,1.437112,-4.235472,-5.957836,0.972044,0.000000,0.000000,0.000000,0.000000,0.000000,0.000000,412.849891,309.613838,1
11.584000,3.270567,-0.230027,0.239876,-0.219918,0.005639,0.225557,-0.029958,-0.145692,0.003736,0.149427,1.258398,-0.533618,0.013683,0.547301,-1.853093,-0.672478,0.017243,0.689721,0.009729,-0.015000,0.000385,0.015385,-0.044954,2.603533,-0.066757,-2.670290,-1.081029,0.292053,-0.007489,-0.299541,0.152194,-0.061716,0.001582,0.063298,0.002927,-0.446727,0.011455,0.458182,0.230065,-0.046388,0.001189,0.047577,0.497023,0.034635,-0.000888,-0.035523,0.348901,-1.307430,0.033524,1.340954,-0.954132,0.000000,0.000000,0.000000,3.110229,6.492925,1.825016,-3.577217,-6.182556,0.262868,0.000000,0.000000,0.000000,0.000000,0.000000,0.000000,412.872170,309.617245,1
11.594000,3.271281,-0.230512,0.237305,-0.219918,0.005639,0.225557,-0.028144,-0.145692,0.003736,0.149427,1.348414,-0.533618,0.013683,0.547301,-2.097014,-0.672478,0.017243,0.689721,0.004082,-0.015000,0.000385,0.015385,-0.043124,2.603533,-0.066757,-2.670290,-1.134242,0.292053,-0.007489,-0.299541,0.157602,-0.061716,0.001582,0.063298,-0.002646,-0.446727,0.011455,0.458182,0.223777,-0.046388,0.001189,0.047577,0.562018,0.034635,-0.000888,-0.035523,0.351374,-1.307430,0.033524,1.340954,-1.166809,0.000000,0.000000,0.000000,3.285974,6.801068,1.915374,-3.775294,-6.552341,0.294413,0.000000,0.000000,0.000000,0.000000,0.000000,0.000000,412.933586,309.623076,1
11.598000,3.286494,-0.218880,0.234307,-0.185256,0.004750,0.190006,-0.162763,-0.059132,0.001516,0.060648,1.421118,-0.397439,0.010191,0.407630,-2.081611,-0.517019,0.013257,0.530276,-0.001031,-0.012782,0.000328,0.013109,-0.038877,1.980437,-0.050780,-2.031218,-0.724930,0.226283,-0.005802,-0.232085,0.389582,-0.050796,0.001302,0.052099,-0.033519,-0.961401,0.024651,0.986052,0.515328,-0.019458,0.000499,0.019957,0.337969,0.101230,-0.002596,-0.103826,0.530722,-1.082357,0.027753,1.110109,-1.146316,0.000000,0.000000,0.000000,3.286398,7.415972,1.184925,-4.126387,-5.926616,0.847260,0.000000,0.000000,0.000000,0.000000,0.000000,0.000000,412.951081,309.622169,1
11.608000,3.288083,-0.218234,0.231322,-0.185256,0.004750,0.190006,-0.165338,-0.059132,0.001516,0.060648,1.488335,-0.397439,0.010191,0.407630,-2.264339,-0.517019,0.013257,0.530276,0.000669,-0.012782,0.000328,0.013109,-0.041951,1.980437,-0.050780,-2.031218,-0.804916,0.226283,-0.005802,-0.232085,0.386332,-0.050796,0.001302,0.052099,-0.035522,-0.961401,0.024651,0.986052,0.502515,-0.019458,0.000499,0.019957,0.403451,0.101230,-0.002596,-0.103826,0.534460,-1.082357,0.027753,1.110109,-1.341905,0.000000,0.000000,0.000000,3.447402,7.717381,1.182347,-4.249280,-6.159800,0.964236,0.000000,0.000000,0.000000,0.000000,0.000000,0.000000,412.999289,309.618544,1
11.614000,3.287003,-0.226582,0.228863,-0.116208,0.002980,0.119187,-0.191063,0.004390,-0.000113,-0.004503,1.603689,-0.361859,0.009278,0.371137,-2.276913,-0.619116,0.015875,0.634991,0.008223,-0.013796,0.000354,0.014150,-0.040236,2.485871,-0.063740,-2.549611,-0.993018,0.205415,-0.005267,-0.210683,0.320664,-0.069161,0.001773,0.070934,-0.032131,0.023313,-0.000598,-0.023910,0.176735,0.037766,-0.000968,-0.038735,0.712462,0.206091,-0.005284,-0.211375,0.302269,-1.099314,0.028188,1.127501,-1.322418,0.000000,0.000000,0.000000,3.374483,7.049428,1.508205,-4.040351,-6.303383,0.698186,0.000000,0.000000,0.000000,0.000000,0.000000,0.000000,413.029704,309.618573,1
11.624000,3.288002,-0.226439,0.225526,-0.116208,0.002980,0.119187,-0.212752,0.004390,-0.000113,-0.004503,1.671906,-0.361859,0.009278,0.371137,-2.432837,-0.619116,0.015875,0.634991,0.005175,-0.013796,0.000354,0.014150,-0.043641,2.485871,-0.063740,-2.549611,-1.060066,0.205415,-0.005267,-0.210683,0.328587,-0.069161,0.001773,0.070934,-0.026573,0.023313,-0.000598,-0.023910,0.099081,0.037766,-0.000968,-0.038735,0.775945,0.206091,-0.005284,-0.211375,0.286731,-1.099314,0.028188,1.127501,-1.500870,0.000000,0.000000,0.000000,3.472679,7.236346,1.540078,-4.127199,-6.486901,0.773242,0.000000,0.000000,0.000000,0.000000,0.000000,0.000000,413.084693,309.617705,1
11.628000,3.290734,-0.223408,0.228241,-0.010029,0.000257,0.010287,-0.172983,0.147806,-0.003790,-0.151596,1.439808,-0.760925,0.019511,0.780436,-2.370787,-0.299241,0.007673,0.306914,-0.017402,-0.010436,0.000268,0.010704,-0.040001,2.268076,-0.058156,-2.326231,-0.880782,-0.166460,0.004268,0.170728,0.718401,-0.077123,0.001978,0.079100,-0.034067,-0.060868,0.001561,0.062429,0.151381,0.009114,-0.000234,-0.009347,0.586093,0.429733,-0.011019,-0.440751,0.221866,-1.512734,0.038788,1.551522,-1.265556,0.000000,0.000000,0.000000,3.562079,7.300015,1.490089,-4.185111,-6.660451,0.805039,0.000000,0.000000,0.000000,0.000000,0.000000,0.000000,413.109999,309.609847,1
11.638000,3.291533,-0.223022,0.225088,-0.009385,0.000241,0.009625,-0.188854,0.143117,-0.003670,-0.146787,1.477086,-0.756533,0.019398,0.775931,-2.483901,-0.286529,0.007347,0.293876,-0.026264,-0.010466,0.000268,0.010735,-0.047561,2.227610,-0.057118,-2.284728,-0.931580,-0.181244,0.004647,0.185892,0.722839,-0.077940,0.001998,0.079938,-0.025500,-0.065609,0.001682,0.067292,0.088246,0.010636,-0.000273,-0.010909,0.652047,0.426444,-0.010934,-0.437378,0.199161,-1.511972,0.038769,1.550741,-1.412638,-0.011254,-0.071890,-0.047746,3.669144,7.473256,1.506143,-4.246615,-6.771489,0.858517,0.000000,0.000000,0.000000,0.000000,0.000000,0.000000,413.177097,309.588123,1
11.642000,3.307416,-0.217334,0.227128,-0.082359,0.002112,0.084471,-0.262605,0.883893,-0.022664,-0.906556,1.277385,-1.617276,0.041469,1.658745,-1.981322,-0.178115,0.004567,0.182682,-0.200949,-0.000023,0.000001,0.000023,-0.064919,3.823111,-0.098028,-3.921140,-1.128662,0.019392,-0.000497,-0.019889,1.382784,-0.922955,0.023666,0.946621,0.163628,-0.056940,0.001460,0.058400,0.297025,-0.392943,0.010075,0.403019,0.726492,1.522153,-0.039030,-1.561183,-0.295479,-2.686354,0.068881,2.755235,-0.570651,-0.009341,-0.037809,-0.029734,3.157890,7.042038,1.233936,-4.300157,-6.419785,1.114444,0.000000,0.000000,0.000000,0.000000,0.000000,0.000000,413.222918,309.585118,1
11.652000,3.308812,-0.216549,0.224347,-0.082359,0.002112,0.084471,-0.280106,0.883893,-0.022664,-0.906556,1.330019,-1.617276,0.041469,1.658745,-2.035652,-0.178115,0.004567,0.182682,-0.205456,-0.000023,0.000001,0.000023,-0.074610,3.823111,-0.098028,-3.921140,-1.494429,0.019392,-0.000497,-0.019889,1.182385,-0.922955,0.023666,0.946621,0.197765,-0.056940,0.001460,0.058400,0.165877,-0.392943,0.010075,0.403019,0.798870,1.522153,-0.039030,-1.561183,-0.270117,-2.686354,0.068881,2.755235,-0.742967,-0.070144,-0.272508,-0.214309,3.329961,7.536272,1.323466,-4.364270,-6.466113,1.157880,-0.001930,0.000120,0.001147,0.000000,0.000000,0.000000,413.358063,309.585981,1
11.658000,3.304878,-0.227103,0.225860,-0.184920,0.004742,0.189661,-0.128645,1.025747,-0.026301,-1.052048,1.248678,-1.790431,0.045908,1.836339,-1.929096,-0.061072,0.001566,0.062638,-0.441485,0.007632,-0.000196,-0.007828,-0.075923,3.604183,-0.092415,-3.696598,-1.329701,0.316179,-0.008107,-0.324286,0.854694,-0.715378,0.018343,0.733721,0.180681,0.019586,-0.000502,-0.020088,0.160083,-0.582722,0.014942,0.597663,1.123004,1.779287,-0.045623,-1.824909,-0.529176,-2.985899,0.076562,3.062460,-0.548336,0.004357,-0.014483,-0.003796,3.326447,6.998942,1.451718,-4.256411,-6.630068,0.869480,0.012272,0.022845,-0.020729,0.000000,0.000000,0.000000,413.439383,309.584887,1
11.668000,3.304339,-0.222714,0.220271,-0.101369,0.002599,0.103968,-0.258432,1.001091,-0.025669,-1.026760,1.286434,-1.785049,0.045770,1.830820,-1.970334,-0.292846,0.007509,0.300354,-0.238497,0.011093,-0.000284,-0.011377,-0.074766,3.860777,-0.098994,-3.959772,-1.814158,0.467572,-0.011989,-0.479561,0.634047,-0.652858,0.016740,0.669598,0.107973,0.039273,-0.001007,-0.040280,0.061317,-0.464290,0.011905,0.476195,1.150949,1.690730,-0.043352,-1.734082,-0.507325,-2.906041,0.074514,2.980555,-0.871063,-0.122624,-0.999386,-0.681951,3.494535,7.555205,1.498440,-4.276315,-6.572821,1.007458,0.015719,0.037419,-0.031839,0.000000,0.000000,0.000000,413.605524,309.592438,1
11.674000,3.331485,-0.215831,0.232278,-0.187805,0.004816,0.192621,-0.309862,1.178299,-0.030213,-1.208512,1.062969,-2.217488,0.056859,2.274347,-1.030224,0.731724,-0.018762,-0.750486,-0.728554,0.040278,-0.001033,-0.041311,-0.166664,0.876651,-0.022478,-0.899130,-0.408071,-0.540664,0.013863,0.554527,1.165205,-0.774261,0.019853,0.794114,0.350602,-0.111942,0.002870,0.114813,0.192754,-0.828966,0.021256,0.850221,1.011457,2.224453,-0.057037,-2.281490,-0.681627,-3.678449,0.094319,3.772769,0.233809,3.422419,-6.518581,-0.033141,2.864872,6.835377,0.914007,-4.429581,-4.963329,0.859256,0.000000,0.000000,0.000000,0.000000,0.000000,0.000000,413.658635,309.601301,1
11.684000,3.333269,-0.215190,0.229936,-0.206160,0.005286,0.211446,-0.433033,1.201623,-0.030811,-1.232433,1.140237,-2.204506,0.056526,2.261032,-1.016745,0.720045,-0.018463,-0.738507,-0.725677,0.041248,-0.001058,-0.042306,0.436071,0.903108,-0.023157,-0.926265,-2.097179,-0.535472,0.013730,0.549202,1.036458,-0.769796,0.019738,0.789535,0.330006,-0.109186,0.002800,0.111985,0.132854,-0.848410,0.021754,0.870164,0.927215,2.254617,-0.057811,-2.312427,-0.588765,-3.676136,0.094260,3.770396,0.073963,2.684603,-6.978519,-0.999319,2.743087,7.372463,1.228401,-4.546095,-4.585514,0.597813,0.000000,0.000000,0.000000,0.000000,0.000000,0.000000,413.754479,309.620862,1
11.690000,3.320065,-0.216352,0.224951,-0.576921,0.014793,0.591714,-0.206500,1.664633,-0.042683,-1.707316,0.729714,-1.587746,0.040711,1.628458,-0.962080,0.175506,-0.004500,-0.180006,-0.645428,0.819396,-0.021010,-0.840406,0.210208,0.262026,-0.006719,-0.268744,-2.910114,-0.199313,0.005111,0.204424,0.662982,-0.608254,0.015596,0.623850,0.222275,-0.010659,0.000273,0.010932,0.050286,-1.247599,0.031990,1.279589,1.256823,3.203837,-0.082150,-3.285986,-1.108716,-3.916080,0.100412,4.016493,0.214515,2.007210,-6.785776,-1.469704,2.563862,7.273399,1.628211,-3.893058,-3.671798,-0.126343,0.000000,0.000000,0.000000,0.000000,0.000000,0.000000,413.816864,309.645910,1
11.700000,3.320629,-0.215973,0.223560,-0.576921,0.014793,0.591714,-0.249060,1.664633,-0.042683,-1.707316,0.734879,-1.587746,0.040711,1.628458,-0.890518,0.175506,-0.004500,-0.180006,-0.755198,0.819396,-0.021010,-0.840406,0.226059,0.262026,-0.006719,-0.268744,-2.980541,-0.199313,0.005111,0.204424,0.626550,-0.608254,0.015596,0.623850,0.183646,-0.010659,0.000273,0.010932,0.031421,-1.247599,0.031990,1.279589,1.211695,3.203837,-0.082150,-3.285986,-1.006854,-3.916080,0.100412,4.016493,0.076188,1.733013,-6.340991,-1.488355,2.596412,7.658313,1.783713,-3.803519,-3.598839,-0.106328,0.000000,0.000000,0.000000,0.000000,0.000000,0.000000,413.910735,309.678937,1
11.706000,3.319474,-0.254247,0.240287,0.203774,-0.005225,-0.208999,0.423304,1.074929,-0.027562,-1.102491,0.453139,-2.292896,0.058792,2.351688,1.060186,0.043761,-0.001122,-0.044883,0.502034,3.316055,-0.085027,-3.401082,0.674677,-6.596291,0.169136,6.765427,1.477505,-1.545163,0.039620,1.584782,-0.200560,-0.792466,0.020320,0.812786,1.627561,-0.243613,0.006246,0.249859,-1.453048,-0.792276,0.020315,0.812591,1.177149,3.252556,-0.083399,-3.335955,-1.658069,-5.424327,0.139085,5.563412,3.605548,2.948385,-6.176925,0.125161,0.000000,0.000000,0.000000,-0.280706,-0.508994,0.060684,-2.926817,7.947956,-1.173767,0.000000,0.000000,0.000000,414.174406,309.899574,1
11.716000,3.318978,-0.255349,0.240385,0.203774,-0.005225,-0.208999,0.483227,1.074929,-0.027562,-1.102491,0.306999,-2.292896,0.058792,2.351688,0.898711,0.043761,-0.001122,-0.044883,0.536348,3.316055,-0.085027,-3.401082,0.585410,-6.596291,0.169136,6.765427,1.176286,-1.545163,0.039620,1.584782,-0.158942,-0.792466,0.020320,0.812786,1.405656,-0.243613,0.006246,0.249859,-1.502478,-0.792276,0.020315,0.812591,0.779712,3.252556,-0.083399,-3.335955,-1.670327,-5.424327,0.139085,5.563412,3.129889,2.950422,-6.353957,-0.065593,0.000000,0.000000,0.000000,-0.420904,-0.933821,0.148820,-2.802433,7.318924,-0.980653,0.000000,0.000000,0.000000,414.553551,310.217082,1
11.722000,3.337598,-0.232786,0.236083,0.852542,-0.021860,-0.874402,0.260743,0.367888,-0.009433,-0.377321,0.061115,-3.523816,0.090354,3.614171,1.516650,0.820993,-0.021051,-0.842044,0.239412,1.542811,-0.039559,-1.582370,0.368257,-5.176729,0.132737,5.309466,0.971520,-0.972979,0.024948,0.997927,0.456833,-0.784594,0.020118,0.804712,1.566571,-1.670585,0.042836,1.713420,-1.113849,-3.354138,0.086004,3.440142,1.219032,1.240680,-0.031812,-1.272492,-0.975929,2.678439,-0.068678,-2.747117,-1.256565,3.471181,-4.419994,0.363492,0.000000,0.000000,0.000000,-0.089078,-1.635546,0.825101,-2.690222,7.853756,-2.092307,0.000000,0.000000,0.000000,414.698676,310.326881,1
11.732000,3.326715,-0.233817,0.235735,0.014444,-0.000370,-0.014815,0.929185,0.978387,-0.025087,-1.003474,-0.090015,-4.079686,0.104607,4.184293,1.341600,-0.054044,0.001386,0.055429,0.991282,1.450046,-0.037181,-1.487226,0.368244,-4.736289,0.121443,4.857732,1.006684,-1.641436,0.042088,1.683524,0.696846,-0.655532,0.016809,0.672341,1.207476,-1.237166,0.031722,1.268888,-1.054569,-1.234208,0.031646,1.265854,0.930885,1.320528,-0.033860,-1.354388,-0.876464,-1.787221,0.045826,1.833047,0.945787,3.056606,-4.134457,0.340731,0.000000,0.000000,0.000000,-0.883943,-2.739341,0.885555,-2.523408,6.697107,-1.582413,0.000000,0.000000,0.000000,414.885003,310.475217,1
11.740000,3.329752,-0.232374,0.250307,0.303235,-0.007775,-0.311011,0.074587,0.084551,-0.002168,-0.086719,-0.078262,-4.078342,0.104573,4.182915,2.473597,0.300027,-0.007693,-0.307720,0.896816,0.908771,-0.023302,-0.932072,0.260426,-5.114085,0.131130,5.245215,1.081735,-1.091532,0.027988,1.119520,0.571848,-1.235625,0.031683,1.267307,0.835931,-2.486685,0.063761,2.550446,-0.411968,-3.556079,0.091182,3.647261,1.579367,1.996435,-0.051191,-2.047626,-1.233587,0.780077,-0.020002,-0.800079,-0.854495,3.298423,-5.298653,0.242137,0.000000,0.000000,0.000000,0.000000,0.000000,0.000000,-2.109727,6.474383,-1.588269,0.000000,0.000000,0.000000,415.111321,310.676053,1
11.750000,3.329623,-0.232319,0.250270,0.303235,-0.007775,-0.311011,0.007363,0.084551,-0.002168,-0.086719,-0.076159,-4.078342,0.104573,4.182915,2.218076,0.300027,-0.007693,-0.307720,0.873961,0.908771,-0.023302,-0.932072,0.356809,-5.114085,0.131130,5.245215,0.800604,-1.091532,0.027988,1.119520,0.511107,-1.235625,0.031683,1.267307,0.861545,-2.486685,0.063761,2.550446,-0.616227,-3.556079,0.091182,3.647261,1.942600,1.996435,-0.051191,-2.047626,-1.204050,0.780077,-0.020002,-0.800079,-0.487034,3.519039,-6.078431,0.065044,0.000000,0.000000,0.000000,0.000000,0.000000,0.000000,-2.342097,7.090565,-1.722961,0.000000,0.000000,0.000000,415.383958,310.905182,1
11.754000,3.343642,-0.239217,0.242938,2.767127,-0.070952,-2.838079,-2.707490,-3.325046,0.085258,3.410304,0.841078,3.721693,-0.095428,-3.817121,-2.254519,-1.061838,0.027227,1.089065,1.593555,-0.174725,0.004480,0.179205,0.734513,-3.042449,0.078012,3.120461,-0.053971,-1.928455,0.049448,1.977902,1.065828,-1.103323,0.028290,1.131613,0.458244,-2.447370,0.062753,2.510123,-0.221340,-1.732700,0.044428,1.777129,0.814216,1.022778,-0.026225,-1.049003,-0.566031,0.355854,-0.009124,-0.364978,-0.214974,3.190143,-5.507012,-0.040412,0.000000,0.000000,0.000000,0.000000,0.000000,0.000000,-2.500786,5.532734,-1.321833,0.000000,0.000000,0.000000,415.489939,311.005370,1
11.764000,3.344007,-0.239510,0.242263,2.767127,-0.070952,-2.838079,-2.561973,-3.325046,0.085258,3.410304,1.066503,3.721693,-0.095428,-3.817121,-2.009169,-1.061838,0.027227,1.089065,1.630699,-0.174725,0.004480,0.179205,0.887600,-3.042449,0.078012,3.120461,-0.331574,-1.928455,0.049448,1.977902,1.065390,-1.103323,0.028290,1.131613,0.567087,-2.447370,0.062753,2.510123,-0.512588,-1.732700,0.044428,1.777129,0.911206,1.022778,-0.026225,-1.049003,-0.543731,0.355854,-0.009124,-0.364978,-0.115207,3.403799,-6.114566,-0.168798,0.000000,0.000000,0.000000,0.000000,0.000000,0.000000,-2.758545,6.321467,-1.559058,0.000000,0.000000,0.000000,415.768083,311.237088,1
11.770000,3.350907,-0.241283,0.240457,1.258997,-0.032282,-1.291279,-0.356953,-0.246666,0.006325,0.252990,-0.001031,0.989396,-0.025369,-1.014765,-0.528714,0.177150,-0.004542,-0.181692,0.660462,0.104391,-0.002677,-0.107068,0.996153,-2.111791,0.054148,2.165940,-0.394575,-0.348553,0.008937,0.357490,-0.191963,-0.539423,0.013831,0.553255,0.515531,-1.612654,0.041350,1.654004,-0.727385,-1.029548,0.026399,1.055947,0.125948,0.796392,-0.020420,-0.816813,-0.460143,0.297915,-0.007639,-0.305554,-0.038284,3.137748,-5.569290,-0.199347,0.000000,0.000000,0.000000,0.000000,0.000000,0.000000,-2.380665,6.384427,-1.458762,0.000000,0.000000,0.000000,415.793022,311.233788,1
11.780000,3.351670,-0.241344,0.238791,1.258997,-0.032282,-1.291279,-0.465853,-0.246666,0.006325,0.252990,0.007483,0.989396,-0.025369,-1.014765,-0.441709,0.177150,-0.004542,-0.181692,0.622793,0.104391,-0.002677,-0.107068,1.134922,-2.111791,0.054148,2.165940,-0.738943,-0.348553,0.008937,0.357490,-0.280967,-0.539423,0.013831,0.553255,0.533726,-1.612654,0.041350,1.654004,-0.961320,-1.029548,0.026399,1.055947,0.143821,0.796392,-0.020420,-0.816813,-0.449972,0.297915,-0.007639,-0.305554,-0.023094,3.313445,-6.221737,-0.388871,0.000000,0.000000,0.000000,0.000000,0.000000,0.000000,-2.535935,6.873946,-1.586438,0.000000,0.000000,0.000000,415.847013,311.217266,1
11.784000,3.357651,-0.238116,0.241434,1.678867,-0.043048,-1.721915,-0.337066,-0.130397,0.003344,0.133741,-0.066650,0.413093,-0.010592,-0.423685,-0.166031,0.111559,-0.002860,-0.114419,0.172190,0.016944,-0.000434,-0.017379,1.010888,-1.870280,0.047956,1.918236,-0.988099,-0.341099,0.008746,0.349845,-0.373559,-0.564729,0.014480,0.579209,0.481832,-1.586156,0.040671,1.626826,-0.784052,-1.304860,0.033458,1.338318,0.210822,0.852754,-0.021865,-0.874620,-0.419449,0.368128,-0.009439,-0.377567,-0.020625,3.034480,-6.362223,-0.629447,0.000000,0.000000,0.000000,0.000000,0.000000,0.000000,-2.744979,6.671813,-1.307317,0.000000,0.000000,0.000000,415.866751,311.210221,1
11.794000,3.358479,-0.238085,0.239539,1.678867,-0.043048,-1.721915,-0.525997,-0.130397,0.003344,0.133741,-0.051242,0.413093,-0.010592,-0.423685,-0.101554,0.111559,-0.002860,-0.114419,0.179702,0.016944,-0.000434,-0.017379,1.131170,-1.870280,0.047956,1.918236,-1.263789,-0.341099,0.008746,0.349845,-0.409970,-0.564729,0.014480,0.579209,0.538507,-1.586156,0.040671,1.626826,-1.056722,-1.304860,0.033458,1.338318,0.292773,0.852754,-0.021865,-0.874620,-0.434734,0.368128,-0.009439,-0.377567,-0.019022,3.225298,-6.863830,-0.735373,0.000000,0.000000,0.000000,0.000000,0.000000,0.000000,-2.887241,7.176944,-1.448117,0.000000,0.000000,0.000000,415.930488,311.187281,1
11.798000,3.363147,-0.241795,0.238838,1.572764,-0.040327,-1.613091,-0.332841,-0.296018,0.007590,0.303608,-0.038990,2.281182,-0.058492,-2.339674,-0.366274,0.165310,-0.004239,-0.169548,0.311552,0.380352,-0.009753,-0.390104,1.163572,-1.316625,0.033760,1.350384,-1.540039,-0.172130,0.004414,0.176543,-0.319609,0.154127,-0.003952,-0.158079,0.352023,-1.517358,0.038907,1.556265,-0.983066,-1.678218,0.043031,1.721249,0.178187,0.587496,-0.015064,-0.602560,-0.112000,0.302560,-0.007758,-0.310318,-0.001884,3.434949,-6.638819,-0.741951,0.000000,0.000000,0.000000,0.000000,0.000000,0.000000,-2.757961,7.345125,-1.490569,0.000000,0.000000,0.000000,415.954523,311.177395,1
11.808000,3.363935,-0.242123,0.236455,1.572764,-0.040327,-1.613091,-0.483829,-0.296018,0.007590,0.303608,-0.046379,2.281182,-0.058492,-2.339674,-0.713417,0.165310,-0.004239,-0.169548,0.302960,0.380352,-0.009753,-0.390104,1.246055,-1.316625,0.033760,1.350384,-1.785442,-0.172130,0.004414,0.176543,-0.382547,0.154127,-0.003952,-0.158079,0.348922,-1.517358,0.038907,1.556265,-1.199126,-1.678218,0.043031,1.721249,0.333479,0.587496,-0.015064,-0.602560,-0.220691,0.302560,-0.007758,-0.310318,-0.015770,3.591493,-6.995492,-0.833670,0.000000,0.000000,0.000000,0.000000,0.000000,0.000000,-2.868329,7.663858,-1.553971,0.000000,0.000000,0.000000,416.035653,311.159496,1
11.812000,3.374034,-0.242731,0.240139,1.180736,-0.030275,-1.211011,-0.310355,-0.215444,0.005524,0.220968,-0.056594,2.582108,-0.066208,-2.648316,-1.023878,0.172495,-0.004423,-0.176918,0.045266,0.065062,-0.001668,-0.066730,1.162957,-1.062667,0.027248,1.089915,-1.599754,-0.073922,0.001895,0.075817,-0.442392,-0.032069,0.000822,0.032891,0.437716,-1.411463,0.036191,1.447654,-0.977755,-0.856337,0.021957,0.878294,0.016373,0.111432,-0.002857,-0.114289,-0.049133,0.131086,-0.003361,-0.134448,0.005019,3.216526,-6.534326,-0.413837,0.000000,0.000000,0.000000,0.000000,0.000000,0.000000,-2.814986,7.074016,-1.590441,0.000000,0.000000,0.000000,416.061305,311.158818,1
11.822000,3.374676,-0.242347,0.237405,1.133182,-0.029056,-1.162238,-0.328897,-0.213129,0.005465,0.218594,-0.032910,2.340230,-0.060006,-2.400236,-0.979408,0.209230,-0.005365,-0.214595,0.046280,0.078635,-0.002016,-0.080651,1.262473,-1.052735,0.026993,1.079728,-1.854543,-0.038918,0.000998,0.039916,-0.530493,-0.024458,0.000627,0.025086,0.426956,-1.389285,0.035623,1.424907,-1.196110,-0.898755,0.023045,0.921800,0.020439,0.174492,-0.004474,-0.178967,-0.091617,0.153479,-0.003935,-0.157414,-0.000156,3.383266,-6.916671,-0.492957,0.000000,0.000000,0.000000,0.000000,0.000000,0.000000,-2.934160,7.369116,-1.664629,0.000000,0.000000,0.000000,416.127564,311.148139,1
11.824000,3.382397,-0.249107,0.239018,1.022391,-0.026215,-1.048606,-0.231936,-0.198649,0.005094,0.203743,-0.043323,2.464800,-0.063200,-2.528000,-0.973057,0.080928,-0.002075,-0.083003,0.365847,-0.059542,0.001527,0.061068,1.337075,-1.008945,0.025870,1.034815,-1.574059,-0.154103,0.003951,0.158054,-0.331010,-0.215001,0.005513,0.220513,0.466740,-1.254431,0.032165,1.286596,-1.015962,-0.722350,0.018522,0.740872,-0.026204,0.051876,-0.001330,-0.053206,-0.024947,0.116559,-0.002989,-0.119548,0.008707,3.317101,-6.242190,-0.599588,0.000000,0.000000,0.000000,0.000000,0.000000,0.000000,-2.668565,7.074008,-1.414709,0.000000,0.000000,0.000000,416.139438,311.147821,1
11.834000,3.383650,-0.249599,0.236504,1.022391,-0.026215,-1.048606,-0.272019,-0.198649,0.005094,0.203743,-0.030194,2.464800,-0.063200,-2.528000,-1.050670,0.080928,-0.002075,-0.083003,0.369511,-0.059542,0.001527,0.061068,1.434778,-1.008945,0.025870,1.034815,-1.801653,-0.154103,0.003951,0.158054,-0.390191,-0.215001,0.005513,0.220513,0.489409,-1.254431,0.032165,1.286596,-1.243010,-0.722350,0.018522,0.740872,-0.004676,0.051876,-0.001330,-0.053206,-0.043685,0.116559,-0.002989,-0.119548,0.005376,3.440500,-6.603688,-0.723887,0.000000,0.000000,0.000000,0.000000,0.000000,0.000000,-2.802760,7.455139,-1.480765,0.000000,0.000000,0.000000,416.206493,311.143551,1
11.838000,3.395927,-0.258814,0.242340,-0.379812,0.009739,0.389551,0.319904,-0.148596,0.003810,0.152406,-0.009114,1.436463,-0.036832,-1.473295,-0.745045,-0.148024,0.003795,0.151820,0.463275,-0.678796,0.017405,0.696201,1.174405,-0.199225,0.005108,0.204333,-1.158838,-0.183858,0.004714,0.188572,-0.235972,-0.363962,0.009332,0.373294,0.411003,-0.977050,0.025053,1.002102,-0.688704,1.590800,-0.040790,-1.631589,-1.011672,-1.712633,0.043914,1.756547,0.433819,-0.596496,0.015295,0.611791,0.390563,2.808898,-4.700792,-0.696718,0.000000,0.000000,0.000000,0.000000,0.000000,0.000000,-2.357008,5.977151,-0.800548,0.000000,0.000000,0.000000,416.230045,311.159321,1
11.848000,3.397675,-0.259746,0.240014,-0.379812,0.009739,0.389551,0.365042,-0.148596,0.003810,0.152406,-0.002813,1.436463,-0.036832,-1.473295,-0.672826,-0.148024,0.003795,0.151820,0.474083,-0.678796,0.017405,0.696201,1.324215,-0.199225,0.005108,0.204333,-1.470474,-0.183858,0.004714,0.188572,-0.286836,-0.363962,0.009332,0.373294,0.474744,-0.977050,0.025053,1.002102,-0.983752,1.590800,-0.040790,-1.631589,-1.285308,-1.712633,0.043914,1.756547,0.539453,-0.596496,0.015295,0.611791,0.300762,3.042478,-5.271020,-0.911116,0.000000,0.000000,0.000000,0.000000,0.000000,0.000000,-2.553907,6.653287,-0.900224,0.000000,0.000000,0.000000,416.298786,311.201245,1
11.854000,3.392233,-0.242087,0.236500,0.740389,-0.018984,-0.759374,-0.015930,-0.139585,0.003579,0.143164,-0.062174,3.166798,-0.081200,-3.247997,-1.217324,0.126229,-0.003237,-0.129465,0.103665,0.214989,-0.005513,-0.220502,1.378379,-0.302872,0.007766,0.310638,-2.294068,-0.024150,0.000619,0.024769,-0.529695,0.367123,-0.009413,-0.376536,0.235810,-0.890222,0.022826,0.913048,-1.236111,-0.426547,0.010937,0.437484,-0.228245,-0.611635,0.015683,0.627318,0.166922,-0.090858,0.002330,0.093187,0.132498,3.439242,-6.844539,-0.386718,0.000000,0.000000,0.000000,0.000000,0.000000,0.000000,-2.814764,6.904012,-1.815290,0.000000,0.000000,0.000000,416.337499,311.211528,1
11.864000,3.392742,-0.241929,0.233423,0.740389,-0.018984,-0.759374,-0.012355,-0.139585,0.003579,0.143164,-0.045262,3.166798,-0.081200,-3.247997,-1.351312,0.126229,-0.003237,-0.129465,0.112519,0.214989,-0.005513,-0.220502,1.445309,-0.302872,0.007766,0.310638,-2.477131,-0.024150,0.000619,0.024769,-0.591743,0.367123,-0.009413,-0.376536,0.228065,-0.890222,0.022826,0.913048,-1.430888,-0.426547,0.010937,0.437484,-0.185542,-0.611635,0.015683,0.627318,0.133842,-0.090858,0.002330,0.093187,0.089240,3.516540,-7.077587,-0.439908,0.000000,0.000000,0.000000,0.000000,0.000000,0.000000,-2.933246,7.154302,-1.888523,0.000000,0.000000,0.000000,416.408381,311.230461,1
11.868000,3.398165,-0.248125,0.228849,1.317091,-0.033772,-1.350862,-0.201459,-0.075279,0.001930,0.077210,-0.077904,3.735821,-0.095790,-3.831612,-1.317730,0.329444,-0.008447,-0.337891,0.347378,0.509346,-0.013060,-0.522406,1.558019,-1.407676,0.036094,1.443770,-2.151038,0.130036,-0.003334,-0.133371,-0.492706,0.272482,-0.006987,-0.279469,0.388628,-1.482547,0.038014,1.520561,-1.414377,-1.431295,0.036700,1.467995,0.007513,0.567876,-0.014561,-0.582437,-0.131864,0.367796,-0.009431,-0.377227,0.020712,3.917766,-7.439323,-0.853560,0.000000,0.000000,0.000000,0.000000,0.000000,0.000000,-2.812229,8.015007,-1.923488,0.000000,0.000000,0.000000,416.455519,311.227120,1
11.878000,3.398855,-0.248941,0.223328,1.207399,-0.030959,-1.238358,-0.288743,-0.085594,0.002195,0.087789,-0.055203,3.446071,-0.088361,-3.534432,-1.459139,0.284139,-0.007286,-0.291424,0.361680,0.411432,-0.010550,-0.421982,1.651754,-1.386543,0.035552,1.422095,-2.241430,0.100271,-0.002571,-0.102842,-0.676196,0.177224,-0.004544,-0.181768,0.334294,-1.444685,0.037043,1.481728,-1.592650,-1.325129,0.033978,1.359107,0.077315,0.517175,-0.013261,-0.530436,-0.220475,0.345951,-0.008871,-0.354822,-0.006625,3.841088,-7.412569,-0.913175,0.000000,0.000000,0.000000,0.000000,0.000000,0.000000,-2.883252,7.936137,-1.854436,0.000000,0.000000,0.000000,416.577761,311.221053,1
11.880000,3.411515,-0.256628,0.227674,-0.186336,0.004778,0.191114,0.313362,-0.040608,0.001041,0.041649,-0.041791,1.719025,-0.044078,-1.763103,-0.748762,-0.053624,0.001375,0.054999,0.358266,0.382437,-0.009806,-0.392243,1.368089,-1.773593,0.045477,1.819069,-1.894319,0.200222,-0.005134,-0.205356,-0.507025,0.681462,-0.017473,-0.698935,0.066107,-2.323434,0.059575,2.383009,-0.783009,0.589565,-0.015117,-0.604682,-0.939952,-0.624027,0.016001,0.640028,0.239778,-0.129335,0.003316,0.132651,0.167339,3.466150,-6.928287,-0.902775,0.000000,0.000000,0.000000,0.008229,-0.270894,0.169777,-2.701921,7.356645,-1.447139,0.000000,0.000000,0.000000,416.594049,311.213756,1
11.890000,3.412789,-0.257266,0.225002,-0.186336,0.004778,0.191114,0.379285,-0.040608,0.001041,0.041649,-0.049473,1.719025,-0.044078,-1.763103,-0.786392,-0.053624,0.001375,0.054999,0.360653,0.382437,-0.009806,-0.392243,1.415144,-1.773593,0.045477,1.819069,-1.965882,0.200222,-0.005134,-0.205356,-0.603295,0.681462,-0.017473,-0.698935,0.054307,-2.323434,0.059575,2.383009,-0.912329,0.589565,-0.015117,-0.604682,-1.012074,-0.624027,0.016001,0.640028,0.183098,-0.129335,0.003316,0.132651,0.122019,3.509672,-6.990671,-0.948747,0.000000,0.000000,0.000000,-0.140849,-0.823153,0.403853,-2.815499,7.729149,-1.515087,0.000000,0.000000,0.000000,416.680983,311.173784,1
11.896000,3.418168,-0.249899,0.228988,-0.629501,0.016141,0.645642,0.771895,-0.017546,0.000450,0.017996,-0.049627,1.065504,-0.027321,-1.092825,-0.350712,0.475702,-0.012197,-0.487900,0.166569,1.186432,-0.030421,-1.216854,1.129763,-1.787708,0.045839,1.833547,-1.623279,0.957332,-0.024547,-0.981879,-1.061951,2.047486,-0.052500,-2.099986,-0.570252,-3.088633,0.079196,3.167829,-0.375491,0.418850,-0.010740,-0.429589,-1.214437,-0.180469,0.004627,0.185097,0.078728,-0.787875,0.020202,0.808077,0.642030,3.556807,-6.523622,-0.888985,0.057010,0.008915,-0.021570,-0.088269,-0.120912,-0.006310,-2.246581,7.044912,-1.525087,0.000000,0.000000,0.000000,416.739781,311.165109,1
11.906000,3.419137,-0.250403,0.226474,-0.629501,0.016141,0.645642,0.771990,-0.017546,0.000450,0.017996,-0.053676,1.065504,-0.027321,-1.092825,-0.390639,0.475702,-0.012197,-0.487900,0.140377,1.186432,-0.030421,-1.216854,1.175320,-1.787708,0.045839,1.833547,-1.686857,0.957332,-0.024547,-0.981879,-1.183675,2.047486,-0.052500,-2.099986,-0.575382,-3.088633,0.079196,3.167829,-0.541059,0.418850,-0.010740,-0.429589,-1.179047,-0.180469,0.004627,0.185097,0.014265,-0.787875,0.020202,0.808077,0.509544,3.619334,-6.637806,-0.940969,0.046184,0.057541,0.022273,-0.942671,-1.305829,-0.044871,-2.354504,7.490875,-1.631658,0.000000,0.000000,0.000000,416.845014,311.144211,1
11.910000,3.430117,-0.258624,0.230715,-0.936452,0.024012,0.960464,0.713075,0.032210,-0.000826,-0.033036,0.367176,-0.076050,0.001950,0.078000,-1.849804,0.318649,-0.008170,-0.326820,0.529757,1.376332,-0.035291,-1.411623,0.921759,-2.021529,0.051834,2.073363,-1.102468,1.002974,-0.025717,-1.028692,-0.529211,2.473292,-0.063418,-2.536710,-0.386178,-3.538481,0.090730,3.629212,-0.176970,0.672332,-0.017239,-0.689572,-1.071139,-0.112817,0.002893,0.115710,0.068922,-0.952484,0.024423,0.976907,0.709339,4.064216,-4.850780,0.124307,0.000000,0.000000,0.000000,-2.949757,-6.078700,0.747424,-1.886145,7.523713,-1.732454,0.000000,0.000000,0.000000,416.877843,311.140569,1
11.920000,3.431237,-0.259371,0.229260,-0.936452,0.024012,0.960464,0.842649,0.032210,-0.000826,-0.033036,0.489093,-0.076050,0.001950,0.078000,-2.210935,0.318649,-0.008170,-0.326820,0.618075,1.376332,-0.035291,-1.411623,0.919134,-2.021529,0.051834,2.073363,-1.049331,1.002974,-0.025717,-1.028692,-0.495717,2.473292,-0.063418,-2.536710,-0.422600,-3.538481,0.090730,3.629212,-0.147405,0.672332,-0.017239,-0.689572,-1.065120,-0.112817,0.002893,0.115710,0.016379,-0.952484,0.024423,0.976907,0.598803,3.998246,-4.672721,0.150712,0.000000,0.000000,0.000000,-2.791466,-5.958122,0.829934,-1.919517,7.890615,-1.842011,0.000000,0.000000,0.000000,416.958956,311.133709,1
11.926000,3.443524,-0.253583,0.223531,-0.382406,0.009805,0.392211,1.062126,1.239202,-0.031774,-1.270976,0.643992,-2.061372,0.052856,2.114228,-1.945672,0.088686,-0.002274,-0.090960,0.687145,1.124313,-0.028829,-1.153142,1.005746,-2.185952,0.056050,2.242002,-0.103700,0.933736,-0.023942,-0.957678,-0.810308,2.422893,-0.062125,-2.485018,-0.442000,-3.858530,0.098937,3.957467,0.285470,0.783031,-0.020078,-0.803108,-0.857061,-0.068302,0.001751,0.070053,0.071706,-0.974986,0.025000,0.999986,0.605115,3.246399,-3.405938,0.216740,0.562186,0.685977,0.099289,-3.038312,-6.286979,1.362927,-1.576846,6.867863,-1.819369,0.000000,0.000000,0.000000,417.025592,311.123703,1
11.936000,3.444815,-0.253645,0.222501,-0.382406,0.009805,0.392211,1.114225,1.239202,-0.031774,-1.270976,0.577126,-2.061372,0.052856,2.114228,-1.891430,0.088686,-0.002274,-0.090960,0.713879,1.124313,-0.028829,-1.153142,1.042131,-2.185952,0.056050,2.242002,-0.163252,0.933736,-0.023942,-0.957678,-0.800342,2.422893,-0.062125,-2.485018,-0.440186,-3.858530,0.098937,3.957467,0.210875,0.783031,-0.020078,-0.803108,-0.847546,-0.068302,0.001751,0.070053,0.048962,-0.974986,0.025000,0.999986,0.498383,3.134124,-3.538659,0.050370,0.982394,1.266748,0.216944,-2.885531,-5.971134,1.308336,-1.579248,6.949228,-1.847947,0.000000,0.000000,0.000000,417.132387,311.103195,1
11.942000,3.422376,-0.251290,0.224481,-0.471888,0.012100,0.483988,0.963337,1.509394,-0.038702,-1.548096,0.133099,-2.508261,0.064314,2.572576,-1.449433,-0.097187,0.002492,0.099679,0.670175,1.184726,-0.030378,-1.215104,0.625845,-2.231382,0.057215,2.288597,-0.105422,0.747636,-0.019170,-0.766806,-0.752079,2.406123,-0.061695,-2.467819,-0.487360,-3.740280,0.095905,3.836185,-0.139785,0.787615,-0.020195,-0.807810,-0.795069,-0.054891,0.001407,0.056299,0.008251,-0.711055,0.018232,0.729288,0.369701,2.957710,-3.570671,0.341131,0.540623,0.629447,0.085328,-2.514169,-6.068348,1.307814,-1.824892,7.347093,-2.049797,0.000000,0.000000,0.000000,417.184573,311.089707,1
11.952000,3.422208,-0.251038,0.223398,-0.471888,0.012100,0.483988,1.065630,1.509394,-0.038702,-1.548096,0.023112,-2.508261,0.064314,2.572576,-1.331513,-0.097187,0.002492,0.099679,0.754306,1.184726,-0.030378,-1.215104,0.656081,-2.231382,0.057215,2.288597,-0.196255,0.747636,-0.019170,-0.766806,-0.684230,2.406123,-0.061695,-2.467819,-0.533783,-3.740280,0.095905,3.836185,-0.167764,0.787615,-0.020195,-0.807810,-0.775854,-0.054891,0.001407,0.056299,-0.000649,-0.711055,0.018232,0.729288,0.312547,2.924912,-3.785325,0.209602,1.026134,1.239876,0.202877,-2.423160,-5.838891,1.264591,-1.811511,7.321236,-2.062899,0.000000,0.000000,0.000000,417.270960,311.069071,1
11.960000,3.434188,-0.245102,0.225748,-0.758431,0.019447,0.777878,1.233462,1.320804,-0.033867,-1.354671,0.001969,-2.703711,0.069326,2.773037,-0.980288,-0.446287,0.011443,0.457730,0.888726,1.129855,-0.028971,-1.158826,0.759940,-2.613489,0.067013,2.680502,0.022524,0.390890,-0.010023,-0.400913,-0.723409,2.116317,-0.054265,-2.170581,-0.683855,-3.716948,0.095306,3.812254,0.234315,0.883313,-0.022649,-0.905962,-0.700703,0.002898,-0.000074,-0.002973,0.081624,-0.729961,0.018717,0.748678,0.262318,2.513445,-3.838248,-0.117656,3.674894,6.347906,1.912090,-2.641240,-5.482602,1.081370,-1.899115,5.724156,-1.273647,0.000000,0.000000,0.000000,417.339179,311.079660,1
11.970000,3.434090,-0.244510,0.224885,-0.758431,0.019447,0.777878,1.181760,1.320804,-0.033867,-1.354671,-0.094672,-2.703711,0.069326,2.773037,-0.935415,-0.446287,0.011443,0.457730,0.832672,1.129855,-0.028971,-1.158826,0.732306,-2.613489,0.067013,2.680502,-0.077810,0.390890,-0.010023,-0.400913,-0.719099,2.116317,-0.054265,-2.170581,-0.720737,-3.716948,0.095306,3.812254,0.134047,0.883313,-0.022649,-0.905962,-0.578401,0.002898,-0.000074,-0.002973,0.548595,-0.729961,0.018717,0.748678,-0.274313,2.245325,-4.200500,-0.485559,3.579130,6.721890,2.175511,-2.873640,-5.631225,0.990072,-2.017373,5.200863,-0.931709,0.000000,0.000000,0.000000,417.420925,311.084243,1
11.974000,3.487663,-0.226115,0.240550,-1.027836,0.026355,1.054191,-0.089466,1.540033,-0.039488,-1.579521,0.846370,-4.892560,0.125450,5.018010,0.438249,-1.081739,0.027737,1.109475,-0.036198,0.879599,-0.022554,-0.902152,0.729759,-3.753010,0.096231,3.849241,0.443509,-0.163478,0.004192,0.167670,0.513707,1.750758,-0.044891,-1.795649,-0.574095,-4.482069,0.114925,4.596994,2.561638,1.216644,-0.031196,-1.247840,0.188982,0.634193,-0.016261,-0.650455,0.998226,-1.697262,0.043520,1.740782,-0.268012,1.431568,-5.091304,-1.340722,3.382370,7.497171,1.003789,-3.898939,-3.772106,-0.816208,0.000000,0.000000,0.000000,0.000000,0.000000,0.000000,417.502047,311.137514,1
11.984000,3.490367,-0.225090,0.240685,-1.027836,0.026355,1.054191,-0.158974,1.540033,-0.039488,-1.579521,0.686847,-4.892560,0.125450,5.018010,0.606669,-1.081739,0.027737,1.109475,-0.139676,0.879599,-0.022554,-0.902152,0.902255,-3.753010,0.096231,3.849241,0.098306,-0.163478,0.004192,0.167670,0.475574,1.750758,-0.044891,-1.795649,-0.749663,-4.482069,0.114925,4.596994,2.413237,1.216644,-0.031196,-1.247840,0.090242,0.634193,-0.016261,-0.650455,0.960922,-1.697262,0.043520,1.740782,-0.276512,1.459333,-5.281423,-1.395687,3.289219,7.380382,0.954198,-4.423464,-4.448815,-0.755958,0.000000,0.000000,0.000000,0.000000,0.000000,0.000000,417.695873,311.262532,1
11.990000,3.449261,-0.250439,0.242343,-0.553433,0.014191,0.567624,-0.160213,2.078154,-0.053286,-2.131440,0.094329,-4.528812,0.116123,4.644935,0.380032,-0.534188,0.013697,0.547885,0.460167,1.210182,-0.031030,-1.241213,-0.486385,-3.323305,0.085213,3.408518,1.795392,0.203936,-0.005229,-0.209165,-0.504391,0.774413,-0.019857,-0.794270,-0.479112,1.060702,-0.027197,-1.087899,-1.081241,1.005087,-0.025771,-1.030858,0.175823,0.562890,-0.014433,-0.577323,0.177433,-2.058448,0.052781,2.111229,-0.251437,0.000000,0.000000,0.000000,3.352758,4.961717,0.653417,-3.756020,-5.132821,-0.082937,0.000000,0.000000,0.000000,0.000000,0.000000,0.000000,417.764930,311.318310,1
12.000000,3.449086,-0.250698,0.242318,-0.553433,0.014191,0.567624,-0.126022,2.078154,-0.053286,-2.131440,0.116031,-4.528812,0.116123,4.644935,0.208336,-0.534188,0.013697,0.547885,0.340025,1.210182,-0.031030,-1.241213,-0.548935,-3.323305,0.085213,3.408518,1.708169,0.203936,-0.005229,-0.209165,-0.219167,0.774413,-0.019857,-0.794270,-0.490067,1.060702,-0.027197,-1.087899,-0.712791,1.005087,-0.025771,-1.030858,0.254101,0.562890,-0.014433,-0.577323,0.112465,-2.058448,0.052781,2.111229,-0.328124,0.000000,0.000000,0.000000,3.478692,5.365752,0.800671,-4.119169,-5.905873,0.059250,0.000000,0.000000,0.000000,0.000000,0.000000,0.000000,417.866996,311.393608,1
12.006000,3.467627,-0.242373,0.250736,-0.334517,0.008577,0.343094,-0.360898,0.723225,-0.018544,-0.741770,0.384296,-1.412840,0.036227,1.449067,0.810228,-0.175571,0.004502,0.180073,-0.043194,-0.782300,0.020059,0.802359,-0.363748,4.144626,-0.106272,-4.250898,-1.678567,3.249534,-0.083321,-3.332856,-1.582909,-0.002340,0.000060,0.002400,-0.464662,7.986615,-0.204785,-8.191400,-3.909684,-0.089130,0.002285,0.091416,0.657655,0.714957,-0.018332,-0.733289,-0.064785,-2.087715,0.053531,2.141246,0.077052,0.000000,0.000000,0.000000,2.527054,5.271093,1.086019,-2.939916,-2.159435,-0.255636,0.000000,0.000000,0.000000,0.000000,0.000000,0.000000,418.146555,311.664651,1
12.016000,3.468824,-0.242063,0.250079,-0.334517,0.008577,0.343094,-0.443153,0.723225,-0.018544,-0.741770,0.627389,-1.412840,0.036227,1.449067,0.245103,-0.175571,0.004502,0.180073,-0.041320,-0.782300,0.020059,0.802359,-0.111682,4.144626,-0.106272,-4.250898,-1.887348,3.249534,-0.083321,-3.332856,-1.947386,-0.002340,0.000060,0.002400,-0.278172,7.986615,-0.204785,-8.191400,-3.911433,-0.089130,0.002285,0.091416,0.614305,0.714957,-0.018332,-0.733289,-0.043855,-2.087715,0.053531,2.141246,-0.225741,0.000000,0.000000,0.000000,2.806821,5.948209,1.231336,-3.529051,-3.366560,0.221272,0.000000,0.000000,0.000000,0.000000,0.000000,0.000000,418.628509,312.122635,1
12.020000,3.470438,-0.236041,0.247529,-0.333817,0.008559,0.342376,0.124308,0.155201,-0.003980,-0.159181,0.733086,-0.271271,0.006956,0.278227,-0.987134,0.358875,-0.009202,-0.368077,-0.374327,-0.232355,0.005958,0.238313,-0.144262,0.344213,-0.008826,-0.353038,0.055447,0.142682,-0.003659,-0.146340,0.243349,0.003212,-0.000082,-0.003294,-0.101780,-1.447762,0.037122,1.484884,0.733718,-0.096596,0.002477,0.099073,0.219174,0.276059,-0.007078,-0.283137,0.411793,-1.006647,0.025811,1.032459,-0.490577,0.000000,0.000000,0.000000,2.504455,6.198019,1.508187,-2.712717,-4.424757,0.345488,0.000000,0.000000,0.000000,0.000000,0.000000,0.000000,418.638092,312.123386,1
12.030000,3.471673,-0.235828,0.245798,-0.333817,0.008559,0.342376,0.078021,0.155201,-0.003980,-0.159181,0.889828,-0.271271,0.006956,0.278227,-1.415651,0.358875,-0.009202,-0.368077,-0.435901,-0.232355,0.005958,0.238313,-0.072306,0.344213,-0.008826,-0.353038,-0.015110,0.142682,-0.003659,-0.146340,0.229002,0.003212,-0.000082,-0.003294,-0.080553,-1.447762,0.037122,1.484884,0.715495,-0.096596,0.002477,0.099073,0.221566,0.276059,-0.007078,-0.283137,0.434034,-1.006647,0.025811,1.032459,-0.745911,0.000000,0.000000,0.000000,2.761076,6.709715,1.586874,-3.099979,-5.190733,0.485172,0.000000,0.000000,0.000000,0.000000,0.000000,0.000000,418.665657,312.121365,1
12.034000,3.472897,-0.240472,0.240291,-0.136068,0.003489,0.139557,-0.037008,0.076142,-0.001952,-0.078095,1.070347,-0.604853,0.015509,0.620362,-1.571307,-0.261692,0.006710,0.268403,-0.002253,-0.156491,0.004013,0.160504,-0.018107,2.148198,-0.055082,-2.203280,-0.910668,0.473719,-0.012147,-0.485865,0.023479,-0.054316,0.001393,0.055708,-0.036593,0.709555,-0.018194,-0.727749,-0.106506,0.009445,-0.000242,-0.009687,0.402453,0.176857,-0.004535,-0.181392,0.402561,-1.139446,0.029217,1.168663,-0.956962,0.000000,0.000000,0.000000,3.144910,6.643892,1.717137,-3.641272,-5.714233,0.286275,0.000000,0.000000,0.000000,0.000000,0.000000,0.000000,418.683096,312.120598,1
12.044000,3.473701,-0.240450,0.237975,-0.136068,0.003489,0.139557,-0.041572,0.076142,-0.001952,-0.078095,1.170961,-0.604853,0.015509,0.620362,-1.868062,-0.261692,0.006710,0.268403,-0.005779,-0.156491,0.004013,0.160504,-0.014616,2.148198,-0.055082,-2.203280,-0.937711,0.473719,-0.012147,-0.485865,0.015581,-0.054316,0.001393,0.055708,-0.024422,0.709555,-0.018194,-0.727749,-0.146610,0.009445,-0.000242,-0.009687,0.455615,0.176857,-0.004535,-0.181392,0.396941,-1.139446,0.029217,1.168663,-1.168286,0.000000,0.000000,0.000000,3.328142,6.962357,1.782786,-3.852200,-6.168053,0.386707,0.000000,0.000000,0.000000,0.000000,0.000000,0.000000,418.731930,312.115218,1
12.048000,3.478160,-0.235032,0.236296,0.070151,-0.001799,-0.071949,-0.281773,0.049065,-0.001258,-0.050323,1.168125,-0.740455,0.018986,0.759441,-1.734439,-0.466424,0.011960,0.478383,0.009795,-0.132935,0.003409,0.136344,-0.043408,2.953383,-0.075728,-3.029111,-1.211762,0.506340,-0.012983,-0.519323,0.033014,-0.048305,0.001239,0.049543,-0.019609,0.320355,-0.008214,-0.328569,0.045345,0.239456,-0.006140,-0.245596,0.326055,0.081328,-0.002085,-0.083413,0.367491,-1.176990,0.030179,1.207169,-1.168195,0.000000,0.000000,0.000000,3.308098,6.923869,1.426993,-3.810182,-5.959270,0.651497,0.000000,0.000000,0.000000,0.000000,0.000000,0.000000,418.758455,312.118257,1
12.058000,3.479066,-0.234444,0.233623,0.070151,-0.001799,-0.071949,-0.317491,0.049065,-0.001258,-0.050323,1.259823,-0.740455,0.018986,0.759441,-1.982263,-0.466424,0.011960,0.478383,0.006781,-0.132935,0.003409,0.136344,-0.032269,2.953383,-0.075728,-3.029111,-1.298106,0.506340,-0.012983,-0.519323,0.018950,-0.048305,0.001239,0.049543,-0.019510,0.320355,-0.008214,-0.328569,0.019546,0.239456,-0.006140,-0.245596,0.358880,0.081328,-0.002085,-0.083413,0.362791,-1.176990,0.030179,1.207169,-1.370539,0.000000,0.000000,0.000000,3.442622,7.208986,1.470553,-3.980587,-6.292167,0.758153,0.000000,0.000000,0.000000,0.000000,0.000000,0.000000,418.831670,312.124205,1
12.062000,3.487125,-0.238296,0.236499,-0.138969,0.003563,0.142533,-0.159723,-0.076574,0.001963,0.078537,1.235259,-0.787539,0.020193,0.807732,-1.680935,-0.402862,0.010330,0.413192,-0.006911,-0.086635,0.002221,0.088857,-0.038459,2.850288,-0.073084,-2.923373,-1.166484,0.448517,-0.011500,-0.460017,0.119927,-0.034158,0.000876,0.035034,-0.028510,0.843549,-0.021629,-0.865178,-0.100177,0.046815,-0.001200,-0.048015,0.459520,0.005133,-0.000132,-0.005265,0.406430,-1.353827,0.034714,1.388540,-1.051205,0.000000,0.000000,0.000000,3.325004,6.805879,1.603221,-3.926720,-5.951761,0.443577,0.000000,0.000000,0.000000,0.000000,0.000000,0.000000,418.857753,312.126873,1
12.072000,3.488043,-0.238166,0.233940,-0.138969,0.003563,0.142533,-0.166149,-0.076574,0.001963,0.078537,1.324260,-0.787539,0.020193,0.807732,-1.928113,-0.402862,0.010330,0.413192,-0.002164,-0.086635,0.002221,0.088857,-0.029993,2.850288,-0.073084,-2.923373,-1.245425,0.448517,-0.011500,-0.460017,0.106067,-0.034158,0.000876,0.035034,-0.024611,0.843549,-0.021629,-0.865178,-0.175462,0.046815,-0.001200,-0.048015,0.518883,0.005133,-0.000132,-0.005265,0.402814,-1.353827,0.034714,1.388540,-1.259214,0.000000,0.000000,0.000000,3.487495,7.113297,1.664832,-4.096831,-6.313175,0.547511,0.000000,0.000000,0.000000,0.000000,0.000000,0.000000,418.930817,312.131742,1
12.076000,3.496972,-0.231684,0.233934,0.256557,-0.006578,-0.263136,-0.515889,-0.409027,0.010488,0.419515,1.369851,-1.010280,0.025905,1.036185,-1.659520,-0.535048,0.013719,0.548767,0.001080,-0.056534,0.001450,0.057984,-0.041843,2.499039,-0.064078,-2.563117,-1.028050,0.139273,-0.003571,-0.142844,0.178497,-0.019942,0.000511,0.020454,-0.021293,0.640667,-0.016427,-0.657094,-0.102085,0.476216,-0.012211,-0.488426,0.144978,-0.635001,0.016282,0.651283,0.576364,-1.075344,0.027573,1.102917,-1.168586,0.000000,0.000000,0.000000,3.287090,6.599126,1.308200,-3.782012,-5.963635,0.701275,0.000000,0.000000,0.000000,0.000000,0.000000,0.000000,418.958402,312.134465,1
12.086000,3.498261,-0.231080,0.231243,0.256557,-0.006578,-0.263136,-0.536033,-0.409027,0.010488,0.419515,1.463697,-1.010280,0.025905,1.036185,-1.864158,-0.535048,0.013719,0.548767,-0.000910,-0.056534,0.001450,0.057984,-0.033812,2.499039,-0.064078,-2.563117,-1.085923,0.139273,-0.003571,-0.142844,0.224371,-0.019942,0.000511,0.020454,-0.017096,0.640667,-0.016427,-0.657094,-0.123448,0.476216,-0.012211,-0.488426,0.195633,-0.635001,0.016282,0.651283,0.607794,-1.075344,0.027573,1.102917,-1.402319,0.000000,0.000000,0.000000,3.445891,6.980645,1.381671,-3.939743,-6.267176,0.808703,0.000000,0.000000,0.000000,0.000000,0.000000,0.000000,419.034642,312.138533,1
12.090000,3.526465,-0.234785,0.242817,-0.020611,0.000528,0.021140,-0.192706,-0.486226,0.012467,0.498693,1.382433,-0.287773,0.007379,0.295152,-1.524119,-0.022954,0.000589,0.023542,-0.362305,-0.011879,0.000305,0.012183,-0.038701,0.941600,-0.024144,-0.965744,-0.375545,-0.040458,0.001037,0.041495,0.661765,-0.041494,0.001064,0.042557,-0.055627,-3.033028,0.077770,3.110798,1.511466,0.150664,-0.003863,-0.154527,0.185690,-0.238309,0.006110,0.244420,0.568150,-1.125758,0.028866,1.154624,-0.508871,0.000000,0.000000,0.000000,2.872899,6.328847,1.183908,-3.493698,-5.102777,0.469024,0.000000,0.000000,0.000000,0.000000,0.000000,0.000000,419.062649,312.157888,1
12.100000,3.528675,-0.234483,0.240527,-0.020611,0.000528,0.021140,-0.177447,-0.486226,0.012467,0.498693,1.507784,-0.287773,0.007379,0.295152,-1.798583,-0.022954,0.000589,0.023542,-0.298581,-0.011879,0.000305,0.012183,-0.038486,0.941600,-0.024144,-0.965744,-0.352492,-0.040458,0.001037,0.041495,0.627144,-0.041494,0.001064,0.042557,-0.046293,-3.033028,0.077770,3.110798,1.524121,0.150664,-0.003863,-0.154527,0.238666,-0.238309,0.006110,0.244420,0.643658,-1.125758,0.028866,1.154624,-0.801060,0.000000,0.000000,0.000000,3.168863,6.994586,1.283470,-3.735301,-5.591253,0.624075,0.000000,0.000000,0.000000,0.000000,0.000000,0.000000,419.137877,312.202998,1
12.106000,3.525266,-0.239413,0.242950,-0.172232,0.004416,0.176648,-0.007568,-0.145532,0.003732,0.149263,1.403555,-0.187122,0.004798,0.191920,-2.088935,-0.417580,0.010707,0.428287,0.116140,-0.207020,0.005308,0.212328,-0.016891,1.100332,-0.028214,-1.128545,-0.391962,-0.055906,0.001433,0.057340,0.260687,-0.039313,0.001008,0.040321,-0.003650,-1.806953,0.046332,1.853285,0.905392,-0.015842,0.000406,0.016248,0.276040,0.016393,-0.000420,-0.016814,0.470619,-0.805831,0.020662,0.826493,-0.813957,0.000000,0.000000,0.000000,3.271906,6.477543,1.328883,-3.744149,-5.625235,0.618589,0.000000,0.000000,0.000000,0.000000,0.000000,0.000000,419.158791,312.210872,1
12.116000,3.527037,-0.239314,0.240302,-0.172232,0.004416,0.176648,-0.017483,-0.145532,0.003732,0.149263,1.502071,-0.187122,0.004798,0.191920,-2.298566,-0.417580,0.010707,0.428287,0.027964,-0.207020,0.005308,0.212328,-0.014016,1.100332,-0.028214,-1.128545,-0.410924,-0.055906,0.001433,0.057340,0.327964,-0.039313,0.001008,0.040321,-0.008733,-1.806953,0.046332,1.853285,0.906809,-0.015842,0.000406,0.016248,0.324749,0.016393,-0.000420,-0.016814,0.523425,-0.805831,0.020662,0.826493,-1.058511,0.000000,0.000000,0.000000,3.527702,6.940428,1.395314,-3.948393,-5.922058,0.685274,0.000000,0.000000,0.000000,0.000000,0.000000,0.000000,419.196149,312.221606,1
12.120000,3.517438,-0.241995,0.230941,-0.010257,0.000263,0.010520,-0.184620,0.556811,-0.014277,-0.571088,1.411842,-1.561135,0.040029,1.601164,-2.072800,-0.921540,0.023629,0.945170,0.011818,-0.061610,0.001580,0.063190,-0.073363,3.716579,-0.095297,-3.811876,-0.983688,0.471998,-0.012103,-0.484101,0.446082,-0.106616,0.002734,0.109350,-0.031952,1.354568,-0.034733,-1.389300,0.033317,-0.072683,0.001864,0.074547,0.646974,0.616127,-0.015798,-0.631925,0.191089,-1.838823,0.047149,1.885972,-1.146849,0.000000,0.000000,0.000000,3.499172,7.407033,1.767288,-4.357327,-7.109077,0.936291,0.000000,0.000000,0.000000,0.000000,0.000000,0.000000,419.238110,312.210118,1
12.130000,3.510573,-0.238549,0.224900,0.057670,-0.001479,-0.059148,-0.310949,0.502201,-0.012877,-0.515078,1.271612,-1.480724,0.037967,1.518691,-2.185765,-0.581710,0.014916,0.596625,0.003473,-0.062034,0.001591,0.063625,-0.054310,3.179070,-0.081515,-3.260585,-1.325304,0.121276,-0.003110,-0.124386,0.469534,-0.225382,0.005779,0.231161,-0.016782,0.400231,-0.010262,-0.410493,0.072139,-0.053216,0.001365,0.054580,0.582127,0.620581,-0.015912,-0.636494,0.065902,-1.792084,0.045951,1.838034,-1.404376,0.000000,0.000000,0.000000,3.559367,7.373172,1.803611,-4.388001,-7.067462,0.868082,0.000000,0.000000,0.000000,0.000000,0.000000,0.000000,419.348776,312.186922,1
12.134000,3.521300,-0.241895,0.228089,0.080210,-0.002057,-0.082267,-0.166759,0.728507,-0.018680,-0.747187,1.351736,-1.939885,0.049741,1.989626,-2.143293,-1.078444,0.027652,1.106096,0.034623,-0.021632,0.000555,0.022187,-0.088967,4.484012,-0.114975,-4.598987,-1.528296,0.637034,-0.016334,-0.653368,0.459446,-0.040947,0.001050,0.041997,-0.047658,1.735225,-0.044493,-1.779718,-0.230446,-0.052164,0.001338,0.053502,0.713391,0.795738,-0.020404,-0.816141,0.049761,-2.191521,0.056193,2.247714,-1.124386,0.000000,0.000000,0.000000,3.600447,7.551893,1.716119,-4.403808,-7.473807,1.108888,0.000000,0.000000,0.000000,0.000000,0.000000,0.000000,419.411477,312.184452,1
12.144000,3.522048,-0.241575,0.225149,0.080210,-0.002057,-0.082267,-0.205009,0.728507,-0.018680,-0.747187,1.385032,-1.939885,0.049741,1.989626,-2.214199,-1.078444,0.027652,1.106096,0.081726,-0.021632,0.000555,0.022187,-0.079688,4.484012,-0.114975,-4.598987,-1.849980,0.637034,-0.016334,-0.653368,0.335913,-0.040947,0.001050,0.041997,-0.047745,1.735225,-0.044493,-1.779718,-0.465348,-0.052164,0.001338,0.053502,0.780012,0.795738,-0.020404,-0.816141,0.009145,-2.191521,0.056193,2.247714,-1.242901,0.000000,0.000000,0.000000,3.642998,7.426731,1.609047,-4.435450,-7.476884,1.123673,0.000000,0.000000,0.000000,0.000000,0.000000,0.000000,419.590976,312.194657,1
12.148000,3.525689,-0.241477,0.230905,-0.177356,0.004548,0.181903,0.045302,0.685368,-0.017574,-0.702941,1.094702,-2.543970,0.065230,2.609200,-1.658525,0.301058,-0.007719,-0.308777,-0.299246,-0.023324,0.000598,0.023922,-0.038214,1.309299,-0.033572,-1.342871,-0.402360,-0.369871,0.009484,0.379355,1.110927,-0.054304,0.001392,0.055696,-0.031761,-0.156904,0.004023,0.160927,0.374299,-0.510764,0.013097,0.523861,0.779925,0.666958,-0.017101,-0.684059,-0.102177,-2.426764,0.062225,2.488989,-0.617499,0.000000,0.000000,0.000000,3.234599,6.585370,1.506612,-4.162822,-6.962139,0.839685,-0.028346,0.031482,0.001684,0.000000,0.000000,0.000000,419.623927,312.174515,1
12.158000,3.526277,-0.241234,0.229533,-0.196598,0.005041,0.201639,0.037941,0.681404,-0.017472,-0.698876,1.121906,-2.539624,0.065119,2.604743,-1.693849,0.316193,-0.008108,-0.324300,-0.413219,-0.023106,0.000592,0.023698,-0.028749,1.266121,-0.032465,-1.298586,-0.443684,-0.386203,0.009903,0.396106,1.054529,-0.054667,0.001402,0.056069,-0.038026,-0.191526,0.004911,0.196436,0.236719,-0.523849,0.013432,0.537281,0.796559,0.667963,-0.017127,-0.685090,-0.039317,-2.441086,0.062592,2.503678,-0.781235,0.000000,0.000000,0.000000,3.440561,7.095095,1.649337,-4.249786,-7.075672,0.855400,-0.127528,0.152650,0.003124,0.000000,0.000000,0.000000,419.711845,312.119336,1
12.162000,3.545841,-0.235202,0.227385,-0.181355,0.004650,0.186005,-0.400906,1.227938,-0.031486,-1.259424,1.173684,-2.513082,0.064438,2.577520,-1.002267,0.806185,-0.020671,-0.826857,-0.681440,-0.005041,0.000129,0.005170,-0.093710,0.427325,-0.010957,-0.438282,-0.701071,-0.472653,0.012119,0.484772,1.154716,-0.042442,0.001088,0.043531,-0.032799,-0.413926,0.010613,0.424540,0.410926,-0.720907,0.018485,0.739391,1.081130,1.636758,-0.041968,-1.678727,-0.545967,-3.012828,0.077252,3.090080,-0.037898,2.953831,-5.816009,-0.285405,2.695575,6.555907,1.414699,-4.330309,-5.150599,0.415585,-0.018403,0.029804,-0.005566,0.000000,0.000000,0.000000,419.742149,312.115599,1
12.172000,3.549347,-0.233447,0.225022,-0.098095,0.002515,0.100610,-0.638149,1.081718,-0.027736,-1.109454,1.304904,-2.606478,0.066833,2.673310,-0.744937,0.855921,-0.021947,-0.877868,-0.995933,-0.006584,0.000169,0.006753,0.628343,0.331046,-0.008488,-0.339534,-2.139972,-0.540494,0.013859,0.554352,1.027923,-0.042936,0.001101,0.044037,-0.021773,-0.545320,0.013983,0.559302,0.371655,-0.648845,0.016637,0.665483,0.969827,1.438248,-0.036878,-1.475126,-0.308424,-3.003994,0.077025,3.081020,-0.264635,2.529541,-5.998214,-0.897364,2.568531,7.043355,1.682936,-4.199701,-4.556867,0.263916,-0.009701,0.014190,-0.002651,0.000000,0.000000,0.000000,419.820178,312.107234,1
12.178000,3.535281,-0.242409,0.226796,-0.259672,0.006658,0.266331,-0.044453,1.499117,-0.038439,-1.537556,0.861802,-2.312548,0.059296,2.371844,-1.249000,0.434041,-0.011129,-0.445171,-0.548134,0.664231,-0.017032,-0.681262,-0.436758,-0.318720,0.008172,0.326893,-0.081020,-0.472470,0.012115,0.484585,1.047896,-0.041304,0.001059,0.042363,-0.012830,-0.000259,0.000007,0.000266,0.106971,-0.885418,0.022703,0.908121,1.282589,2.230353,-0.057189,-2.287542,-0.631280,-3.242549,0.083142,3.325691,-0.462663,3.643748,-6.645968,0.074998,3.058578,6.771660,1.704961,-4.406785,-5.872469,0.201670,-0.027234,0.517477,-0.265650,0.000000,0.000000,0.000000,419.877317,312.093993,1
12.188000,3.535657,-0.242238,0.224766,-0.259672,0.006658,0.266331,-0.180597,1.499117,-0.038439,-1.537556,0.938479,-2.312548,0.059296,2.371844,-1.334819,0.434041,-0.011129,-0.445171,-0.436699,0.664231,-0.017032,-0.681262,-0.064140,-0.318720,0.008172,0.326893,-1.367227,-0.472470,0.012115,0.484585,0.947856,-0.041304,0.001059,0.042363,0.002896,-0.000259,0.000007,0.000266,0.054205,-0.885418,0.022703,0.908121,1.192984,2.230353,-0.057189,-2.287542,-0.646308,-3.242549,0.083142,3.325691,-0.512148,2.847028,-6.978276,-0.865700,2.859250,6.910398,1.933267,-4.564430,-5.630297,-0.036818,-0.199428,1.038955,-0.450595,0.000000,0.000000,0.000000,419.977984,312.058514,1
12.196000,3.549245,-0.234953,0.227596,0.072194,-0.001851,-0.074045,-0.609452,1.511423,-0.038754,-1.550177,0.534415,-2.558697,0.065608,2.624305,-0.180144,0.467775,-0.011994,-0.479769,-0.915000,1.628735,-0.041762,-1.670498,0.036978,-2.279274,0.058443,2.337717,-1.662897,-0.806234,0.020673,0.826907,1.065168,-0.026266,0.000673,0.026939,0.004482,-0.054979,0.001410,0.056389,0.062072,-0.739213,0.018954,0.758167,0.948005,2.489202,-0.063826,-2.553028,-0.987536,-3.651733,0.093634,3.745367,0.486308,2.073754,-6.412016,-1.279706,2.250725,5.623126,1.313398,-3.325343,-3.046226,-0.340055,-0.017306,0.021284,-0.000079,0.000000,0.000000,0.000000,420.071425,312.067951,1
12.206000,3.549681,-0.234928,0.226901,0.072194,-0.001851,-0.074045,-0.675680,1.511423,-0.038754,-1.550177,0.553376,-2.558697,0.065608,2.624305,-0.103789,0.467775,-0.011994,-0.479769,-1.007331,1.628735,-0.041762,-1.670498,0.045310,-2.279274,0.058443,2.337717,-1.587298,-0.806234,0.020673,0.826907,1.018185,-0.026266,0.000673,0.026939,-0.009054,-0.054979,0.001410,0.056389,0.039629,-0.739213,0.018954,0.758167,0.862600,2.489202,-0.063826,-2.553028,-0.827166,-3.651733,0.093634,3.745367,0.293285,1.844575,-6.173660,-1.371099,2.480367,6.629430,1.691575,-3.505098,-3.258523,-0.319689,-0.056458,0.064685,0.002289,0.000000,0.000000,0.000000,420.173011,312.071200,1
12.210000,3.542954,-0.244528,0.230883,0.000936,-0.000024,-0.000960,-1.091599,0.702257,-0.018007,-0.720264,0.542209,-1.753816,0.044970,1.798786,-0.211665,0.149815,-0.003841,-0.153656,-1.348294,1.690255,-0.043340,-1.733595,-0.293182,-3.246136,0.083234,3.329370,-1.125844,-0.915147,0.023465,0.938612,0.500606,0.007542,-0.000193,-0.007736,0.154354,-0.077621,0.001990,0.079612,0.053216,-0.736918,0.018895,0.755813,0.475059,1.722176,-0.044158,-1.766335,-1.392865,-2.859426,0.073319,2.932745,1.015713,2.291176,-6.427244,-1.460488,1.004894,1.833130,0.298811,-2.786354,-2.542891,-0.472904,-0.219511,0.385066,-0.085652,0.000000,0.000000,0.000000,420.219049,312.081072,1
12.220000,3.542892,-0.245415,0.230354,0.000936,-0.000024,-0.000960,-0.849229,0.702257,-0.018007,-0.720264,0.647742,-1.753816,0.044970,1.798786,-0.144571,0.149815,-0.003841,-0.153656,-1.112270,1.690255,-0.043340,-1.733595,-0.169740,-3.246136,0.083234,3.329370,-0.975873,-0.915147,0.023465,0.938612,0.648463,0.007542,-0.000193,-0.007736,0.128551,-0.077621,0.001990,0.079612,0.031288,-0.736918,0.018895,0.755813,0.636875,1.722176,-0.044158,-1.766335,-1.073947,-2.859426,0.073319,2.932745,0.733948,2.188081,-5.937630,-1.294473,1.579052,3.835775,1.055986,-2.673971,-2.529194,-0.417382,-0.452865,0.835416,-0.196335,0.000000,0.000000,0.000000,420.314894,312.097385,1
12.226000,3.565788,-0.257175,0.236523,0.061300,-0.001572,-0.062871,0.177057,1.296170,-0.033235,-1.329405,0.927797,-2.886908,0.074023,2.960931,0.594591,0.151480,-0.003884,-0.155364,0.054602,1.686668,-0.043248,-1.729916,0.495001,-3.307027,0.084796,3.391823,0.264220,-2.115942,0.054255,2.170197,2.127617,0.020815,-0.000534,-0.021349,0.096448,-0.193315,0.004957,0.198271,0.037085,-0.686046,0.017591,0.703637,1.315610,1.315773,-0.033738,-1.349510,0.082236,-2.190942,0.056178,2.247120,0.157079,2.627738,-4.013313,0.114416,0.150136,0.280343,0.054735,-1.814786,-2.147792,-0.009510,-5.679630,11.547754,-1.113952,0.000000,0.000000,0.000000,420.379589,312.135411,1
12.236000,3.566420,-0.258266,0.235552,0.061300,-0.001572,-0.062871,0.280949,1.296170,-0.033235,-1.329405,0.902522,-2.886908,0.074023,2.960931,0.411431,0.151480,-0.003884,-0.155364,0.195220,1.686668,-0.043248,-1.729916,0.487223,-3.307027,0.084796,3.391823,0.078311,-2.115942,0.054255,2.170197,1.284282,0.020815,-0.000534,-0.021349,1.064923,-0.193315,0.004957,0.198271,-0.661186,-0.686046,0.017591,0.703637,1.055714,1.315773,-0.033738,-1.349510,-0.331242,-2.190942,0.056178,2.247120,0.685018,3.210051,-4.888429,0.121664,0.693414,0.611733,-0.164239,-1.720392,-3.177078,0.538632,-3.412534,10.024783,-1.903740,0.000000,0.000000,0.000000,420.472036,312.182968,1
12.244000,3.557948,-0.257617,0.232841,1.317942,-0.033793,-1.351736,-0.799549,1.016651,-0.026068,-1.042718,-0.272725,-3.759751,0.096404,3.856154,1.157940,1.271826,-0.032611,-1.304437,-0.878497,1.240939,-0.031819,-1.272758,-0.001616,-3.918133,0.100465,4.018598,-0.469197,-1.816305,0.046572,1.862877,0.263036,0.102522,-0.002629,-0.105150,1.518857,-0.137764,0.003532,0.141296,-2.137652,-2.830122,0.072567,2.902689,3.558340,-2.087151,0.053517,2.140668,0.516585,7.463020,-0.191359,-7.654379,-5.110494,3.741904,-6.796178,-0.486268,0.000000,0.000000,0.000000,-3.002317,-5.651681,0.782985,-4.262666,9.138128,-2.001421,0.000000,0.000000,0.000000,420.954979,312.628354,1
12.254000,3.561972,-0.262402,0.233039,1.964906,-0.050382,-2.015288,-1.625437,0.958331,-0.024573,-0.982903,-0.420819,-2.900083,0.074361,2.974444,1.224217,1.947387,-0.049933,-1.997320,-0.870874,1.952006,-0.050051,-2.002058,-0.187497,-4.035481,0.103474,4.138954,-0.612524,-1.531965,0.039281,1.571246,0.415973,0.431631,-0.011067,-0.442698,1.176785,-0.075918,0.001947,0.077865,-1.905473,-4.963738,0.127275,5.091013,4.965614,-3.288051,0.084309,3.372360,1.136493,12.822639,-0.328786,-13.151425,-6.509060,4.433109,-7.271829,-0.346334,0.000000,0.000000,0.000000,0.198967,-0.593738,0.457478,-4.089019,8.200002,-1.630583,0.000000,0.000000,0.000000,422.235176,313.844461,1
12.260000,3.564688,-0.253466,0.258095,1.913369,-0.049061,-1.962430,0.647042,-6.839740,0.175378,7.015118,2.183663,6.335024,-0.162437,-6.497461,-1.012619,-1.678556,0.043040,1.721596,1.680009,-1.498946,0.038435,1.537380,0.370754,-3.805848,0.097586,3.903434,0.815953,-2.768464,0.070986,2.839450,1.564390,-1.268119,0.032516,1.300635,0.798801,-2.615024,0.067052,2.682076,-0.130121,-0.230225,0.005903,0.236128,-0.486701,-0.517764,0.013276,0.531040,-0.153810,-3.656938,0.093768,3.750706,1.524552,1.818662,-5.749387,-0.649151,0.000000,0.000000,0.000000,0.000000,0.000000,0.000000,-2.600131,5.832864,-1.123163,0.000000,0.000000,0.000000,422.484535,314.072036,1
12.270000,3.565274,-0.253881,0.258065,1.913369,-0.049061,-1.962430,0.097253,-6.839740,0.175378,7.015118,2.743759,6.335024,-0.162437,-6.497461,-2.182507,-1.678556,0.043040,1.721596,1.680485,-1.498946,0.038435,1.537380,0.578809,-3.805848,0.097586,3.903434,0.363021,-2.768464,0.070986,2.839450,1.509640,-1.268119,0.032516,1.300635,0.830725,-2.615024,0.067052,2.682076,-0.337491,-0.230225,0.005903,0.236128,-0.350710,-0.517764,0.013276,0.531040,-0.031439,-3.656938,0.093768,3.750706,1.692019,2.273279,-6.845256,-0.707015,0.000000,0.000000,0.000000,0.000000,0.000000,0.000000,-2.817521,6.561658,-1.302322,0.000000,0.000000,0.000000,422.999909,314.563498,1
12.274000,3.568233,-0.244545,0.236162,1.880304,-0.048213,-1.928517,-0.320128,-2.126721,0.054531,2.181252,0.689026,3.732926,-0.095716,-3.828642,-1.560997,0.363331,-0.009316,-0.372648,0.431575,-0.928070,0.023797,0.951866,1.039615,-2.108636,0.054068,2.162703,-0.664682,-0.247269,0.006340,0.253609,-0.513295,-0.313442,0.008037,0.321479,0.238705,-2.439239,0.062545,2.501784,-0.571991,-0.378132,0.009696,0.387828,-1.723052,-0.289245,0.007417,0.296662,-0.112068,0.365038,-0.009360,-0.374398,0.658943,3.055470,-6.411341,-0.150712,0.000000,0.000000,0.000000,0.000000,0.000000,0.000000,-2.496400,6.918327,-1.968817,0.000000,0.000000,0.000000,423.052992,314.583720,1
12.284000,3.568808,-0.244134,0.234175,1.880304,-0.048213,-1.928517,-0.546699,-2.126721,0.054531,2.181252,0.746257,3.732926,-0.095716,-3.828642,-1.662182,0.363331,-0.009316,-0.372648,0.493156,-0.928070,0.023797,0.951866,1.210671,-2.108636,0.054068,2.162703,-1.020101,-0.247269,0.006340,0.253609,-0.510920,-0.313442,0.008037,0.321479,0.306015,-2.439239,0.062545,2.501784,-0.871980,-0.378132,0.009696,0.387828,-1.242686,-0.289245,0.007417,0.296662,-0.077007,0.365038,-0.009360,-0.374398,0.321984,3.230652,-7.085397,-0.287648,0.000000,0.000000,0.000000,0.000000,0.000000,0.000000,-2.639630,7.421645,-2.155158,0.000000,0.000000,0.000000,423.209224,314.633424,1
12.290000,3.583059,-0.250373,0.243819,1.289271,-0.033058,-1.322330,-0.340157,-1.060569,0.027194,1.087763,0.285129,0.825376,-0.021163,-0.846539,-0.163591,0.100115,-0.002567,-0.102682,0.516914,-0.920574,0.023604,0.944179,1.173001,-1.940796,0.049764,1.990560,-0.713368,-0.491683,0.012607,0.504290,0.079900,-1.310941,0.033614,1.344555,0.983706,-1.160698,0.029761,1.190460,-0.953455,-0.402523,0.010321,0.412844,-0.609473,-0.128200,0.003287,0.131487,-0.127128,2.383814,-0.061123,-2.444938,-0.851786,3.108926,-6.134121,-0.501184,0.000000,0.000000,0.000000,0.000000,0.000000,0.000000,-2.220961,7.238458,-1.875905,0.000000,0.000000,0.000000,423.259191,314.648874,1
12.300000,3.584145,-0.250343,0.241964,1.289271,-0.033058,-1.322330,-0.443810,-1.060569,0.027194,1.087763,0.284552,0.825376,-0.021163,-0.846539,-0.226969,0.100115,-0.002567,-0.102682,0.497883,-0.920574,0.023604,0.944179,1.313504,-1.940796,0.049764,1.990560,-1.031794,-0.491683,0.012607,0.504290,0.001498,-1.310941,0.033614,1.344555,1.052920,-1.160698,0.029761,1.190460,-1.278428,-0.402523,0.010321,0.412844,-0.449846,-0.128200,0.003287,0.131487,-0.067037,2.383814,-0.061123,-2.444938,-0.937500,3.340829,-6.763309,-0.642181,0.000000,0.000000,0.000000,0.000000,0.000000,0.000000,-2.686479,7.687766,-1.786525,0.000000,0.000000,0.000000,423.357778,314.671033,1
12.304000,3.613808,-0.262862,0.259677,0.294126,-0.007542,-0.301668,-0.028872,0.184466,-0.004730,-0.189196,-0.178581,-0.650293,0.016674,0.666967,0.271801,-0.116642,0.002991,0.119633,0.085552,-0.523277,0.013417,0.536694,0.979303,-1.005493,0.025782,1.031275,-0.727054,-0.293454,0.007524,0.300978,0.336626,-1.003750,0.025737,1.029487,0.978693,-0.638194,0.016364,0.654558,-0.401213,0.000449,-0.000012,-0.000461,-0.321144,0.017618,-0.000452,-0.018069,-0.062322,0.129917,-0.003331,-0.133249,0.114235,2.529653,-4.946912,-0.313899,0.000000,0.000000,0.000000,0.000000,0.000000,0.000000,-1.940933,6.282208,-1.458434,0.000000,0.000000,0.000000,423.369368,314.674401,1
12.314000,3.618476,-0.262208,0.266015,0.647541,-0.016604,-0.664145,-0.249123,0.131343,-0.003368,-0.134711,-0.102520,-0.092003,0.002359,0.094362,0.028401,0.300759,-0.007712,-0.308471,-0.148675,-0.449843,0.011534,0.461377,0.931844,-1.405364,0.036035,1.441399,-0.693335,0.046770,-0.001199,-0.047970,0.244461,-1.067920,0.027383,1.095302,1.054218,-0.992776,0.025456,1.018232,-0.478706,-0.037462,0.000961,0.038422,-0.264306,0.042181,-0.001082,-0.043262,-0.059963,2.810277,-0.072058,-2.882336,-1.259263,2.661676,-5.565320,-0.362495,0.000000,0.000000,0.000000,0.000000,0.000000,0.000000,-2.060082,6.868525,-1.671734,0.000000,0.000000,0.000000,423.438901,314.713761,1
12.318000,3.594034,-0.255496,0.233626,0.874838,-0.022432,-0.897270,-0.090670,-0.206529,0.005296,0.211824,-0.059270,3.081624,-0.079016,-3.160640,-1.173532,0.135247,-0.003468,-0.138714,0.418812,0.167124,-0.004285,-0.171410,1.302198,-0.594000,0.015231,0.609231,-1.512306,0.066081,-0.001694,-0.067775,-0.753312,0.253966,-0.006512,-0.260478,0.095721,-1.010478,0.025910,1.036388,-1.179423,-0.096101,0.002464,0.098565,-0.278723,-0.027855,0.000714,0.028569,-0.019627,0.034735,-0.000891,-0.035626,0.146060,3.056067,-5.802150,-0.301864,0.000000,0.000000,0.000000,0.000000,0.000000,0.000000,-2.483662,6.379041,-1.613946,0.000000,0.000000,0.000000,423.464250,314.719144,1
12.328000,3.596073,-0.255315,0.233455,0.866393,-0.022215,-0.888608,-0.111791,-0.222008,0.005693,0.227701,-0.046897,2.841517,-0.072859,-2.914376,-1.148339,0.149141,-0.003824,-0.152965,0.339449,0.095059,-0.002437,-0.097496,1.360098,-0.662793,0.016995,0.679788,-1.776721,0.035581,-0.000912,-0.036493,-0.659665,0.126852,-0.003253,-0.130105,0.247397,-1.046850,0.026842,1.073692,-1.347289,-0.300098,0.007695,0.307792,-0.172140,-0.020437,0.000524,0.020961,-0.021089,0.825072,-0.021156,-0.846227,-0.161925,3.195119,-6.354892,-0.500735,0.000000,0.000000,0.000000,0.000000,0.000000,0.000000,-2.566503,6.948579,-1.667979,0.000000,0.000000,0.000000,423.529673,314.725863,1
12.332000,3.606980,-0.254607,0.235973,0.701388,-0.017984,-0.719372,-0.052274,-0.177108,0.004541,0.181649,-0.038820,2.509363,-0.064343,-2.573705,-1.041063,0.212350,-0.005445,-0.217795,0.226270,0.030514,-0.000782,-0.031297,1.480793,-0.584234,0.014980,0.599214,-1.744597,0.084750,-0.002173,-0.086923,-0.562177,0.096795,-0.002482,-0.099276,0.491431,-1.039264,0.026648,1.065912,-1.111682,-0.229464,0.005884,0.235348,-0.293799,-0.025794,0.000661,0.026456,-0.017519,0.051259,-0.001314,-0.052573,0.085108,3.401785,-6.191793,-0.516435,0.000000,0.000000,0.000000,0.000000,0.000000,0.000000,-2.588449,7.188644,-1.611782,0.000000,0.000000,0.000000,423.550560,314.727103,1
12.342000,3.607723,-0.254327,0.233082,0.692655,-0.017760,-0.710415,-0.038186,-0.180391,0.004625,0.185016,-0.026885,2.353729,-0.060352,-2.414081,-1.002925,0.250473,-0.006422,-0.256895,0.174791,0.061412,-0.001575,-0.062986,1.556886,-0.588092,0.015079,0.603171,-1.998047,0.117562,-0.003014,-0.120577,-0.680148,0.115695,-0.002967,-0.118661,0.457943,-1.025883,0.026305,1.052187,-1.309208,-0.283750,0.007276,0.291025,-0.234314,-0.023491,0.000602,0.024093,-0.018495,0.266656,-0.006837,-0.273493,0.025140,3.500486,-6.573659,-0.638713,0.000000,0.000000,0.000000,0.000000,0.000000,0.000000,-2.717218,7.435413,-1.647453,0.000000,0.000000,0.000000,423.604468,314.723801,1
12.346000,3.615861,-0.265015,0.235761,0.466213,-0.011954,-0.478167,-0.024502,-0.108866,0.002791,0.111657,-0.022973,1.078899,-0.027664,-1.106563,-0.374920,0.104394,-0.002677,-0.107071,0.393160,-0.067385,0.001728,0.069113,1.440228,-0.585169,0.015004,0.600174,-1.862634,-0.057433,0.001473,0.058906,-0.353640,-0.115387,0.002959,0.118346,0.477966,-0.873438,0.022396,0.895834,-1.177342,-0.059909,0.001536,0.061445,-0.414614,-0.025079,0.000643,0.025722,-0.024322,-0.293313,0.007521,0.300834,0.149096,3.338694,-6.153532,-0.712344,0.000000,0.000000,0.000000,0.000000,0.000000,0.000000,-2.528828,7.222254,-1.283479,0.000000,0.000000,0.000000,423.616035,314.717255,1
12.356000,3.617162,-0.265765,0.232837,0.466213,-0.011954,-0.478167,-0.003881,-0.108866,0.002791,0.111657,-0.018004,1.078899,-0.027664,-1.106563,-0.396057,0.104394,-0.002677,-0.107071,0.405817,-0.067385,0.001728,0.069113,1.523531,-0.585169,0.015004,0.600174,-2.052382,-0.057433,0.001473,0.058906,-0.411383,-0.115387,0.002959,0.118346,0.500859,-0.873438,0.022396,0.895834,-1.401213,-0.059909,0.001536,0.061445,-0.436936,-0.025079,0.000643,0.025722,-0.031244,-0.293313,0.007521,0.300834,0.143435,3.432965,-6.432981,-0.836586,0.000000,0.000000,0.000000,0.000000,0.000000,0.000000,-2.654826,7.587029,-1.325142,0.000000,0.000000,0.000000,423.648357,314.697889,1
12.360000,3.622469,-0.262235,0.233123,0.687544,-0.017629,-0.705174,-0.022533,-0.126865,0.003253,0.130118,-0.039269,1.930509,-0.049500,-1.980009,-0.615273,0.045650,-0.001171,-0.046821,0.408895,-0.068362,0.001753,0.070115,1.557063,-0.725004,0.018590,0.743594,-2.097163,-0.148220,0.003801,0.152020,-0.210247,-0.221593,0.005682,0.227275,0.596812,-0.892386,0.022882,0.915267,-1.285344,-0.289601,0.007426,0.297027,-0.488681,-0.020729,0.000532,0.021261,-0.027207,-0.040453,0.001037,0.041491,0.190386,3.598735,-6.624451,-0.737912,0.000000,0.000000,0.000000,0.000000,0.000000,0.000000,-2.697824,7.523262,-1.469177,0.000000,0.000000,0.000000,423.666056,314.692085,1
12.370000,3.623767,-0.262857,0.230041,0.687544,-0.017629,-0.705174,-0.019620,-0.126865,0.003253,0.130118,-0.035609,1.930509,-0.049500,-1.980009,-0.736505,0.045650,-0.001171,-0.046821,0.415990,-0.068362,0.001753,0.070115,1.626808,-0.725004,0.018590,0.743594,-2.252382,-0.148220,0.003801,0.152020,-0.276620,-0.221593,0.005682,0.227275,0.612746,-0.892386,0.022882,0.915267,-1.488098,-0.289601,0.007426,0.297027,-0.437139,-0.020729,0.000532,0.021261,-0.026174,-0.040453,0.001037,0.041491,0.107510,3.680944,-6.825565,-0.828478,0.000000,0.000000,0.000000,0.000000,0.000000,0.000000,-2.822648,7.826573,-1.497035,0.000000,0.000000,0.000000,423.715689,314.677050,1
12.376000,3.631060,-0.259829,0.230085,0.524677,-0.013453,-0.538130,0.037119,-0.063635,0.001632,0.065267,-0.044249,3.325034,-0.085257,-3.410291,-0.837621,0.077007,-0.001975,-0.078981,0.205781,0.696808,-0.017867,-0.714674,1.453590,-1.472899,0.037767,1.510666,-2.149753,0.196394,-0.005036,-0.201430,-0.639617,0.902105,-0.023131,-0.925236,0.137515,-1.979988,0.050769,2.030757,-1.068519,-0.286578,0.007348,0.293926,-0.576582,-0.025915,0.000664,0.026579,-0.030053,0.315902,-0.008100,-0.324002,0.328660,3.549730,-7.405659,-1.169974,0.000000,0.000000,0.000000,0.000000,0.000000,0.000000,-2.737445,8.058419,-1.632140,0.000000,0.000000,0.000000,423.774998,314.653566,1
12.386000,3.632149,-0.260350,0.227119,0.524677,-0.013453,-0.538130,-0.001097,-0.063635,0.001632,0.065267,-0.065518,3.325034,-0.085257,-3.410291,-1.214050,0.077007,-0.001975,-0.078981,0.221884,0.696808,-0.017867,-0.714674,1.488735,-1.472899,0.037767,1.510666,-2.242553,0.196394,-0.005036,-0.201430,-0.723807,0.902105,-0.023131,-0.925236,0.085199,-1.979988,0.050769,2.030757,-1.191780,-0.286578,0.007348,0.293926,-0.530926,-0.025915,0.000664,0.026579,-0.031686,0.315902,-0.008100,-0.324002,0.167490,3.622245,-7.475306,-1.198808,0.000000,0.000000,0.000000,0.000000,0.000000,0.000000,-2.786322,8.163771,-1.627883,0.000000,0.000000,0.000000,423.889702,314.624595,1
12.390000,3.639267,-0.268738,0.230051,0.233874,-0.005997,-0.239871,0.259274,-0.028618,0.000734,0.029352,-0.079328,2.132442,-0.054678,-2.187120,-0.981147,-0.209129,0.005362,0.214492,0.181009,0.756962,-0.019409,-0.776371,1.084250,-1.648039,0.042257,1.690296,-1.889001,0.255152,-0.006542,-0.261695,-0.668214,1.412247,-0.036211,-1.448458,-0.276211,-2.546335,0.065291,2.611626,-0.585978,1.544472,-0.039602,-1.584074,-1.426093,-0.118122,0.003029,0.121151,-0.024522,-0.314515,0.008064,0.322579,0.571491,3.325348,-6.494063,-1.063249,0.000000,0.000000,0.000000,-1.687889,-3.848921,0.533311,-2.759416,6.900415,-0.908139,0.000000,0.000000,0.000000,423.933044,314.622877,1
12.400000,3.640336,-0.269631,0.227654,0.233874,-0.005997,-0.239871,0.383537,-0.028618,0.000734,0.029352,0.296809,2.132442,-0.054678,-2.187120,-1.958324,-0.209129,0.005362,0.214492,0.231901,0.756962,-0.019409,-0.776371,1.117811,-1.648039,0.042257,1.690296,-1.877393,0.255152,-0.006542,-0.261695,-0.677164,1.412247,-0.036211,-1.448458,-0.234042,-2.546335,0.065291,2.611626,-0.714503,1.544472,-0.039602,-1.584074,-1.565943,-0.118122,0.003029,0.121151,-0.029755,-0.314515,0.008064,0.322579,0.346033,3.433415,-6.220166,-0.880106,0.000000,0.000000,0.000000,-1.666557,-4.481368,0.898905,-2.715966,7.360044,-1.109766,0.000000,0.000000,0.000000,424.067572,314.637348,1
12.406000,3.645193,-0.255745,0.230744,-0.719083,0.018438,0.737521,0.848215,0.022771,-0.000584,-0.023355,-0.049958,1.310056,-0.033591,-1.343647,-0.309829,0.084831,-0.002175,-0.087006,0.178972,1.174681,-0.030120,-1.204801,1.164970,-2.225205,0.057057,2.282262,-1.521463,0.677192,-0.017364,-0.694556,-1.092079,2.004205,-0.051390,-2.055595,-0.636076,-3.353275,0.085981,3.439257,-0.057514,0.361263,-0.009263,-0.370526,-1.080568,-0.033246,0.000852,0.034098,-0.034914,0.070403,-0.001805,-0.072208,0.252939,3.349464,-6.804370,-0.715079,0.315634,0.707139,0.226929,0.000000,0.000000,0.000000,-2.588964,6.728932,-1.495141,0.000000,0.000000,0.000000,424.119281,314.627752,1
12.416000,3.645953,-0.256149,0.227707,-0.682044,0.017488,0.699533,0.878761,0.021758,-0.000558,-0.022315,-0.055714,1.367848,-0.035073,-1.402921,-0.466082,0.038561,-0.000989,-0.039550,0.218785,1.197043,-0.030693,-1.227737,1.227906,-2.246766,0.057609,2.304376,-1.618521,0.631684,-0.016197,-0.647881,-1.158302,1.996318,-0.051188,-2.047505,-0.615214,-3.315745,0.085019,3.400764,-0.281587,0.344561,-0.008835,-0.353396,-1.025543,-0.031962,0.000820,0.032782,-0.031829,0.076247,-0.001955,-0.078202,0.126081,3.444831,-7.016557,-0.785595,0.236485,0.680769,0.263970,-0.805427,-0.941471,-0.116485,-2.689651,7.152234,-1.621939,0.000000,0.000000,0.000000,424.217848,314.602032,1
12.422000,3.643232,-0.267356,0.223799,-0.548344,0.014060,0.562404,0.916076,0.156499,-0.004013,-0.160511,0.154998,1.045546,-0.026809,-1.072355,-1.997777,-0.036210,0.000928,0.037138,0.671206,1.314780,-0.033712,-1.348492,0.993258,-2.256595,0.057861,2.314456,-1.081801,0.638084,-0.016361,-0.654445,-0.807741,2.262139,-0.058004,-2.320142,-0.529547,-3.469579,0.088964,3.558543,-0.527561,0.407553,-0.010450,-0.418003,-0.926706,-0.029329,0.000752,0.030081,-0.012989,0.056078,-0.001438,-0.057516,0.105456,3.673270,-5.510277,-0.227991,0.051717,0.054861,0.005042,-2.434289,-5.311883,1.126365,-2.108715,7.594633,-1.810997,0.000000,0.000000,0.000000,424.281322,314.596483,1
12.432000,3.643734,-0.267950,0.221842,-0.548344,0.014060,0.562404,1.067872,0.156499,-0.004013,-0.160511,0.292752,1.045546,-0.026809,-1.072355,-2.431550,-0.036210,0.000928,0.037138,0.764343,1.314780,-0.033712,-1.348492,1.024429,-2.256595,0.057861,2.314456,-1.083763,0.638084,-0.016361,-0.654445,-0.764829,2.262139,-0.058004,-2.320142,-0.554527,-3.469579,0.088964,3.558543,-0.536519,0.407553,-0.010450,-0.418003,-0.874191,-0.029329,0.000752,0.030081,-0.011424,0.056078,-0.001438,-0.057516,0.060007,3.585808,-5.354393,-0.226025,0.152785,0.173788,0.022828,-2.269259,-5.261352,1.253019,-2.074499,7.747961,-1.898022,0.000000,0.000000,0.000000,424.393710,314.591876,1
12.440000,3.651666,-0.251084,0.226040,-0.406995,0.010436,0.417431,0.963140,1.195314,-0.030649,-1.225963,-0.586725,-1.768731,0.045352,1.814084,1.049463,-0.174220,0.004467,0.178687,0.169928,1.124195,-0.028826,-1.153020,0.932593,-2.520087,0.064618,2.584705,-1.227014,0.641673,-0.016453,-0.658126,-1.437442,2.286166,-0.058620,-2.344786,-0.971006,-3.941097,0.101054,4.042151,-0.019810,0.819872,-0.021022,-0.840895,-1.165674,-0.037161,0.000953,0.038114,-0.014952,-0.077178,0.001979,0.079157,0.061643,3.036301,-6.788763,-0.930268,0.255422,0.597794,0.229147,-1.331810,-2.001335,0.132906,-2.812654,7.057205,-1.321941,0.000000,0.000000,0.000000,424.486436,314.615364,1
12.450000,3.652318,-0.251041,0.223947,-0.406995,0.010436,0.417431,0.756340,1.195314,-0.030649,-1.225963,-0.811110,-1.768731,0.045352,1.814084,0.648994,-0.174220,0.004467,0.178687,0.245440,1.124195,-0.028826,-1.153020,1.027721,-2.520087,0.064618,2.584705,-1.380206,0.641673,-0.016453,-0.658126,-1.420673,2.286166,-0.058620,-2.344786,-0.933041,-3.941097,0.101054,4.042151,-0.261858,0.819872,-0.021022,-0.840895,-1.147762,-0.037161,0.000953,0.038114,-0.000539,-0.077178,0.001979,0.079157,0.031403,3.425322,-6.811804,-0.666289,1.179919,2.825412,0.990479,-5.147071,-7.982416,0.591139,-2.663185,7.099934,-1.468542,0.000000,0.000000,0.000000,424.610762,314.623472,1
12.458000,3.657185,-0.260581,0.229225,-0.838234,0.021493,0.859727,1.072505,1.492712,-0.038275,-1.530987,0.571679,-2.713825,0.069585,2.783410,-0.927456,-0.701388,0.017984,0.719372,0.876230,1.138772,-0.029199,-1.167971,0.790763,-2.825097,0.072438,2.897535,0.445144,0.164154,-0.004209,-0.168363,-0.704425,2.146576,-0.055040,-2.201617,-1.073800,-3.850252,0.098724,3.948976,1.829086,0.880626,-0.022580,-0.903206,-0.647511,0.176897,-0.004536,-0.181432,0.062195,-0.014184,0.000364,0.014547,0.018441,2.341831,-2.513421,0.370539,1.000884,1.152724,0.061625,-2.553493,-4.687040,0.810894,-2.728902,11.241329,-4.228255,0.000000,0.000000,0.000000,424.750959,314.693403,1
12.468000,3.657056,-0.260637,0.227991,-0.838234,0.021493,0.859727,1.261209,1.492712,-0.038275,-1.530987,0.424795,-2.713825,0.069585,2.783410,-0.876406,-0.701388,0.017984,0.719372,1.051102,1.138772,-0.029199,-1.167971,0.819369,-2.825097,0.072438,2.897535,0.278644,0.164154,-0.004209,-0.168363,-0.427738,2.146576,-0.055040,-2.201617,-0.416181,-3.850252,0.098724,3.948976,0.610778,0.880626,-0.022580,-0.903206,-0.608866,0.176897,-0.004536,-0.181432,0.004330,-0.014184,0.000364,0.014547,0.003840,2.631591,-3.763555,-0.076382,4.142629,5.301660,0.593694,-2.287717,-5.070894,1.247868,-2.766658,10.763823,-3.909610,0.000000,0.000000,0.000000,424.857415,314.718908,1
12.474000,3.673537,-0.251293,0.229241,-0.072978,0.001871,0.074849,-0.105657,0.414020,-0.010616,-0.424636,0.831642,-3.407730,0.087378,3.495108,-1.144169,0.027305,-0.000700,-0.028005,0.030549,1.056017,-0.027077,-1.083094,0.246439,-4.615778,0.118353,4.734131,0.823507,2.415786,-0.061943,-2.477729,-1.611164,-0.178373,0.004574,0.182946,-0.021325,2.726068,-0.069899,-2.795967,-1.801839,0.840560,-0.021553,-0.862113,-0.433112,-0.360316,0.009239,0.369555,1.259224,-0.163918,0.004203,0.168122,-1.711966,3.190849,-8.048379,-1.993757,3.229376,8.207258,2.300348,-4.789519,-5.923063,0.171307,0.000000,0.000000,0.000000,0.000000,0.000000,0.000000,424.969536,314.771994,1
12.484000,3.680662,-0.247423,0.229619,-0.414511,0.010628,0.425140,-0.244241,0.447176,-0.011466,-0.458642,0.782513,-3.526452,0.090422,3.616874,-0.733627,-0.328393,0.008420,0.336813,-0.188928,0.838327,-0.021496,-0.859822,0.842159,-4.316122,0.110670,4.426792,-0.092766,3.103996,-0.079590,-3.183586,-1.728890,-0.316684,0.008120,0.324804,0.030084,4.333392,-0.111113,-4.444504,-2.135944,0.574589,-0.014733,-0.589322,-0.590030,-0.313802,0.008046,0.321848,1.385652,-0.164230,0.004211,0.168441,-1.648899,1.964342,-6.811968,-2.097798,2.896035,8.095361,2.380715,-4.524726,-5.074819,-0.014962,0.000000,0.000000,0.000000,0.000000,0.000000,0.000000,425.173466,314.884079,1
12.488000,3.674371,-0.246103,0.248020,1.237373,-0.031728,-1.269100,-1.621163,0.317169,-0.008133,-0.325301,0.232312,-4.030486,0.103346,4.133832,0.614639,-6.217523,0.159424,6.376947,2.671465,-3.254027,0.083437,3.337463,1.199797,8.087455,-0.207371,-8.294825,-3.799701,3.512434,-0.090062,-3.602496,-1.511610,-0.784057,0.020104,0.804161,0.176472,5.098854,-0.130740,-5.229594,-2.237958,2.085953,-0.053486,-2.139439,-1.225882,-0.192966,0.004948,0.197914,0.063393,-3.089388,0.079215,3.168603,0.500734,0.000000,0.000000,0.000000,2.986286,5.198170,0.880278,-2.855106,-4.663905,0.517928,0.000000,0.000000,0.000000,0.000000,0.000000,0.000000,425.488445,315.198453,1
12.498000,3.675175,-0.244921,0.248609,1.237373,-0.031728,-1.269100,-1.558784,0.317169,-0.008133,-0.325301,0.332305,-4.030486,0.103346,4.133832,0.336211,-6.217523,0.159424,6.376947,3.676979,-3.254027,0.083437,3.337463,1.241801,8.087455,-0.207371,-8.294825,-3.858120,3.512434,-0.090062,-3.602496,-1.869323,-0.784057,0.020104,0.804161,0.161819,5.098854,-0.130740,-5.229594,-2.327335,2.085953,-0.053486,-2.139439,-1.134746,-0.192966,0.004948,0.197914,0.183390,-3.089388,0.079215,3.168603,0.117266,0.000000,0.000000,0.000000,3.363322,6.176204,1.101350,-3.336864,-5.464465,0.647813,0.000000,0.000000,0.000000,0.000000,0.000000,0.000000,426.337864,316.045710,1
12.502000,3.675958,-0.249830,0.239901,-0.058365,0.001497,0.059862,-0.381175,0.104676,-0.002684,-0.107360,0.639181,-1.964276,0.050366,2.014642,-0.549644,-1.274419,0.032677,1.307096,0.582199,-0.342541,0.008783,0.351324,0.021595,0.963841,-0.024714,-0.988555,-0.304331,0.629437,-0.016139,-0.645576,0.060654,-0.116832,0.002996,0.119828,-0.061465,0.800486,-0.020525,-0.821012,-0.416636,0.461230,-0.011826,-0.473057,0.017347,-0.208620,0.005349,0.213969,0.414480,-1.453653,0.037273,1.490926,-0.696328,0.000000,0.000000,0.000000,3.074223,5.828447,1.283126,-3.347400,-4.828615,0.192699,0.000000,0.000000,0.000000,0.000000,0.000000,0.000000,426.353032,316.042544,1
12.512000,3.676635,-0.249458,0.238594,-0.058365,0.001497,0.059862,-0.378951,0.104676,-0.002684,-0.107360,0.741853,-1.964276,0.050366,2.014642,-0.831260,-1.274419,0.032677,1.307096,0.620161,-0.342541,0.008783,0.351324,0.006460,0.963841,-0.024714,-0.988555,-0.331885,0.629437,-0.016139,-0.645576,0.021026,-0.116832,0.002996,0.119828,-0.037603,0.800486,-0.020525,-0.821012,-0.323862,0.461230,-0.011826,-0.473057,0.062921,-0.208620,0.005349,0.213969,0.429694,-1.453653,0.037273,1.490926,-0.900800,0.000000,0.000000,0.000000,3.267098,6.281891,1.401178,-3.701574,-5.449892,0.300155,0.000000,0.000000,0.000000,0.000000,0.000000,0.000000,426.399699,316.025853,1
12.516000,3.677132,-0.249463,0.235815,0.123101,-0.003156,-0.126257,-0.548166,0.148418,-0.003806,-0.152224,0.856941,-1.896143,0.048619,1.944762,-1.002481,-1.613431,0.041370,1.654801,0.862825,-0.333113,0.008541,0.341654,0.011240,1.705755,-0.043737,-1.749492,-0.751584,0.934809,-0.023969,-0.958779,-0.061482,-0.110027,0.002821,0.112848,-0.033373,1.035594,-0.026554,-1.062148,-0.333367,0.634934,-0.016280,-0.651214,0.017842,-0.098215,0.002518,0.100733,0.372015,-1.586660,0.040684,1.627343,-0.931835,0.000000,0.000000,0.000000,3.402335,6.586948,1.404085,-3.730273,-5.572261,0.408477,0.000000,0.000000,0.000000,0.000000,0.000000,0.000000,426.427211,316.024471,1
12.526000,3.677702,-0.248868,0.233904,0.123101,-0.003156,-0.126257,-0.576702,0.148418,-0.003806,-0.152224,0.942625,-1.896143,0.048619,1.944762,-1.250603,-1.613431,0.041370,1.654801,0.900783,-0.333113,0.008541,0.341654,0.005469,1.705755,-0.043737,-1.749492,-0.741018,0.934809,-0.023969,-0.958779,-0.075785,-0.110027,0.002821,0.112848,-0.019230,1.035594,-0.026554,-1.062148,-0.344794,0.634934,-0.016280,-0.651214,0.049411,-0.098215,0.002518,0.100733,0.376372,-1.586660,0.040684,1.627343,-1.145233,0.000000,0.000000,0.000000,3.547974,6.913954,1.473077,-3.974977,-6.038478,0.523472,0.000000,0.000000,0.000000,0.000000,0.000000,0.000000,426.505332,316.013120,1
12.532000,3.692120,-0.243638,0.243952,-0.987716,0.025326,1.013042,-0.088105,-0.074195,0.001902,0.076097,0.770353,-1.342867,0.034432,1.377300,-0.657439,0.509563,-0.013066,-0.522628,-0.406746,-0.174268,0.004468,0.178736,-0.030806,-1.253277,0.032135,1.285413,0.392886,0.444760,-0.011404,-0.456165,0.363272,-0.055324,0.001419,0.056743,-0.073544,2.016167,-0.051697,-2.067863,-0.800233,-0.610458,0.015653,0.626111,0.437895,-0.082379,0.002112,0.084491,0.451504,-1.604093,0.041131,1.645223,-0.823981,0.000000,0.000000,0.000000,2.734320,6.736477,1.763553,-3.718010,-4.797977,-0.034069,0.000000,0.000000,0.000000,0.000000,0.000000,0.000000,426.536947,316.014425,1
12.542000,3.692996,-0.243306,0.242167,-0.987716,0.025326,1.013042,-0.041756,-0.074195,0.001902,0.076097,0.884501,-1.342867,0.034432,1.377300,-1.008096,0.509563,-0.013066,-0.522628,-0.448820,-0.174268,0.004468,0.178736,-0.010760,-1.253277,0.032135,1.285413,0.480042,0.444760,-0.011404,-0.456165,0.292093,-0.055324,0.001419,0.056743,-0.057676,2.016167,-0.051697,-2.067863,-0.824456,-0.610458,0.015653,0.626111,0.531535,-0.082379,0.002112,0.084491,0.450590,-1.604093,0.041131,1.645223,-1.059597,0.000000,0.000000,0.000000,2.945017,7.117396,1.822348,-3.848868,-5.474919,0.279589,0.000000,0.000000,0.000000,0.000000,0.000000,0.000000,426.600018,316.011247,1
12.544000,3.699604,-0.256266,0.242598,-0.219554,0.005630,0.225183,-0.114483,-0.551499,0.014141,0.565640,1.230447,-1.090902,0.027972,1.118874,-1.081230,-0.455555,0.011681,0.467236,0.012451,-0.108846,0.002791,0.111637,-0.046865,0.524837,-0.013457,-0.538295,-0.077586,0.468425,-0.012011,-0.480436,0.116871,0.020632,-0.000529,-0.021161,-0.125867,0.903332,-0.023162,-0.926495,-0.322411,0.055372,-0.001420,-0.056791,0.450563,-0.623752,0.015994,0.639745,0.652913,-1.311661,0.033632,1.345294,-0.754161,0.000000,0.000000,0.000000,2.968214,6.151618,1.813780,-3.440377,-5.495157,-0.175894,0.000000,0.000000,0.000000,0.000000,0.000000,0.000000,426.607618,316.009498,1
12.554000,3.695641,-0.253987,0.237194,0.136406,-0.003498,-0.139904,-0.302812,-0.224053,0.005745,0.229798,1.305738,-1.270914,0.032588,1.303502,-1.583208,-1.012880,0.025971,1.038851,0.182212,-0.115811,0.002970,0.118781,-0.032095,1.259481,-0.032294,-1.291776,-0.403679,0.491445,-0.012601,-0.504046,-0.002720,0.064341,-0.001650,-0.065991,-0.074209,1.327021,-0.034026,-1.361047,-0.398323,0.425219,-0.010903,-0.436122,0.287917,-0.528045,0.013540,0.541584,0.674311,-0.990161,0.025389,1.015549,-1.296248,0.000000,0.000000,0.000000,3.523185,6.766414,1.695596,-3.938995,-6.386429,0.345317,0.000000,0.000000,0.000000,0.000000,0.000000,0.000000,426.662380,315.994071,1
12.558000,3.699325,-0.249040,0.234262,0.074579,-0.001912,-0.076492,-0.436425,-0.325437,0.008345,0.333782,1.390659,-1.280175,0.032825,1.313000,-1.522881,-1.016969,0.026076,1.043046,0.183147,-0.097742,0.002506,0.100249,-0.034268,1.218035,-0.031232,-1.249267,-0.368658,0.338908,-0.008690,-0.347598,0.099324,0.115814,-0.002970,-0.118784,-0.097389,1.722136,-0.044157,-1.766293,-0.603373,0.359387,-0.009215,-0.368602,0.351125,-0.686993,0.017615,0.704608,0.686452,-0.946010,0.024257,0.970267,-1.398294,0.000000,0.000000,0.000000,3.502569,6.795682,1.528984,-4.013126,-6.145687,0.533639,0.000000,0.000000,0.000000,0.000000,0.000000,0.000000,426.687315,315.990817,1
12.568000,3.700195,-0.248794,0.231513,0.074579,-0.001912,-0.076492,-0.445194,-0.325437,0.008345,0.333782,1.477017,-1.280175,0.032825,1.313000,-1.755376,-1.016969,0.026076,1.043046,0.228270,-0.097742,0.002506,0.100249,-0.027592,1.218035,-0.031232,-1.249267,-0.428278,0.338908,-0.008690,-0.347598,0.118803,0.115814,-0.002970,-0.118784,-0.093211,1.722136,-0.044157,-1.766293,-0.650578,0.359387,-0.009215,-0.368602,0.413761,-0.686993,0.017615,0.704608,0.677970,-0.946010,0.024257,0.970267,-1.598510,0.000000,0.000000,0.000000,3.621198,7.028277,1.575996,-4.169591,-6.481012,0.640217,0.000000,0.000000,0.000000,0.000000,0.000000,0.000000,426.757220,315.979674,1
12.572000,3.703697,-0.260369,0.241383,0.014355,-0.000368,-0.014723,-0.050743,-0.530064,0.013591,0.543656,1.290952,-1.015045,0.026027,1.041072,-1.495601,-0.542292,0.013905,0.556197,0.010991,-0.064027,0.001642,0.065669,-0.032117,1.154205,-0.029595,-1.183800,-0.354354,0.440599,-0.011297,-0.451897,0.134845,0.010153,-0.000260,-0.010414,-0.030670,0.555491,-0.014243,-0.569734,-0.125125,0.255396,-0.006549,-0.261944,0.411029,-0.676776,0.017353,0.694130,0.686189,-1.161913,0.029793,1.191706,-1.016095,0.000000,0.000000,0.000000,3.552290,6.264898,1.776346,-3.863655,-6.076948,0.049371,0.000000,0.000000,0.000000,0.000000,0.000000,0.000000,426.775679,315.974624,1
12.582000,3.704364,-0.261214,0.238988,0.014355,-0.000368,-0.014723,-0.062217,-0.530064,0.013591,0.543656,1.396175,-1.015045,0.026027,1.041072,-1.774268,-0.542292,0.013905,0.556197,0.005784,-0.064027,0.001642,0.065669,-0.025011,1.154205,-0.029595,-1.183800,-0.397723,0.440599,-0.011297,-0.451897,0.073684,0.010153,-0.000260,-0.010414,-0.028482,0.555491,-0.014243,-0.569734,-0.108506,0.255396,-0.006549,-0.261944,0.448389,-0.676776,0.017353,0.694130,0.701377,-1.161913,0.029793,1.191706,-1.234789,0.000000,0.000000,0.000000,3.735863,6.588326,1.894942,-4.090685,-6.536260,0.094631,0.000000,0.000000,0.000000,0.000000,0.000000,0.000000,426.828219,315.957743,1
12.586000,3.715884,-0.253709,0.235811,0.079938,-0.002050,-0.081987,-0.214123,-0.253571,0.006502,0.260073,1.465763,-0.933611,0.023939,0.957549,-1.813991,-0.895587,0.022964,0.918551,0.026272,-0.045148,0.001158,0.046305,-0.044597,1.809401,-0.046395,-1.855795,-0.447654,0.121674,-0.003120,-0.124794,0.269445,0.000086,-0.000002,-0.000088,-0.015091,0.526965,-0.013512,-0.540477,0.050653,0.295950,-0.007588,-0.303539,0.505751,-0.440239,0.011288,0.451527,0.573670,-0.983964,0.025230,1.009194,-1.245033,0.000000,0.000000,0.000000,3.607361,6.569460,1.510340,-4.031821,-6.300363,0.538836,0.000000,0.000000,0.000000,0.000000,0.000000,0.000000,426.847110,315.950953,1
12.596000,3.716853,-0.253780,0.232993,0.079938,-0.002050,-0.081987,-0.222748,-0.253571,0.006502,0.260073,1.546417,-0.933611,0.023939,0.957549,-2.018171,-0.895587,0.022964,0.918551,0.063532,-0.045148,0.001158,0.046305,-0.044485,1.809401,-0.046395,-1.855795,-0.621427,0.121674,-0.003120,-0.124794,0.294538,0.000086,-0.000002,-0.000088,-0.016786,0.526965,-0.013512,-0.540477,-0.017937,0.295950,-0.007588,-0.303539,0.565345,-0.440239,0.011288,0.451527,0.574390,-0.983964,0.025230,1.009194,-1.449256,0.000000,0.000000,0.000000,3.738775,6.842119,1.585824,-4.188751,-6.594220,0.610257,0.000000,0.000000,0.000000,0.000000,0.000000,0.000000,426.902175,315.933909,1
12.600000,3.742654,-0.240399,0.235985,-0.176210,0.004518,0.180728,-0.410880,0.030913,-0.000793,-0.031706,1.503847,-0.283201,0.007262,0.290462,-1.576660,0.119470,-0.003063,-0.122533,-0.111205,-0.011653,0.000299,0.011952,-0.022989,0.262105,-0.006721,-0.268826,0.041662,-0.064157,0.001645,0.065803,0.507534,-0.028987,0.000743,0.029730,-0.034613,-1.590151,0.040773,1.630924,0.997698,0.024386,-0.000625,-0.025012,0.372364,0.140749,-0.003609,-0.144358,0.399359,-0.901705,0.023121,0.924826,-0.609308,0.000000,0.000000,0.000000,2.808894,6.344659,1.385057,-3.738720,-4.868266,0.306620,0.000000,0.000000,0.000000,0.000000,0.000000,0.000000,426.913764,315.935714,1
12.610000,3.744644,-0.239968,0.233386,-0.176210,0.004518,0.180728,-0.379347,0.030913,-0.000793,-0.031706,1.612398,-0.283201,0.007262,0.290462,-1.814415,0.119470,-0.003063,-0.122533,-0.140392,-0.011653,0.000299,0.011952,-0.027136,0.262105,-0.006721,-0.268826,0.015700,-0.064157,0.001645,0.065803,0.539253,-0.028987,0.000743,0.029730,-0.035730,-1.590151,0.040773,1.630924,0.889548,0.024386,-0.000625,-0.025012,0.470203,0.140749,-0.003609,-0.144358,0.455834,-0.901705,0.023121,0.924826,-0.883168,0.000000,0.000000,0.000000,3.053654,6.909961,1.487462,-3.923516,-5.284423,0.472057,0.000000,0.000000,0.000000,0.000000,0.000000,0.000000,426.944265,315.935283,1
12.616000,3.723680,-0.251451,0.227932,0.075091,-0.001925,-0.077016,-0.225782,0.110723,-0.002839,-0.113562,1.282202,-0.549152,0.014081,0.563233,-2.207680,-0.839751,0.021532,0.861283,0.030356,-0.109892,0.002818,0.112710,-0.067106,2.652782,-0.068020,-2.720802,-0.933557,0.557258,-0.014289,-0.571547,0.005881,-0.023261,0.000596,0.023858,-0.032390,-0.054735,0.001403,0.056139,0.227726,0.239477,-0.006140,-0.245617,0.432794,0.074956,-0.001922,-0.076878,0.306060,-0.807737,0.020711,0.828448,-1.468280,0.000000,0.000000,0.000000,3.521354,6.647963,1.546817,-4.211172,-6.439615,0.654515,0.000000,0.000000,0.000000,0.000000,0.000000,0.000000,426.976325,315.934379,1
12.626000,3.724029,-0.251190,0.224673,0.075091,-0.001925,-0.077016,-0.248773,0.110723,-0.002839,-0.113562,1.340286,-0.549152,0.014081,0.563233,-2.375641,-0.839751,0.021532,0.861283,0.050578,-0.109892,0.002818,0.112710,-0.049911,2.652782,-0.068020,-2.720802,-1.081159,0.557258,-0.014289,-0.571547,-0.003795,-0.023261,0.000596,0.023858,-0.027876,-0.054735,0.001403,0.056139,0.127883,0.239477,-0.006140,-0.245617,0.487442,0.074956,-0.001922,-0.076878,0.297101,-0.807737,0.020711,0.828448,-1.674768,0.000000,0.000000,0.000000,3.650866,6.882731,1.603056,-4.318712,-6.635058,0.713630,0.000000,0.000000,0.000000,0.000000,0.000000,0.000000,427.036727,315.934250,1
12.630000,3.736272,-0.253575,0.228839,0.228152,-0.005850,-0.234002,-0.405344,0.589105,-0.015105,-0.604210,1.410899,-1.947749,0.049942,1.997692,-2.009980,-1.309356,0.033573,1.342930,-0.012302,-0.048650,0.001247,0.049898,-0.081320,4.347320,-0.111470,-4.458790,-0.956359,0.720734,-0.018480,-0.739215,0.359409,-0.000085,0.000002,0.000087,-0.043079,2.491129,-0.063875,-2.555004,-0.144115,0.162921,-0.004177,-0.167099,0.532699,0.520642,-0.013350,-0.533992,0.089871,-1.974540,0.050629,2.025169,-1.072277,0.000000,0.000000,0.000000,3.635183,7.049794,1.672965,-4.494065,-7.283707,0.981501,0.000000,0.000000,0.000000,0.000000,0.000000,0.000000,427.085487,315.923309,1
12.640000,3.737001,-0.253343,0.225946,0.228152,-0.005850,-0.234002,-0.407972,0.589105,-0.015105,-0.604210,1.453524,-1.947749,0.049942,1.997692,-2.107878,-1.309356,0.033573,1.342930,0.119077,-0.048650,0.001247,0.049898,-0.091686,4.347320,-0.111470,-4.458790,-1.546471,0.720734,-0.018480,-0.739215,0.260177,-0.000085,0.000002,0.000087,-0.071921,2.491129,-0.063875,-2.555004,-0.630299,0.162921,-0.004177,-0.167099,0.620378,0.520642,-0.013350,-0.533992,0.064511,-1.974540,0.050629,2.025169,-1.227586,0.000000,0.000000,0.000000,3.763306,7.293121,1.725727,-4.546963,-7.353292,1.015332,0.000000,0.000000,0.000000,0.000000,0.000000,0.000000,427.252201,315.931819,1
12.646000,3.790553,-0.247650,0.250454,-2.157609,0.055323,2.212932,0.885199,1.241429,-0.031832,-1.273260,1.089459,-2.869968,0.073589,2.943557,-0.618474,0.160066,-0.004104,-0.164170,-0.505497,-0.038315,0.000982,0.039297,-0.146622,-3.133083,0.080335,3.213418,1.064311,-1.746858,0.044791,1.791649,2.428030,-0.096293,0.002469,0.098762,-0.051360,-2.263244,0.058032,2.321275,1.292697,-2.513075,0.064438,2.577513,1.270733,0.760733,-0.019506,-0.780239,0.298362,-1.995163,0.051158,2.046321,0.267175,0.000000,0.000000,0.000000,2.573583,6.781663,1.615300,-4.282944,-4.651762,0.203429,0.000000,0.000000,0.000000,0.000000,0.000000,0.000000,427.372718,316.010920,1
12.656000,3.793792,-0.247755,0.248835,-2.157609,0.055323,2.212932,1.175518,1.241429,-0.031832,-1.273260,1.128037,-2.869968,0.073589,2.943557,-0.684446,0.160066,-0.004104,-0.164170,-0.300470,-0.038315,0.000982,0.039297,-0.125445,-3.133083,0.080335,3.213418,1.315318,-1.746858,0.044791,1.791649,2.540724,-0.096293,0.002469,0.098762,-0.042126,-2.263244,0.058032,2.321275,1.224750,-2.513075,0.064438,2.577513,1.614265,0.760733,-0.019506,-0.780239,0.406628,-1.995163,0.051158,2.046321,0.004440,0.360870,-0.379058,0.149891,3.098818,7.614595,1.615457,-4.388262,-5.009580,0.388219,-0.004610,0.003330,0.001892,0.000000,0.000000,0.000000,427.594914,316.157569,1
12.660000,3.756643,-0.246488,0.221812,-2.086021,0.053488,2.139509,0.652784,1.624851,-0.041663,-1.666513,0.833061,-1.598070,0.040976,1.639046,-0.816697,1.099812,-0.028200,-1.128012,-0.824301,-0.043329,0.001111,0.044440,-0.061611,-1.083810,0.027790,1.111600,0.406822,-0.185308,0.004751,0.190060,1.026804,-0.098605,0.002528,0.101133,0.151946,-0.456385,0.011702,0.468087,0.369384,-2.594563,0.066527,2.661090,2.258644,2.381428,-0.061062,-2.442490,-0.634165,-2.723690,0.069838,2.793528,-0.598823,6.642397,-8.408302,2.320002,1.977233,6.566371,2.294443,-4.237288,-4.351214,-0.471416,0.056872,0.277085,-0.207739,0.000000,0.000000,0.000000,427.655410,316.182845,1
12.670000,3.760923,-0.247663,0.223514,-2.019622,0.051785,2.071407,0.528032,1.581736,-0.040557,-1.622293,0.906419,-1.715760,0.043994,1.759754,-0.966224,0.981521,-0.025167,-1.006689,-0.020668,-0.071052,0.001822,0.072874,0.103124,-1.081148,0.027722,1.108870,-1.284134,-0.280283,0.007187,0.287470,0.849772,-0.097244,0.002493,0.099738,0.084161,-0.462083,0.011848,0.473931,0.327258,-2.520838,0.064637,2.585475,2.030171,2.241714,-0.057480,-2.299194,-0.540441,-2.679098,0.068695,2.747792,-0.605289,4.555480,-8.703823,0.111399,1.658247,6.805764,2.641421,-4.916902,-4.347624,-0.899636,0.015025,0.081925,-0.059121,0.000000,0.000000,0.000000,427.798203,316.200480,1
12.676000,3.763438,-0.259508,0.226920,-1.079695,0.027684,1.107380,0.134096,1.446086,-0.037079,-1.483165,0.833244,-2.105486,0.053987,2.159473,-0.742947,0.491762,-0.012609,-0.504371,-0.161849,1.135947,-0.029127,-1.165074,-0.055861,-2.686744,0.068891,2.755635,-1.175233,-0.703478,0.018038,0.721516,0.831954,-0.062858,0.001612,0.064469,0.164006,-0.581058,0.014899,0.595957,0.295433,-1.858206,0.047646,1.905853,1.830705,2.432279,-0.062366,-2.494645,-0.932205,-3.302152,0.084671,3.386822,0.094553,3.523893,-8.484923,-0.856237,2.072400,5.702095,2.109399,-4.349605,-3.831694,-1.119163,0.031773,0.267985,-0.164906,0.000000,0.000000,0.000000,427.877977,316.207309,1
12.686000,3.763487,-0.260347,0.225625,-1.079695,0.027684,1.107380,0.031256,1.446086,-0.037079,-1.483165,0.863072,-2.105486,0.053987,2.159473,-0.660796,0.491762,-0.012609,-0.504371,-0.262409,1.135947,-0.029127,-1.165074,0.096749,-2.686744,0.068891,2.755635,-1.575116,-0.703478,0.018038,0.721516,0.858055,-0.062858,0.001612,0.064469,0.095534,-0.581058,0.014899,0.595957,0.266504,-1.858206,0.047646,1.905853,1.744944,2.432279,-0.062366,-2.494645,-0.833312,-3.302152,0.084671,3.386822,-0.021128,3.267747,-7.971272,-0.888435,2.105376,6.067318,2.347726,-4.142402,-3.599043,-1.115474,0.015893,0.601238,-0.341448,0.000000,0.000000,0.000000,428.013850,316.198546,1
12.692000,3.758044,-0.255783,0.225109,-0.884266,0.022673,0.906939,-0.145100,1.428246,-0.036622,-1.464868,0.629554,-2.308131,0.059183,2.367314,-0.193457,0.569459,-0.014602,-0.584061,-0.360637,1.030255,-0.026417,-1.056672,0.074976,-2.637975,0.067640,2.705615,-1.274923,-0.842663,0.021607,0.864270,1.168997,-0.065507,0.001680,0.067187,0.360894,-0.608625,0.015606,0.624231,0.078640,-1.645182,0.042184,1.687366,1.372003,2.287962,-0.058666,-2.346628,-0.639635,-3.296094,0.084515,3.380609,-0.090952,2.687054,-6.819669,-0.827731,2.142100,5.523411,1.866396,-3.557756,-3.469163,-0.678824,-1.725067,6.404870,-2.403500,0.000000,0.000000,0.000000,428.076600,316.197121,1
12.702000,3.757524,-0.256495,0.224119,-0.884266,0.022673,0.906939,-0.074465,1.428246,-0.036622,-1.464868,0.540889,-2.308131,0.059183,2.367314,-0.257951,0.569459,-0.014602,-0.584061,-0.307933,1.030255,-0.026417,-1.056672,-0.034496,-2.637975,0.067640,2.705615,-1.275895,-0.842663,0.021607,0.864270,1.223279,-0.065507,0.001680,0.067187,0.585854,-0.608625,0.015606,0.624231,-0.529035,-1.645182,0.042184,1.687366,1.377880,2.287962,-0.058666,-2.346628,-0.756380,-3.296094,0.084515,3.380609,-0.081914,2.800399,-6.795200,-0.730887,1.884823,4.565809,1.478139,-3.155428,-3.745926,-0.248620,-1.634429,6.198203,-2.353037,0.000000,0.000000,0.000000,428.186025,316.195952,1
12.710000,3.790985,-0.270384,0.214365,1.931015,-0.049513,-1.980528,-1.932830,0.352244,-0.009032,-0.361276,0.926342,-3.594709,0.092172,3.686881,0.700217,1.835611,-0.047067,-1.882678,-1.692252,1.326342,-0.034009,-1.360351,0.840987,-5.145491,0.131936,5.277426,0.034452,-0.804165,0.020620,0.824785,-1.453215,-0.022478,0.000576,0.023055,1.264860,-1.975308,0.050649,2.025957,-0.759876,0.946694,-0.024274,-0.970968,-1.009134,1.363762,-0.034968,-1.398730,0.392664,-4.476390,0.114779,4.591169,0.795233,3.386538,-6.710081,0.764542,4.406615,9.701416,2.740035,-4.702864,-8.449493,2.880851,-6.136271,12.867565,-4.690909,0.000000,0.000000,0.000000,428.339653,316.273323,1
12.720000,3.791172,-0.272004,0.213668,1.931015,-0.049513,-1.980528,-1.473932,0.352244,-0.009032,-0.361276,1.238013,-3.594709,0.092172,3.686881,-0.730785,1.835611,-0.047067,-1.882678,-1.282485,1.326342,-0.034009,-1.360351,0.426436,-5.145491,0.131936,5.277426,-0.045523,-0.804165,0.020620,0.824785,-1.113372,-0.022478,0.000576,0.023055,1.280505,-1.975308,0.050649,2.025957,-1.579299,0.946694,-0.024274,-0.970968,-0.707289,1.363762,-0.034968,-1.398730,0.220811,-4.476390,0.114779,4.591169,0.306441,3.245274,-6.442370,0.675033,3.609909,6.661864,1.386971,-4.281629,-8.875405,3.403369,-4.740241,10.607264,-4.053882,0.000000,0.000000,0.000000,428.498109,316.264005,1
12.726000,3.787428,-0.273612,0.242480,0.729277,-0.018699,-0.747977,-0.552672,1.304363,-0.033445,-1.337808,-0.638924,-5.262644,0.134940,5.397583,3.078549,0.889406,-0.022805,-0.912212,1.248470,1.169873,-0.029997,-1.199870,0.381198,-4.420273,0.113340,4.533613,0.275338,-1.533060,0.039309,1.572369,0.631169,0.171699,-0.004403,-0.176101,0.184769,-3.296254,0.084519,3.380773,-0.310218,-2.687348,0.068906,2.756254,2.509523,-0.432248,0.011083,0.443332,0.093446,2.154513,-0.055244,-2.209757,-1.581790,3.900903,-5.415359,0.537198,0.000000,0.000000,0.000000,0.000000,0.000000,0.000000,-2.734189,6.592324,-1.260046,0.000000,0.000000,0.000000,428.697650,316.431416,1
12.736000,3.787698,-0.275234,0.242397,0.729277,-0.018699,-0.747977,-0.522620,1.304363,-0.033445,-1.337808,-0.643568,-5.262644,0.134940,5.397583,2.818891,0.889406,-0.022805,-0.912212,1.096941,1.169873,-0.029997,-1.199870,0.360914,-4.420273,0.113340,4.533613,0.190597,-1.533060,0.039309,1.572369,0.427733,0.171699,-0.004403,-0.176101,0.131022,-3.296254,0.084519,3.380773,-0.418006,-2.687348,0.068906,2.756254,2.288899,-0.432248,0.011083,0.443332,0.082665,2.154513,-0.055244,-2.209757,-1.220290,4.034767,-6.262003,0.184119,0.000000,0.000000,0.000000,0.000000,0.000000,0.000000,-2.906881,7.014090,-1.293265,0.000000,0.000000,0.000000,428.996806,316.673173,1
12.740000,3.793146,-0.269042,0.238998,1.603081,-0.041105,-1.644186,-1.261493,-0.366664,0.009402,0.376066,0.127569,1.054831,-0.027047,-1.081878,-1.285641,0.150032,-0.003847,-0.153879,0.765344,0.185640,-0.004760,-0.190400,0.673394,-2.969039,0.076129,3.045168,-0.475520,-1.187765,0.030456,1.218220,0.212379,-0.179061,0.004591,0.183653,0.132128,-2.770038,0.071027,2.841065,-0.204805,-0.630356,0.016163,0.646519,0.129116,0.177176,-0.004543,-0.181719,-0.089078,-0.687463,0.017627,0.705090,0.243153,3.150932,-5.603690,-0.039737,0.000000,0.000000,0.000000,0.000000,0.000000,0.000000,-2.539278,5.950040,-1.088426,0.000000,0.000000,0.000000,429.022178,316.680338,1
12.750000,3.794107,-0.270191,0.238317,1.603081,-0.041105,-1.644186,-1.237536,-0.366664,0.009402,0.376066,0.090810,1.054831,-0.027047,-1.081878,-0.799123,0.150032,-0.003847,-0.153879,0.757098,0.185640,-0.004760,-0.190400,0.723188,-2.969039,0.076129,3.045168,-0.571535,-1.187765,0.030456,1.218220,0.149285,-0.179061,0.004591,0.183653,0.190952,-2.770038,0.071027,2.841065,-0.393671,-0.630356,0.016163,0.646519,0.058982,0.177176,-0.004543,-0.181719,-0.093880,-0.687463,0.017627,0.705090,0.286681,3.239426,-5.982697,-0.185087,0.000000,0.000000,0.000000,0.000000,0.000000,0.000000,-2.742070,6.641640,-1.239798,0.000000,0.000000,0.000000,429.087386,316.683284,1
12.756000,3.810247,-0.270866,0.251513,-1.323371,0.033933,1.357304,1.239207,0.066434,-0.001703,-0.068138,-0.253229,-1.392379,0.035702,1.428082,0.793749,1.948644,-0.049965,-1.998609,-0.058849,0.227663,-0.005838,-0.233501,0.654996,0.037414,-0.000959,-0.038373,-0.354514,1.778324,-0.045598,-1.823922,-0.659915,0.911206,-0.023364,-0.934570,0.075950,-1.643667,0.042145,1.685812,0.001483,-0.575857,0.014766,0.590622,-0.594596,0.061869,-0.001586,-0.063455,-0.188823,2.322324,-0.059547,-2.381871,-1.267454,2.679654,-2.883047,0.654187,0.000000,0.000000,0.000000,0.000000,0.000000,0.000000,-0.923441,6.503193,-1.867027,0.000000,0.000000,0.000000,429.134043,316.723040,1
12.766000,3.818808,-0.280496,0.256723,-3.091644,0.079273,3.170917,2.318323,0.143294,-0.003674,-0.146968,-0.238827,-3.641127,0.093362,3.734489,1.350642,2.256833,-0.057868,-2.314701,0.106656,0.292165,-0.007491,-0.299656,0.608619,-0.057150,0.001465,0.058615,-0.115154,2.093999,-0.053692,-2.147691,-0.519113,0.983491,-0.025218,-1.008709,0.163258,-1.753448,0.044960,1.798408,-0.034104,-0.077425,0.001985,0.079410,-1.078176,0.208193,-0.005338,-0.213531,-0.208205,2.404381,-0.061651,-2.466032,-0.928168,3.144101,-2.608729,0.860838,0.000000,0.000000,0.000000,0.000000,0.000000,0.000000,-0.571857,7.359675,-1.877064,0.000000,0.000000,0.000000,429.300304,316.874349,1
12.770000,3.805508,-0.264568,0.236428,0.937920,-0.024049,-0.961969,-0.233324,-0.116572,0.002989,0.119561,-0.035769,2.180971,-0.055922,-2.236893,-0.876420,0.098023,-0.002513,-0.100536,0.252319,-0.068013,0.001744,0.069756,0.987863,-0.842541,0.021604,0.864144,-1.112889,-0.091886,0.002356,0.094242,-0.376609,-0.150025,0.003847,0.153872,0.319753,-1.078086,0.027643,1.105729,-0.749447,-0.361319,0.009265,0.370584,-0.031820,-0.081514,0.002090,0.083604,-0.024295,0.800977,-0.020538,-0.821515,-0.181870,2.715751,-5.140363,-0.118690,0.000000,0.000000,0.000000,0.000000,0.000000,0.000000,-2.382152,6.062400,-1.450428,0.000000,0.000000,0.000000,429.317591,316.876681,1
12.780000,3.806416,-0.265649,0.235001,1.034645,-0.026529,-1.061174,-0.340248,-0.115811,0.002970,0.118780,-0.026136,2.523526,-0.064706,-2.588232,-1.107987,0.039981,-0.001025,-0.041006,0.333149,-0.060532,0.001552,0.062084,1.106736,-0.884473,0.022679,0.907152,-1.378738,-0.148542,0.003809,0.152351,-0.371551,-0.153782,0.003943,0.157725,0.356992,-1.099676,0.028197,1.127873,-1.005293,-0.363608,0.009323,0.372931,-0.017524,-0.082515,0.002116,0.084630,-0.016676,0.770297,-0.019751,-0.790049,-0.196612,2.928321,-5.765195,-0.262472,0.000000,0.000000,0.000000,0.000000,0.000000,0.000000,-2.532874,6.614249,-1.564673,0.000000,0.000000,0.000000,429.377341,316.887114,1
12.782000,3.815176,-0.264858,0.241227,0.860673,-0.022069,-0.882741,-0.208064,-0.070661,0.001812,0.072473,-0.034050,2.336352,-0.059906,-2.396258,-0.981420,0.210943,-0.005409,-0.216352,0.165198,-0.014475,0.000371,0.014846,1.166125,-0.919605,0.023580,0.943184,-1.140362,-0.005724,0.000147,0.005870,-0.436012,-0.113587,0.002912,0.116500,0.447604,-1.164826,0.029867,1.194693,-0.614204,-0.398048,0.010206,0.408254,-0.034308,-0.048684,0.001248,0.049932,-0.029427,1.113535,-0.028552,-1.142087,-0.312737,2.745873,-5.413950,-0.016734,0.000000,0.000000,0.000000,0.000000,0.000000,0.000000,-2.306050,6.454587,-1.676336,0.000000,0.000000,0.000000,429.386997,316.889306,1
12.792000,3.816495,-0.264812,0.239216,0.860673,-0.022069,-0.882741,-0.221419,-0.070661,0.001812,0.072473,-0.024579,2.336352,-0.059906,-2.396258,-1.022377,0.210943,-0.005409,-0.216352,0.156876,-0.014475,0.000371,0.014846,1.292831,-0.919605,0.023580,0.943184,-1.466162,-0.005724,0.000147,0.005870,-0.497171,-0.113587,0.002912,0.116500,0.483544,-1.164826,0.029867,1.194693,-0.875425,-0.398048,0.010206,0.408254,-0.032243,-0.048684,0.001248,0.049932,-0.022300,1.113535,-0.028552,-1.142087,-0.356399,2.937366,-6.052128,-0.139996,0.000000,0.000000,0.000000,0.000000,0.000000,0.000000,-2.475020,6.938330,-1.805603,0.000000,0.000000,0.000000,429.443092,316.895769,1
12.796000,3.818919,-0.270049,0.238483,0.606777,-0.015558,-0.622336,-0.084934,-0.047465,0.001217,0.048683,-0.027660,1.588886,-0.040741,-1.629627,-0.681851,0.053799,-0.001379,-0.055178,0.313769,0.029755,-0.000763,-0.030518,1.134077,-0.940336,0.024111,0.964447,-1.214934,-0.132823,0.003406,0.136228,-0.337508,-0.186483,0.004782,0.191264,0.498967,-0.904906,0.023203,0.928108,-0.994446,-0.257113,0.006593,0.263706,-0.063420,-0.026721,0.000685,0.027406,-0.040590,0.749013,-0.019205,-0.768218,-0.217552,2.840301,-5.643699,-0.312201,0.000000,0.000000,0.000000,0.000000,0.000000,0.000000,-2.272661,6.816422,-1.399171,0.000000,0.000000,0.000000,429.457645,316.892628,1
12.806000,3.820018,-0.270650,0.236161,0.606777,-0.015558,-0.622336,-0.060851,-0.047465,0.001217,0.048683,-0.034275,1.588886,-0.040741,-1.629627,-0.681218,0.053799,-0.001379,-0.055178,0.334101,0.029755,-0.000763,-0.030518,1.252950,-0.940336,0.024111,0.964447,-1.525425,-0.132823,0.003406,0.136228,-0.370428,-0.186483,0.004782,0.191264,0.513283,-0.904906,0.023203,0.928108,-1.234105,-0.257113,0.006593,0.263706,-0.087616,-0.026721,0.000685,0.027406,-0.037337,0.749013,-0.019205,-0.768218,-0.211124,3.014291,-6.202890,-0.461244,0.000000,0.000000,0.000000,0.000000,0.000000,0.000000,-2.392838,7.207824,-1.470513,0.000000,0.000000,0.000000,429.499224,316.879217,1
12.810000,3.820765,-0.269794,0.234769,1.045823,-0.026816,-1.072639,-0.206364,-0.037507,0.000962,0.038469,-0.039989,3.056074,-0.078361,-3.134435,-1.169142,0.146764,-0.003763,-0.150528,0.319747,0.116955,-0.002999,-0.119954,1.282178,-0.876867,0.022484,0.899350,-1.769718,-0.067658,0.001735,0.069393,-0.409118,0.031166,-0.000799,-0.031965,0.392408,-1.141566,0.029271,1.170836,-1.228701,-0.614934,0.015768,0.630701,-0.053334,-0.028809,0.000739,0.029547,-0.024969,1.150298,-0.029495,-1.179793,-0.226773,3.182924,-6.520841,-0.548031,0.000000,0.000000,0.000000,0.000000,0.000000,0.000000,-2.489375,7.330064,-1.635782,0.000000,0.000000,0.000000,429.529074,316.882595,1
12.820000,3.821632,-0.270338,0.232016,1.045823,-0.026816,-1.072639,-0.251889,-0.037507,0.000962,0.038469,-0.036686,3.056074,-0.078361,-3.134435,-1.300646,0.146764,-0.003763,-0.150528,0.331077,0.116955,-0.002999,-0.119954,1.365169,-0.876867,0.022484,0.899350,-1.997659,-0.067658,0.001735,0.069393,-0.470756,0.031166,-0.000799,-0.031965,0.381300,-1.141566,0.029271,1.170836,-1.428873,-0.614934,0.015768,0.630701,-0.020491,-0.028809,0.000739,0.029547,-0.023745,1.150298,-0.029495,-1.179793,-0.315812,3.287193,-6.843583,-0.652815,0.000000,0.000000,0.000000,0.000000,0.000000,0.000000,-2.592606,7.576836,-1.666854,0.000000,0.000000,0.000000,429.613700,316.892360,1
12.824000,3.831502,-0.269395,0.238065,0.554595,-0.014220,-0.568815,0.004648,-0.029248,0.000750,0.029998,-0.031950,1.763456,-0.045217,-1.808673,-0.573308,0.134959,-0.003460,-0.138419,0.181905,-0.028567,0.000732,0.029300,1.354259,-0.740000,0.018974,0.758974,-1.744747,-0.078392,0.002010,0.080402,-0.376418,-0.109670,0.002812,0.112482,0.561950,-1.008895,0.025869,1.034764,-1.117525,-0.287566,0.007373,0.294940,-0.173962,-0.025740,0.000660,0.026400,-0.022680,0.151958,-0.003896,-0.155854,0.037574,3.116813,-6.433718,-0.426220,0.000000,0.000000,0.000000,0.000000,0.000000,0.000000,-2.510627,7.224037,-1.656446,0.000000,0.000000,0.000000,429.628649,316.886530,1
12.834000,3.832596,-0.269636,0.235438,0.554595,-0.014220,-0.568815,0.001247,-0.029248,0.000750,0.029998,-0.030559,1.763456,-0.045217,-1.808673,-0.671467,0.134959,-0.003460,-0.138419,0.181762,-0.028567,0.000732,0.029300,1.443394,-0.740000,0.018974,0.758974,-1.986224,-0.078392,0.002010,0.080402,-0.442491,-0.109670,0.002812,0.112482,0.554185,-1.008895,0.025869,1.034764,-1.313679,-0.287566,0.007373,0.294940,-0.185827,-0.025740,0.000660,0.026400,-0.022249,0.151958,-0.003896,-0.155854,0.021218,3.241742,-6.807756,-0.523014,0.000000,0.000000,0.000000,0.000000,0.000000,0.000000,-2.630994,7.510709,-1.703395,0.000000,0.000000,0.000000,429.671719,316.869841,1
12.838000,3.841107,-0.276184,0.233949,0.562956,-0.014435,-0.577391,0.004983,-0.020030,0.000514,0.020543,-0.027305,1.880231,-0.048211,-1.928442,-0.560898,0.218436,-0.005601,-0.224037,0.403350,0.065446,-0.001678,-0.067124,1.418993,-0.620576,0.015912,0.636488,-1.765965,0.000459,-0.000012,-0.000470,-0.377160,0.063613,-0.001631,-0.065244,0.408684,-1.044464,0.026781,1.071245,-1.119640,-0.307922,0.007895,0.315818,-0.408863,-0.028465,0.000730,0.029195,0.049441,-0.244637,0.006273,0.250910,0.229526,3.285102,-6.147884,-0.594251,0.000000,0.000000,0.000000,0.000000,0.000000,0.000000,-2.314514,7.226333,-1.493466,0.000000,0.000000,0.000000,429.686956,316.863732,1
12.848000,3.842352,-0.276908,0.231097,0.562956,-0.014435,-0.577391,-0.002980,-0.020030,0.000514,0.020543,-0.032977,1.880231,-0.048211,-1.928442,-0.700580,0.218436,-0.005601,-0.224037,0.399254,0.065446,-0.001678,-0.067124,1.506384,-0.620576,0.015912,0.636488,-1.982562,0.000459,-0.000012,-0.000470,-0.449614,0.063613,-0.001631,-0.065244,0.411991,-1.044464,0.026781,1.071245,-1.337463,-0.307922,0.007895,0.315818,-0.371212,-0.028465,0.000730,0.029195,0.011899,-0.244637,0.006273,0.250910,0.177821,3.389742,-6.469004,-0.721929,0.000000,0.000000,0.000000,0.000000,0.000000,0.000000,-2.431244,7.558243,-1.534255,0.000000,0.000000,0.000000,429.731235,316.847411,1
12.852000,3.841512,-0.273522,0.228232,0.587973,-0.015076,-0.603050,-0.008040,-0.018685,0.000479,0.019164,-0.046434,2.084909,-0.053459,-2.138368,-0.732963,0.074695,-0.001915,-0.076610,0.289571,-0.057321,0.001470,0.058790,1.310193,-0.662356,0.016983,0.679339,-2.096223,-0.127996,0.003282,0.131278,-0.230953,-0.094034,0.002411,0.096445,0.464478,-1.010449,0.025909,1.036358,-1.331605,-0.243031,0.006232,0.249262,-0.465120,-0.030754,0.000789,0.031543,0.062567,-0.698220,0.017903,0.716123,0.327469,3.295000,-6.738759,-0.590774,0.000000,0.000000,0.000000,0.000000,0.000000,0.000000,-2.494872,7.328359,-1.590958,0.000000,0.000000,0.000000,429.750850,316.843240,1
12.862000,3.842282,-0.274052,0.225167,0.587973,-0.015076,-0.603050,-0.006403,-0.018685,0.000479,0.019164,-0.039740,2.084909,-0.053459,-2.138368,-0.832666,0.074695,-0.001915,-0.076610,0.308224,-0.057321,0.001470,0.058790,1.375313,-0.662356,0.016983,0.679339,-2.281123,-0.127996,0.003282,0.131278,-0.283561,-0.094034,0.002411,0.096445,0.462589,-1.010449,0.025909,1.036358,-1.532707,-0.243031,0.006232,0.249262,-0.407829,-0.030754,0.000789,0.031543,0.018490,-0.698220,0.017903,0.716123,0.350760,3.388950,-6.990781,-0.672128,0.000000,0.000000,0.000000,0.000211,-0.001095,0.000872,-2.614795,7.613676,-1.628974,0.000000,0.000000,0.000000,429.805480,316.831843,1
12.866000,3.855389,-0.270450,0.232383,0.580637,-0.014888,-0.595525,-0.014187,-0.018758,0.000481,0.019239,-0.045753,2.037253,-0.052237,-2.089490,-0.750870,0.049016,-0.001257,-0.050273,0.229570,-0.122211,0.003134,0.125345,1.579740,-0.694458,0.017807,0.712265,-2.026775,-0.179998,0.004615,0.184614,-0.411359,-0.207955,0.005332,0.213287,0.562032,-0.997894,0.025587,1.023481,-1.182402,-0.607505,0.015577,0.623082,-0.141321,-0.026115,0.000670,0.026785,-0.010423,-0.454078,0.011643,0.465721,0.303239,3.235925,-6.672555,-0.575244,0.000000,0.000000,0.000000,0.000000,0.000000,0.000000,-2.593327,7.268815,-1.618972,0.000000,0.000000,0.000000,429.824948,316.828667,1
12.876000,3.856668,-0.270672,0.229420,0.580637,-0.014888,-0.595525,-0.010461,-0.018758,0.000481,0.019239,-0.042927,2.037253,-0.052237,-2.089490,-0.824892,0.049016,-0.001257,-0.050273,0.257424,-0.122211,0.003134,0.125345,1.667726,-0.694458,0.017807,0.712265,-2.213525,-0.179998,0.004615,0.184614,-0.457250,-0.207955,0.005332,0.213287,0.570273,-0.997894,0.025587,1.023481,-1.372626,-0.607505,0.015577,0.623082,-0.067769,-0.026115,0.000670,0.026785,-0.013073,-0.454078,0.011643,0.465721,0.265426,3.333514,-6.943004,-0.656652,0.000000,0.000000,0.000000,0.000000,0.000000,0.000000,-2.704528,7.557218,-1.672808,0.000000,0.000000,0.000000,429.878012,316.819286,1
12.880000,3.856097,-0.272831,0.227005,-0.038125,0.000978,0.039103,0.246630,-0.008585,0.000220,0.008805,-0.035528,1.594175,-0.040876,-1.635051,-0.574232,0.006569,-0.000168,-0.006738,0.502516,0.529371,-0.013574,-0.542944,1.387543,-1.456124,0.037337,1.493461,-1.832807,0.184990,-0.004743,-0.189733,-0.614281,0.816665,-0.020940,-0.837605,-0.024025,-2.004995,0.051410,2.056405,-1.011643,0.452419,-0.011600,-0.464019,-0.885958,-0.029941,0.000768,0.030709,-0.016299,-1.049252,0.026904,1.076156,0.550535,3.265839,-6.742520,-0.863719,0.006038,0.002577,-0.001253,0.000000,0.000000,0.000000,-2.333932,6.924318,-1.517436,0.000000,0.000000,0.000000,429.908667,316.805340,1
12.890000,3.856924,-0.273417,0.224052,-0.038125,0.000978,0.039103,0.263168,-0.008585,0.000220,0.008805,-0.035396,1.594175,-0.040876,-1.635051,-0.619962,0.006569,-0.000168,-0.006738,0.502157,0.529371,-0.013574,-0.542944,1.442109,-1.456124,0.037337,1.493461,-1.912243,0.184990,-0.004743,-0.189733,-0.718417,0.816665,-0.020940,-0.837605,-0.038959,-2.004995,0.051410,2.056405,-1.168319,0.452419,-0.011600,-0.464019,-0.931013,-0.029941,0.000768,0.030709,-0.012708,-1.049252,0.026904,1.076156,0.541885,3.286146,-6.855488,-0.943502,0.254439,0.124729,-0.040771,-0.000157,-0.001192,0.000678,-2.437220,7.235658,-1.575018,0.000000,0.000000,0.000000,429.991203,316.766966,1
12.894000,3.875204,-0.273258,0.236184,-0.580086,0.014874,0.594960,0.673538,-0.002804,0.000072,0.002876,-0.036076,0.536473,-0.013756,-0.550228,-0.077968,-0.024649,0.000632,0.025281,0.057534,0.838781,-0.021507,-0.860288,1.218025,-2.013952,0.051640,2.065592,-1.608520,0.396133,-0.010157,-0.406290,-0.583944,1.332344,-0.034163,-1.366507,0.040369,-2.711113,0.069516,2.780629,-0.368332,0.731039,-0.018745,-0.749783,-1.150080,-0.040860,0.001048,0.041908,-0.059461,0.017616,-0.000452,-0.018067,0.411537,3.353941,-6.846133,-0.881622,0.000000,0.000000,0.000000,0.000000,0.000000,0.000000,-2.581807,7.780427,-1.472230,0.000000,0.000000,0.000000,430.019220,316.751306,1
12.904000,3.876854,-0.273719,0.233978,-0.580086,0.014874,0.594960,0.735096,-0.002804,0.000072,0.002876,-0.045880,0.536473,-0.013756,-0.550228,-0.099623,-0.024649,0.000632,0.025281,0.077178,0.838781,-0.021507,-0.860288,1.267087,-2.013952,0.051640,2.065592,-1.717006,0.396133,-0.010157,-0.406290,-0.661711,1.332344,-0.034163,-1.366507,0.005032,-2.711113,0.069516,2.780629,-0.477172,0.731039,-0.018745,-0.749783,-1.203826,-0.040860,0.001048,0.041908,-0.053580,0.017616,-0.000452,-0.018067,0.223394,3.437039,-7.058212,-0.966919,0.000000,0.000000,0.000000,0.000000,0.000000,0.000000,-2.698854,7.978554,-1.442757,0.000000,0.000000,0.000000,430.095644,316.708193,1
12.908000,3.867124,-0.268252,0.227393,-0.377382,0.009676,0.387059,0.813418,0.049728,-0.001275,-0.051003,-0.078123,0.622198,-0.015954,-0.638152,-0.162288,-0.248867,0.006381,0.255249,0.564953,1.108422,-0.028421,-1.136843,1.051672,-2.118827,0.054329,2.173156,-1.241005,0.364705,-0.009351,-0.374057,-0.868143,1.852401,-0.047497,-1.899898,-0.684351,-2.993538,0.076757,3.070296,-0.188230,0.458704,-0.011762,-0.470466,-1.190643,-0.020305,0.000521,0.020825,-0.044172,0.050730,-0.001301,-0.052031,0.180305,3.023159,-6.197577,-0.632780,0.124617,0.103759,-0.002002,-0.557941,-1.481723,0.498661,-2.255803,6.585140,-1.427419,0.000000,0.000000,0.000000,430.124574,316.701277,1
12.918000,3.867778,-0.268664,0.225083,-0.377382,0.009676,0.387059,0.762531,0.049728,-0.001275,-0.051003,-0.206016,0.622198,-0.015954,-0.638152,-0.399451,-0.248867,0.006381,0.255249,0.588432,1.108422,-0.028421,-1.136843,1.144735,-2.118827,0.054329,2.173156,-1.350375,0.364705,-0.009351,-0.374057,-0.916018,1.852401,-0.047497,-1.899898,-0.612751,-2.993538,0.076757,3.070296,-0.427946,0.458704,-0.011762,-0.470466,-1.086790,-0.020305,0.000521,0.020825,-0.029285,0.050730,-0.001301,-0.052031,0.097682,3.263216,-6.269317,-0.509309,0.311202,0.335442,0.039849,-2.874514,-5.167351,0.921796,-2.277468,7.218768,-1.707818,0.000000,0.000000,0.000000,430.207418,316.673010,1
12.924000,3.879737,-0.276317,0.228293,-0.476594,0.012220,0.488815,1.048057,0.112180,-0.002876,-0.115057,0.539701,0.146558,-0.003758,-0.150316,-1.948064,-0.263180,0.006748,0.269928,0.818410,1.138051,-0.029181,-1.167232,1.045318,-2.235479,0.057320,2.292799,-0.737139,0.417362,-0.010702,-0.428063,-0.500938,1.997203,-0.051210,-2.048414,-0.255066,-3.255235,0.083468,3.338703,-0.314272,0.616377,-0.015805,-0.632181,-0.957547,-0.023788,0.000610,0.024398,-0.023088,0.004939,-0.000127,-0.005065,0.102474,3.289156,-4.810007,-0.150557,0.007595,0.005732,-0.000672,-2.321340,-5.077040,1.201047,-1.845625,7.464649,-1.752432,0.000000,0.000000,0.000000,430.245764,316.663084,1
12.934000,3.880649,-0.276853,0.226744,-0.476594,0.012220,0.488815,1.163863,0.112180,-0.002876,-0.115057,0.583186,0.146558,-0.003758,-0.150316,-2.106935,-0.263180,0.006748,0.269928,0.889780,1.138051,-0.029181,-1.167232,1.073807,-2.235479,0.057320,2.292799,-0.752575,0.417362,-0.010702,-0.428063,-0.472098,1.997203,-0.051210,-2.048414,-0.279599,-3.255235,0.083468,3.338703,-0.318310,0.616377,-0.015805,-0.632181,-0.957138,-0.023788,0.000610,0.024398,-0.017711,0.004939,-0.000127,-0.005065,0.061263,3.251060,-4.790797,-0.187823,0.104874,0.078115,-0.010100,-2.177427,-4.921356,1.230442,-1.829040,7.642496,-1.830246,0.000000,0.000000,0.000000,430.311916,316.647046,1
12.942000,3.873918,-0.273982,0.218874,-0.230109,0.005900,0.236009,0.947487,1.365171,-0.035004,-1.400175,-0.064845,-2.289164,0.058697,2.347861,-1.731453,-0.060061,0.001540,0.061601,0.610082,1.215901,-0.031177,-1.247078,0.689083,-2.287830,0.058662,2.346492,-0.493956,0.783107,-0.020080,-0.803186,-1.021770,2.547357,-0.065317,-2.612673,-0.979452,-3.941027,0.101052,4.042079,0.101135,0.970506,-0.024885,-0.995390,-0.802759,-0.030339,0.000778,0.031117,0.358643,-0.084105,0.002157,0.086261,-0.239388,2.593019,-4.166757,-0.120116,2.204663,3.756688,1.285588,-3.537333,-7.360381,1.807746,-1.804702,6.552141,-1.558685,0.000000,0.000000,0.000000,430.400355,316.637817,1
12.952000,3.873854,-0.273876,0.217961,-0.230109,0.005900,0.236009,0.971515,1.365171,-0.035004,-1.400175,-0.102999,-2.289164,0.058697,2.347861,-1.832837,-0.060061,0.001540,0.061601,0.590771,1.215901,-0.031177,-1.247078,0.607345,-2.287830,0.058662,2.346492,-0.443412,0.783107,-0.020080,-0.803186,-0.979136,2.547357,-0.065317,-2.612673,-0.975912,-3.941027,0.101052,4.042079,-0.006590,0.970506,-0.024885,-0.995390,-0.789777,-0.030339,0.000778,0.031117,0.437212,-0.084105,0.002157,0.086261,-0.497553,2.377833,-4.054676,-0.223790,2.184134,3.684157,1.257123,-3.382869,-7.044529,1.735445,-1.710229,6.236194,-1.500553,0.000000,0.000000,0.000000,430.507520,316.621569,1
12.958000,3.879759,-0.269984,0.223810,-0.565071,0.014489,0.579560,1.350241,1.091076,-0.027976,-1.119052,0.132163,-1.928513,0.049449,1.977962,-1.722633,-0.396464,0.010166,0.406630,0.920934,1.259329,-0.032290,-1.291619,0.886842,-2.491466,0.063884,2.555350,-0.308328,0.391336,-0.010034,-0.401370,-0.793701,2.251959,-0.057743,-2.309702,-0.814704,-3.600006,0.092308,3.692314,0.137430,0.787210,-0.020185,-0.807395,-0.853020,-0.010000,0.000256,0.010256,-0.001948,-0.005423,0.000139,0.005562,0.024445,2.796239,-4.000581,0.090585,0.570078,0.633929,0.088221,-2.885707,-5.951811,1.452074,-1.671335,6.607793,-1.701568,0.000000,0.000000,0.000000,430.567773,316.615959,1
12.968000,3.879878,-0.269796,0.222566,-0.565071,0.014489,0.579560,1.449298,1.091076,-0.027976,-1.119052,0.112929,-1.928513,0.049449,1.977962,-1.647773,-0.396464,0.010166,0.406630,0.981237,1.259329,-0.032290,-1.291619,0.906662,-2.491466,0.063884,2.555350,-0.271802,0.391336,-0.010034,-0.401370,-0.731042,2.251959,-0.057743,-2.309702,-0.734649,-3.600006,0.092308,3.692314,0.008032,0.787210,-0.020185,-0.807395,-0.806404,-0.010000,0.000256,0.010256,-0.001748,-0.005423,0.000139,0.005562,0.012918,2.706776,-4.036292,0.013532,1.041401,1.190100,0.184928,-2.650978,-5.761104,1.525212,-1.658411,6.887408,-1.855740,0.000000,0.000000,0.000000,430.659385,316.602547,1
12.976000,3.903229,-0.259650,0.240467,-1.070319,0.027444,1.097763,-0.125525,2.287109,-0.058644,-2.345752,0.907757,-4.674084,0.119848,4.793933,0.617434,-1.055429,0.027062,1.082491,-0.040180,1.585797,-0.040661,-1.626459,0.458908,-3.639110,0.093311,3.732421,1.186049,-0.101228,0.002596,0.103823,-0.646588,2.311147,-0.059260,-2.370407,-1.280927,-4.037655,0.103530,4.141185,2.457373,1.543453,-0.039576,-1.583029,0.045798,0.359464,-0.009217,-0.368681,1.559415,-0.156354,0.004009,0.160364,-0.767331,0.920088,-2.072920,-0.377792,4.053182,7.832431,1.197492,-4.574304,-5.092962,0.318521,0.000000,0.000000,0.000000,0.000000,0.000000,0.000000,430.855339,316.736185,1
12.986000,3.903803,-0.259548,0.240650,-1.070319,0.027444,1.097763,-0.071296,2.287109,-0.058644,-2.345752,0.861756,-4.674084,0.119848,4.793933,0.361276,-1.055429,0.027062,1.082491,-0.016988,1.585797,-0.040661,-1.626459,0.389583,-3.639110,0.093311,3.732421,0.974090,-0.101228,0.002596,0.103823,-0.202394,2.311147,-0.059260,-2.370407,-1.274322,-4.037655,0.103530,4.141185,2.212704,1.543453,-0.039576,-1.583029,0.101554,0.359464,-0.009217,-0.368681,1.409569,-0.156354,0.004009,0.160364,-0.857555,0.857367,-2.550478,-0.638817,3.971560,7.544667,1.093818,-4.533748,-5.106625,0.377922,0.000000,0.000000,0.000000,0.000000,0.000000,0.000000,431.066762,316.875793,1
12.990000,3.893815,-0.262856,0.240379,0.139900,-0.003587,-0.143487,-0.893315,0.005869,-0.000150,-0.006019,0.327105,-4.066793,0.104277,4.171069,1.164534,0.366791,-0.009405,-0.376196,-0.242616,0.805818,-0.020662,-0.826480,-0.396375,-5.709862,0.146407,5.856268,2.992437,-0.023193,0.000595,0.023788,1.874294,0.283629,-0.007273,-0.290901,-0.413976,-1.001137,0.025670,1.026807,0.773580,2.188730,-0.056121,-2.244851,-0.843053,-0.758543,0.019450,0.777992,1.138794,-1.838079,0.047130,1.885209,-0.292428,-0.143597,-0.668072,-0.395806,3.264352,6.269518,1.708315,-3.515654,-3.462097,0.141190,-1.040019,1.057834,0.272390,0.000000,0.000000,0.000000,431.175642,316.980247,1
13.000000,3.893957,-0.262358,0.240241,0.139900,-0.003587,-0.143487,-1.061502,0.005869,-0.000150,-0.006019,0.452190,-4.066793,0.104277,4.171069,0.801807,0.366791,-0.009405,-0.376196,-0.425047,0.805818,-0.020662,-0.826480,-0.446720,-5.709862,0.146407,5.856268,2.767695,-0.023193,0.000595,0.023788,1.189500,0.283629,-0.007273,-0.290901,-0.263099,-1.001137,0.025670,1.026807,0.518468,2.188730,-0.056121,-2.244851,-0.950641,-0.758543,0.019450,0.777992,1.116748,-1.838079,0.047130,1.885209,-0.497392,-0.219885,-1.163567,-0.675130,3.745888,6.718891,1.678493,-3.814142,-4.276318,0.523052,-3.150606,3.923207,0.534345,0.000000,0.000000,0.000000,431.423788,317.209586,1
13.008000,3.892405,-0.262943,0.235044,-0.210894,0.005408,0.216301,-1.053123,0.728067,-0.018668,-0.746735,0.694117,-3.432213,0.088005,3.520219,-0.721491,-0.024879,0.000638,0.025517,-0.369261,1.885948,-0.048358,-1.934306,-0.187090,-5.843177,0.149825,5.993002,1.533613,1.272142,-0.032619,-1.304761,-0.068491,-0.046764,0.001199,0.047963,-0.057193,1.252948,-0.032127,-1.285075,0.299220,1.200925,-0.030793,-1.231717,-0.401927,0.124372,-0.003189,-0.127561,0.055032,-2.427743,0.062250,2.489993,-0.499852,0.000094,-0.001674,-0.000909,3.230488,6.070378,1.232643,-5.044245,-6.374138,0.694585,0.000000,0.000000,0.000000,0.000000,0.000000,0.000000,431.544360,317.251210,1
13.018000,3.892455,-0.262353,0.233507,-0.210894,0.005408,0.216301,-0.977306,0.728067,-0.018668,-0.746735,0.765044,-3.432213,0.088005,3.520219,-0.824785,-0.024879,0.000638,0.025517,-0.234012,1.885948,-0.048358,-1.934306,-0.629460,-5.843177,0.149825,5.993002,2.363444,1.272142,-0.032619,-1.304761,-0.103364,-0.046764,0.001199,0.047963,-0.074820,1.252948,-0.032127,-1.285075,-0.092082,1.200925,-0.030793,-1.231717,-0.286132,0.124372,-0.003189,-0.127561,0.128024,-2.427743,0.062250,2.489993,-0.721018,0.037675,-0.700970,-0.386022,3.610128,6.812469,1.380932,-5.027557,-6.507235,0.818818,0.000000,0.000000,0.000000,0.000000,0.000000,0.000000,431.759307,317.356010,1
13.022000,3.907714,-0.258989,0.240432,0.377258,-0.009673,-0.386932,-1.058705,0.302187,-0.007748,-0.309936,0.795214,-2.475804,0.063482,2.539287,-0.422317,-0.017810,0.000457,0.018267,-0.072070,-0.367800,0.009431,0.377230,0.112415,1.189153,-0.030491,-1.219645,-0.943072,1.829296,-0.046905,-1.876201,-0.476515,0.017201,-0.000441,-0.017642,-0.123693,3.392965,-0.086999,-3.479964,-1.578550,1.172218,-0.030057,-1.202275,-0.085834,0.235911,-0.006049,-0.241960,-0.027727,-2.629245,0.067417,2.696661,-0.318417,0.000000,0.000000,0.000000,3.175973,5.928680,1.481014,-3.886901,-5.071212,0.205700,0.000000,0.000000,0.000000,0.000000,0.000000,0.000000,431.800429,317.379701,1
13.032000,3.908008,-0.258756,0.239127,0.377258,-0.009673,-0.386932,-1.107779,0.302187,-0.007748,-0.309936,0.894438,-2.475804,0.063482,2.539287,-0.634958,-0.017810,0.000457,0.018267,-0.119917,-0.367800,0.009431,0.377230,0.074613,1.189153,-0.030491,-1.219645,-0.682655,1.829296,-0.046905,-1.876201,-0.665056,0.017201,-0.000441,-0.017642,-0.091661,3.392965,-0.086999,-3.479964,-1.568664,1.172218,-0.030057,-1.202275,-0.084780,0.235911,-0.006049,-0.241960,0.016216,-2.629245,0.067417,2.696661,-0.563771,0.000000,0.000000,0.000000,3.360202,6.417005,1.640786,-4.146214,-5.606410,0.351303,0.000000,0.000000,0.000000,0.000000,0.000000,0.000000,431.915584,317.426537,1
13.036000,3.917105,-0.266563,0.241150,-0.014060,0.000361,0.014421,-0.324163,-0.013472,0.000345,0.013818,1.123407,-0.902380,0.023138,0.925518,-1.076913,-0.023123,0.000593,0.023716,-0.027056,0.074312,-0.001905,-0.076217,-0.175457,-0.244348,0.006265,0.250614,-0.055522,0.588095,-0.015079,-0.603175,0.056355,0.289126,-0.007413,-0.296539,-0.141533,2.035189,-0.052184,-2.087374,-0.352133,0.125197,-0.003210,-0.128407,0.160241,-0.457116,0.011721,0.468837,0.728516,-0.436285,0.011187,0.447472,-1.037735,0.000000,0.000000,0.000000,2.985057,6.244632,1.626493,-3.688103,-4.848159,0.084933,0.000000,0.000000,0.000000,0.000000,0.000000,0.000000,431.926314,317.424988,1
13.046000,3.917819,-0.266799,0.238965,-0.014060,0.000361,0.014421,-0.333700,-0.013472,0.000345,0.013818,1.235143,-0.902380,0.023138,0.925518,-1.407592,-0.023123,0.000593,0.023716,-0.063179,0.074312,-0.001905,-0.076217,-0.149651,-0.244348,0.006265,0.250614,-0.002857,0.588095,-0.015079,-0.603175,0.014105,0.289126,-0.007413,-0.296539,-0.138763,2.035189,-0.052184,-2.087374,-0.625934,0.125197,-0.003210,-0.128407,0.192833,-0.457116,0.011721,0.468837,0.745921,-0.436285,0.011187,0.447472,-1.298631,0.000000,0.000000,0.000000,3.239770,6.623296,1.692349,-3.959111,-5.457143,0.247174,0.000000,0.000000,0.000000,0.000000,0.000000,0.000000,431.962814,317.423005,1
13.054000,3.929556,-0.263223,0.238984,0.214915,-0.005511,-0.220426,-0.569544,-0.184040,0.004719,0.188759,1.527631,-0.863216,0.022134,0.885350,-1.382540,-0.185374,0.004753,0.190127,-0.215760,0.018337,-0.000470,-0.018807,-0.140900,0.530783,-0.013610,-0.544393,-0.030066,0.333371,-0.008548,-0.341919,0.250250,0.087339,-0.002239,-0.089578,-0.056797,0.739396,-0.018959,-0.758354,-0.028417,0.322435,-0.008268,-0.330702,0.384653,-0.531252,0.013622,0.544874,0.679701,-0.514389,0.013189,0.527579,-1.311133,0.000000,0.000000,0.000000,3.198009,6.536936,1.471057,-3.816476,-5.546817,0.474164,0.000000,0.000000,0.000000,0.000000,0.000000,0.000000,431.986810,317.412288,1
13.064000,3.930680,-0.263085,0.236197,0.214915,-0.005511,-0.220426,-0.580693,-0.184040,0.004719,0.188759,1.637412,-0.863216,0.022134,0.885350,-1.661376,-0.185374,0.004753,0.190127,-0.177501,0.018337,-0.000470,-0.018807,-0.112183,0.530783,-0.013610,-0.544393,-0.088557,0.333371,-0.008548,-0.341919,0.225555,0.087339,-0.002239,-0.089578,-0.064703,0.739396,-0.018959,-0.758354,-0.112444,0.322435,-0.008268,-0.330702,0.435265,-0.531252,0.013622,0.544874,0.675034,-0.514389,0.013189,0.527579,-1.530572,0.000000,0.000000,0.000000,3.328283,6.804915,1.526730,-4.000684,-5.982725,0.622914,0.000000,0.000000,0.000000,0.000000,0.000000,0.000000,432.021605,317.396419,1
13.068000,3.934054,-0.263654,0.238461,0.145722,-0.003736,-0.149459,-0.230478,-0.255619,0.006554,0.262173,1.333617,-1.097019,0.028129,1.125148,-1.581362,-1.097224,0.028134,1.125357,0.097320,-0.164368,0.004215,0.168582,-0.095616,2.830278,-0.072571,-2.902849,-0.927817,0.252164,-0.006466,-0.258629,0.156079,0.080713,-0.002070,-0.082783,-0.045207,1.216865,-0.031202,-1.248067,-0.361389,0.327989,-0.008410,-0.336399,0.361952,-0.570435,0.014627,0.585062,0.677899,-0.988922,0.025357,1.014279,-1.237475,0.000000,0.000000,0.000000,3.510480,6.787783,1.241467,-3.869079,-6.102157,0.878537,0.000000,0.000000,0.000000,0.000000,0.000000,0.000000,432.050608,317.399721,1
13.078000,3.935149,-0.263532,0.235870,0.145722,-0.003736,-0.149459,-0.253258,-0.255619,0.006554,0.262173,1.424948,-1.097019,0.028129,1.125148,-1.822933,-1.097224,0.028134,1.125357,0.176048,-0.164368,0.004215,0.168582,-0.066232,2.830278,-0.072571,-2.902849,-1.131666,0.252164,-0.006466,-0.258629,0.180329,0.080713,-0.002070,-0.082783,-0.056317,1.216865,-0.031202,-1.248067,-0.398170,0.327989,-0.008410,-0.336399,0.407725,-0.570435,0.014627,0.585062,0.677449,-0.988922,0.025357,1.014279,-1.444162,0.000000,0.000000,0.000000,3.643138,7.083777,1.300098,-4.063152,-6.447635,0.978988,0.000000,0.000000,0.000000,0.000000,0.000000,0.000000,432.135642,317.410539,1
13.082000,3.947126,-0.261897,0.239467,0.040700,-0.001044,-0.041743,-0.189425,-0.241090,0.006182,0.247271,1.415552,-0.781836,0.020047,0.801883,-1.770109,-0.855023,0.021924,0.876946,0.063384,-0.164903,0.004228,0.169131,-0.059927,2.633911,-0.067536,-2.701447,-1.021376,0.182101,-0.004669,-0.186770,0.357852,0.029066,-0.000745,-0.029811,-0.029712,-0.000031,0.000001,0.000032,0.059952,0.198642,-0.005093,-0.203735,0.359574,-0.315557,0.008091,0.323648,0.645202,-1.072646,0.027504,1.100150,-1.175461,0.000000,0.000000,0.000000,3.632175,6.959369,1.287918,-4.197905,-5.934888,0.983054,0.000000,0.000000,0.000000,0.000000,0.000000,0.000000,432.160623,317.412617,1
13.092000,3.948606,-0.261594,0.236774,0.040700,-0.001044,-0.041743,-0.213210,-0.241090,0.006182,0.247271,1.502045,-0.781836,0.020047,0.801883,-1.977980,-0.855023,0.021924,0.876946,0.091684,-0.164903,0.004228,0.169131,-0.039527,2.633911,-0.067536,-2.701447,-1.119606,0.182101,-0.004669,-0.186770,0.353952,0.029066,-0.000745,-0.029811,-0.035706,-0.000031,0.000001,0.000032,0.037713,0.198642,-0.005093,-0.203735,0.408680,-0.315557,0.008091,0.323648,0.646114,-1.072646,0.027504,1.100150,-1.372290,0.000000,0.000000,0.000000,3.783981,7.250246,1.322131,-4.367861,-6.211810,1.092614,0.000000,0.000000,0.000000,0.000000,0.000000,0.000000,432.230097,317.417053,1
13.096000,3.955479,-0.284828,0.244542,-0.112653,0.002889,0.115542,0.111967,-0.429123,0.011003,0.440126,1.336868,-0.015313,0.000393,0.015706,-1.745140,0.410417,-0.010524,-0.420940,-0.236970,-0.006850,0.000176,0.007025,-0.069447,-0.168088,0.004310,0.172398,-0.109581,-0.741624,0.019016,0.760640,0.562828,-0.061175,0.001569,0.062744,0.169428,-3.943624,0.101119,4.044743,1.733098,-0.075750,0.001942,0.077692,0.385963,-0.028174,0.000722,0.028897,0.436101,-0.961704,0.024659,0.986363,-0.472376,0.000000,0.000000,0.000000,3.042288,5.225687,1.805774,-3.148188,-5.370545,-0.295704,-0.767010,0.147944,0.420868,0.000000,0.000000,0.000000,432.264917,317.447771,1
13.106000,3.953454,-0.271888,0.233215,0.026256,-0.000673,-0.026929,-0.336427,-0.057485,0.001474,0.058959,1.569893,-0.699762,0.017943,0.717704,-1.883515,-0.254080,0.006515,0.260595,-0.139608,-0.010810,0.000277,0.011087,-0.046435,0.190880,-0.004894,-0.195775,0.223160,0.318950,-0.008178,-0.327128,0.374463,-0.005551,0.000142,0.005694,-0.019996,0.565215,-0.014493,-0.579708,0.146189,0.179441,-0.004601,-0.184042,0.533628,-0.297930,0.007639,0.305569,0.550082,-0.595177,0.015261,0.610438,-1.319661,0.000000,0.000000,0.000000,3.492797,6.335631,1.771442,-4.178635,-6.068410,0.065795,0.000000,0.000000,0.000000,0.000000,0.000000,0.000000,432.293049,317.425033,1
13.110000,3.964469,-0.258397,0.231976,-0.031762,0.000814,0.032576,-0.275272,0.105883,-0.002715,-0.108598,1.549828,-0.638990,0.016384,0.655375,-2.046666,-0.991968,0.025435,1.017403,0.069529,-0.071219,0.001826,0.073045,-0.069023,2.754480,-0.070628,-2.825108,-0.797588,0.676441,-0.017345,-0.693786,0.218588,-0.017283,0.000443,0.017726,-0.021416,0.607567,-0.015579,-0.623145,0.149425,0.195942,-0.005024,-0.200967,0.457666,-0.035077,0.000899,0.035976,0.471750,-0.834992,0.021410,0.856402,-1.212221,0.000000,0.000000,0.000000,3.362880,6.892791,1.461957,-4.168754,-6.188216,0.731754,0.000000,0.000000,0.000000,0.000000,0.000000,0.000000,432.314009,317.422801,1
13.120000,3.965783,-0.258044,0.228927,-0.031762,0.000814,0.032576,-0.282326,0.105883,-0.002715,-0.108598,1.630687,-0.638990,0.016384,0.655375,-2.235262,-0.991968,0.025435,1.017403,0.128994,-0.071219,0.001826,0.073045,-0.062555,2.754480,-0.070628,-2.825108,-1.045774,0.676441,-0.017345,-0.693786,0.130686,-0.017283,0.000443,0.017726,-0.027136,0.607567,-0.015579,-0.623145,0.013918,0.195942,-0.005024,-0.200967,0.522193,-0.035077,0.000899,0.035976,0.484082,-0.834992,0.021410,0.856402,-1.427307,0.000000,0.000000,0.000000,3.519974,7.226758,1.522844,-4.284718,-6.405644,0.822607,0.000000,0.000000,0.000000,0.000000,0.000000,0.000000,432.375869,317.423003,1
13.126000,3.962250,-0.262264,0.227901,-0.133894,0.003433,0.137328,-0.189949,0.400368,-0.010266,-0.410634,1.498210,-1.369816,0.035123,1.404939,-2.390294,-1.655383,0.042446,1.697829,0.145152,-0.120341,0.003086,0.123426,-0.083035,5.416836,-0.138893,-5.555729,-1.516961,0.990918,-0.025408,-1.016327,0.059085,-0.014024,0.000360,0.014384,-0.048113,2.263867,-0.058048,-2.321915,-0.306273,-0.010709,0.000275,0.010984,0.635781,0.367406,-0.009421,-0.376827,0.256285,-1.748510,0.044834,1.793344,-1.414163,0.000000,0.000000,0.000000,3.956307,7.666067,1.658683,-4.720892,-7.346750,1.030431,0.000000,0.000000,0.000000,0.000000,0.000000,0.000000,432.472442,317.439138,1
13.136000,3.963038,-0.261958,0.224633,-0.133894,0.003433,0.137328,-0.167963,0.400368,-0.010266,-0.410634,1.523486,-1.369816,0.035123,1.404939,-2.493107,-1.655383,0.042446,1.697829,0.341865,-0.120341,0.003086,0.123426,-0.089559,5.416836,-0.138893,-5.555729,-2.100314,0.990918,-0.025408,-1.016327,-0.012195,-0.014024,0.000360,0.014384,-0.056301,2.263867,-0.058048,-2.321915,-0.643179,-0.010709,0.000275,0.010984,0.745510,0.367406,-0.009421,-0.376827,0.210732,-1.748510,0.044834,1.793344,-1.558260,0.000000,0.000000,0.000000,4.059832,7.752766,1.631258,-4.738432,-7.363146,1.066341,0.000000,0.000000,0.000000,0.000000,0.000000,0.000000,432.680445,317.506399,1
13.140000,3.984790,-0.249331,0.230148,-0.013699,0.000351,0.014050,-0.225832,0.453010,-0.011616,-0.464626,1.267111,-1.782103,0.045695,1.827798,-1.791561,-0.136421,0.003498,0.139919,-0.174962,-0.023164,0.000594,0.023758,-0.037451,3.068587,-0.078682,-3.147269,-1.219277,-0.652952,0.016742,0.669694,1.125543,-0.044564,0.001143,0.045707,-0.022394,-1.631877,0.041843,1.673720,0.941013,-0.364777,0.009353,0.374130,0.693372,0.986280,-0.025289,-1.011569,-0.056684,-2.653778,0.068046,2.721824,-0.659673,-0.039780,-0.090107,-0.076920,3.718962,7.162946,0.847226,-4.419745,-6.036109,1.306700,0.000000,0.000000,0.000000,0.000000,0.000000,0.000000,432.729130,317.509577,1
13.150000,3.986671,-0.248266,0.227451,-0.013699,0.000351,0.014050,-0.226204,0.453010,-0.011616,-0.464626,1.306083,-1.782103,0.045695,1.827798,-1.831495,-0.136421,0.003498,0.139919,-0.175884,-0.023164,0.000594,0.023758,-0.036069,3.068587,-0.078682,-3.147269,-1.345883,-0.652952,0.016742,0.669694,1.180292,-0.044564,0.001143,0.045707,-0.022373,-1.631877,0.041843,1.673720,0.882892,-0.364777,0.009353,0.374130,0.780182,0.986280,-0.025289,-1.011569,-0.043876,-2.653778,0.068046,2.721824,-0.812727,-0.162549,-0.456078,-0.357058,3.899738,7.656739,0.901188,-4.483641,-6.088082,1.376104,0.000000,0.000000,0.000000,0.000000,0.000000,0.000000,432.859495,317.516018,1
13.156000,3.979880,-0.262280,0.223517,-0.205637,0.005273,0.210910,-0.107385,0.930514,-0.023859,-0.954373,1.274767,-2.088204,0.053544,2.141747,-1.696061,-0.534476,0.013705,0.548180,-0.063681,-0.026659,0.000684,0.027343,-0.052872,2.742812,-0.070329,-2.813141,-1.061130,-0.261141,0.006696,0.267837,0.972444,-0.025123,0.000644,0.025767,-0.045393,-0.035267,0.000904,0.036171,0.259589,-0.588806,0.015098,0.603903,1.231778,1.398318,-0.035854,-1.434172,-0.413139,-2.820897,0.072331,2.893228,-0.668446,-0.059755,-0.449962,-0.295422,3.494183,6.696772,1.360556,-4.257471,-6.377055,0.873278,0.002871,0.032340,-0.019095,0.000000,0.000000,0.000000,432.928103,317.502506,1
13.166000,3.980770,-0.261996,0.220737,-0.205637,0.005273,0.210910,-0.095089,0.930514,-0.023859,-0.954373,1.327999,-2.088204,0.053544,2.141747,-1.754956,-0.534476,0.013705,0.548180,-0.025735,-0.026659,0.000684,0.027343,-0.060558,2.742812,-0.070329,-2.813141,-1.236016,-0.261141,0.006696,0.267837,0.948522,-0.025123,0.000644,0.025767,-0.036593,-0.035267,0.000904,0.036171,0.143862,-0.588806,0.015098,0.603903,1.328789,1.398318,-0.035854,-1.434172,-0.391437,-2.820897,0.072331,2.893228,-0.850526,-0.148228,-1.097461,-0.744828,3.637215,7.127853,1.494225,-4.288172,-6.444967,0.924554,0.018540,0.122823,-0.078167,0.000000,0.000000,0.000000,433.054341,317.478272,1
13.170000,3.983168,-0.255911,0.222693,-0.170391,0.004369,0.174760,-0.364772,1.003929,-0.025742,-1.029670,1.022751,-2.200341,0.056419,2.256760,-1.159424,-0.069853,0.001791,0.071644,-0.642114,0.074695,-0.001915,-0.076610,0.505363,1.824799,-0.046790,-1.871589,-2.503757,-0.483401,0.012395,0.495796,1.025428,-0.032854,0.000842,0.033696,-0.044100,0.012661,-0.000325,-0.012986,0.188852,-0.655972,0.016820,0.672792,0.948401,1.637905,-0.041998,-1.679902,-0.472085,-3.131187,0.080287,3.211474,-0.395717,1.083343,-4.422192,-1.047717,3.044266,6.741229,1.416501,-4.015118,-4.780097,0.397837,0.000000,0.000000,0.000000,0.000000,0.000000,0.000000,433.101214,317.484403,1
13.180000,3.983891,-0.255471,0.220730,-0.170391,0.004369,0.174760,-0.392945,1.003929,-0.025742,-1.029670,1.026876,-2.200341,0.056419,2.256760,-1.086878,-0.069853,0.001791,0.071644,-0.727478,0.074695,-0.001915,-0.076610,0.561186,1.824799,-0.046790,-1.871589,-2.667495,-0.483401,0.012395,0.495796,0.999940,-0.032854,0.000842,0.033696,-0.034813,0.012661,-0.000325,-0.012986,0.106340,-0.655972,0.016820,0.672792,0.957451,1.637905,-0.041998,-1.679902,-0.407132,-3.131187,0.080287,3.211474,-0.531528,0.948045,-4.332096,-1.135778,3.120634,7.134653,1.558234,-3.949477,-4.694869,0.406547,0.000000,0.000000,0.000000,0.000000,0.000000,0.000000,433.223213,317.498731,1
13.188000,3.988744,-0.262155,0.220929,-0.079556,0.002040,0.081596,-0.311938,0.988266,-0.025340,-1.013607,1.045126,-2.235650,0.057324,2.292974,-1.062403,-0.167995,0.004308,0.172303,-0.646727,0.411390,-0.010548,-0.421939,0.330635,0.848880,-0.021766,-0.870646,-2.450459,-0.474310,0.012162,0.486471,0.946017,-0.034869,0.000894,0.035763,-0.013880,-0.007639,0.000196,0.007834,0.056902,-0.629554,0.016142,0.645696,1.244621,1.761175,-0.045158,-1.806334,-0.608138,-3.346305,0.085803,3.432108,-0.410294,1.358277,-5.476099,-1.404740,3.112989,6.598556,1.406630,-3.883306,-4.729217,0.321733,-0.030061,0.169056,-0.077289,0.000000,0.000000,0.000000,433.300627,317.493258,1
13.198000,3.989210,-0.262010,0.218990,-0.079556,0.002040,0.081596,-0.377034,0.988266,-0.025340,-1.013607,1.061959,-2.235650,0.057324,2.292974,-0.999307,-0.167995,0.004308,0.172303,-0.771129,0.411390,-0.010548,-0.421939,0.389170,0.848880,-0.021766,-0.870646,-2.592838,-0.474310,0.012162,0.486471,0.895124,-0.034869,0.000894,0.035763,-0.011632,-0.007639,0.000196,0.007834,0.035979,-0.629554,0.016142,0.645696,1.200177,1.761175,-0.045158,-1.806334,-0.549289,-3.346305,0.085803,3.432108,-0.494068,1.158555,-5.199408,-1.470355,3.136104,6.924910,1.573638,-3.783922,-4.619331,0.328838,-0.074117,0.369709,-0.165830,0.000000,0.000000,0.000000,433.399147,317.483943,1
13.206000,3.995734,-0.282968,0.225837,0.119313,-0.003059,-0.122372,-0.280590,0.940069,-0.024104,-0.964173,0.817599,-2.545536,0.065270,2.610807,-0.551639,0.034307,-0.000880,-0.035186,-0.431882,1.335119,-0.034234,-1.369353,0.312815,-2.032628,0.052119,2.084747,-1.658409,-1.011577,0.025938,1.037515,0.869491,-0.049621,0.001272,0.050894,0.447954,-0.158563,0.004066,0.162629,-0.131120,-0.658724,0.016890,0.675614,1.113996,2.124340,-0.054470,-2.178810,-0.882658,-4.100629,0.105144,4.205774,0.534976,2.555415,-7.566217,-1.923909,2.557931,4.624759,1.014884,-3.166615,-3.911699,0.061418,-1.670287,5.338201,-1.818310,0.000000,0.000000,0.000000,433.495434,317.482061,1
13.216000,3.996001,-0.284098,0.225415,0.119313,-0.003059,-0.122372,-0.268169,0.940069,-0.024104,-0.964173,0.718266,-2.545536,0.065270,2.610807,-0.451792,0.034307,-0.000880,-0.035186,-0.468085,1.335119,-0.034234,-1.369353,0.350393,-2.032628,0.052119,2.084747,-1.809504,-1.011577,0.025938,1.037515,0.823569,-0.049621,0.001272,0.050894,0.643303,-0.158563,0.004066,0.162629,-0.507856,-0.658724,0.016890,0.675614,1.026665,2.124340,-0.054470,-2.178810,-0.849541,-4.100629,0.105144,4.205774,0.473332,2.301928,-6.843259,-1.649736,2.471296,4.370459,0.940091,-2.729586,-3.700746,0.203928,-1.669792,5.235730,-1.747102,0.000000,0.000000,0.000000,433.612220,317.474711,1
13.222000,4.002720,-0.274074,0.217041,1.511395,-0.038754,-1.550149,-1.372901,2.619707,-0.067172,-2.686879,-1.502459,-6.054103,0.155233,6.209337,1.893199,1.711444,-0.043883,-1.755327,-1.227251,1.865104,-0.047823,-1.912928,-0.444459,-4.196270,0.107597,4.303866,-1.064665,-3.642044,0.093386,3.735430,0.360372,-0.013087,0.000336,0.013422,-0.031884,-0.405718,0.010403,0.416121,-0.661131,0.265506,-0.006808,-0.272314,-0.325391,1.826594,-0.046836,-1.873430,-1.702846,-3.435954,0.088101,3.524056,1.524940,3.087825,-6.480586,-0.519862,1.064994,0.596996,-0.513345,-5.341553,-7.324421,0.921355,-2.113383,1.219655,0.787525,0.000000,0.000000,0.000000,433.826910,317.631108,1
13.232000,4.002618,-0.275312,0.216773,1.511395,-0.038754,-1.550149,-1.143339,2.619707,-0.067172,-2.686879,-0.385545,-6.054103,0.155233,6.209337,0.614901,1.711444,-0.043883,-1.755327,-0.995831,1.865104,-0.047823,-1.912928,-0.415580,-4.196270,0.107597,4.303866,-0.649801,-3.642044,0.093386,3.735430,0.900789,-0.013087,0.000336,0.013422,-0.001594,-0.405718,0.010403,0.416121,-0.407221,0.265506,-0.006808,-0.272314,-0.043011,1.826594,-0.046836,-1.873430,-1.321288,-3.435954,0.088101,3.524056,1.203075,3.189894,-5.131150,0.253223,2.343257,3.062830,-0.007024,-4.493396,-7.830981,1.753738,-5.980490,5.128946,1.509095,0.000000,0.000000,0.000000,434.049181,317.794056,1
13.242000,4.004741,-0.275527,0.254711,1.692272,-0.043392,-1.735664,-3.576329,2.471054,-0.063360,-2.534414,-0.604173,-5.233984,0.134205,5.368189,0.840472,1.858693,-0.047659,-1.906352,0.020845,1.931793,-0.049533,-1.981326,-0.495543,-3.659253,0.093827,3.753080,0.485841,-3.174311,0.081393,3.255704,1.868054,0.016463,-0.000422,-0.016885,0.054664,-1.059707,0.027172,1.086879,0.295264,0.581861,-0.014920,-0.596780,0.296072,2.131738,-0.054660,-2.186398,-0.141348,-3.462565,0.088784,3.551348,1.593389,3.408062,-4.154312,0.880600,0.000000,0.000000,0.000000,0.000000,0.000000,0.000000,-4.116470,3.639930,0.820289,0.000000,0.000000,0.000000,434.325615,318.066143,1
13.252000,4.006881,-0.277907,0.264272,1.702128,-0.043644,-1.745772,-3.744446,2.500927,-0.064126,-2.565054,-0.705878,-6.092839,0.156227,6.249065,2.265190,1.899881,-0.048715,-1.948596,0.049172,1.851782,-0.047482,-1.899263,-0.648365,-4.067340,0.104291,4.171630,0.858188,-3.573388,0.091625,3.665014,2.641898,0.007727,-0.000198,-0.007925,-0.016702,-1.558869,0.039971,1.598840,0.573330,0.350802,-0.008995,-0.359797,0.521975,1.868453,-0.047909,-1.916362,-0.348518,-3.477081,0.089156,3.566236,1.704142,3.226246,-3.754451,1.049188,0.000000,0.000000,0.000000,0.000000,0.000000,0.000000,-1.771435,1.246038,0.493436,0.000000,0.000000,0.000000,434.775041,318.509897,1
13.258000,4.012079,-0.277867,0.261450,-3.949500,0.101269,4.050769,1.741427,0.604518,-0.015500,-0.620019,-0.673162,-14.852359,0.380830,15.233189,7.171954,5.748810,-0.147405,-5.896215,-3.897702,1.557279,-0.039930,-1.597209,-0.668105,-0.609925,0.015639,0.625564,0.277901,2.954149,-0.075747,-3.029896,-2.117468,1.671711,-0.042864,-1.714575,0.270945,-1.603842,0.041124,1.644966,-0.197069,-2.250372,0.057702,2.308074,2.377356,-2.465649,0.063222,2.528871,1.245684,10.255277,-0.262956,-10.518233,-5.554426,1.193701,-0.632530,0.717078,0.000000,0.000000,0.000000,0.000000,0.000000,0.000000,-1.125895,9.464453,-3.167543,0.000000,0.000000,0.000000,436.066303,319.791694,1
13.268000,4.011845,-0.277574,0.261075,-3.949500,0.101269,4.050769,2.232266,0.604518,-0.015500,-0.620019,-0.646404,-14.852359,0.380830,15.233189,7.303268,5.748810,-0.147405,-5.896215,-3.986425,1.557279,-0.039930,-1.597209,-0.700935,-0.609925,0.015639,0.625564,0.143351,2.954149,-0.075747,-3.029896,-2.121567,1.671711,-0.042864,-1.714575,0.341088,-1.603842,0.041124,1.644966,-0.571334,-2.250372,0.057702,2.308074,2.202315,-2.465649,0.063222,2.528871,1.058414,10.255277,-0.262956,-10.518233,-5.285378,1.636721,-0.977497,0.975221,0.000000,0.000000,0.000000,0.000000,0.000000,0.000000,-1.150512,8.942711,-2.946886,0.000000,0.000000,0.000000,438.233449,321.928347,1
13.272000,4.022578,-0.279175,0.246549,-0.446675,0.011453,0.458128,0.395530,0.490557,-0.012578,-0.503135,-0.292137,-0.230372,0.005907,0.236279,0.603509,0.437005,-0.011205,-0.448211,0.168224,-0.621737,0.015942,0.637679,0.674147,-1.387014,0.035564,1.422578,-0.447811,-0.999258,0.025622,1.024880,0.079506,-0.963469,0.024704,0.988173,0.814747,-0.965170,0.024748,0.989918,-0.882321,1.515347,-0.038855,-1.554202,-1.130681,1.231657,-0.031581,-1.263238,-1.078805,-6.684844,0.171406,6.856250,2.684398,2.634150,-4.984537,-0.057634,0.000000,0.000000,0.000000,0.000000,0.000000,0.000000,-2.463434,6.350696,-1.322783,0.000000,0.000000,0.000000,438.333041,322.015252,1
13.282000,4.023213,-0.279422,0.244811,-0.446675,0.011453,0.458128,0.462005,0.490557,-0.012578,-0.503135,-0.261247,-0.230372,0.005907,0.236279,0.331882,0.437005,-0.011205,-0.448211,0.163236,-0.621737,0.015942,0.637679,0.813764,-1.387014,0.035564,1.422578,-0.829674,-0.999258,0.025622,1.024880,0.031917,-0.963469,0.024704,0.988173,0.832657,-0.965170,0.024748,0.989918,-1.151238,1.515347,-0.038855,-1.554202,-1.341691,1.231657,-0.031581,-1.263238,-0.924017,-6.684844,0.171406,6.856250,3.044517,2.940657,-5.825002,-0.192003,0.000000,0.000000,0.000000,0.000000,0.000000,0.000000,-2.767306,6.835080,-1.347966,0.000000,0.000000,0.000000,438.616197,322.250546,1
13.286000,4.029240,-0.277752,0.243899,0.976866,-0.025048,-1.001913,-0.153000,0.214051,-0.005488,-0.219540,-0.162771,1.705164,-0.043722,-1.748886,-0.713501,0.407203,-0.010441,-0.417644,0.355699,-0.424362,0.010881,0.435243,1.233888,-1.438340,0.036881,1.475220,-1.200138,-0.568997,0.014590,0.583586,0.039826,-0.849327,0.021778,0.871104,0.985622,-1.108381,0.028420,1.136801,-1.223758,-0.732513,0.018782,0.751296,-0.440823,0.879754,-0.022558,-0.902312,-0.515500,0.588589,-0.015092,-0.603681,0.372259,3.277397,-6.606386,-0.056883,0.000000,0.000000,0.000000,0.000000,0.000000,0.000000,-2.409053,7.688695,-1.990983,0.000000,0.000000,0.000000,438.644944,322.248365,1
13.296000,4.030260,-0.277808,0.241745,0.976866,-0.025048,-1.001913,-0.198888,0.214051,-0.005488,-0.219540,-0.174700,1.705164,-0.043722,-1.748886,-0.718934,0.407203,-0.010441,-0.417644,0.354466,-0.424362,0.010881,0.435243,1.332639,-1.438340,0.036881,1.475220,-1.498283,-0.568997,0.014590,0.583586,-0.015758,-0.849327,0.021778,0.871104,0.972714,-1.108381,0.028420,1.136801,-1.415661,-0.732513,0.018782,0.751296,-0.265780,0.879754,-0.022558,-0.902312,-0.491287,0.588589,-0.015092,-0.603681,0.117431,3.440060,-7.136666,-0.162611,0.000000,0.000000,0.000000,0.000000,0.000000,0.000000,-2.672287,7.916326,-1.927078,0.000000,0.000000,0.000000,438.721075,322.239547,1
13.300000,4.044290,-0.287019,0.241365,0.825545,-0.021168,-0.846712,-0.108507,0.053475,-0.001371,-0.054847,-0.079498,1.774244,-0.045493,-1.819738,-0.735787,0.533998,-0.013692,-0.547690,0.399507,-0.232713,0.005967,0.238680,1.307031,-1.220413,0.031293,1.251706,-1.173686,-0.095461,0.002448,0.097909,-0.199681,-0.456776,0.011712,0.468488,0.773629,-1.246754,0.031968,1.278722,-1.071833,-0.854375,0.021907,0.876282,-0.096587,0.540862,-0.013868,-0.554730,-0.300261,1.533047,-0.039309,-1.572355,-0.262847,3.473497,-6.045398,-0.279057,0.000000,0.000000,0.000000,0.000000,0.000000,0.000000,-2.359185,7.558066,-1.635656,0.000000,0.000000,0.000000,438.744483,322.237654,1
13.310000,4.045730,-0.287532,0.239128,0.825545,-0.021168,-0.846712,-0.153663,0.053475,-0.001371,-0.054847,-0.086118,1.774244,-0.045493,-1.819738,-0.755830,0.533998,-0.013692,-0.547690,0.374898,-0.232713,0.005967,0.238680,1.406802,-1.220413,0.031293,1.251706,-1.462299,-0.095461,0.002448,0.097909,-0.280403,-0.456776,0.011712,0.468488,0.764441,-1.246754,0.031968,1.278722,-1.278932,-0.854375,0.021907,0.876282,-0.016378,0.540862,-0.013868,-0.554730,-0.301690,1.533047,-0.039309,-1.572355,-0.435425,3.590484,-6.537443,-0.467008,0.000000,0.000000,0.000000,0.000000,0.000000,0.000000,-2.515255,7.855557,-1.637796,0.000000,0.000000,0.000000,438.812174,322.231086,1
13.314000,4.040788,-0.283686,0.234335,0.924363,-0.023702,-0.948065,-0.223076,0.028090,-0.000720,-0.028810,-0.068047,1.995971,-0.051179,-2.047150,-0.809805,0.398228,-0.010211,-0.408439,0.245279,-0.019693,0.000505,0.020198,1.302915,-1.052418,0.026985,1.079403,-1.717013,-0.143581,0.003682,0.147263,-0.392910,-0.206585,0.005297,0.211882,0.555350,-1.106250,0.028365,1.134616,-1.354235,-0.511696,0.013120,0.524816,0.003044,0.319313,-0.008188,-0.327501,-0.219050,0.753390,-0.019318,-0.772708,-0.168534,3.369831,-6.688757,-0.387908,0.000000,0.000000,0.000000,0.000000,0.000000,0.000000,-2.626551,7.461672,-1.730646,0.000000,0.000000,0.000000,438.835241,322.225770,1
13.324000,4.041711,-0.284082,0.233144,1.374769,-0.035250,-1.410019,-0.366267,0.045133,-0.001157,-0.046290,-0.070470,3.373177,-0.086492,-3.459669,-1.275551,0.390022,-0.010001,-0.400023,0.191998,0.031083,-0.000797,-0.031880,1.373210,-1.132097,0.029028,1.161125,-2.031126,-0.150280,0.003853,0.154133,-0.490214,-0.099758,0.002558,0.102316,0.477193,-1.313743,0.033686,1.347429,-1.469701,-0.524366,0.013445,0.537812,-0.063865,0.238438,-0.006114,-0.244551,-0.149992,0.777305,-0.019931,-0.797236,-0.084956,3.515844,-7.272447,-0.713185,0.000000,0.000000,0.000000,0.000000,0.000000,0.000000,-2.873941,7.869099,-1.603036,0.000000,0.000000,0.000000,438.931792,322.230937,1
13.328000,4.050754,-0.281745,0.237993,0.619220,-0.015877,-0.635097,-0.001443,0.020359,-0.000522,-0.020881,-0.032741,1.757928,-0.045075,-1.803003,-0.678147,0.471603,-0.012092,-0.483695,0.028049,-0.151100,0.003874,0.154974,1.279049,-0.898066,0.023027,0.921093,-1.742776,0.087172,-0.002235,-0.089407,-0.504906,-0.190430,0.004883,0.195313,0.494798,-1.265622,0.032452,1.298074,-1.070566,-0.411923,0.010562,0.422485,-0.011396,0.095584,-0.002451,-0.098035,-0.068516,0.586896,-0.015049,-0.601945,-0.046590,3.024589,-6.607036,-0.266881,0.000000,0.000000,0.000000,0.000000,0.000000,0.000000,-2.518561,7.062277,-1.745331,0.000000,0.000000,0.000000,438.950241,322.225280,1
13.338000,4.051685,-0.281605,0.235438,0.619220,-0.015877,-0.635097,0.001298,0.020359,-0.000522,-0.020881,-0.045508,1.757928,-0.045075,-1.803003,-0.712303,0.471603,-0.012092,-0.483695,0.026881,-0.151100,0.003874,0.154974,1.360529,-0.898066,0.023027,0.921093,-1.971312,0.087172,-0.002235,-0.089407,-0.569684,-0.190430,0.004883,0.195313,0.493107,-1.265622,0.032452,1.298074,-1.274775,-0.411923,0.010562,0.422485,-0.031509,0.095584,-0.002451,-0.098035,-0.067437,0.586896,-0.015049,-0.601945,-0.081036,3.187292,-6.988924,-0.306239,0.000000,0.000000,0.000000,0.000000,0.000000,0.000000,-2.654593,7.361134,-1.808908,0.000000,0.000000,0.000000,439.002205,322.207291,1
13.342000,4.065877,-0.292937,0.235178,0.651839,-0.016714,-0.668553,-0.026026,0.006673,-0.000171,-0.006844,-0.036285,1.727209,-0.044287,-1.771496,-0.652258,0.302485,-0.007756,-0.310241,0.261265,-0.160035,0.004103,0.164138,1.476412,-0.916108,0.023490,0.939598,-1.691820,-0.026724,0.000685,0.027409,-0.446596,-0.314228,0.008057,0.322285,0.617235,-1.108664,0.028427,1.137092,-1.189793,-0.452953,0.011614,0.464567,-0.115267,0.042700,-0.001095,-0.043795,-0.022480,0.729221,-0.018698,-0.747919,-0.099943,3.420423,-6.293938,-0.701534,0.000000,0.000000,0.000000,0.000000,0.000000,0.000000,-2.606758,7.439337,-1.305740,0.000000,0.000000,0.000000,439.021323,322.201694,1
13.352000,4.067290,-0.293896,0.232182,0.704169,-0.018056,-0.722224,-0.057829,0.006999,-0.000179,-0.007179,-0.045198,1.930510,-0.049500,-1.980010,-0.794972,0.269612,-0.006913,-0.276525,0.308969,-0.158443,0.004063,0.162505,1.571710,-0.915766,0.023481,0.939247,-1.897417,-0.056221,0.001442,0.057662,-0.480768,-0.305505,0.007833,0.313339,0.615624,-1.116881,0.028638,1.145519,-1.387865,-0.442645,0.011350,0.453995,-0.142836,0.015310,-0.000393,-0.015702,-0.025256,0.615077,-0.015771,-0.630848,-0.084709,3.525654,-6.603358,-0.839442,0.000000,0.000000,0.000000,0.000146,-0.000461,0.000393,-2.706262,7.759225,-1.340276,0.000000,0.000000,0.000000,439.078006,322.187377,1
13.356000,4.060497,-0.284995,0.230584,1.679193,-0.043056,-1.722249,-0.183454,0.000273,-0.000007,-0.000280,-0.078699,4.000476,-0.102576,-4.103053,-0.917372,0.150936,-0.003870,-0.154806,0.411108,0.148499,-0.003808,-0.152307,1.541787,-1.258443,0.032268,1.290710,-2.140705,-0.187258,0.004801,0.192060,-0.337680,-0.273059,0.007002,0.280060,0.543368,-1.047115,0.026849,1.073964,-1.483510,-0.698174,0.017902,0.716076,-0.083342,0.020435,-0.000524,-0.020959,-0.042297,2.770257,-0.071032,-2.841290,-0.374717,3.552777,-7.545447,-0.732700,0.000000,0.000000,0.000000,0.000000,0.000000,0.000000,-2.754896,7.614662,-1.789637,0.000000,0.000000,0.000000,439.118314,322.189451,1
13.366000,4.060652,-0.279890,0.230063,0.536665,-0.013761,-0.550426,-0.002344,-0.005538,0.000142,0.005680,-0.035376,1.577094,-0.040438,-1.617532,-0.554977,0.277092,-0.007105,-0.284197,0.052923,-0.088599,0.002272,0.090871,1.456758,-0.700248,0.017955,0.718203,-2.184310,-0.001637,0.000042,0.001679,-0.716457,-0.142339,0.003650,0.145989,0.402207,-1.066384,0.027343,1.093727,-1.431370,-0.639318,0.016393,0.655711,0.002403,0.001150,-0.000029,-0.001179,-0.015451,0.215323,-0.005521,-0.220844,0.051948,3.233913,-7.099399,-0.325725,0.000000,0.000000,0.000000,0.000000,0.000000,0.000000,-2.751831,7.131350,-1.864154,0.000000,0.000000,0.000000,439.160853,322.168745,1
13.370000,4.074125,-0.285772,0.234572,0.079584,-0.002041,-0.081625,0.088805,-0.001673,0.000043,0.001716,-0.032841,1.159124,-0.029721,-1.188845,-0.369974,0.005979,-0.000153,-0.006132,0.167151,0.118206,-0.003031,-0.121237,1.425562,-1.682788,0.043148,1.725937,-1.854281,0.052821,-0.001354,-0.054176,-0.476633,0.073814,-0.001893,-0.075707,0.447771,-1.774288,0.045495,1.819782,-1.028894,0.484666,-0.012427,-0.497093,-0.630243,-0.004390,0.000113,0.004503,-0.016567,0.058516,-0.001500,-0.060017,0.053543,3.333605,-7.294136,-0.605540,0.000000,0.000000,0.000000,0.000000,0.000000,0.000000,-2.769709,7.516308,-1.829153,0.000000,0.000000,0.000000,439.185133,322.150697,1
13.380000,4.075223,-0.285792,0.231942,0.079584,-0.002041,-0.081625,0.133869,-0.001673,0.000043,0.001716,-0.043383,1.159124,-0.029721,-1.188845,-0.404505,0.005979,-0.000153,-0.006132,0.163156,0.118206,-0.003031,-0.121237,1.475876,-1.682788,0.043148,1.725937,-1.975586,0.052821,-0.001354,-0.054176,-0.573434,0.073814,-0.001893,-0.075707,0.422598,-1.774288,0.045495,1.819782,-1.177598,0.484666,-0.012427,-0.497093,-0.750190,-0.004390,0.000113,0.004503,-0.014909,0.058516,-0.001500,-0.060017,0.034319,3.392634,-7.477040,-0.663138,0.000000,0.000000,0.000000,0.000000,0.000000,0.000000,-2.864382,7.681119,-1.846478,0.000000,0.000000,0.000000,439.251759,322.101768,1
13.384000,4.078170,-0.292856,0.227212,0.686504,-0.017603,-0.704107,0.000287,0.004755,-0.000122,-0.004877,-0.052635,2.927858,-0.075073,-3.002932,-0.998701,0.010263,-0.000263,-0.010526,0.313522,0.604424,-0.015498,-0.619922,1.389919,-1.889051,0.048437,1.937489,-1.940559,0.151149,-0.003876,-0.155025,-0.686336,0.713673,-0.018299,-0.731973,0.057004,-2.170375,0.055651,2.226025,-1.047013,0.139672,-0.003581,-0.143253,-0.794529,-0.010185,0.000261,0.010446,-0.032559,0.400892,-0.010279,-0.411172,0.160982,3.431663,-7.367305,-1.115759,0.000000,0.000000,0.000000,0.000000,0.000000,0.000000,-2.681805,7.768776,-1.572999,0.000000,0.000000,0.000000,439.292893,322.086390,1
13.394000,4.079157,-0.293536,0.224307,0.686504,-0.017603,-0.704107,-0.007354,0.004755,-0.000122,-0.004877,-0.049360,2.927858,-0.075073,-3.002932,-1.180715,0.010263,-0.000263,-0.010526,0.340603,0.604424,-0.015498,-0.619922,1.431613,-1.889051,0.048437,1.937489,-2.013668,0.151149,-0.003876,-0.155025,-0.766193,0.713673,-0.018299,-0.731973,0.023344,-2.170375,0.055651,2.226025,-1.179616,0.139672,-0.003581,-0.143253,-0.787170,-0.010185,0.000261,0.010446,-0.027119,0.400892,-0.010279,-0.411172,0.074672,3.479365,-7.428562,-1.158062,0.000000,0.000000,0.000000,0.003848,-0.029805,0.022804,-2.733335,7.793822,-1.524663,0.000000,0.000000,0.000000,439.405383,322.049551,1
13.398000,4.093414,-0.298980,0.227332,0.340401,-0.008728,-0.349129,0.018964,0.012473,-0.000320,-0.012793,-0.086799,1.570168,-0.040261,-1.610428,-0.729696,0.716870,-0.018381,-0.735251,0.034808,1.450803,-0.037200,-1.488003,1.105840,-1.865229,0.047826,1.913055,-1.589852,1.122672,-0.028786,-1.151459,-1.162687,2.227425,-0.057113,-2.284539,-0.631654,-3.080328,0.078983,3.159311,-0.273891,0.188050,-0.004822,-0.192872,-1.257271,-0.013430,0.000344,0.013774,-0.079357,0.554506,-0.014218,-0.568725,0.316711,3.483181,-6.245255,-1.020013,0.000000,0.000000,0.000000,-0.130414,-1.006151,0.503478,-2.221889,7.400969,-1.486633,0.000000,0.000000,0.000000,439.445248,322.043291,1
13.408000,4.094779,-0.299966,0.224852,0.340401,-0.008728,-0.349129,0.018008,0.012473,-0.000320,-0.012793,-0.159178,1.570168,-0.040261,-1.610428,-0.845005,0.716870,-0.018381,-0.735251,0.013647,1.450803,-0.037200,-1.488003,1.163773,-1.865229,0.047826,1.913055,-1.630828,1.122672,-0.028786,-1.151459,-1.267539,2.227425,-0.057113,-2.284539,-0.582124,-3.080328,0.078983,3.159311,-0.471515,0.188050,-0.004822,-0.192872,-1.153280,-0.013430,0.000344,0.013774,-0.064424,0.554506,-0.014218,-0.568725,0.109077,3.867517,-6.180248,-0.780963,0.000000,0.000000,0.000000,-2.262140,-5.589689,1.443617,-2.312891,8.033079,-1.656632,0.000000,0.000000,0.000000,439.553200,322.022833,1
13.414000,4.080335,-0.296030,0.217976,0.125991,-0.003231,-0.129221,0.058187,0.146518,-0.003757,-0.150275,-0.343439,-0.061813,0.001585,0.063398,-0.307079,0.750839,-0.019252,-0.770091,0.191580,1.470014,-0.037693,-1.507706,0.763294,-1.963896,0.050356,2.014252,-1.259533,1.347658,-0.034555,-1.382213,-1.408215,2.583028,-0.066231,-2.649259,-1.092197,-3.616715,0.092736,3.709451,-0.258842,0.652551,-0.016732,-0.669283,-1.340860,-0.020449,0.000524,0.020973,-0.063087,-0.312925,0.008024,0.320948,0.397603,3.542072,-5.539536,-0.096658,0.077743,0.220833,0.125952,-3.185313,-7.500917,2.101531,-1.929879,6.985773,-1.842493,0.000000,0.000000,0.000000,439.617642,322.029390,1
13.424000,4.084177,-0.293929,0.220282,0.127781,-0.003276,-0.131058,0.042075,0.127816,-0.003277,-0.131093,-0.368346,-0.036567,0.000938,0.037505,-0.325442,0.735426,-0.018857,-0.754283,0.027544,1.388312,-0.035598,-1.423910,0.870199,-1.986492,0.050936,2.037428,-1.349806,1.328692,-0.034069,-1.362761,-1.551157,2.484016,-0.063693,-2.547709,-0.968078,-3.615216,0.092698,3.707913,-0.362664,0.639784,-0.016405,-0.656189,-1.336369,-0.021362,0.000548,0.021910,-0.045155,-0.286569,0.007348,0.293917,0.212565,3.584490,-5.896953,-0.253944,0.013761,0.315308,0.207845,-3.681725,-7.432862,1.638602,-2.071630,7.497242,-1.968124,0.000000,0.000000,0.000000,439.727056,322.031334,1
13.430000,4.099296,-0.296866,0.225765,0.034632,-0.000888,-0.035520,0.854096,0.432099,-0.011079,-0.443179,0.538052,0.134902,-0.003459,-0.138361,-2.250734,0.055684,-0.001428,-0.057112,0.538106,1.299239,-0.033314,-1.332552,0.987310,-2.222526,0.056988,2.279514,-0.607157,0.739529,-0.018962,-0.758491,-0.849459,2.302675,-0.059043,-2.361718,-0.373944,-3.552773,0.091097,3.643870,-0.319000,0.389855,-0.009996,-0.399851,-0.895727,-0.016223,0.000416,0.016639,-0.010840,0.034399,-0.000882,-0.035281,0.105794,3.278986,-4.456297,-0.207683,0.029847,0.038309,0.006828,-2.311565,-5.655619,1.611155,-1.860478,7.652091,-1.765197,0.000000,0.000000,0.000000,439.765231,322.019524,1
13.440000,4.099517,-0.296802,0.223740,0.062092,-0.001592,-0.063684,0.937575,0.485653,-0.012453,-0.498105,0.576721,0.133213,-0.003416,-0.136628,-2.638903,0.082913,-0.002126,-0.085039,0.548180,1.352903,-0.034690,-1.387593,1.036650,-2.215157,0.056799,2.271956,-0.736042,0.762761,-0.019558,-0.782319,-0.911256,2.348178,-0.060210,-2.408388,-0.480897,-3.533507,0.090603,3.624109,-0.343852,0.399558,-0.010245,-0.409803,-0.852290,-0.016116,0.000413,0.016529,-0.008276,0.055106,-0.001413,-0.056519,0.054826,3.292961,-4.577263,-0.252559,0.070075,0.106162,0.027418,-2.532793,-6.161500,1.802930,-1.831959,7.713729,-1.836952,0.000000,0.000000,0.000000,439.838577,321.997796,1
13.446000,4.112062,-0.293605,0.230365,-0.141592,0.003631,0.145222,0.788573,1.317455,-0.033781,-1.351235,0.386863,-2.414984,0.061923,2.476907,-1.515658,-0.166939,0.004280,0.171219,0.619122,1.097656,-0.028145,-1.125801,0.799962,-2.459304,0.063059,2.522363,-0.444675,0.611824,-0.015688,-0.627511,-0.642805,2.306524,-0.059142,-2.365666,-0.699581,-4.106665,0.105299,4.211964,0.578690,0.799121,-0.020490,-0.819612,-0.752369,-0.035301,0.000905,0.036206,0.005683,-0.072446,0.001858,0.074304,0.077242,3.089849,-3.874208,0.074185,0.000000,0.000000,0.000000,-3.201879,-6.990981,1.774406,-1.700010,6.656036,-1.529814,0.000000,0.000000,0.000000,439.908405,321.992034,1
13.456000,4.113146,-0.293571,0.229818,-0.141592,0.003631,0.145222,0.913645,1.317455,-0.033781,-1.351235,0.470460,-2.414984,0.061923,2.476907,-1.655549,-0.166939,0.004280,0.171219,0.703690,1.097656,-0.028145,-1.125801,0.810714,-2.459304,0.063059,2.522363,-0.344982,0.611824,-0.015688,-0.627511,-0.545378,2.306524,-0.059142,-2.365666,-0.552691,-4.106665,0.105299,4.211964,0.417939,0.799121,-0.020490,-0.819612,-0.803212,-0.035301,0.000905,0.036206,-0.007480,-0.072446,0.001858,0.074304,0.050360,3.028538,-3.776186,0.075162,0.000000,0.000000,0.000000,-2.835237,-6.424379,1.698068,-1.693165,7.088442,-1.727504,0.000000,0.000000,0.000000,440.016853,321.970092,1
13.464000,4.103083,-0.287625,0.230749,-0.614039,0.015745,0.629784,1.175596,1.431371,-0.036702,-1.468073,0.290985,-4.187436,0.107370,4.294806,-0.747610,-0.577141,0.014798,0.591939,1.108602,0.679190,-0.017415,-0.696606,0.421731,-3.456911,0.088639,3.545550,0.164559,0.598671,-0.015351,-0.614021,-0.505824,1.771066,-0.045412,-1.816478,-1.078563,-4.218910,0.108177,4.327087,2.437638,2.497366,-0.064035,-2.561401,-0.036366,-0.009353,0.000240,0.009593,0.945392,-0.024630,0.000632,0.025261,-1.109920,1.825395,-4.725309,-0.949017,6.094593,9.812425,2.132159,-4.603274,-6.746062,0.507082,0.000000,0.000000,0.000000,0.000000,0.000000,0.000000,440.167731,322.057613,1
13.474000,4.102170,-0.287331,0.229244,-0.614039,0.015745,0.629784,0.588473,1.431371,-0.036702,-1.468073,0.287619,-4.187436,0.107370,4.294806,-0.790807,-0.577141,0.014798,0.591939,0.520793,0.679190,-0.017415,-0.696606,0.506537,-3.456911,0.088639,3.545550,0.012747,0.598671,-0.015351,-0.614021,-0.512621,1.771066,-0.045412,-1.816478,-0.983546,-4.218910,0.108177,4.327087,2.236348,2.497366,-0.064035,-2.561401,-0.333768,-0.009353,0.000240,0.009593,1.235360,-0.024630,0.000632,0.025261,-1.641529,1.112250,-4.760637,-1.496781,5.376145,9.339122,2.306833,-4.659165,-6.692986,0.412516,-0.197560,0.062324,0.160436,0.000000,0.000000,0.000000,440.343551,322.149174,1
13.480000,4.112958,-0.282217,0.251685,-1.555689,0.039889,1.595578,-0.530700,1.454348,-0.037291,-1.491639,0.158333,-4.729805,0.121277,4.851082,0.306127,-1.543566,0.039579,1.583145,2.798221,0.065971,-0.001692,-0.067663,0.248654,-3.067647,0.078658,3.146305,0.526923,6.225054,-0.159617,-6.384671,-4.463305,-2.183456,0.055986,2.239442,0.739927,9.412698,-0.241351,-9.654050,-4.542914,0.726933,-0.018639,-0.745573,-1.088510,0.364714,-0.009352,-0.374065,0.798920,-2.755538,0.070655,2.826193,-0.232703,0.000000,0.000000,0.000000,2.594022,8.298058,2.605260,-4.792885,-5.175936,-1.492511,0.000000,0.000000,0.000000,0.000000,0.000000,0.000000,440.850263,322.631211,1
13.490000,4.112442,-0.282239,0.252347,-1.555689,0.039889,1.595578,-0.406895,1.454348,-0.037291,-1.491639,0.152670,-4.729805,0.121277,4.851082,0.172068,-1.543566,0.039579,1.583145,2.383773,0.065971,-0.001692,-0.067663,0.060684,-3.067647,0.078658,3.146305,1.068717,6.225054,-0.159617,-6.384671,-4.743235,-2.183456,0.055986,2.239442,0.713225,9.412698,-0.241351,-9.654050,-4.569362,0.726933,-0.018639,-0.745573,-0.935247,0.364714,-0.009352,-0.374065,0.782286,-2.755538,0.070655,2.826193,-0.439293,0.000000,0.000000,0.000000,2.974270,8.563123,2.528363,-5.017642,-6.054097,-1.309768,0.000000,0.000000,0.000000,0.000000,0.000000,0.000000,441.721039,323.453683,1
13.496000,4.111668,-0.285722,0.235248,-0.106615,0.002734,0.109349,-0.017391,-0.417614,0.010708,0.428322,0.615620,-2.477412,0.063523,2.540936,-0.881982,-0.595284,0.015264,0.610547,-0.542652,-0.171193,0.004390,0.175582,-0.054094,-0.877451,0.022499,0.899950,1.163483,0.768642,-0.019709,-0.788350,0.098514,0.517132,-0.013260,-0.530392,-0.599747,1.675052,-0.042950,-1.718002,-1.020999,0.880682,-0.022582,-0.903264,-0.010500,-0.857123,0.021978,0.879100,0.778219,-1.211707,0.031069,1.242776,-1.373425,0.000000,0.000000,0.000000,3.727118,5.995721,1.555086,-3.667761,-6.290790,0.435419,0.000000,0.000000,0.000000,0.000000,0.000000,0.000000,441.771708,323.451933,1
13.506000,4.111303,-0.286077,0.233551,-0.106615,0.002734,0.109349,-0.036177,-0.417614,0.010708,0.428322,0.686394,-2.477412,0.063523,2.540936,-1.079720,-0.595284,0.015264,0.610547,-0.341883,-0.171193,0.004390,0.175582,-0.066020,-0.877451,0.022499,0.899950,0.766778,0.768642,-0.019709,-0.788350,0.014690,0.517132,-0.013260,-0.530392,-0.485003,1.675052,-0.042950,-1.718002,-0.849386,0.880682,-0.022582,-0.903264,0.034985,-0.857123,0.021978,0.879100,0.730396,-1.211707,0.031069,1.242776,-1.459471,0.000000,0.000000,0.000000,3.859275,6.180444,1.619105,-3.944465,-6.693995,0.414688,0.000000,0.000000,0.000000,0.000000,0.000000,0.000000,441.853382,323.437112,1
13.510000,4.140146,-0.279187,0.243629,0.305853,-0.007842,-0.313696,-0.708126,-0.730214,0.018723,0.748938,1.179736,-0.946313,0.024264,0.970577,-0.520456,-1.294636,0.033196,1.327832,0.743593,-0.094599,0.002426,0.097024,-0.079526,3.561796,-0.091328,-3.653125,-2.734683,0.056183,-0.001441,-0.057623,0.365172,0.071138,-0.001824,-0.072962,-0.298097,0.677980,-0.017384,-0.695364,-0.179022,0.319234,-0.008185,-0.327419,0.118033,-0.735206,0.018851,0.754057,0.464919,-1.312167,0.033645,1.345813,-0.425727,0.000000,0.000000,0.000000,2.533977,5.529830,0.927841,-3.094767,-3.669563,0.468691,0.000000,0.000000,0.000000,0.000000,0.000000,0.000000,441.908284,323.482850,1
13.520000,4.142365,-0.278532,0.242032,0.305853,-0.007842,-0.313696,-0.764770,-0.730214,0.018723,0.748938,1.338280,-0.946313,0.024264,0.970577,-0.800290,-1.294636,0.033196,1.327832,0.787185,-0.094599,0.002426,0.097024,-0.105114,3.561796,-0.091328,-3.653125,-2.170809,0.056183,-0.001441,-0.057623,0.325400,0.071138,-0.001824,-0.072962,-0.188353,0.677980,-0.017384,-0.695364,-0.193778,0.319234,-0.008185,-0.327419,0.116320,-0.735206,0.018851,0.754057,0.570315,-1.312167,0.033645,1.345813,-0.749050,0.000000,0.000000,0.000000,2.803437,6.239821,1.047718,-3.368278,-4.312676,0.764600,0.000000,0.000000,0.000000,0.000000,0.000000,0.000000,442.034765,323.572293,1
13.524000,4.132754,-0.282202,0.236568,-0.717228,0.018390,0.735619,-0.069739,0.307105,-0.007874,-0.314980,1.011369,-0.644309,0.016521,0.660830,-1.315842,-0.635741,0.016301,0.652042,0.141555,-0.130789,0.003354,0.134142,-0.066914,2.239627,-0.057426,-2.297053,-0.961662,0.386449,-0.009909,-0.396357,0.089931,-0.268749,0.006891,0.275640,-0.026628,0.220739,-0.005660,-0.226399,-0.105996,-0.668609,0.017144,0.685752,0.650172,0.568020,-0.014565,-0.582584,0.144567,-1.466904,0.037613,1.504517,-0.808022,0.000000,0.000000,0.000000,2.775335,6.547246,1.709466,-3.534776,-4.762598,0.480122,0.000000,0.000000,0.000000,0.000000,0.000000,0.000000,442.056215,323.573013,1
13.534000,4.133635,-0.281959,0.233852,-0.707096,0.018131,0.725227,-0.050096,0.312713,-0.008018,-0.320731,1.117764,-0.611427,0.015678,0.627104,-1.588450,-0.622968,0.015974,0.638942,0.134867,-0.130533,0.003347,0.133880,-0.038424,2.283550,-0.058553,-2.342103,-1.029724,0.339976,-0.008717,-0.348694,0.189683,-0.270809,0.006944,0.277753,-0.008008,0.205816,-0.005277,-0.211093,-0.044814,-0.662981,0.017000,0.679980,0.755073,0.594224,-0.015237,-0.609461,0.136623,-1.463674,0.037530,1.501204,-1.037243,0.000000,0.000000,0.000000,2.984239,6.915360,1.798435,-3.832821,-5.233251,0.578704,0.000000,0.000000,0.000000,0.000000,0.000000,0.000000,442.117471,323.572172,1
13.538000,4.142311,-0.279454,0.237346,-0.448545,0.011501,0.460046,-0.034820,0.071638,-0.001837,-0.073474,0.936416,-0.616011,0.015795,0.631806,-1.282785,-0.662577,0.016989,0.679566,0.049120,-0.076055,0.001950,0.078005,-0.076430,3.012511,-0.077244,-3.089755,-1.300126,0.107401,-0.002754,-0.110154,0.618783,-0.183692,0.004710,0.188402,-0.007699,-0.006603,0.000169,0.006773,0.033897,-0.314676,0.008069,0.322745,0.537785,0.313408,-0.008036,-0.321444,0.214390,-1.522912,0.039049,1.561961,-0.732417,0.000000,0.000000,0.000000,2.929936,6.203812,1.798915,-3.560786,-5.108998,0.189619,0.000000,0.000000,0.000000,0.000000,0.000000,0.000000,442.143103,323.580334,1
13.548000,4.143025,-0.279588,0.235175,-0.448545,0.011501,0.460046,-0.032602,0.071638,-0.001837,-0.073474,1.056961,-0.616011,0.015795,0.631806,-1.619323,-0.662577,0.016989,0.679566,0.056263,-0.076055,0.001950,0.078005,-0.045693,3.012511,-0.077244,-3.089755,-1.360897,0.107401,-0.002754,-0.110154,0.544896,-0.183692,0.004710,0.188402,-0.005555,-0.006603,0.000169,0.006773,0.023629,-0.314676,0.008069,0.322745,0.604447,0.313408,-0.008036,-0.321444,0.214192,-1.522912,0.039049,1.561961,-0.960210,0.000000,0.000000,0.000000,3.161252,6.605928,1.900086,-3.832964,-5.663060,0.310544,0.000000,0.000000,0.000000,0.000000,0.000000,0.000000,442.214977,323.597226,1
13.552000,4.167141,-0.272411,0.247576,-0.221775,0.005687,0.227462,-0.033408,-0.185748,0.004763,0.190511,0.948755,-0.358100,0.009182,0.367282,-1.398298,-0.359236,0.009211,0.368448,0.016570,-0.000030,0.000001,0.000031,-0.085512,1.849770,-0.047430,-1.897200,-0.757589,0.239768,-0.006148,-0.245916,0.721604,-0.423405,0.010857,0.434261,0.006300,-0.095623,0.002452,0.098075,0.124680,-0.096758,0.002481,0.099239,-0.194549,0.061000,-0.001564,-0.062564,0.538602,-1.214448,0.031140,1.245588,-0.391766,0.000000,0.000000,0.000000,2.598009,6.361274,1.777840,-3.486125,-4.983930,0.426746,0.000000,0.000000,0.000000,0.000000,0.000000,0.000000,442.226492,323.598824,1
13.562000,4.168830,-0.272226,0.245842,-0.221775,0.005687,0.227462,0.002156,-0.185748,0.004763,0.190511,1.064923,-0.358100,0.009182,0.367282,-1.726841,-0.359236,0.009211,0.368448,0.007808,-0.000030,0.000001,0.000031,-0.065457,1.849770,-0.047430,-1.897200,-0.793318,0.239768,-0.006148,-0.245916,0.603496,-0.423405,0.010857,0.434261,-0.001066,-0.095623,0.002452,0.098075,0.082234,-0.096758,0.002481,0.099239,-0.119899,0.061000,-0.001564,-0.062564,0.595476,-1.214448,0.031140,1.245588,-0.697044,0.000000,0.000000,0.000000,3.010843,6.983906,1.831311,-3.791064,-5.515288,0.541850,0.000000,0.000000,0.000000,0.000000,0.000000,0.000000,442.260691,323.599013,1
13.564000,4.163816,-0.280859,0.240695,0.055007,-0.001410,-0.056417,-0.487763,-0.005220,0.000134,0.005353,1.560443,-0.683656,0.017530,0.701186,-1.677602,-0.670952,0.017204,0.688156,0.021235,-0.005705,0.000146,0.005851,-0.054008,1.666600,-0.042733,-1.709333,-0.479336,0.642996,-0.016487,-0.659483,0.332523,0.024895,-0.000638,-0.025533,-0.025482,0.086950,-0.002229,-0.089180,0.047826,0.209268,-0.005366,-0.214634,0.184728,-0.203081,0.005207,0.208288,0.646709,-0.678951,0.017409,0.696360,-0.951511,0.000000,0.000000,0.000000,3.220519,6.885444,1.458829,-4.211239,-5.601925,0.536697,0.000000,0.000000,0.000000,0.000000,0.000000,0.000000,442.266906,323.596819,1
13.574000,4.165447,-0.280673,0.238066,0.055007,-0.001410,-0.056417,-0.472052,-0.005220,0.000134,0.005353,1.658085,-0.683656,0.017530,0.701186,-1.908282,-0.670952,0.017204,0.688156,0.031343,-0.005705,0.000146,0.005851,-0.044882,1.666600,-0.042733,-1.709333,-0.607032,0.642996,-0.016487,-0.659483,0.209538,0.024895,-0.000638,-0.025533,-0.045796,0.086950,-0.002229,-0.089180,0.026240,0.209268,-0.005366,-0.214634,0.255844,-0.203081,0.005207,0.208288,0.694076,-0.678951,0.017409,0.696360,-1.217445,0.000000,0.000000,0.000000,3.435833,7.304539,1.519698,-4.359850,-5.941075,0.680150,0.000000,0.000000,0.000000,0.000000,0.000000,0.000000,442.303126,323.585408,1
13.580000,4.160650,-0.282482,0.234179,-0.274310,0.007034,0.281344,-0.224156,0.173498,-0.004449,-0.177947,1.463323,-0.888098,0.022772,0.910870,-1.930985,-1.076349,0.027599,1.103947,0.170433,-0.009309,0.000239,0.009548,-0.045185,2.493215,-0.063929,-2.557143,-0.845509,0.665399,-0.017062,-0.682460,0.175040,0.390119,-0.010003,-0.400123,-0.114140,0.242564,-0.006220,-0.248784,0.002587,-0.069620,0.001785,0.071406,0.532559,-0.073898,0.001895,0.075793,0.543634,-0.889808,0.022816,0.912624,-1.385825,0.000000,0.000000,0.000000,3.406167,7.218023,1.714604,-4.343592,-6.325959,0.612494,0.000000,0.000000,0.000000,0.000000,0.000000,0.000000,442.338782,323.579453,1
13.590000,4.161538,-0.282347,0.231206,-0.274310,0.007034,0.281344,-0.194041,0.173498,-0.004449,-0.177947,1.521300,-0.888098,0.022772,0.910870,-2.116468,-1.076349,0.027599,1.103947,0.246268,-0.009309,0.000239,0.009548,-0.043277,2.493215,-0.063929,-2.557143,-0.998981,0.665399,-0.017062,-0.682460,0.116878,0.390119,-0.010003,-0.400123,-0.175852,0.242564,-0.006220,-0.248784,-0.005831,-0.069620,0.001785,0.071406,0.635976,-0.073898,0.001895,0.075793,0.523464,-0.889808,0.022816,0.912624,-1.580845,0.000000,0.000000,0.000000,3.531669,7.386066,1.724436,-4.435403,-6.552756,0.710575,0.000000,0.000000,0.000000,0.000000,0.000000,0.000000,442.406376,323.571526,1
13.594000,4.175917,-0.285191,0.235570,-0.112764,0.002891,0.115656,-0.211872,0.496169,-0.012722,-0.508891,1.451974,-0.843790,0.021636,0.865425,-1.948628,-1.537666,0.039427,1.577093,0.000759,-0.008253,0.000212,0.008464,-0.045694,4.023854,-0.103176,-4.127029,-0.461912,0.138104,-0.003541,-0.141645,0.473326,0.378759,-0.009712,-0.388471,0.186799,0.316979,-0.008128,-0.325106,0.116784,0.015979,-0.000410,-0.016388,0.390472,0.438559,-0.011245,-0.449805,0.479395,-1.060430,0.027191,1.087620,-1.185220,0.000000,0.000000,0.000000,3.519734,7.446925,1.725275,-4.158247,-6.381143,0.744214,0.000000,0.000000,0.000000,0.000000,0.000000,0.000000,442.430561,323.562601,1
13.604000,4.198669,-0.274675,0.247080,0.197210,-0.005057,-0.202266,-0.360925,-0.914248,0.023442,0.937691,1.591153,-0.469011,0.012026,0.481037,-1.613239,0.069405,-0.001780,-0.071184,-0.219969,-0.022844,0.000586,0.023430,-0.023557,0.761848,-0.019535,-0.781382,-0.289487,-0.139418,0.003575,0.142993,0.548352,-1.632657,0.041863,1.674520,0.624882,-0.596088,0.015284,0.611372,0.278465,0.440554,-0.011296,-0.451850,0.105420,-1.091680,0.027992,1.119671,0.853028,-0.645879,0.016561,0.662439,-0.950362,0.000000,0.000000,0.000000,3.153055,6.380886,1.030505,-3.641749,-5.509576,0.607633,0.000000,0.000000,0.000000,0.000000,0.000000,0.000000,442.485669,323.588633,1
13.608000,4.191666,-0.274248,0.226661,0.087909,-0.002254,-0.090163,-0.460957,-0.185149,0.004747,0.189896,1.548664,-0.300256,0.007699,0.307955,-1.819646,-0.137591,0.003528,0.141119,-0.120078,-0.211827,0.005431,0.217259,-0.014050,0.981349,-0.025163,-1.006512,-0.360520,-0.176085,0.004515,0.180600,0.294194,-0.881060,0.022591,0.903651,0.283821,-0.239066,0.006130,0.245195,0.281215,0.206960,-0.005307,-0.212267,0.658999,-0.159732,0.004096,0.163828,0.400358,-0.640135,0.016414,0.656549,-1.193761,-0.109755,-0.335764,-0.259812,3.466212,6.141312,1.370901,-3.986331,-5.304423,0.724832,0.000000,0.000000,0.000000,0.000000,0.000000,0.000000,442.496256,323.587188,1
13.618000,4.193001,-0.273786,0.223451,0.087909,-0.002254,-0.090163,-0.485365,-0.185149,0.004747,0.189896,1.642818,-0.300256,0.007699,0.307955,-2.012468,-0.137591,0.003528,0.141119,-0.161750,-0.211827,0.005431,0.217259,-0.017587,0.981349,-0.025163,-1.006512,-0.423118,-0.176085,0.004515,0.180600,0.399401,-0.881060,0.022591,0.903651,0.275112,-0.239066,0.006130,0.245195,0.187224,0.206960,-0.005307,-0.212267,0.736190,-0.159732,0.004096,0.163828,0.417874,-0.640135,0.016414,0.656549,-1.414883,-0.296165,-1.079554,-0.826750,3.641240,6.577368,1.501221,-4.142089,-5.532346,0.813094,0.000000,0.000000,0.000000,0.000000,0.000000,0.000000,442.525739,323.582039,1
13.622000,4.195881,-0.279873,0.231535,0.089126,-0.002285,-0.091411,-0.166516,0.591735,-0.015173,-0.606908,1.536254,-1.221581,0.031323,1.252903,-2.138569,-0.555611,0.014246,0.569857,-0.005566,-0.090329,0.002316,0.092645,-0.072511,3.434726,-0.088070,-3.522795,-1.222436,-0.195003,0.005000,0.200003,0.683406,-0.183236,0.004698,0.187934,0.119890,-0.149361,0.003830,0.153190,0.262246,-0.093485,0.002397,0.095883,0.731209,0.905130,-0.023208,-0.928338,0.093413,-1.788969,0.045871,1.834840,-0.896855,0.000000,0.000000,0.000000,3.480817,7.102311,1.626492,-4.202725,-6.773053,0.790417,0.000000,0.000000,0.000000,0.000000,0.000000,0.000000,442.565519,323.578987,1
13.632000,4.197099,-0.279772,0.228662,0.089126,-0.002285,-0.091411,-0.162639,0.591735,-0.015173,-0.606908,1.580177,-1.221581,0.031323,1.252903,-2.256829,-0.555611,0.014246,0.569857,-0.001981,-0.090329,0.002316,0.092645,-0.058224,3.434726,-0.088070,-3.522795,-1.429763,-0.195003,0.005000,0.200003,0.723210,-0.183236,0.004698,0.187934,0.042228,-0.149361,0.003830,0.153190,0.174599,-0.093485,0.002397,0.095883,0.825111,0.905130,-0.023208,-0.928338,0.056761,-1.788969,0.045871,1.834840,-1.040893,0.000000,0.000000,0.000000,3.591072,7.307550,1.660059,-4.246985,-6.876344,0.850633,0.000000,0.000000,0.000000,0.000000,0.000000,0.000000,442.676177,323.574531,1
13.636000,4.197378,-0.277623,0.228654,0.171393,-0.004395,-0.175788,-0.205888,0.799704,-0.020505,-0.820209,1.243369,-1.851483,0.047474,1.898957,-1.850405,-0.127351,0.003265,0.130617,-0.134908,0.001100,-0.000028,-0.001129,-0.058955,3.239061,-0.083053,-3.322113,-1.108640,-0.482972,0.012384,0.495356,1.059878,-0.136841,0.003509,0.140350,0.018191,-0.195864,0.005022,0.200886,0.437481,-0.228603,0.005862,0.234465,0.779909,1.309792,-0.033584,-1.343376,-0.182482,-2.588071,0.066361,2.654432,-0.646086,0.000000,0.000000,0.000000,3.409738,6.797801,1.253459,-4.146788,-6.550745,1.221310,0.000000,0.000000,0.000000,0.000000,0.000000,0.000000,442.720293,323.568517,1
13.646000,4.198592,-0.277108,0.226030,0.171393,-0.004395,-0.175788,-0.242974,0.799704,-0.020505,-0.820209,1.289241,-1.851483,0.047474,1.898957,-1.918535,-0.127351,0.003265,0.130617,-0.166739,0.001100,-0.000028,-0.001129,-0.054927,3.239061,-0.083053,-3.322113,-1.318677,-0.482972,0.012384,0.495356,1.064725,-0.136841,0.003509,0.140350,-0.015243,-0.195864,0.005022,0.200886,0.260154,-0.228603,0.005862,0.234465,0.846278,1.309792,-0.033584,-1.343376,-0.188606,-2.588071,0.066361,2.654432,-0.802439,-0.011259,-0.044652,-0.033810,3.543335,7.167824,1.335138,-4.225821,-6.621679,1.258008,0.000000,0.000000,0.000000,0.000000,0.000000,0.000000,442.843389,323.554521,1
13.652000,4.205918,-0.272382,0.226150,-0.234964,0.006025,0.240989,-0.241145,1.192813,-0.030585,-1.223398,1.211826,-2.212883,0.056741,2.269623,-1.728722,-0.773360,0.019830,0.793190,-0.010629,0.062911,-0.001613,-0.064524,-0.059872,3.580395,-0.091805,-3.672200,-1.604965,0.341542,-0.008757,-0.350299,0.851692,-0.060191,0.001543,0.061735,-0.033821,0.144820,-0.003713,-0.148533,0.202853,-0.651094,0.016695,0.667789,0.945131,1.683585,-0.043169,-1.726754,-0.343410,-2.928056,0.075078,3.003134,-0.655193,-0.276612,-0.699619,-0.598894,3.500094,7.564987,1.339381,-4.555713,-6.364920,1.201540,0.000000,0.000000,0.000000,0.000000,0.000000,0.000000,442.932745,323.550627,1
13.662000,4.207230,-0.271456,0.223456,-0.234964,0.006025,0.240989,-0.206984,1.192813,-0.030585,-1.223398,1.242765,-2.212883,0.056741,2.269623,-1.749498,-0.773360,0.019830,0.793190,-0.000852,0.062911,-0.001613,-0.064524,-0.053947,3.580395,-0.091805,-3.672200,-1.802898,0.341542,-0.008757,-0.350299,0.737797,-0.060191,0.001543,0.061735,-0.030201,0.144820,-0.003713,-0.148533,0.108192,-0.651094,0.016695,0.667789,1.057562,1.683585,-0.043169,-1.726754,-0.315402,-2.928056,0.075078,3.003134,-0.826586,0.178510,-3.475307,-1.518539,3.661142,7.982805,1.395963,-4.559246,-6.217537,1.163423,0.000000,0.000000,0.000000,0.000000,0.000000,0.000000,443.094498,323.546372,1
13.666000,4.203001,-0.276675,0.223034,-0.329180,0.008441,0.337621,-0.178204,1.164974,-0.029871,-1.194845,1.099244,-2.262799,0.058020,2.320819,-1.462747,-0.604600,0.015503,0.620102,-0.332331,0.099633,-0.002555,-0.102187,0.329554,2.419119,-0.062029,-2.481147,-2.315390,0.033396,-0.000856,-0.034253,0.758961,-0.058982,0.001512,0.060495,-0.025794,0.074228,-0.001903,-0.076131,0.113097,-0.812459,0.020832,0.833291,1.207546,1.817484,-0.046602,-1.864086,-0.551916,-3.206190,0.082210,3.288400,-0.518189,1.085737,-4.414476,-1.238180,3.231798,7.136654,1.596003,-4.240097,-5.567980,0.567098,0.001509,0.010221,-0.006938,0.000000,0.000000,0.000000,443.152611,323.550498,1
13.676000,4.203656,-0.276332,0.220848,-0.329180,0.008441,0.337621,-0.189405,1.164974,-0.029871,-1.194845,1.099758,-2.262799,0.058020,2.320819,-1.380999,-0.604600,0.015503,0.620102,-0.416431,0.099633,-0.002555,-0.102187,0.506679,2.419119,-0.062029,-2.481147,-2.754032,0.033396,-0.000856,-0.034253,0.679451,-0.058982,0.001512,0.060495,-0.020140,0.074228,-0.001903,-0.076131,0.063666,-0.812459,0.020832,0.833291,1.237069,1.817484,-0.046602,-1.864086,-0.491779,-3.206190,0.082210,3.288400,-0.648639,0.956926,-4.455096,-1.392444,3.269800,7.447340,1.732754,-4.118692,-5.363098,0.541763,0.005842,0.039369,-0.027146,0.000000,0.000000,0.000000,443.310971,323.567752,1
13.682000,4.210518,-0.280765,0.225130,-0.097643,0.002504,0.100146,-0.113075,1.526161,-0.039132,-1.565293,0.747324,-2.291428,0.058755,2.350183,-1.121536,-0.318808,0.008175,0.326983,-0.306623,0.303819,-0.007790,-0.311609,-0.124058,1.168346,-0.029958,-1.198304,-1.879257,-0.175610,0.004503,0.180113,0.914543,-0.037062,0.000950,0.038012,-0.013950,0.049608,-0.001272,-0.050880,0.066150,-0.768500,0.019705,0.788205,1.534263,2.502501,-0.064167,-2.566667,-1.205878,-3.572759,0.091609,3.664368,0.044108,1.511727,-5.845434,-1.586239,3.070799,6.212345,1.231005,-3.886280,-5.090518,0.404685,0.000000,0.000000,0.000000,0.000000,0.000000,0.000000,443.376026,323.585753,1
13.692000,4.210997,-0.280519,0.223472,-0.097643,0.002504,0.100146,-0.197472,1.526161,-0.039132,-1.565293,0.819732,-2.291428,0.058755,2.350183,-1.091378,-0.318808,0.008175,0.326983,-0.477327,0.303819,-0.007790,-0.311609,0.073056,1.168346,-0.029958,-1.198304,-2.436477,-0.175610,0.004503,0.180113,0.751685,-0.037062,0.000950,0.038012,-0.012108,0.049608,-0.001272,-0.050880,0.040016,-0.768500,0.019705,0.788205,1.448103,2.502501,-0.064167,-2.566667,-1.040971,-3.572759,0.091609,3.664368,-0.164838,1.358342,-5.705951,-1.684704,3.093870,6.847091,1.569352,-3.841588,-4.899423,0.330300,0.000053,0.000231,-0.000165,0.000000,0.000000,0.000000,443.491240,323.607904,1
13.698000,4.205979,-0.279282,0.222954,-0.021692,0.000556,0.022248,-0.480800,1.430084,-0.036669,-1.466753,0.541403,-2.368684,0.060735,2.429420,-0.393250,-0.209622,0.005375,0.214997,-0.736972,0.785396,-0.020138,-0.805534,-0.010238,-0.110781,0.002841,0.113622,-1.862168,-0.434259,0.011135,0.445394,0.823286,-0.040024,0.001026,0.041051,-0.015520,-0.007739,0.000198,0.007938,0.047081,-0.763987,0.019589,0.783576,1.023325,2.566549,-0.065809,-2.632358,-0.933405,-3.855123,0.098849,3.953972,0.061346,0.924022,-4.777734,-1.575943,2.667576,6.542564,1.713362,-3.313618,-3.857516,0.059214,-0.007765,0.054639,-0.027068,0.000000,0.000000,0.000000,443.527286,323.618380,1
13.708000,4.205898,-0.279413,0.221704,-0.021692,0.000556,0.022248,-0.482880,1.430084,-0.036669,-1.466753,0.599913,-2.368684,0.060735,2.429420,-0.447386,-0.209622,0.005375,0.214997,-0.761459,0.785396,-0.020138,-0.805534,-0.033469,-0.110781,0.002841,0.113622,-1.821003,-0.434259,0.011135,0.445394,0.813942,-0.040024,0.001026,0.041051,-0.013581,-0.007739,0.000198,0.007938,0.031025,-0.763987,0.019589,0.783576,1.031512,2.566549,-0.065809,-2.632358,-0.872045,-3.855123,0.098849,3.953972,-0.059045,0.883257,-4.708833,-1.589855,2.747872,6.961973,1.901574,-3.351629,-4.036911,0.140347,-0.016265,0.124300,-0.063061,0.000000,0.000000,0.000000,443.588043,323.627493,1
13.714000,4.217465,-0.277982,0.223819,-0.037053,0.000950,0.038003,-0.379146,1.464647,-0.037555,-1.502202,0.669707,-2.376639,0.060939,2.437578,-0.480176,-0.224121,0.005747,0.229868,-0.792412,0.876038,-0.022463,-0.898501,0.156988,-0.251526,0.006449,0.257976,-2.283419,-0.425833,0.010919,0.436752,0.744184,-0.037917,0.000972,0.038889,-0.012963,0.006419,-0.000165,-0.006584,0.022541,-0.775435,0.019883,0.795318,1.146911,2.566576,-0.065810,-2.632386,-0.878126,-3.804561,0.097553,3.902114,0.050120,1.097949,-5.281668,-1.611958,2.781055,6.915569,1.607444,-3.321617,-3.806539,0.188187,0.000000,0.000000,0.000000,0.000000,0.000000,0.000000,443.629132,323.631336,1
13.724000,4.217613,-0.278010,0.222539,-0.037053,0.000950,0.038003,-0.411803,1.464647,-0.037555,-1.502202,0.697201,-2.376639,0.060939,2.437578,-0.470828,-0.224121,0.005747,0.229868,-0.859960,0.876038,-0.022463,-0.898501,0.099112,-0.251526,0.006449,0.257976,-2.163824,-0.425833,0.010919,0.436752,0.744798,-0.037917,0.000972,0.038889,-0.012759,0.006419,-0.000165,-0.006584,0.018516,-0.775435,0.019883,0.795318,1.122201,2.566576,-0.065810,-2.632386,-0.812136,-3.804561,0.097553,3.902114,-0.064713,0.917113,-5.213376,-1.746134,2.820039,7.298892,1.792770,-3.317866,-3.895722,0.246676,-0.000030,0.000499,-0.000275,0.000000,0.000000,0.000000,443.695776,323.631805,1
13.730000,4.227529,-0.286909,0.227986,-0.035405,0.000908,0.036313,-0.381340,1.239153,-0.031773,-1.270926,0.624384,-2.520287,0.064623,2.584910,-0.256580,-0.224669,0.005761,0.230429,-0.702030,0.941097,-0.024131,-0.965228,0.109843,-1.255639,0.032196,1.287835,-1.453190,-0.572236,0.014673,0.586909,0.641302,-0.052447,0.001345,0.053792,-0.014403,-0.051235,0.001314,0.052548,0.027259,-0.746608,0.019144,0.765752,0.919309,2.295788,-0.058866,-2.354655,-0.754091,-3.876369,0.099394,3.975763,0.418754,1.024246,-4.722191,-1.334475,2.815700,6.721297,1.604343,-3.273003,-3.703839,0.142089,0.000000,0.000000,0.000000,0.000000,0.000000,0.000000,443.744574,323.637275,1
13.740000,4.227801,-0.287533,0.227064,-0.035405,0.000908,0.036313,-0.372573,1.239153,-0.031773,-1.270926,0.697359,-2.520287,0.064623,2.584910,-0.325412,-0.224669,0.005761,0.230429,-0.709607,0.941097,-0.024131,-0.965228,0.071246,-1.255639,0.032196,1.287835,-1.371369,-0.572236,0.014673,0.586909,0.722300,-0.052447,0.001345,0.053792,-0.014071,-0.051235,0.001314,0.052548,0.023198,-0.746608,0.019144,0.765752,0.938745,2.295788,-0.058866,-2.354655,-0.648407,-3.876369,0.099394,3.975763,0.221885,0.910700,-4.773617,-1.476719,2.911136,7.192259,1.816356,-3.331766,-3.927298,0.229107,-0.004238,0.011810,-0.003651,0.000000,0.000000,0.000000,443.817504,323.635403,1
13.746000,4.228597,-0.287249,0.225509,0.129486,-0.003320,-0.132806,-0.467539,1.386366,-0.035548,-1.421914,0.792466,-2.733093,0.070079,2.803173,-0.329635,-0.019396,0.000497,0.019893,-0.815680,1.029214,-0.026390,-1.055604,-0.022441,-1.344377,0.034471,1.378848,-0.999190,-0.746173,0.019133,0.765306,0.857329,-0.047226,0.001211,0.048436,0.010324,-0.045812,0.001175,0.046986,0.027669,-0.623887,0.015997,0.639885,0.865048,2.312750,-0.059301,-2.372052,-0.551716,-3.802748,0.097506,3.900255,0.049203,1.130987,-4.481960,-1.237621,2.812009,7.021115,1.747411,-3.192023,-4.362604,0.597891,-1.467527,3.191995,-0.863975,0.000000,0.000000,0.000000,443.854960,323.631521,1
13.756000,4.228395,-0.286176,0.223702,0.108506,-0.002782,-0.111288,-0.445823,1.417679,-0.036351,-1.454030,0.765350,-2.718816,0.069713,2.788529,-0.377361,-0.041313,0.001059,0.042373,-0.819486,1.067078,-0.027361,-1.094439,-0.065102,-1.342437,0.034421,1.376858,-1.103709,-0.736936,0.018896,0.755832,0.867734,-0.046495,0.001192,0.047687,0.015887,-0.042457,0.001089,0.043546,0.016644,-0.640527,0.016424,0.656951,0.893923,2.339746,-0.059993,-2.399740,-0.566932,-3.788947,0.097152,3.886100,-0.051068,1.147657,-4.707013,-1.332948,2.906719,7.057687,1.674724,-3.141375,-4.454287,0.706051,-2.249291,5.254657,-1.434175,0.000000,0.000000,0.000000,443.921399,323.619601,1
13.764000,4.230740,-0.288811,0.224442,0.171673,-0.004402,-0.176075,-0.421892,1.454602,-0.037297,-1.491900,0.713522,-2.787834,0.071483,2.859317,-0.338707,0.035605,-0.000913,-0.036518,-0.726354,1.181272,-0.030289,-1.211561,-0.136961,-1.610389,0.041292,1.651681,-0.784468,-0.791034,0.020283,0.811317,0.876381,-0.042354,0.001086,0.043440,-0.000241,-0.054953,0.001409,0.056362,0.012246,-0.589945,0.015127,0.605072,0.812420,2.382487,-0.061089,-2.443576,-0.559258,-3.848749,0.098686,3.947434,0.090929,1.104655,-4.281730,-1.183206,2.892506,7.234276,1.838477,-3.234721,-4.444983,0.622316,-1.187253,1.984158,-0.336866,0.000000,0.000000,0.000000,443.973593,323.618536,1
13.774000,4.230528,-0.289676,0.223298,0.171673,-0.004402,-0.176075,-0.391518,1.454602,-0.037297,-1.491900,0.751051,-2.787834,0.071483,2.859317,-0.446464,0.035605,-0.000913,-0.036518,-0.713629,1.181272,-0.030289,-1.211561,-0.188897,-1.610389,0.041292,1.651681,-0.825229,-0.791034,0.020283,0.811317,0.804968,-0.042354,0.001086,0.043440,0.105657,-0.054953,0.001409,0.056362,-0.013195,-0.589945,0.015127,0.605072,0.871194,2.382487,-0.061089,-2.443576,-0.578023,-3.848749,0.098686,3.947434,-0.012248,1.265261,-4.612174,-1.226836,3.023521,6.931085,1.584474,-3.115958,-4.738884,0.849982,-2.468432,5.888790,-1.550400,0.000000,0.000000,0.000000,444.040896,323.609656,1
13.782000,4.238935,-0.301667,0.231709,1.014577,-0.026015,-1.040592,0.109534,2.075226,-0.053211,-2.128437,0.640850,-3.793368,0.097266,3.890634,-0.315305,1.182848,-0.030329,-1.213177,0.164339,2.619113,-0.067157,-2.686269,0.203055,-4.147282,0.106341,4.253623,-0.326843,-1.061633,0.027221,1.088855,0.518518,1.358747,-0.034840,-1.393587,0.613859,-1.735433,0.044498,1.779931,-0.633392,-0.298985,0.007666,0.306651,0.521670,2.966151,-0.076055,-3.042206,-1.831321,-4.001926,0.102613,4.104539,2.385018,4.654525,-7.474620,-0.421637,0.000000,0.000000,0.000000,-2.418084,-5.480606,1.292909,-2.684268,8.205014,-2.293842,0.000000,0.000000,0.000000,444.224159,323.683756,1
13.792000,4.238741,-0.302051,0.231764,1.014577,-0.026015,-1.040592,0.079786,2.075226,-0.053211,-2.128437,0.585394,-3.793368,0.097266,3.890634,-0.329306,1.182848,-0.030329,-1.213177,0.056138,2.619113,-0.067157,-2.686269,0.381464,-4.147282,0.106341,4.253623,-0.682960,-1.061633,0.027221,1.088855,0.415367,1.358747,-0.034840,-1.393587,0.599820,-1.735433,0.044498,1.779931,-0.604446,-0.298985,0.007666,0.306651,0.171771,2.966151,-0.076055,-3.042206,-1.686836,-4.001926,0.102613,4.104539,2.171458,4.245089,-6.734626,-0.234665,0.037817,0.040580,-0.020249,-2.020353,-4.992475,1.301460,-2.665408,8.030353,-2.203325,0.000000,0.000000,0.000000,444.454853,323.744052,1
13.800000,4.246265,-0.302605,0.236112,0.756701,-0.019403,-0.776103,-0.391521,2.594154,-0.066517,-2.660671,-1.583129,-5.138191,0.131748,5.269940,2.941204,0.682915,-0.017511,-0.700425,0.177471,1.637768,-0.041994,-1.679762,0.528634,-3.316282,0.085033,3.401315,-1.549795,-0.697973,0.017897,0.715870,0.000677,1.301254,-0.033365,-1.334619,-0.099004,-2.796626,0.071708,2.868334,-0.558942,-0.721898,0.018510,0.740408,0.020343,1.885100,-0.048336,-1.933436,-1.457233,-3.539344,0.090752,3.630097,0.013738,3.809492,-7.666228,-0.693986,0.000000,0.000000,0.000000,-0.026572,-0.144439,0.081915,-3.036712,7.673579,-1.069262,0.000000,0.000000,0.000000,444.702196,323.865205,1
13.810000,4.246479,-0.303889,0.234773,0.756701,-0.019403,-0.776103,-0.294626,2.594154,-0.066517,-2.660671,-1.493033,-5.138191,0.131748,5.269940,2.702022,0.682915,-0.017511,-0.700425,0.138177,1.637768,-0.041994,-1.679762,0.502940,-3.316282,0.085033,3.401315,-1.489830,-0.697973,0.017897,0.715870,-0.096674,1.301254,-0.033365,-1.334619,-0.065297,-2.796626,0.071708,2.868334,-0.702899,-0.721898,0.018510,0.740408,-0.010416,1.885100,-0.048336,-1.933436,-1.364601,-3.539344,0.090752,3.630097,0.972085,3.794981,-7.426773,-0.643612,0.000000,0.000000,0.000000,-0.117102,-1.968035,1.271432,-3.188991,8.635515,-1.325390,0.000000,0.000000,0.000000,445.030165,324.031134,1
13.818000,4.253539,-0.305876,0.242657,2.490244,-0.063852,-2.554096,-1.290962,0.740061,-0.018976,-0.759037,-0.577321,0.654548,-0.016783,-0.671331,-0.172251,-0.602704,0.015454,0.618158,0.277600,0.969908,-0.024869,-0.994777,0.425506,-2.971674,0.076197,3.047870,-1.065374,-1.652410,0.042369,1.694780,0.071084,0.998095,-0.025592,-1.023687,-0.037363,-3.070024,0.078719,3.148742,-0.456237,-0.315024,0.008078,0.323101,-0.057456,1.459235,-0.037416,-1.496651,-1.021495,-5.560838,0.142586,5.703424,2.340706,2.596924,-7.125994,-0.907227,0.000000,0.000000,0.000000,0.000000,0.000000,0.000000,-3.179225,7.472201,-0.966983,0.000000,0.000000,0.000000,445.223652,324.142612,1
13.828000,4.253732,-0.307115,0.241448,2.490244,-0.063852,-2.554096,-1.361037,0.740061,-0.018976,-0.759037,-0.542620,0.654548,-0.016783,-0.671331,-0.172337,-0.602704,0.015454,0.618158,0.413970,0.969908,-0.024869,-0.994777,0.459982,-2.971674,0.076197,3.047870,-1.187596,-1.652410,0.042369,1.694780,0.146999,0.998095,-0.025592,-1.023687,-0.040161,-3.070024,0.078719,3.148742,-0.601929,-0.315024,0.008078,0.323101,-0.040117,1.459235,-0.037416,-1.496651,-0.946244,-5.560838,0.142586,5.703424,2.591647,2.788540,-7.395000,-0.908914,0.000000,0.000000,0.000000,0.000000,0.000000,0.000000,-3.198927,7.651565,-0.991139,0.000000,0.000000,0.000000,445.490981,324.290231,1
13.832000,4.263359,-0.307444,0.242297,2.950263,-0.075648,-3.025911,-1.593492,-0.279213,0.007159,0.286373,-0.095123,5.033362,-0.129061,-5.162422,-2.471695,-1.137583,0.029169,1.166752,1.030244,-0.364839,0.009355,0.374194,0.859809,-2.173385,0.055728,2.229112,-0.958645,-1.753016,0.044949,1.797965,0.478208,-0.213175,0.005466,0.218641,0.267926,-2.604309,0.066777,2.671086,-0.620183,-0.511596,0.013118,0.524714,0.006780,0.455223,-0.011672,-0.466895,-0.310570,-4.836300,0.124008,4.960308,2.757540,2.608708,-6.893982,-0.747329,0.000000,0.000000,0.000000,0.000000,0.000000,0.000000,-2.829474,7.024834,-1.425340,0.000000,0.000000,0.000000,445.641666,324.410350,1
13.842000,4.263766,-0.308293,0.240690,2.950263,-0.075648,-3.025911,-1.756429,-0.279213,0.007159,0.286373,-0.049917,5.033362,-0.129061,-5.162422,-2.435783,-1.137583,0.029169,1.166752,1.115433,-0.364839,0.009355,0.374194,0.969949,-2.173385,0.055728,2.229112,-1.234000,-1.753016,0.044949,1.797965,0.501767,-0.213175,0.005466,0.218641,0.285705,-2.604309,0.066777,2.671086,-0.847889,-0.511596,0.013118,0.524714,0.008231,0.455223,-0.011672,-0.466895,-0.269362,-4.836300,0.124008,4.960308,2.589949,2.812404,-7.358850,-0.811170,0.000000,0.000000,0.000000,0.000000,0.000000,0.000000,-2.901702,7.411388,-1.530606,0.000000,0.000000,0.000000,446.026918,324.695006,1
13.846000,4.282168,-0.308025,0.235937,1.631230,-0.041826,-1.673056,-0.627191,-0.043418,0.001113,0.044532,-0.123119,3.414554,-0.087553,-3.502107,-1.494700,-0.115111,0.002952,0.118062,0.745226,-0.075499,0.001936,0.077435,1.242873,-1.428167,0.036620,1.464787,-1.137582,-0.517624,0.013272,0.530896,-0.411618,0.142462,-0.003653,-0.146114,0.137393,-2.012851,0.051612,2.064462,-0.966193,-0.104357,0.002676,0.107033,-0.479663,0.121978,-0.003128,-0.125105,-0.071944,-2.415830,0.061944,2.477775,1.472794,3.016856,-6.299698,-0.447043,0.000000,0.000000,0.000000,0.000000,0.000000,0.000000,-2.548078,7.001020,-1.575611,0.000000,0.000000,0.000000,446.083249,324.719686,1
13.856000,4.283219,-0.308865,0.233749,1.743987,-0.044718,-1.788705,-0.787721,-0.066962,0.001717,0.068679,-0.085880,3.706872,-0.095048,-3.801920,-1.688841,-0.165141,0.004234,0.169375,0.800887,-0.075219,0.001929,0.077148,1.352508,-1.456483,0.037346,1.493828,-1.397412,-0.565403,0.014498,0.579900,-0.447013,0.141217,-0.003621,-0.144838,0.090043,-2.037912,0.052254,2.090166,-1.151401,-0.163611,0.004195,0.167806,-0.358094,0.111152,-0.002850,-0.114002,-0.069682,-2.400377,0.061548,2.461925,1.313107,3.102225,-6.767002,-0.628458,0.000000,0.000000,0.000000,0.000000,0.000000,0.000000,-2.632383,7.199677,-1.602905,0.000000,0.000000,0.000000,446.244678,324.784468,1
13.860000,4.291641,-0.301919,0.233132,1.027636,-0.026350,-1.053985,-0.105060,-0.074062,0.001899,0.075961,-0.069702,2.431643,-0.062350,-2.493993,-0.950024,0.171010,-0.004385,-0.175395,0.322371,0.025454,-0.000653,-0.026106,1.357955,-0.947438,0.024293,0.971731,-1.779682,-0.172652,0.004427,0.177079,-0.374162,0.189870,-0.004868,-0.194739,0.428386,-1.581853,0.040560,1.622413,-1.101339,-0.331362,0.008496,0.339859,-0.395984,-0.039104,0.001003,0.040106,-0.049887,-1.078480,0.027653,1.106133,0.853188,3.316660,-6.710268,-0.634779,0.000000,0.000000,0.000000,0.000000,0.000000,0.000000,-2.525930,7.611477,-1.675064,0.000000,0.000000,0.000000,446.273973,324.782564,1
13.870000,4.292636,-0.302229,0.230424,1.027636,-0.026350,-1.053985,-0.166069,-0.074062,0.001899,0.075961,-0.051995,2.431643,-0.062350,-2.493993,-1.030530,0.171010,-0.004385,-0.175395,0.342656,0.025454,-0.000653,-0.026106,1.430803,-0.947438,0.024293,0.971731,-1.998505,-0.172652,0.004427,0.177079,-0.432430,0.189870,-0.004868,-0.194739,0.393026,-1.581853,0.040560,1.622413,-1.274733,-0.331362,0.008496,0.339859,-0.354697,-0.039104,0.001003,0.040106,-0.043170,-1.078480,0.027653,1.106133,0.690648,3.416983,-7.021260,-0.739828,0.000000,0.000000,0.000000,0.000000,0.000000,0.000000,-2.624518,7.815282,-1.691731,0.000000,0.000000,0.000000,446.352933,324.773786,1
13.874000,4.282285,-0.297881,0.225934,1.313635,-0.033683,-1.347318,-0.177004,0.015161,-0.000389,-0.015550,-0.064863,1.922738,-0.049301,-1.972039,-0.540993,-0.320373,0.008215,0.328588,0.626410,0.033918,-0.000870,-0.034788,1.441322,-1.898193,0.048672,1.946864,-1.963010,-0.594364,0.015240,0.609604,-0.263882,-0.306764,0.007866,0.314630,0.458721,-1.622565,0.041604,1.664169,-1.560632,-0.913738,0.023429,0.937167,-0.034227,0.237783,-0.006097,-0.243880,-0.101712,1.382544,-0.035450,-1.417994,-0.296756,3.336110,-7.890174,-0.977886,0.005842,0.021504,0.009728,0.000000,0.000000,0.000000,-2.824329,7.728723,-1.673493,0.000000,0.000000,0.000000,446.387990,324.755546,1
13.884000,4.282618,-0.298194,0.222786,1.313635,-0.033683,-1.347318,-0.255896,0.015161,-0.000389,-0.015550,-0.067896,1.922738,-0.049301,-1.972039,-0.688281,-0.320373,0.008215,0.328588,0.681706,0.033918,-0.000870,-0.034788,1.480719,-1.898193,0.048672,1.946864,-2.072562,-0.594364,0.015240,0.609604,-0.307994,-0.306764,0.007866,0.314630,0.410310,-1.622565,0.041604,1.664169,-1.696078,-0.913738,0.023429,0.937167,0.005236,0.237783,-0.006097,-0.243880,-0.112885,1.382544,-0.035450,-1.417994,-0.408231,3.372460,-7.991119,-1.023258,0.041848,0.171575,0.081716,0.000000,0.000000,0.000000,-2.873668,7.765235,-1.658128,0.000000,0.000000,0.000000,446.485633,324.711254,1
13.890000,4.293011,-0.296684,0.228096,1.121319,-0.028752,-1.150071,-0.071104,0.012982,-0.000333,-0.013314,-0.060727,2.118884,-0.054330,-2.173214,-0.716412,-0.517182,0.013261,0.530443,0.691372,0.025088,-0.000643,-0.025731,1.486192,-2.337652,0.059940,2.397592,-1.875509,-0.638831,0.016380,0.655212,-0.244585,-0.332045,0.008514,0.340559,0.414290,-1.958648,0.050222,2.008870,-1.351525,-0.739222,0.018954,0.758176,-0.113920,0.231774,-0.005943,-0.237717,-0.090570,1.321711,-0.033890,-1.355601,-0.361406,3.392751,-7.957859,-1.107119,0.000000,0.000000,0.000000,0.000000,0.000000,0.000000,-2.945123,7.622968,-1.493741,0.000000,0.000000,0.000000,446.546566,324.682227,1
13.900000,4.293640,-0.297041,0.225150,1.121319,-0.028752,-1.150071,-0.110851,0.012982,-0.000333,-0.013314,-0.065688,2.118884,-0.054330,-2.173214,-0.819366,-0.517182,0.013261,0.530443,0.763069,0.025088,-0.000643,-0.025731,1.533851,-2.337652,0.059940,2.397592,-1.950795,-0.638831,0.016380,0.655212,-0.273253,-0.332045,0.008514,0.340559,0.390964,-1.958648,0.050222,2.008870,-1.476845,-0.739222,0.018954,0.758176,-0.030563,0.231774,-0.005943,-0.237717,-0.103790,1.321711,-0.033890,-1.355601,-0.415770,3.429932,-8.020868,-1.139877,0.000000,0.000000,0.000000,0.000000,0.000000,0.000000,-2.996062,7.778480,-1.525283,0.000000,0.000000,0.000000,446.655775,324.633722,1
13.904000,4.307818,-0.298793,0.236681,-0.128961,0.003307,0.132267,0.665809,0.013274,-0.000340,-0.013615,-0.055348,0.783042,-0.020078,-0.803120,-0.067425,-0.326238,0.008365,0.334603,0.503397,0.060615,-0.001554,-0.062169,1.199722,-3.017676,0.077376,3.095052,-1.254996,-0.014538,0.000373,0.014911,-0.436541,0.024492,-0.000628,-0.025120,0.121974,-2.906990,0.074538,2.981528,-0.501619,0.784762,-0.020122,-0.804884,-1.375922,0.058813,-0.001508,-0.060321,-0.033723,0.233189,-0.005979,-0.239169,0.311992,3.331741,-7.306580,-1.019084,0.000000,0.000000,0.000000,0.000000,0.000000,0.000000,-2.753863,7.004734,-1.142946,0.000000,0.000000,0.000000,446.683613,324.617251,1
13.914000,4.309062,-0.299148,0.234564,-0.128961,0.003307,0.132267,0.623723,0.013274,-0.000340,-0.013615,-0.045642,0.783042,-0.020078,-0.803120,-0.151561,-0.326238,0.008365,0.334603,0.518568,0.060615,-0.001554,-0.062169,1.260945,-3.017676,0.077376,3.095052,-1.326240,-0.014538,0.000373,0.014911,-0.504424,0.024492,-0.000628,-0.025120,0.161249,-2.906990,0.074538,2.981528,-0.678389,0.784762,-0.020122,-0.804884,-1.360933,0.058813,-0.001508,-0.060321,-0.038741,0.233189,-0.005979,-0.239169,0.161911,3.409997,-7.493356,-1.084842,0.000000,0.000000,0.000000,0.000000,0.000000,0.000000,-2.892645,7.561429,-1.271740,0.000000,0.000000,0.000000,446.760935,324.569451,1
13.922000,4.314889,-0.300515,0.225016,-0.043970,0.001127,0.045097,0.658562,0.014835,-0.000380,-0.015216,-0.080390,0.779795,-0.019995,-0.799789,-0.419506,-0.426283,0.010930,0.437213,0.766570,0.626209,-0.016057,-0.642266,1.423977,-2.995678,0.076812,3.072490,-1.027035,0.014034,-0.000360,-0.014394,-0.901207,0.729454,-0.018704,-0.748158,-0.205142,-2.922138,0.074927,2.997065,-0.586895,0.528288,-0.013546,-0.541834,-1.093840,0.104090,-0.002669,-0.106759,-0.026917,0.415627,-0.010657,-0.426284,0.045016,3.209658,-6.445555,-0.877352,0.064949,0.082566,0.017870,-2.125433,-4.463125,1.359230,-2.540255,7.139490,-1.250606,0.000000,0.000000,0.000000,446.819430,324.534373,1
13.932000,4.312374,-0.300128,0.221034,0.001179,-0.000030,-0.001209,0.749894,0.018831,-0.000483,-0.019314,0.235168,0.878244,-0.022519,-0.900763,-1.733670,-0.067821,0.001739,0.069560,0.590209,0.919567,-0.023579,-0.943145,1.285307,-2.699977,0.069230,2.769208,-1.205713,0.346106,-0.008875,-0.354981,-0.997436,1.262357,-0.032368,-1.294725,-0.331460,-3.089542,0.079219,3.168761,-0.732375,0.311210,-0.007980,-0.319190,-0.851451,0.101795,-0.002610,-0.104405,-0.017051,0.684295,-0.017546,-0.701841,-0.138761,3.463517,-6.210755,-0.572468,0.188449,0.378486,0.133518,-2.575721,-5.483379,1.496284,-2.342963,7.657773,-1.697476,0.000000,0.000000,0.000000,446.915771,324.493169,1
13.938000,4.324209,-0.306156,0.222287,0.049345,-0.001265,-0.050610,0.449722,1.558594,-0.039964,-1.598558,0.130465,-1.953806,0.050098,2.003904,-2.051238,-0.041907,0.001075,0.042982,0.276887,1.136040,-0.029129,-1.165169,0.703027,-2.735372,0.070138,2.805510,-0.699336,0.650822,-0.016688,-0.667510,-1.059211,1.991429,-0.051062,-2.042491,-0.970786,-3.711558,0.095168,3.806726,0.140528,0.943501,-0.024192,-0.967694,-1.001340,0.058816,-0.001508,-0.060324,0.277188,-0.626128,0.016055,0.642183,-0.302345,2.659722,-5.090430,-0.743185,1.808843,3.326573,1.085070,-4.783879,-7.861875,1.708228,-1.380229,3.631042,-0.436125,0.000000,0.000000,0.000000,446.985008,324.474400,1
13.948000,4.324675,-0.306800,0.221433,0.049345,-0.001265,-0.050610,0.551942,1.558594,-0.039964,-1.598558,0.311762,-1.953806,0.050098,2.003904,-2.378322,-0.041907,0.001075,0.042982,0.313742,1.136040,-0.029129,-1.165169,0.674117,-2.735372,0.070138,2.805510,-0.564494,0.650822,-0.016688,-0.667510,-0.970143,1.991429,-0.051062,-2.042491,-0.963524,-3.711558,0.095168,3.806726,0.296495,0.943501,-0.024192,-0.967694,-0.916897,0.058816,-0.001508,-0.060324,0.344162,-0.626128,0.016055,0.642183,-0.332206,2.411848,-4.637221,-0.704139,2.079317,3.480232,1.039422,-4.214249,-7.218996,1.675149,-1.689144,5.816844,-1.152666,0.000000,0.000000,0.000000,447.110413,324.441896,1
13.956000,4.334179,-0.297116,0.224589,-0.710940,0.018229,0.729169,0.095438,1.263118,-0.032388,-1.295506,0.622978,-3.171396,0.081318,3.252714,-1.256307,-0.712663,0.018273,0.730937,-0.079124,0.341963,-0.008768,-0.350731,0.754625,-3.063610,0.078554,3.142164,-0.096109,0.765039,-0.019616,-0.784655,-0.633256,-1.609964,0.041281,1.651245,0.521851,2.738244,-0.070211,-2.808455,-0.973039,0.790350,-0.020265,-0.810616,-0.809485,0.623814,-0.015995,-0.639809,1.029726,-2.734764,0.070122,2.804887,-0.762661,1.154559,-4.399013,-1.539979,3.341090,8.667569,3.403041,-3.999447,-5.960036,-0.009383,-0.330729,0.298731,0.135891,0.000000,0.000000,0.000000,447.215478,324.413905,1
13.966000,4.334600,-0.297322,0.224261,-0.710940,0.018229,0.729169,0.129017,1.263118,-0.032388,-1.295506,0.515219,-3.171396,0.081318,3.252714,-1.124181,-0.712663,0.018273,0.730937,-0.059667,0.341963,-0.008768,-0.350731,0.643215,-3.063610,0.078554,3.142164,-0.118465,0.765039,-0.019616,-0.784655,-0.451097,-1.609964,0.041281,1.651245,0.565088,2.738244,-0.070211,-2.808455,-1.149567,0.790350,-0.020265,-0.810616,-0.702330,0.623814,-0.015995,-0.639809,0.900593,-2.734764,0.070122,2.804887,-0.721674,1.062968,-4.316977,-1.577907,3.282912,8.157969,3.122483,-3.853411,-5.686225,-0.050513,-0.244350,0.202291,0.109921,0.000000,0.000000,0.000000,447.342927,324.390034,1
13.974000,4.353497,-0.290874,0.248700,-0.353425,0.009062,0.362487,-0.349990,2.178301,-0.055854,-2.234155,-0.353082,-3.849228,0.098698,3.947926,-0.644851,-0.217599,0.005579,0.223178,0.674106,0.737576,-0.018912,-0.756488,-0.220819,-3.013890,0.077279,3.091169,1.831884,-4.820873,0.123612,4.944485,4.426393,-1.205622,0.030913,1.236535,0.309734,10.930538,-0.280270,-11.210808,-5.672119,1.482124,-0.038003,-1.520127,-1.070275,1.795094,-0.046028,-1.841122,-0.665455,-5.188083,0.133028,5.321111,1.035845,0.000000,0.000000,0.000000,2.730468,3.224743,0.830780,-4.725235,-5.470016,-0.150517,0.000000,0.000000,0.000000,0.000000,0.000000,0.000000,448.172239,325.176583,1
13.984000,4.354589,-0.290575,0.249822,-0.353425,0.009062,0.362487,-0.237972,2.178301,-0.055854,-2.234155,-0.315841,-3.849228,0.098698,3.947926,-0.612836,-0.217599,0.005579,0.223178,0.414812,0.737576,-0.018912,-0.756488,-0.238858,-3.013890,0.077279,3.091169,1.647126,-4.820873,0.123612,4.944485,4.781620,-1.205622,0.030913,1.236535,0.356999,10.930538,-0.280270,-11.210808,-5.513842,1.482124,-0.038003,-1.520127,-0.888113,1.795094,-0.046028,-1.841122,-0.690526,-5.188083,0.133028,5.321111,1.107339,0.000000,0.000000,0.000000,3.202933,3.859556,0.982498,-4.752356,-5.436592,-0.163717,0.000000,0.000000,0.000000,0.000000,0.000000,0.000000,449.202124,326.156354,1
13.988000,4.352678,-0.287084,0.241409,1.483786,-0.038046,-1.521832,-0.166596,1.358112,-0.034823,-1.392936,0.287099,-2.500637,0.064119,2.564756,-0.583226,-0.016289,0.000418,0.016707,-1.453337,-0.096224,0.002467,0.098691,-0.268981,0.953930,-0.024460,-0.978390,-0.236981,-2.280062,0.058463,2.338525,3.175074,-0.271375,0.006958,0.278333,-0.142896,0.582757,-0.014942,-0.597699,-1.355800,1.906238,-0.048878,-1.955116,0.338669,1.062457,-0.027242,-1.089699,-0.373357,-2.280207,0.058467,2.338674,0.072749,0.113218,-0.076049,0.044849,3.780277,4.487078,0.385592,-2.466534,-5.021069,1.005339,0.000000,0.000000,0.000000,0.000000,0.000000,0.000000,449.249908,326.182951,1
13.998000,4.353256,-0.286064,0.240393,1.483786,-0.038046,-1.521832,-0.436476,1.358112,-0.034823,-1.392936,0.387194,-2.500637,0.064119,2.564756,-0.761449,-0.016289,0.000418,0.016707,-1.251607,-0.096224,0.002467,0.098691,-0.178520,0.953930,-0.024460,-0.978390,-0.295065,-2.280062,0.058463,2.338525,2.848838,-0.271375,0.006958,0.278333,-0.080412,0.582757,-0.014942,-0.597699,-0.717392,1.906238,-0.048878,-1.955116,0.115191,1.062457,-0.027242,-1.089699,-0.282202,-2.280207,0.058467,2.338674,-0.175342,0.284751,-0.243161,0.089761,3.797999,5.234402,0.766249,-2.921374,-5.509200,0.978157,0.000000,0.000000,0.000000,0.000000,0.000000,0.000000,449.365306,326.234580,1
14.002000,4.349386,-0.293163,0.240904,0.356205,-0.009133,-0.365338,-0.645511,0.394266,-0.010109,-0.404375,0.779951,-1.836853,0.047099,1.883952,-0.739739,-0.580730,0.014891,0.595621,-0.161123,0.065716,-0.001685,-0.067401,-0.088982,0.396008,-0.010154,-0.406162,-0.317664,-0.072476,0.001858,0.074335,0.978907,-0.281259,0.007212,0.288471,-0.056442,3.447308,-0.088393,-3.535700,-1.117312,0.802891,-0.020587,-0.823478,-0.099856,0.258484,-0.006628,-0.265112,0.244866,-1.978766,0.050738,2.029504,-0.466334,0.000000,0.000000,0.000000,3.194708,6.200669,1.863543,-3.606783,-4.932732,-0.023866,0.000000,0.000000,0.000000,0.000000,0.000000,0.000000,449.394542,326.241155,1
14.012000,4.349777,-0.293036,0.239421,0.356205,-0.009133,-0.365338,-0.657323,0.394266,-0.010109,-0.404375,0.861532,-1.836853,0.047099,1.883952,-1.004481,-0.580730,0.014891,0.595621,-0.044535,0.065716,-0.001685,-0.067401,-0.116979,0.396008,-0.010154,-0.406162,-0.182084,-0.072476,0.001858,0.074335,0.852515,-0.281259,0.007212,0.288471,-0.051263,3.447308,-0.088393,-3.535700,-1.362835,0.802891,-0.020587,-0.823478,-0.062773,0.258484,-0.006628,-0.265112,0.260359,-1.978766,0.050738,2.029504,-0.708607,0.000000,0.000000,0.000000,3.434567,6.596072,1.964004,-3.902083,-5.520424,0.088715,0.000000,0.000000,0.000000,0.000000,0.000000,0.000000,449.484991,326.255819,1
14.016000,4.354246,-0.288960,0.237580,0.678756,-0.017404,-0.696160,-0.769869,0.110365,-0.002830,-0.113195,0.985326,-1.776613,0.045554,1.822167,-1.012071,-0.507795,0.013020,0.520815,-0.156519,0.091733,-0.002352,-0.094086,-0.122077,0.441222,-0.011313,-0.452536,-0.255201,0.076235,-0.001955,-0.078190,0.628585,-0.232619,0.005965,0.238583,-0.069114,2.357125,-0.060439,-2.417564,-0.902223,1.048766,-0.026891,-1.075658,0.015914,-0.097169,0.002492,0.099661,0.308052,-1.738345,0.044573,1.782918,-0.856872,0.000000,0.000000,0.000000,3.521647,6.415618,1.560878,-3.678556,-5.631843,0.432873,0.000000,0.000000,0.000000,0.000000,0.000000,0.000000,449.511081,326.252727,1
14.026000,4.354842,-0.288489,0.235531,0.678756,-0.017404,-0.696160,-0.823856,0.110365,-0.002830,-0.113195,1.092302,-1.776613,0.045554,1.822167,-1.285772,-0.507795,0.013020,0.520815,-0.064011,0.091733,-0.002352,-0.094086,-0.141288,0.441222,-0.011313,-0.452536,-0.155433,0.076235,-0.001955,-0.078190,0.532221,-0.232619,0.005965,0.238583,-0.038616,2.357125,-0.060439,-2.417564,-0.968200,1.048766,-0.026891,-1.075658,0.023586,-0.097169,0.002492,0.099661,0.320714,-1.738345,0.044573,1.782918,-1.073269,0.000000,0.000000,0.000000,3.820376,6.719823,1.547475,-3.962890,-6.122400,0.525682,0.000000,0.000000,0.000000,0.000000,0.000000,0.000000,449.586275,326.238129,1
14.028000,4.369036,-0.288805,0.242635,0.768495,-0.019705,-0.788200,-0.729356,-0.287995,0.007384,0.295380,1.164484,-1.489819,0.038200,1.528020,-0.830510,-0.333447,0.008550,0.341997,-0.207000,-0.107714,0.002762,0.110476,-0.100483,1.841730,-0.047224,-1.888954,-0.675358,0.360886,-0.009253,-0.370139,-0.004101,-0.140747,0.003609,0.144356,-0.052770,0.362960,-0.009307,-0.372267,-0.083637,1.053187,-0.027005,-1.080192,0.006252,-0.458205,0.011749,0.469954,0.552198,-1.534492,0.039346,1.573837,-0.731431,0.000000,0.000000,0.000000,3.377354,6.190892,1.473068,-3.291985,-5.226222,0.409242,0.000000,0.000000,0.000000,0.000000,0.000000,0.000000,449.596281,326.238069,1
14.038000,4.363662,-0.290715,0.237809,0.416926,-0.010690,-0.427616,-0.596884,0.025808,-0.000662,-0.026469,1.161488,-1.368644,0.035093,1.403737,-1.428448,-0.323906,0.008305,0.332211,-0.010446,-0.019590,0.000502,0.020092,-0.082462,0.820976,-0.021051,-0.842027,-0.275490,0.414371,-0.010625,-0.424996,0.009343,-0.130013,0.003334,0.133347,-0.035817,1.913890,-0.049074,-1.962964,-0.732537,0.711155,-0.018235,-0.729390,0.045798,-0.132294,0.003392,0.135686,0.476046,-1.432510,0.036731,1.469241,-1.102285,0.000000,0.000000,0.000000,3.742805,6.724650,1.680890,-4.043175,-6.007001,0.347299,0.000000,0.000000,0.000000,0.000000,0.000000,0.000000,449.653206,326.220940,1
14.042000,4.375310,-0.283253,0.237359,0.532999,-0.013667,-0.546665,-0.544388,-0.271843,0.006970,0.278814,1.145102,-1.267373,0.032497,1.299870,-1.160845,-0.763776,0.019584,0.783360,0.133180,-0.138158,0.003543,0.141701,-0.055551,2.238509,-0.057398,-2.295907,-0.914988,0.372793,-0.009559,-0.382352,0.018028,-0.082262,0.002109,0.084372,-0.028902,0.714029,-0.018308,-0.732338,-0.139702,0.762871,-0.019561,-0.782431,0.170034,-0.445511,0.011423,0.456934,0.519405,-1.303329,0.033419,1.336747,-0.983263,0.000000,0.000000,0.000000,3.677713,6.260978,1.183669,-3.616889,-5.350806,0.421411,0.000000,0.000000,0.000000,0.000000,0.000000,0.000000,449.677746,326.221692,1
14.052000,4.376541,-0.282693,0.235138,0.532999,-0.013667,-0.546665,-0.629862,-0.271843,0.006970,0.278814,1.262541,-1.267373,0.032497,1.299870,-1.471579,-0.763776,0.019584,0.783360,0.097723,-0.138158,0.003543,0.141701,-0.033156,2.238509,-0.057398,-2.295907,-0.965181,0.372793,-0.009559,-0.382352,0.019267,-0.082262,0.002109,0.084372,-0.019667,0.714029,-0.018308,-0.732338,-0.170734,0.762871,-0.019561,-0.782431,0.138735,-0.445511,0.011423,0.456934,0.525729,-1.303329,0.033419,1.336747,-1.193985,0.000000,0.000000,0.000000,3.798043,6.598031,1.272029,-3.927297,-5.867385,0.528912,0.000000,0.000000,0.000000,0.000000,0.000000,0.000000,449.747599,326.218921,1
14.056000,4.374748,-0.289850,0.239077,0.439524,-0.011270,-0.450794,-0.521922,-0.200636,0.005145,0.205780,1.164017,-1.040765,0.026686,1.067451,-1.256989,-0.463505,0.011885,0.475389,-0.045448,-0.096137,0.002465,0.098602,-0.039648,2.591769,-0.066456,-2.658224,-1.031138,0.387573,-0.009938,-0.397511,0.003804,-0.059729,0.001532,0.061260,-0.036466,0.111345,-0.002855,-0.114200,0.011979,0.639875,-0.016407,-0.656282,0.210606,-0.269237,0.006904,0.276141,0.482358,-1.265667,0.032453,1.298120,-1.069016,0.000000,0.000000,0.000000,3.556243,6.287004,1.382229,-3.745810,-5.605608,0.483874,0.000000,0.000000,0.000000,0.000000,0.000000,0.000000,449.772589,326.220724,1
14.066000,4.375512,-0.289650,0.236729,0.439524,-0.011270,-0.450794,-0.572188,-0.200636,0.005145,0.205780,1.279233,-1.040765,0.026686,1.067451,-1.578734,-0.463505,0.011885,0.475389,-0.010708,-0.096137,0.002465,0.098602,-0.028345,2.591769,-0.066456,-2.658224,-1.108913,0.387573,-0.009938,-0.397511,0.008432,-0.059729,0.001532,0.061260,-0.020420,0.111345,-0.002855,-0.114200,0.010168,0.639875,-0.016407,-0.656282,0.221850,-0.269237,0.006904,0.276141,0.460626,-1.265667,0.032453,1.298120,-1.262053,0.000000,0.000000,0.000000,3.678121,6.582994,1.467992,-4.019275,-6.097685,0.592541,0.000000,0.000000,0.000000,0.000000,0.000000,0.000000,449.843378,326.221857,1
14.070000,4.380986,-0.291543,0.235631,0.143767,-0.003686,-0.147453,-0.460120,-0.106922,0.002742,0.109663,1.419246,-0.926304,0.023751,0.950056,-1.724676,-0.390193,0.010005,0.400198,-0.002361,-0.080109,0.002054,0.082163,-0.028984,1.784793,-0.045764,-1.830557,-0.581788,0.340466,-0.008730,-0.349196,0.109721,-0.042584,0.001092,0.043675,-0.027195,1.285755,-0.032968,-1.318723,-0.288295,0.352073,-0.009028,-0.361101,0.360027,-0.166819,0.004277,0.171096,0.464659,-1.194105,0.030618,1.224723,-1.194176,0.000000,0.000000,0.000000,3.641853,6.688619,1.566402,-4.183412,-6.020689,0.496573,0.000000,0.000000,0.000000,0.000000,0.000000,0.000000,449.863466,326.215754,1
14.080000,4.381890,-0.291427,0.232882,0.143767,-0.003686,-0.147453,-0.471560,-0.106922,0.002742,0.109663,1.504395,-0.926304,0.023751,0.950056,-1.952540,-0.390193,0.010005,0.400198,-0.002188,-0.080109,0.002054,0.082163,-0.028635,1.784793,-0.045764,-1.830557,-0.680554,0.340466,-0.008730,-0.349196,0.126698,-0.042584,0.001092,0.043675,-0.025733,1.285755,-0.032968,-1.318723,-0.384165,0.352073,-0.009028,-0.361101,0.418735,-0.166819,0.004277,0.171096,0.451848,-1.194105,0.030618,1.224723,-1.389865,0.000000,0.000000,0.000000,3.764200,6.916863,1.618063,-4.336578,-6.324849,0.591046,0.000000,0.000000,0.000000,0.000000,0.000000,0.000000,449.921678,326.198826,1
14.084000,4.398952,-0.286374,0.240834,0.074106,-0.001900,-0.076006,-0.274919,-0.323225,0.008288,0.331513,1.421354,-0.741447,0.019011,0.760459,-1.727910,-0.228454,0.005858,0.234311,-0.032051,-0.052658,0.001350,0.054008,-0.026079,1.352522,-0.034680,-1.387202,-0.486426,0.029516,-0.000757,-0.030273,0.294627,-0.040469,0.001038,0.041507,-0.019945,-0.404290,0.010366,0.414656,0.177302,0.280054,-0.007181,-0.287235,0.304908,-0.335035,0.008591,0.343626,0.616337,-1.141407,0.029267,1.170673,-1.061440,0.000000,0.000000,0.000000,3.553395,6.834755,1.276478,-4.032162,-5.832883,0.677105,0.000000,0.000000,0.000000,0.000000,0.000000,0.000000,449.938138,326.193984,1
14.094000,4.400477,-0.286075,0.238235,0.074106,-0.001900,-0.076006,-0.288256,-0.323225,0.008288,0.331513,1.506447,-0.741447,0.019011,0.760459,-1.944767,-0.228454,0.005858,0.234311,-0.034113,-0.052658,0.001350,0.054008,-0.027806,1.352522,-0.034680,-1.387202,-0.517883,0.029516,-0.000757,-0.030273,0.337499,-0.040469,0.001038,0.041507,-0.021242,-0.404290,0.010366,0.414656,0.187423,0.280054,-0.007181,-0.287235,0.355853,-0.335035,0.008591,0.343626,0.626776,-1.141407,0.029267,1.170673,-1.270090,0.000000,0.000000,0.000000,3.711296,7.165508,1.326967,-4.212434,-6.157780,0.788312,0.000000,0.000000,0.000000,0.000000,0.000000,0.000000,449.984352,326.178426,1
14.096000,4.396453,-0.293113,0.231384,0.155151,-0.003978,-0.159130,-0.405126,-0.176818,0.004534,0.181352,1.545458,-0.768231,0.019698,0.787929,-2.052398,-0.218993,0.005615,0.224608,-0.041371,-0.047851,0.001227,0.049078,-0.036853,1.634998,-0.041923,-1.676921,-0.552210,0.338182,-0.008671,-0.346854,0.214376,-0.032097,0.000823,0.032920,-0.016142,0.230616,-0.005913,-0.236529,0.049348,0.358707,-0.009198,-0.367905,0.357829,-0.239899,0.006151,0.246050,0.512721,-1.060121,0.027183,1.087304,-1.308277,0.000000,0.000000,0.000000,3.736568,6.783737,1.564817,-4.334693,-6.216545,0.566789,0.000000,0.000000,0.000000,0.000000,0.000000,0.000000,449.993684,326.174682,1
14.106000,4.397465,-0.292997,0.228319,0.155151,-0.003978,-0.159130,-0.430379,-0.176818,0.004534,0.181352,1.616063,-0.768231,0.019698,0.787929,-2.226978,-0.218993,0.005615,0.224608,-0.061154,-0.047851,0.001227,0.049078,-0.034911,1.634998,-0.041923,-1.676921,-0.624865,0.338182,-0.008671,-0.346854,0.199127,-0.032097,0.000823,0.032920,-0.016893,0.230616,-0.005913,-0.236529,0.024773,0.358707,-0.009198,-0.367905,0.409372,-0.239899,0.006151,0.246050,0.507492,-1.060121,0.027183,1.087304,-1.498916,0.000000,0.000000,0.000000,3.860481,6.999793,1.608488,-4.452270,-6.437697,0.644085,0.000000,0.000000,0.000000,0.000000,0.000000,0.000000,450.045287,326.153764,1
14.110000,4.409685,-0.291070,0.231574,-0.048569,0.001245,0.049814,-0.298350,0.110952,-0.002845,-0.113797,1.553726,-0.604679,0.015505,0.620184,-2.188959,-0.512803,0.013149,0.525952,-0.011391,-0.033708,0.000864,0.034572,-0.031378,2.292693,-0.058787,-2.351480,-0.541594,0.526647,-0.013504,-0.540151,0.359320,-0.031917,0.000818,0.032735,0.004826,0.079301,-0.002033,-0.081334,0.239064,0.161546,-0.004142,-0.165688,0.427844,0.149499,-0.003833,-0.153332,0.408919,-1.092943,0.028024,1.120967,-1.242255,0.000000,0.000000,0.000000,3.692556,7.020415,1.585404,-4.474216,-6.197276,0.675724,0.000000,0.000000,0.000000,0.000000,0.000000,0.000000,450.063566,326.145675,1
14.120000,4.410856,-0.290800,0.228442,-0.048569,0.001245,0.049814,-0.302270,0.110952,-0.002845,-0.113797,1.616593,-0.604679,0.015505,0.620184,-2.350981,-0.512803,0.013149,0.525952,0.006786,-0.033708,0.000864,0.034572,-0.048064,2.292693,-0.058787,-2.351480,-0.797626,0.526647,-0.013504,-0.540151,0.279616,-0.031917,0.000818,0.032735,-0.012579,0.079301,-0.002033,-0.081334,0.126831,0.161546,-0.004142,-0.165688,0.496854,0.149499,-0.003833,-0.153332,0.400918,-1.092943,0.028024,1.120967,-1.433903,0.000000,0.000000,0.000000,3.819178,7.248913,1.623084,-4.596278,-6.380495,0.742728,0.000000,0.000000,0.000000,0.000000,0.000000,0.000000,450.118074,326.128751,1
14.124000,4.413340,-0.289716,0.228404,-0.019218,0.000493,0.019711,-0.244671,0.318250,-0.008160,-0.326410,1.526508,-0.977560,0.025066,1.002626,-2.302540,-0.425014,0.010898,0.435912,-0.005869,-0.026292,0.000674,0.026966,-0.041014,2.830824,-0.072585,-2.903409,-0.775370,0.406284,-0.010418,-0.416701,0.504184,-0.036199,0.000928,0.037127,-0.016993,0.047687,-0.001223,-0.048909,0.217940,0.057410,-0.001472,-0.058882,0.583843,0.459262,-0.011776,-0.471038,0.284539,-1.538922,0.039460,1.578381,-1.298094,0.000000,0.000000,0.000000,3.904265,7.434990,1.612919,-4.614712,-6.621682,0.890690,0.000000,0.000000,0.000000,0.000000,0.000000,0.000000,450.148095,326.116740,1
14.134000,4.414399,-0.289336,0.225159,-0.019218,0.000493,0.019711,-0.272284,0.318250,-0.008160,-0.326410,1.568705,-0.977560,0.025066,1.002626,-2.420509,-0.425014,0.010898,0.435912,0.003523,-0.026292,0.000674,0.026966,-0.054036,2.830824,-0.072585,-2.903409,-1.051500,0.406284,-0.010418,-0.416701,0.424267,-0.036199,0.000928,0.037127,-0.019994,0.047687,-0.001223,-0.048909,0.118184,0.057410,-0.001472,-0.058882,0.647465,0.459262,-0.011776,-0.471038,0.245967,-1.538922,0.039460,1.578381,-1.441833,-0.001070,-0.003381,-0.002716,3.973760,7.540081,1.613609,-4.702181,-6.716224,0.932261,0.000000,0.000000,0.000000,0.000000,0.000000,0.000000,450.234227,326.091696,1
14.140000,4.421564,-0.301771,0.231716,0.327710,-0.008403,-0.336113,-0.143537,0.410934,-0.010537,-0.421471,1.422388,-1.665096,0.042695,1.707791,-1.961521,0.512104,-0.013131,-0.525235,-0.506750,-0.021543,0.000552,0.022095,-0.065083,2.790367,-0.071548,-2.861915,-1.047061,-0.804175,0.020620,0.824795,1.262906,-1.035807,0.026559,1.062366,0.277140,-0.285942,0.007332,0.293273,0.346737,-0.023178,0.000594,0.023773,0.770509,0.976547,-0.025040,-1.001587,-0.126261,-2.536281,0.065033,2.601314,-0.501183,0.000000,0.000000,0.000000,3.669408,6.070870,1.478177,-4.222289,-6.607324,0.502592,-0.167172,0.087434,0.053115,0.000000,0.000000,0.000000,450.295116,326.089530,1
14.150000,4.422549,-0.302290,0.229107,0.327710,-0.008403,-0.336113,-0.174852,0.410934,-0.010537,-0.421471,1.490648,-1.665096,0.042695,1.707791,-2.044957,0.512104,-0.013131,-0.525235,-0.636030,-0.021543,0.000552,0.022095,-0.048314,2.790367,-0.071548,-2.861915,-1.160945,-0.804175,0.020620,0.824795,1.229859,-1.035807,0.026559,1.062366,0.310242,-0.285942,0.007332,0.293273,0.208933,-0.023178,0.000594,0.023773,0.825593,0.976547,-0.025040,-1.001587,-0.103075,-2.536281,0.065033,2.601314,-0.659974,0.000000,0.000000,0.000000,3.883779,6.479764,1.609547,-4.256255,-6.739144,0.555523,-0.655466,0.393045,0.184413,0.000000,0.000000,0.000000,450.405935,326.083580,1
14.154000,4.446333,-0.277431,0.228244,-0.311228,0.007980,0.319208,-0.413912,1.366870,-0.035048,-1.401918,1.089289,-2.056296,0.052726,2.109021,-1.255411,0.837081,-0.021464,-0.858545,-0.632478,-0.000854,0.000022,0.000876,0.218561,1.000166,-0.025645,-1.025811,-1.683144,-0.356115,0.009131,0.365246,1.082942,-0.054989,0.001410,0.056399,0.114719,-0.019066,0.000489,0.019554,0.216511,-0.812814,0.020841,0.833655,0.866973,2.223758,-0.057019,-2.280778,-0.619750,-3.330899,0.085408,3.416306,-0.014033,2.544588,-6.312335,-0.640780,2.763224,6.872594,1.382715,-4.768876,-4.774419,0.417406,0.000000,0.000000,0.000000,0.000000,0.000000,0.000000,450.442604,326.085410,1
14.164000,4.448078,-0.276403,0.226387,-0.311228,0.007980,0.319208,-0.520050,1.366870,-0.035048,-1.401918,1.115235,-2.056296,0.052726,2.109021,-1.173475,0.837081,-0.021464,-0.858545,-0.771356,-0.000854,0.000022,0.000876,0.505651,1.000166,-0.025645,-1.025811,-2.495833,-0.356115,0.009131,0.365246,0.969671,-0.054989,0.001410,0.056399,0.037545,-0.019066,0.000489,0.019554,0.124396,-0.812814,0.020841,0.833655,0.805682,2.223758,-0.057019,-2.280778,-0.531657,-3.330899,0.085408,3.416306,-0.148902,2.309917,-6.395708,-0.928687,2.823602,7.390365,1.558767,-4.662277,-4.479655,0.327575,0.000000,0.000000,0.000000,0.000000,0.000000,0.000000,450.544394,326.092939,1
14.170000,4.423902,-0.298471,0.223802,-0.399779,0.010251,0.410030,-0.021574,1.405858,-0.036048,-1.441906,0.930941,-1.860148,0.047696,1.907844,-1.486101,0.628002,-0.016103,-0.644104,-0.890042,0.035923,-0.000921,-0.036844,-0.127100,0.890539,-0.022834,-0.913373,-0.335495,-0.161828,0.004149,0.165977,0.965017,-0.044230,0.001134,0.045364,0.002632,0.030430,-0.000780,-0.031210,0.052424,-0.990881,0.025407,1.016288,1.446842,2.558729,-0.065608,-2.624338,-0.811884,-3.551615,0.091067,3.642682,-0.499043,1.337222,-2.215997,0.170010,3.314325,6.610781,1.926280,-4.347991,-6.048189,0.222283,0.208201,0.428856,-0.346979,0.000000,0.000000,0.000000,450.608304,326.084778,1
14.180000,4.424037,-0.298655,0.221264,-0.399779,0.010251,0.410030,-0.082715,1.405858,-0.036048,-1.441906,1.002437,-1.860148,0.047696,1.907844,-1.663095,0.628002,-0.016103,-0.644104,-0.668667,0.035923,-0.000921,-0.036844,-0.301023,0.890539,-0.022834,-0.913373,-0.653778,-0.161828,0.004149,0.165977,0.962654,-0.044230,0.001134,0.045364,-0.007030,0.030430,-0.000780,-0.031210,-0.015634,-0.990881,0.025407,1.016288,1.470551,2.558729,-0.065608,-2.624338,-0.902015,-3.551615,0.091067,3.642682,-0.548773,3.286816,-6.652722,-0.096051,3.256314,6.431927,1.871797,-4.617575,-6.150812,0.079047,0.279311,3.543198,-1.948680,0.000000,0.000000,0.000000,450.725428,326.068871,1
14.188000,4.453263,-0.290105,0.228288,-0.007083,0.000182,0.007265,-0.553863,1.044057,-0.026771,-1.070828,0.923687,-2.394620,0.061401,2.456021,-0.604523,0.395313,-0.010136,-0.405449,-0.758482,1.076994,-0.027615,-1.104610,0.420273,-1.883787,0.048302,1.932089,-1.680743,-0.780912,0.020023,0.800936,0.918030,-0.048405,0.001241,0.049646,-0.000969,-0.107779,0.002764,0.110543,0.096268,-0.759730,0.019480,0.779210,0.786418,2.241548,-0.057476,-2.299024,-0.573761,-3.964835,0.101662,4.066497,0.294061,2.199720,-7.292213,-1.418663,2.912783,7.236973,1.745322,-4.017589,-3.679781,-0.091047,0.000000,0.000000,0.000000,0.000000,0.000000,0.000000,450.808393,326.052804,1
14.198000,4.454473,-0.290035,0.227415,-0.007083,0.000182,0.007265,-0.649900,1.044057,-0.026771,-1.070828,0.926134,-2.394620,0.061401,2.456021,-0.519846,0.395313,-0.010136,-0.405449,-0.898314,1.076994,-0.027615,-1.104610,0.499091,-1.883787,0.048302,1.932089,-1.870362,-0.780912,0.020023,0.800936,0.942148,-0.048405,0.001241,0.049646,-0.008199,-0.107779,0.002764,0.110543,0.074151,-0.759730,0.019480,0.779210,0.695456,2.241548,-0.057476,-2.299024,-0.478506,-3.964835,0.101662,4.066497,0.150742,1.975572,-6.843624,-1.419613,2.867694,7.390762,1.856963,-3.929867,-3.565265,-0.095088,0.000000,0.000000,0.000000,0.000000,0.000000,0.000000,450.906600,326.022238,1
14.204000,4.441562,-0.297177,0.228435,1.334422,-0.034216,-1.368638,-1.041370,0.843938,-0.021639,-0.865577,0.238141,-4.099235,0.105109,4.204344,1.848990,1.325380,-0.033984,-1.359364,-0.936066,1.166673,-0.029915,-1.196588,0.867587,-4.418742,0.113301,4.532044,0.275941,-2.242905,0.057510,2.300416,-0.434619,-0.011498,0.000295,0.011793,1.999758,-0.175974,0.004512,0.180486,-1.563626,0.328807,-0.008431,-0.337238,0.916190,1.207054,-0.030950,-1.238004,0.050237,-3.767308,0.096598,3.863906,1.928907,3.216494,-5.913356,-0.136431,0.000000,0.000000,0.000000,-1.593234,-3.312276,1.030815,-4.906099,13.131361,-3.719581,0.000000,0.000000,0.000000,451.039177,326.120046,1
14.214000,4.439717,-0.290445,0.235629,0.541226,-0.013878,-0.555104,0.123502,0.998892,-0.025613,-1.024505,0.004221,-3.066614,0.078631,3.145245,1.216781,0.473670,-0.012145,-0.485816,0.100821,2.368891,-0.060741,-2.429631,0.510281,-5.211297,0.133623,5.344920,0.576580,-1.603493,0.041115,1.644608,-0.076058,-0.031893,0.000818,0.032711,1.328160,-0.168136,0.004311,0.172447,-1.282623,-0.491231,0.012596,0.503826,1.149098,2.435689,-0.062454,-2.498143,-1.013318,-4.653817,0.119329,4.773146,2.422286,2.879295,-5.324445,-0.016252,0.000000,0.000000,0.000000,-0.675743,-1.756626,0.660915,-3.055639,7.186766,-1.023241,0.000000,0.000000,0.000000,451.272502,326.319212,1
14.220000,4.467761,-0.317352,0.246356,0.534250,-0.013699,-0.547949,0.056556,0.709324,-0.018188,-0.727512,0.382561,-3.926481,0.100679,4.027160,1.115558,0.507289,-0.013007,-0.520296,0.169191,1.450985,-0.037205,-1.488190,1.152925,-4.760738,0.122070,4.882809,-0.399238,-1.168034,0.029950,1.197984,0.157117,-0.409597,0.010502,0.420099,1.426746,-1.620638,0.041555,1.662193,-0.948653,-1.611110,0.041311,1.652421,0.099622,0.543705,-0.013941,-0.557646,-0.355068,1.020097,-0.026156,-1.046254,-0.173641,3.598053,-5.982394,-0.288634,0.000000,0.000000,0.000000,-2.034152,-4.202977,1.103182,-2.437314,8.422720,-1.417094,0.000000,0.000000,0.000000,451.341285,326.320323,1
14.230000,4.468751,-0.318381,0.246843,0.534250,-0.013699,-0.547949,0.240299,0.709324,-0.018188,-0.727512,0.595780,-3.926481,0.100679,4.027160,0.624239,0.507289,-0.013007,-0.520296,0.275714,1.450985,-0.037205,-1.488190,0.959621,-4.760738,0.122070,4.882809,-0.117999,-1.168034,0.029950,1.197984,0.265280,-0.409597,0.010502,0.420099,1.346854,-1.620638,0.041555,1.662193,-0.861199,-1.611110,0.041311,1.652421,0.312296,0.543705,-0.013941,-0.557646,-0.351975,1.020097,-0.026156,-1.046254,-0.267703,3.419047,-5.275518,-0.154986,0.000000,0.000000,0.000000,-1.793167,-4.126546,1.191049,-2.294289,8.109212,-1.357548,0.000000,0.000000,0.000000,451.426627,326.322779,1
14.234000,4.456840,-0.303689,0.248530,0.560406,-0.014369,-0.574775,-1.034291,0.309867,-0.007945,-0.317812,0.873492,-3.382471,0.086730,3.469201,0.776061,0.550563,-0.014117,-0.564680,1.657168,0.728860,-0.018689,-0.747549,0.496415,-3.326916,0.085306,3.412222,0.350452,-0.800977,0.020538,0.821514,1.418150,-0.214377,0.005497,0.219874,0.484337,-2.631210,0.067467,2.698677,0.228596,-4.142087,0.106207,4.248294,2.475336,1.051840,-0.026970,-1.078810,-0.724082,0.648612,-0.016631,-0.665243,-0.590673,3.398828,-4.014711,1.289730,0.000000,0.000000,0.000000,0.000000,0.000000,0.000000,-0.870187,5.832936,-2.211322,0.000000,0.000000,0.000000,451.505209,326.388685,1
14.244000,4.456669,-0.303454,0.248817,0.560406,-0.014369,-0.574775,-0.914547,0.309867,-0.007945,-0.317812,0.377552,-3.382471,0.086730,3.469201,1.303786,0.550563,-0.014117,-0.564680,1.471259,0.728860,-0.018689,-0.747549,0.522674,-3.326916,0.085306,3.412222,0.203457,-0.800977,0.020538,0.821514,1.206708,-0.214377,0.005497,0.219874,0.523542,-2.631210,0.067467,2.698677,-0.047778,-4.142087,0.106207,4.248294,2.684990,1.051840,-0.026970,-1.078810,-0.711287,0.648612,-0.016631,-0.665243,-0.340063,3.560097,-5.128943,1.008842,0.000000,0.000000,0.000000,0.000000,0.000000,0.000000,-1.219590,6.597893,-2.375830,0.000000,0.000000,0.000000,451.712410,326.566477,1
14.248000,4.463413,-0.304432,0.240705,-0.032758,0.000840,0.033598,0.399206,0.954654,-0.024478,-0.979132,-0.435925,-3.926628,0.100683,4.027311,2.705682,1.493725,-0.038301,-1.532026,-0.445334,0.519335,-0.013316,-0.532651,0.532478,-1.804027,0.046257,1.850285,-0.612369,0.843391,-0.021625,-0.865017,-0.789283,0.084143,-0.002158,-0.086300,0.305029,-1.440065,0.036925,1.476989,-0.713895,-1.626541,0.041706,1.668247,0.185137,1.116889,-0.028638,-1.145527,-0.926676,0.428099,-0.010977,-0.439076,-0.187327,2.758906,-5.292065,-0.068352,0.000000,0.000000,0.000000,0.000000,0.000000,0.000000,-1.875573,6.208154,-1.659627,0.000000,0.000000,0.000000,451.779018,326.613106,1
14.258000,4.463744,-0.304071,0.239270,-0.032758,0.000840,0.033598,0.337476,0.954654,-0.024478,-0.979132,-0.439667,-3.926628,0.100683,4.027311,2.297921,1.493725,-0.038301,-1.532026,-0.491860,0.519335,-0.013316,-0.532651,0.621583,-1.804027,0.046257,1.850285,-0.868335,0.843391,-0.021625,-0.865017,-0.886385,0.084143,-0.002158,-0.086300,0.312255,-1.440065,0.036925,1.476989,-0.935300,-1.626541,0.041706,1.668247,0.352251,1.116889,-0.028638,-1.145527,-0.801962,0.428099,-0.010977,-0.439076,-0.113348,3.000178,-5.938675,-0.157090,0.000000,0.000000,0.000000,0.000000,0.000000,0.000000,-2.052174,6.670225,-1.777952,0.000000,0.000000,0.000000,451.940205,326.707371,1
14.262000,4.469070,-0.306823,0.240483,1.262424,-0.032370,-1.294794,-0.180044,0.117437,-0.003011,-0.120448,-0.121402,1.415548,-0.036296,-1.451844,-0.691865,0.168882,-0.004330,-0.173212,0.155449,0.176272,-0.004520,-0.180792,0.854048,-1.646407,0.042216,1.688622,-0.874961,-0.237784,0.006097,0.243881,-0.364572,-0.184730,0.004737,0.189466,0.387862,-1.426734,0.036583,1.463317,-0.763787,-1.188667,0.030479,1.219145,0.224840,0.499145,-0.012799,-0.511944,-0.387033,0.203653,-0.005222,-0.208875,-0.026973,2.719602,-5.689369,-0.339518,0.000000,0.000000,0.000000,0.000000,0.000000,0.000000,-2.408865,6.549679,-1.362596,0.000000,0.000000,0.000000,451.958881,326.703123,1
14.272000,4.469793,-0.307041,0.238747,1.262424,-0.032370,-1.294794,-0.310550,0.117437,-0.003011,-0.120448,-0.134680,1.415548,-0.036296,-1.451844,-0.626733,0.168882,-0.004330,-0.173212,0.180083,0.176272,-0.004520,-0.180792,0.961388,-1.646407,0.042216,1.688622,-1.150511,-0.237784,0.006097,0.243881,-0.389334,-0.184730,0.004737,0.189466,0.417709,-1.426734,0.036583,1.463317,-1.003194,-1.188667,0.030479,1.219145,0.279446,0.499145,-0.012799,-0.511944,-0.347811,0.203653,-0.005222,-0.208875,-0.012677,2.907784,-6.285747,-0.472721,0.000000,0.000000,0.000000,0.000000,0.000000,0.000000,-2.554590,7.016420,-1.472967,0.000000,0.000000,0.000000,452.015276,326.685304,1
14.276000,4.475147,-0.310198,0.235476,1.633220,-0.041877,-1.675098,-0.614301,-0.145676,0.003735,0.149412,-0.200987,3.714839,-0.095252,-3.810092,-1.185156,0.146133,-0.003747,-0.149880,0.356454,-0.095746,0.002455,0.098201,1.026026,-1.526754,0.039148,1.565901,-1.025531,-0.160465,0.004114,0.164580,-0.456699,-0.331749,0.008506,0.340256,0.303376,-1.615037,0.041411,1.656448,-0.911342,-1.232229,0.031596,1.263825,0.365636,0.400462,-0.010268,-0.410731,-0.299090,0.235325,-0.006034,-0.241359,-0.019810,2.734817,-6.021343,-0.271578,0.000000,0.000000,0.000000,0.000000,0.000000,0.000000,-2.374113,6.445476,-1.504075,0.000000,0.000000,0.000000,452.053726,326.697561,1
14.286000,4.475856,-0.310441,0.233395,1.633220,-0.041877,-1.675098,-0.716963,-0.145676,0.003735,0.149412,-0.123550,3.714839,-0.095252,-3.810092,-1.500603,0.146133,-0.003747,-0.149880,0.352914,-0.095746,0.002455,0.098201,1.138781,-1.526754,0.039148,1.565901,-1.321467,-0.160465,0.004114,0.164580,-0.522645,-0.331749,0.008506,0.340256,0.311796,-1.615037,0.041411,1.656448,-1.142843,-1.232229,0.031596,1.263825,0.378766,0.400462,-0.010268,-0.410731,-0.273493,0.235325,-0.006034,-0.241359,-0.011121,2.883985,-6.555989,-0.394847,0.000000,0.000000,0.000000,0.000000,0.000000,0.000000,-2.488747,6.865718,-1.625747,0.000000,0.000000,0.000000,452.172223,326.733664,1
14.290000,4.488078,-0.314306,0.241079,0.681146,-0.017465,-0.698611,-0.306928,-0.045795,0.001174,0.046969,-0.102514,1.895486,-0.048602,-1.944088,-0.855372,0.476240,-0.012211,-0.488451,0.182590,0.069562,-0.001784,-0.071345,1.092689,-0.866508,0.022218,0.888727,-1.236263,0.223406,-0.005728,-0.229134,-0.349389,0.098184,-0.002518,-0.100702,0.418938,-1.384482,0.035500,1.419982,-0.745092,-0.646866,0.016586,0.663452,0.002501,0.045527,-0.001167,-0.046695,-0.047196,0.081525,-0.002090,-0.083615,0.012697,2.990325,-5.664764,-0.247169,0.000000,0.000000,0.000000,0.000000,0.000000,0.000000,-1.995333,6.995589,-1.555400,0.000000,0.000000,0.000000,452.189556,326.732021,1
14.300000,4.489333,-0.314713,0.239027,0.681146,-0.017465,-0.698611,-0.266328,-0.045795,0.001174,0.046969,-0.071037,1.895486,-0.048602,-1.944088,-0.852368,0.476240,-0.012211,-0.488451,0.155063,0.069562,-0.001784,-0.071345,1.203188,-0.866508,0.022218,0.888727,-1.533941,0.223406,-0.005728,-0.229134,-0.430019,0.098184,-0.002518,-0.100702,0.432641,-1.384482,0.035500,1.419982,-0.979847,-0.646866,0.016586,0.663452,-0.001862,0.045527,-0.001167,-0.046695,-0.057034,0.081525,-0.002090,-0.083615,0.009829,3.132870,-6.195489,-0.408846,0.000000,0.000000,0.000000,0.000000,0.000000,0.000000,-2.156298,7.447601,-1.621430,0.000000,0.000000,0.000000,452.238651,326.721813,1
14.304000,4.488592,-0.312085,0.237135,0.803340,-0.020598,-0.823939,-0.127692,-0.059353,0.001522,0.060875,-0.041866,2.296511,-0.058885,-2.355396,-0.923152,0.409482,-0.010500,-0.419981,0.194590,0.015279,-0.000392,-0.015670,1.152538,-0.951284,0.024392,0.975676,-1.463395,0.155304,-0.003982,-0.159286,-0.415917,-0.053656,0.001376,0.055032,0.407208,-1.343277,0.034443,1.377720,-0.963671,-0.904656,0.023196,0.927853,0.016887,0.217698,-0.005582,-0.223280,-0.095704,0.170159,-0.004363,-0.174522,0.002569,3.154375,-6.123752,-0.327877,0.000000,0.000000,0.000000,0.000000,0.000000,0.000000,-2.307274,7.048945,-1.650448,0.000000,0.000000,0.000000,452.259705,326.720001,1
14.314000,4.489477,-0.312296,0.234773,0.803340,-0.020598,-0.823939,-0.154148,-0.059353,0.001522,0.060875,-0.030418,2.296511,-0.058885,-2.355396,-0.985021,0.409482,-0.010500,-0.419981,0.167107,0.015279,-0.000392,-0.015670,1.240957,-0.951284,0.024392,0.975676,-1.718199,0.155304,-0.003982,-0.159286,-0.503292,-0.053656,0.001376,0.055032,0.416561,-1.343277,0.034443,1.377720,-1.205123,-0.904656,0.023196,0.927853,0.014798,0.217698,-0.005582,-0.223280,-0.121651,0.170159,-0.004363,-0.174522,-0.000053,3.279595,-6.562027,-0.456430,0.000000,0.000000,0.000000,0.000000,0.000000,0.000000,-2.452137,7.412411,-1.715882,0.000000,0.000000,0.000000,452.319899,326.711630,1
14.318000,4.494491,-0.312010,0.234672,0.935046,-0.023976,-0.959022,-0.163301,-0.039674,0.001017,0.040691,-0.042001,2.825502,-0.072449,-2.897950,-1.175924,0.204658,-0.005248,-0.209906,0.318222,-0.111532,0.002860,0.114392,1.324039,-0.980127,0.025131,1.005258,-1.542971,-0.034181,0.000876,0.035057,-0.429600,-0.233287,0.005982,0.239268,0.442634,-1.282170,0.032876,1.315046,-1.040476,-0.749639,0.019222,0.768860,0.011746,0.072850,-0.001868,-0.074718,-0.029632,0.121386,-0.003112,-0.124498,0.012091,2.932063,-6.390418,-0.201463,0.000000,0.000000,0.000000,0.000000,0.000000,0.000000,-2.288491,6.848492,-1.805307,0.000000,0.000000,0.000000,452.347248,326.714944,1
14.328000,4.495360,-0.312010,0.232146,0.935046,-0.023976,-0.959022,-0.205698,-0.039674,0.001017,0.040691,-0.036782,2.825502,-0.072449,-2.897950,-1.241393,0.204658,-0.005248,-0.209906,0.296254,-0.111532,0.002860,0.114392,1.418615,-0.980127,0.025131,1.005258,-1.796263,-0.034181,0.000876,0.035057,-0.518195,-0.233287,0.005982,0.239268,0.441090,-1.282170,0.032876,1.315046,-1.258951,-0.749639,0.019222,0.768860,0.010915,0.072850,-0.001868,-0.074718,-0.046098,0.121386,-0.003112,-0.124498,0.007194,3.029387,-6.804597,-0.307042,0.000000,0.000000,0.000000,0.000000,0.000000,0.000000,-2.412024,7.167931,-1.884902,0.000000,0.000000,0.000000,452.423433,326.720248,1
14.332000,4.505283,-0.314677,0.239466,0.750635,-0.019247,-0.769882,-0.066336,-0.028735,0.000737,0.029472,-0.042816,2.950047,-0.075642,-3.025689,-1.236377,0.205078,-0.005258,-0.210336,0.140443,-0.051345,0.001317,0.052661,1.286660,-0.686062,0.017591,0.703654,-1.800614,0.017142,-0.000440,-0.017581,-0.412292,0.025020,-0.000642,-0.025661,0.386786,-1.267845,0.032509,1.300354,-0.959330,-0.354352,0.009086,0.363438,-0.100473,-0.418130,0.010721,0.428851,0.049165,-0.058478,0.001499,0.059977,0.103353,3.016252,-6.473309,-0.489947,0.000000,0.000000,0.000000,0.000000,0.000000,0.000000,-2.362804,7.101601,-1.548973,0.000000,0.000000,0.000000,452.449377,326.725458,1
14.342000,4.506333,-0.314794,0.236895,0.745477,-0.019115,-0.764592,-0.071018,-0.028777,0.000738,0.029515,-0.036087,2.929290,-0.075110,-3.004400,-1.292280,0.206935,-0.005306,-0.212241,0.134999,-0.050864,0.001304,0.052168,1.374315,-0.683808,0.017534,0.701341,-2.026271,0.019218,-0.000493,-0.019710,-0.481077,0.025750,-0.000660,-0.026410,0.402186,-1.265322,0.032444,1.297766,-1.186045,-0.352284,0.009033,0.361317,-0.120235,-0.417255,0.010699,0.427954,0.024116,-0.058444,0.001499,0.059943,0.062627,3.126182,-6.827990,-0.585137,0.000000,0.000000,0.000000,0.000000,0.000000,0.000000,-2.493326,7.474329,-1.625032,0.000000,0.000000,0.000000,452.520138,326.735338,1
14.346000,4.512281,-0.321839,0.233311,0.679373,-0.017420,-0.696793,-0.053614,-0.023619,0.000606,0.024225,-0.037354,1.891547,-0.048501,-1.940048,-0.743924,0.157740,-0.004045,-0.161784,0.372981,-0.150765,0.003866,0.154631,1.427416,-0.918437,0.023550,0.941987,-1.770563,-0.098959,0.002537,0.101496,-0.289710,-0.382681,0.009812,0.392493,0.597927,-1.048760,0.026891,1.075651,-1.233479,-0.555667,0.014248,0.569915,-0.132569,-0.008928,0.000229,0.009157,-0.012051,0.096590,-0.002477,-0.099067,0.017675,3.211407,-6.480878,-0.630080,0.000000,0.000000,0.000000,0.000000,0.000000,0.000000,-2.324730,7.357234,-1.489928,0.000000,0.000000,0.000000,452.540533,326.730432,1
14.356000,4.513528,-0.322501,0.230495,0.679373,-0.017420,-0.696793,-0.049573,-0.023619,0.000606,0.024225,-0.041641,1.891547,-0.048501,-1.940048,-0.787216,0.157740,-0.004045,-0.161784,0.385142,-0.150765,0.003866,0.154631,1.510385,-0.918437,0.023550,0.941987,-1.965534,-0.098959,0.002537,0.101496,-0.350308,-0.382681,0.009812,0.392493,0.607927,-1.048760,0.026891,1.075651,-1.437409,-0.555667,0.014248,0.569915,-0.088159,-0.008928,0.000229,0.009157,-0.023227,0.096590,-0.002477,-0.099067,0.011664,3.303512,-6.775299,-0.745599,0.000000,0.000000,0.000000,0.000000,0.000000,0.000000,-2.440617,7.685893,-1.528852,0.000000,0.000000,0.000000,452.596354,326.715289,1
14.362000,4.517490,-0.309879,0.237036,0.493617,-0.012657,-0.506274,0.006925,-0.021594,0.000554,0.022148,-0.035200,2.117131,-0.054285,-2.171416,-0.837770,0.117710,-0.003018,-0.120728,0.180234,-0.149728,0.003839,0.153567,1.461034,-0.577505,0.014808,0.592313,-2.043050,-0.072720,0.001865,0.074585,-0.405244,-0.113176,0.002902,0.116078,0.472673,-1.080113,0.027695,1.107808,-1.152269,-0.100276,0.002571,0.102848,-0.229814,-0.604509,0.015500,0.620009,0.172914,-0.134096,0.003438,0.137535,0.153006,3.085226,-6.803961,-0.552671,0.000000,0.000000,0.000000,0.000000,0.000000,0.000000,-2.453491,7.174629,-1.707908,0.000000,0.000000,0.000000,452.625113,326.713250,1
14.372000,4.518438,-0.309799,0.234167,0.493617,-0.012657,-0.506274,0.010177,-0.021594,0.000554,0.022148,-0.036233,2.117131,-0.054285,-2.171416,-0.887224,0.117710,-0.003018,-0.120728,0.174523,-0.149728,0.003839,0.153567,1.538639,-0.577505,0.014808,0.592313,-2.231183,-0.072720,0.001865,0.074585,-0.486411,-0.113176,0.002902,0.116078,0.473259,-1.080113,0.027695,1.107808,-1.353532,-0.100276,0.002571,0.102848,-0.285283,-0.604509,0.015500,0.620009,0.139952,-0.134096,0.003438,0.137535,0.107942,3.164212,-7.083564,-0.630679,0.000000,0.000000,0.000000,0.000000,0.000000,0.000000,-2.574059,7.449544,-1.763788,0.000000,0.000000,0.000000,452.677443,326.707307,1
14.374000,4.554458,-0.329838,0.232683,-2.332126,0.059798,2.391924,1.606783,-0.007351,0.000188,0.007540,-0.003683,-3.032239,0.077750,3.109989,1.420551,-0.965504,0.024757,0.990261,1.070448,0.180054,-0.004617,-0.184671,1.640068,-2.500618,0.064118,2.564737,-1.092980,-0.217764,0.005584,0.223348,-0.037545,0.509165,-0.013056,-0.522221,0.361526,-2.554904,0.065510,2.620414,-0.327658,3.006592,-0.077092,-3.083684,-1.736928,-1.514237,0.038827,1.553064,0.579231,-0.578463,0.014832,0.593296,0.360636,2.991904,-6.322114,-1.343075,0.000000,0.000000,0.000000,-0.785436,-0.749366,-0.072393,-2.117952,7.165259,-1.320323,0.000000,0.000000,0.000000,452.717349,326.730565,1
14.384000,4.542258,-0.324595,0.231754,-0.658155,0.016876,0.675031,0.965882,0.006062,-0.000155,-0.006217,-0.043242,1.168022,-0.029949,-1.197971,-0.199628,-0.610306,0.015649,0.625955,0.545543,1.059959,-0.027178,-1.087138,1.306211,-2.525362,0.064753,2.590114,-1.636795,0.051684,-0.001325,-0.053009,-0.373602,1.458674,-0.037402,-1.496076,-0.034749,-2.806836,0.071970,2.878806,-0.538442,1.399722,-0.035890,-1.435612,-1.569502,-0.904598,0.023195,0.927792,0.386456,-0.293453,0.007524,0.300977,0.267148,3.184321,-7.457424,-1.364379,0.000000,0.000000,0.000000,-0.231702,-0.219616,-0.055553,-2.464600,7.675428,-1.564128,0.000000,0.000000,0.000000,452.829413,326.698438,1
14.388000,4.535065,-0.320774,0.229831,0.584612,-0.014990,-0.599602,0.523517,0.023929,-0.000614,-0.024542,-0.083049,4.193392,-0.107523,-4.300915,-0.925188,-0.475614,0.012195,0.487809,0.388337,1.221737,-0.031327,-1.253063,1.181465,-2.770651,0.071042,2.841694,-1.777678,0.123985,-0.003179,-0.127164,-0.576130,1.593513,-0.040859,-1.634372,-0.208284,-3.114884,0.079869,3.194753,-0.649270,-0.021764,0.000558,0.022323,-1.113937,-0.320903,0.008228,0.329132,0.116420,0.853481,-0.021884,-0.875365,0.216367,3.208156,-8.072807,-1.312377,0.000000,0.000000,0.000000,-0.000211,-0.000552,0.000210,-2.651692,7.750988,-1.689645,0.000000,0.000000,0.000000,452.884442,326.680390,1
14.398000,4.534873,-0.324522,0.226462,0.187795,-0.004815,-0.192610,0.372894,0.023544,-0.000604,-0.024147,-0.068059,3.385876,-0.086817,-3.472693,-1.326129,-0.369517,0.009475,0.378992,0.407089,1.194299,-0.030623,-1.224922,1.156427,-2.515938,0.064511,2.580449,-1.823555,0.289479,-0.007423,-0.296901,-0.669131,1.735437,-0.044498,-1.779935,-0.312314,-3.068068,0.078668,3.146737,-0.728852,0.409504,-0.010500,-0.420004,-1.138140,-0.457884,0.011741,0.469625,0.088891,-0.441865,0.011330,0.453194,0.338634,3.263467,-7.654637,-1.383858,0.001715,0.000398,-0.000725,0.012031,-0.100921,0.073832,-2.569562,7.929442,-1.612978,0.000000,0.000000,0.000000,453.031206,326.657406,1
14.402000,4.553803,-0.341464,0.227987,-0.377251,0.009673,0.386925,0.693324,0.021070,-0.000540,-0.021610,0.438614,1.688432,-0.043293,-1.731725,-2.082161,0.033779,-0.000866,-0.034645,0.541177,1.378677,-0.035351,-1.414028,1.044825,-2.560225,0.065647,2.625871,-1.159976,0.786609,-0.020169,-0.806778,-0.573856,2.226883,-0.057100,-2.283982,-0.433087,-3.563506,0.091372,3.654878,-0.003997,0.467074,-0.011976,-0.479050,-1.137182,-0.305375,0.007830,0.313205,0.183002,-0.086810,0.002226,0.089036,0.535225,3.650619,-5.653548,-0.955429,0.000000,0.000000,0.000000,-2.326197,-4.860293,0.835521,-1.913703,8.093137,-1.215051,0.000000,0.000000,0.000000,453.073374,326.663044,1
14.412000,4.555566,-0.343172,0.226184,-0.377251,0.009673,0.386925,0.883345,0.021070,-0.000540,-0.021610,0.708432,1.688432,-0.043293,-1.731725,-2.699605,0.033779,-0.000866,-0.034645,0.602236,1.378677,-0.035351,-1.414028,1.031465,-2.560225,0.065647,2.625871,-1.070423,0.786609,-0.020169,-0.806778,-0.560453,2.226883,-0.057100,-2.283982,-0.373084,-3.563506,0.091372,3.654878,-0.138396,0.467074,-0.011976,-0.479050,-1.094923,-0.305375,0.007830,0.313205,0.108885,-0.086810,0.002226,0.089036,0.288894,3.592358,-5.382433,-0.894925,0.000000,0.000000,0.000000,-2.236508,-5.073275,1.039763,-1.882152,8.368084,-1.272412,0.000000,0.000000,0.000000,453.190541,326.683985,1
14.418000,4.536561,-0.314024,0.227923,-0.399919,0.010254,0.410173,0.837722,0.035663,-0.000914,-0.036577,-0.131697,1.450378,-0.037189,-1.487567,-0.560754,0.224046,-0.005745,-0.229790,0.015034,1.629300,-0.041777,-1.671077,0.896747,-2.187641,0.056093,2.243734,-1.402949,1.007200,-0.025826,-1.033026,-1.350339,2.826715,-0.072480,-2.899195,-0.637271,-3.763784,0.096507,3.860291,-0.633683,0.270079,-0.006925,-0.277005,-1.061816,-0.282984,0.007256,0.290240,0.029597,0.348377,-0.008933,-0.357309,0.031153,3.098822,-7.100857,-0.662389,0.303220,2.551315,1.346323,-0.133602,-0.170075,-0.006946,-2.469852,7.800230,-2.063342,0.000000,0.000000,0.000000,453.261551,326.669709,1
14.428000,4.536694,-0.314027,0.225554,-0.399919,0.010254,0.410173,0.783655,0.035663,-0.000914,-0.036577,-0.162296,1.450378,-0.037189,-1.487567,-0.611750,0.224046,-0.005745,-0.229790,0.048670,1.629300,-0.041777,-1.671077,0.897308,-2.187641,0.056093,2.243734,-1.621039,1.007200,-0.025826,-1.033026,-1.388780,2.826715,-0.072480,-2.899195,-0.866674,-3.763784,0.096507,3.860291,-0.600300,0.270079,-0.006925,-0.277005,-1.237253,-0.282984,0.007256,0.290240,0.110486,0.348377,-0.008933,-0.357309,-0.383685,3.122051,-7.496773,-0.826378,0.630674,2.865690,1.364222,-0.834787,-1.177205,0.033753,-2.403086,7.134861,-1.786907,0.000000,0.000000,0.000000,453.393168,326.652023,1
14.434000,4.557488,-0.319717,0.230986,-0.119494,0.003064,0.122558,0.690484,1.242351,-0.031855,-1.274206,-0.458689,-1.589557,0.040758,1.630315,0.711964,0.076613,-0.001964,-0.078577,-0.004940,1.206966,-0.030948,-1.237914,0.826197,-2.346847,0.060176,2.407022,-1.334485,0.970603,-0.024887,-0.995491,-1.167506,2.637363,-0.067625,-2.704988,-0.870744,-4.192826,0.107508,4.300335,0.274377,0.698096,-0.017900,-0.715996,-1.030976,-0.181809,0.004662,0.186470,-0.021697,0.098529,-0.002526,-0.101055,0.175654,3.153815,-6.650191,-0.941304,0.170286,0.102239,-0.026295,-1.080734,-1.634832,0.045210,-2.636116,7.411355,-1.195672,0.000000,0.000000,0.000000,453.462304,326.670078,1
14.444000,4.558770,-0.320076,0.229191,-0.119494,0.003064,0.122558,0.454064,1.242351,-0.031855,-1.274206,-0.715014,-1.589557,0.040758,1.630315,0.514862,0.076613,-0.001964,-0.078577,0.025047,1.206966,-0.030948,-1.237914,0.920667,-2.346847,0.060176,2.407022,-1.480761,0.970603,-0.024887,-0.995491,-1.208580,2.637363,-0.067625,-2.704988,-0.828328,-4.192826,0.107508,4.300335,0.079458,0.698096,-0.017900,-0.715996,-1.035212,-0.181809,0.004662,0.186470,-0.015007,0.098529,-0.002526,-0.101055,0.089229,3.748749,-6.606443,-0.541786,0.268182,0.313250,0.032246,-4.917662,-7.773719,0.301490,-2.583481,7.862205,-1.427952,0.000000,0.000000,0.000000,453.572809,326.686229,1
14.452000,4.549965,-0.323134,0.225750,-0.341839,0.008765,0.350604,0.494826,0.815558,-0.020912,-0.836470,0.928804,-2.492698,0.063915,2.556613,-1.273929,-0.252845,0.006483,0.259328,0.322786,0.769774,-0.019738,-0.789512,0.924023,-2.811806,0.072098,2.883903,0.328355,0.552726,-0.014172,-0.566899,-1.495366,1.370866,-0.035150,-1.406016,-0.765966,-3.164385,0.081138,3.245524,1.612148,0.860394,-0.022061,-0.882456,-0.741757,-0.400228,0.010262,0.410490,0.378400,0.091793,-0.002354,-0.094146,0.027061,2.182783,-2.583455,0.351965,1.124377,2.031087,0.567423,-3.404392,-5.117213,0.434920,0.169190,1.425068,-0.887021,0.000000,0.000000,0.000000,453.684304,326.721469,1
14.462000,4.549670,-0.323516,0.223519,-0.341839,0.008765,0.350604,0.532459,0.815558,-0.020912,-0.836470,0.978503,-2.492698,0.063915,2.556613,-1.242734,-0.252845,0.006483,0.259328,0.355784,0.769774,-0.019738,-0.789512,1.006987,-2.811806,0.072098,2.883903,0.254710,0.552726,-0.014172,-0.566899,-0.961621,1.370866,-0.035150,-1.406016,-0.570582,-3.164385,0.081138,3.245524,1.369016,0.860394,-0.022061,-0.882456,-0.652898,-0.400228,0.010262,0.410490,0.494863,0.091793,-0.002354,-0.094146,-0.054192,2.132449,-3.618398,-0.211875,5.529868,10.146598,2.943847,-3.046316,-5.405065,0.874144,-3.844639,13.860414,-4.726427,0.000000,0.000000,0.000000,453.808096,326.749447,1
14.468000,4.556295,-0.318636,0.230059,-0.228478,0.005858,0.234337,0.216825,0.696908,-0.017869,-0.714777,0.686460,-4.005388,0.102702,4.108091,-0.623602,-0.212383,0.005446,0.217829,0.092796,-0.010182,0.000261,0.010444,0.423733,-3.136465,0.080422,3.216887,0.578896,3.078230,-0.078929,-3.157159,-2.946105,-1.104177,0.028312,1.132489,-0.035374,3.177224,-0.081467,-3.258692,-3.399253,1.084207,-0.027800,-1.112007,-0.398472,-0.295239,0.007570,0.302809,1.785247,-1.376485,0.035294,1.411779,-1.998665,0.570699,-2.438083,-0.717146,4.561291,10.084523,3.254830,-4.135206,-6.288186,0.580600,0.000000,0.000000,0.000000,0.000000,0.000000,0.000000,453.983380,326.853760,1
14.478000,4.555743,-0.319017,0.229350,-0.228478,0.005858,0.234337,0.054116,0.696908,-0.017869,-0.714777,0.597045,-4.005388,0.102702,4.108091,-0.641422,-0.212383,0.005446,0.217829,-0.040774,-0.010182,0.000261,0.010444,0.239168,-3.136465,0.080422,3.216887,0.573222,3.078230,-0.078929,-3.157159,-2.795281,-1.104177,0.028312,1.132489,0.072048,3.177224,-0.081467,-3.258692,-2.352575,1.084207,-0.027800,-1.112007,-0.438568,-0.295239,0.007570,0.302809,1.535731,-1.376485,0.035294,1.411779,-1.920224,0.921064,-3.250974,-0.882903,4.189518,8.932914,2.817091,-4.403669,-6.272173,0.333506,0.000000,0.000000,0.000000,0.000000,0.000000,0.000000,454.235045,326.989794,1
14.482000,4.565497,-0.312524,0.235155,1.986842,-0.050945,-2.037787,-1.920135,0.223427,-0.005729,-0.229156,0.863826,-4.398087,0.112771,4.510859,-0.070364,1.444738,-0.037045,-1.481783,-1.618156,-5.925388,0.151933,6.077321,3.151186,5.929305,-0.152033,-6.081338,-3.129273,1.611566,-0.041322,-1.652888,-0.689678,-0.679905,0.017433,0.697339,-0.064052,-0.284310,0.007290,0.291600,-0.566199,2.585183,-0.066287,-2.651469,-0.956646,-0.831123,0.021311,0.852434,0.298886,-3.777425,0.096857,3.874282,-0.393441,0.000000,0.000000,0.000000,3.692071,6.080862,1.119423,-3.636415,-5.804120,0.620953,0.000000,0.000000,0.000000,0.000000,0.000000,0.000000,454.437734,327.174487,1
14.492000,4.597339,-0.297711,0.252364,3.684346,-0.094470,-3.778817,-2.631218,-1.601444,0.041063,1.642506,0.822436,-5.578210,0.143031,5.721241,1.300507,3.003841,-0.077022,-3.080862,-3.175875,-7.852405,0.201344,8.053749,3.943945,5.738437,-0.147139,-5.885577,-2.678633,-1.251895,0.032100,1.283995,1.669924,-0.668083,0.017130,0.685213,0.097736,-1.941596,0.049785,1.991381,0.849960,3.836834,-0.098380,-3.935214,-1.548178,-3.060181,0.078466,3.138647,0.570086,-3.694923,0.094742,3.789665,0.322268,0.000000,0.000000,0.000000,3.337511,3.182940,-0.028080,-2.266097,-5.177795,1.103493,0.000000,0.000000,0.000000,0.000000,0.000000,0.000000,455.328277,328.065030,1
14.496000,4.580658,-0.304698,0.258343,2.096741,-0.053763,-2.150504,-3.159478,0.045022,-0.001154,-0.046177,0.646655,-3.392924,0.086998,3.479922,0.684836,-3.717521,0.095321,3.812842,4.355811,-7.815680,0.200402,8.016082,4.365625,10.828210,-0.277646,-11.105857,-6.376242,1.857183,-0.047620,-1.904804,-1.256765,-0.402171,0.010312,0.412483,0.036917,0.885225,-0.022698,-0.907923,-0.300944,2.697654,-0.069171,-2.766824,-2.426683,-0.427534,0.010962,0.438497,0.180582,-3.919751,0.100506,4.020257,0.765790,0.000000,0.000000,0.000000,1.974135,4.312079,1.059598,-3.536237,-3.725802,-0.409489,0.000000,0.000000,0.000000,0.000000,0.000000,0.000000,455.904992,328.641506,1
14.506000,4.581921,-0.303771,0.259325,2.096741,-0.053763,-2.150504,-3.166698,0.045022,-0.001154,-0.046177,0.794212,-3.392924,0.086998,3.479922,0.386360,-3.717521,0.095321,3.812842,4.248152,-7.815680,0.200402,8.016082,4.054327,10.828210,-0.277646,-11.105857,-5.774733,1.857183,-0.047620,-1.904804,-1.253663,-0.402171,0.010312,0.412483,0.030533,0.885225,-0.022698,-0.907923,-0.288090,2.697654,-0.069171,-2.766824,-2.368458,-0.427534,0.010962,0.438497,0.241834,-3.919751,0.100506,4.020257,0.551993,0.000000,0.000000,0.000000,2.441296,5.364674,1.291713,-3.849567,-4.561747,-0.144003,0.000000,0.000000,0.000000,0.000000,0.000000,0.000000,457.230615,329.966396,1
14.512000,4.594290,-0.313406,0.248942,-1.615433,0.041421,1.656854,1.135560,0.004521,-0.000116,-0.004637,0.662856,-0.610463,0.015653,0.626116,-0.151778,-0.021738,0.000557,0.022295,-0.891888,0.986958,-0.025307,-1.012265,-1.091360,-3.008064,0.077130,3.085194,2.469076,-0.054593,0.001400,0.055993,0.768354,0.037031,-0.000950,-0.037981,-0.109151,2.309442,-0.059216,-2.368659,-0.998015,-1.330537,0.034116,1.364654,1.435673,-0.253111,0.006490,0.259601,0.707586,-0.678371,0.017394,0.695766,-0.554688,0.000000,0.000000,0.000000,2.657879,6.072495,1.485490,-2.489596,-3.492886,0.275292,0.000000,0.000000,0.000000,0.000000,0.000000,0.000000,457.324585,330.054319,1
14.522000,4.595727,-0.314215,0.247363,-1.615433,0.041421,1.656854,1.168047,0.004521,-0.000116,-0.004637,0.855793,-0.610463,0.015653,0.626116,-0.704851,-0.021738,0.000557,0.022295,-0.670839,0.986958,-0.025307,-1.012265,-0.814483,-3.008064,0.077130,3.085194,1.905670,-0.054593,0.001400,0.055993,0.679294,0.037031,-0.000950,-0.037981,-0.098408,2.309442,-0.059216,-2.368659,-1.005390,-1.330537,0.034116,1.364654,1.514278,-0.253111,0.006490,0.259601,0.717164,-0.678371,0.017394,0.695766,-0.858644,0.000000,0.000000,0.000000,2.881962,6.577557,1.618652,-3.148025,-4.601697,0.464213,0.000000,0.000000,0.000000,0.000000,0.000000,0.000000,457.468312,330.176892,1
14.526000,4.591012,-0.314129,0.238239,0.332555,-0.008527,-0.341082,-0.209174,-0.084517,0.002167,0.086684,1.088067,-1.084443,0.027806,1.112249,-1.208210,-0.592395,0.015190,0.607585,-0.160454,-0.366132,0.009388,0.375520,-0.056795,1.518419,-0.038934,-1.557352,-0.498827,0.555080,-0.014233,-0.569313,-0.017192,0.015950,-0.000409,-0.016359,-0.031037,1.773012,-0.045462,-1.818474,-0.613683,0.480533,-0.012321,-0.492854,0.429524,-0.456749,0.011712,0.468461,0.503267,-0.766965,0.019666,0.786630,-1.064084,-0.005052,-0.006275,-0.006749,3.447351,5.999105,0.962018,-3.484838,-5.457815,0.828295,0.000000,0.000000,0.000000,0.000000,0.000000,0.000000,457.487575,330.176065,1
14.536000,4.590522,-0.314025,0.237327,0.338584,-0.008682,-0.347265,-0.442892,-0.075657,0.001940,0.077597,1.270922,-0.995769,0.025533,1.021302,-1.586284,-1.028408,0.026369,1.054777,0.184593,-0.445157,0.011414,0.456572,-0.025148,3.058386,-0.078420,-3.136806,-1.339861,0.698068,-0.017899,-0.715968,-0.006297,0.002270,-0.000058,-0.002328,-0.018393,1.307954,-0.033537,-1.341491,-0.459502,0.474329,-0.012162,-0.486491,0.244147,-0.263974,0.006769,0.270743,0.484856,-1.021042,0.026181,1.047223,-1.165725,0.000000,0.000000,0.000000,3.514739,6.600415,1.276529,-3.906803,-5.908670,0.785603,0.000000,0.000000,0.000000,0.000000,0.000000,0.000000,457.571309,330.200376,1
14.540000,4.594651,-0.314312,0.238324,0.101727,-0.002608,-0.104336,-0.306605,-0.048395,0.001241,0.049636,1.179071,-0.871759,0.022353,0.894112,-1.350518,-0.957082,0.024541,0.981622,0.094059,-0.319204,0.008185,0.327389,-0.025433,2.858618,-0.073298,-2.931915,-1.021504,0.700446,-0.017960,-0.718406,-0.004427,-0.003051,0.000078,0.003130,-0.019552,1.157410,-0.029677,-1.187087,-0.222686,0.258821,-0.006636,-0.265458,0.403513,-0.125947,0.003229,0.129176,0.363924,-1.130656,0.028991,1.159647,-0.884201,0.000000,0.000000,0.000000,3.313891,6.107449,1.283293,-3.748834,-5.457127,0.554743,0.000000,0.000000,0.000000,0.000000,0.000000,0.000000,457.594672,330.204952,1
14.550000,4.595535,-0.314253,0.235983,0.101727,-0.002608,-0.104336,-0.313701,-0.048395,0.001241,0.049636,1.299644,-0.871759,0.022353,0.894112,-1.644441,-0.957082,0.024541,0.981622,0.151214,-0.319204,0.008185,0.327389,-0.028488,2.858618,-0.073298,-2.931915,-1.179579,0.700446,-0.017960,-0.718406,-0.011187,-0.003051,0.000078,0.003130,-0.022663,1.157410,-0.029677,-1.187087,-0.321662,0.258821,-0.006636,-0.265458,0.450736,-0.125947,0.003229,0.129176,0.391208,-1.130656,0.028991,1.159647,-1.134683,0.000000,0.000000,0.000000,3.512013,6.576364,1.412078,-3.999497,-5.917235,0.672503,0.000000,0.000000,0.000000,0.000000,0.000000,0.000000,457.665269,330.217245,1
14.554000,4.605767,-0.310861,0.238751,-0.157369,0.004035,0.161404,-0.265317,-0.101091,0.002592,0.103683,1.290697,-0.633453,0.016242,0.649695,-1.582630,-0.625528,0.016039,0.641567,0.020548,-0.184463,0.004730,0.189193,-0.021534,1.921007,-0.049257,-1.970263,-0.637659,0.407144,-0.010440,-0.417583,0.129603,-0.009615,0.000247,0.009861,-0.028336,0.450469,-0.011550,-0.462019,-0.003783,-0.003544,0.000091,0.003635,0.436704,-0.030067,0.000771,0.030838,0.390107,-1.180027,0.030257,1.210285,-0.922397,0.000000,0.000000,0.000000,3.177833,6.539269,1.333510,-3.939132,-5.534639,0.578290,0.000000,0.000000,0.000000,0.000000,0.000000,0.000000,457.679927,330.213937,1
14.564000,4.606979,-0.310634,0.236247,-0.157369,0.004035,0.161404,-0.253122,-0.101091,0.002592,0.103683,1.391762,-0.633453,0.016242,0.649695,-1.830295,-0.625528,0.016039,0.641567,0.024049,-0.184463,0.004730,0.189193,-0.024825,1.921007,-0.049257,-1.970263,-0.747636,0.407144,-0.010440,-0.417583,0.126854,-0.009615,0.000247,0.009861,-0.030259,0.450469,-0.011550,-0.462019,-0.022695,-0.003544,0.000091,0.003635,0.509088,-0.030067,0.000771,0.030838,0.415891,-1.180027,0.030257,1.210285,-1.164181,0.000000,0.000000,0.000000,3.380605,6.982259,1.419658,-4.118357,-5.905445,0.711591,0.000000,0.000000,0.000000,0.000000,0.000000,0.000000,457.723476,330.203547,1
14.568000,4.610000,-0.315207,0.240481,-0.222134,0.005696,0.227830,-0.148867,-0.177080,0.004541,0.181620,1.266394,-0.723915,0.018562,0.742477,-1.607086,-0.601860,0.015432,0.617293,0.030201,-0.141586,0.003630,0.145216,-0.028821,1.813942,-0.046511,-1.860454,-0.696029,0.198117,-0.005080,-0.203197,0.197755,-0.009308,0.000239,0.009546,-0.014248,0.632139,-0.016209,-0.648348,-0.084281,-0.047268,0.001212,0.048479,0.496188,-0.165760,0.004250,0.170010,0.400184,-1.215355,0.031163,1.246518,-0.894786,0.000000,0.000000,0.000000,3.210189,6.338109,1.631997,-3.886346,-5.780225,0.240606,0.000000,0.000000,0.000000,0.000000,0.000000,0.000000,457.739785,330.200760,1
14.578000,4.609743,-0.314590,0.234137,-0.058472,0.001499,0.059971,-0.247719,0.004247,-0.000109,-0.004356,1.448788,-0.841791,0.021584,0.863376,-2.022388,-0.951443,0.024396,0.975839,0.152538,-0.147412,0.003780,0.151191,-0.048136,2.599544,-0.066655,-2.666199,-0.965197,0.479827,-0.012303,-0.492130,0.132072,-0.002611,0.000067,0.002678,-0.032202,1.321527,-0.033885,-1.355412,-0.318968,0.119682,-0.003069,-0.122750,0.504652,-0.112688,0.002889,0.115577,0.457780,-1.068042,0.027386,1.095427,-1.333716,0.000000,0.000000,0.000000,3.650666,6.990314,1.615748,-4.310315,-6.374283,0.588351,0.000000,0.000000,0.000000,0.000000,0.000000,0.000000,457.805486,330.199209,1
14.582000,4.628121,-0.307122,0.234243,-0.051340,0.001316,0.052657,-0.434517,-0.171632,0.004401,0.176033,1.584302,-0.677543,0.017373,0.694916,-1.705444,-0.461686,0.011838,0.473524,0.032096,-0.089417,0.002293,0.091709,-0.030655,1.253548,-0.032142,-1.285690,-0.447246,0.153188,-0.003928,-0.157116,0.274695,-0.011360,0.000291,0.011651,-0.023054,0.140680,-0.003607,-0.144287,0.007489,0.109763,-0.002814,-0.112577,0.384448,-0.224602,0.005759,0.230361,0.573739,-0.978929,0.025101,1.004030,-1.061083,-0.014930,-0.027784,-0.025247,3.414536,6.862549,1.202654,-4.166507,-5.371390,0.699959,0.000000,0.000000,0.000000,0.000000,0.000000,0.000000,457.818947,330.193759,1
14.592000,4.629993,-0.306583,0.231350,-0.053603,0.001374,0.054978,-0.425337,-0.174129,0.004465,0.178594,1.672956,-0.675467,0.017320,0.692787,-1.896807,-0.451636,0.011580,0.463216,0.002258,-0.089453,0.002294,0.091747,-0.024063,1.220495,-0.031295,-1.251789,-0.475837,0.148907,-0.003818,-0.152725,0.313780,-0.011252,0.000289,0.011540,-0.032112,0.140587,-0.003605,-0.144192,0.005624,0.107232,-0.002750,-0.109982,0.462341,-0.226974,0.005820,0.232794,0.599008,-0.976560,0.025040,1.001600,-1.287515,-0.176901,-0.346998,-0.308525,3.613468,7.236119,1.226098,-4.272022,-5.636279,0.854674,0.000000,0.000000,0.000000,0.000000,0.000000,0.000000,457.856588,330.176816,1
14.594000,4.630533,-0.309662,0.238055,-0.141356,0.003625,0.144980,-0.100859,-0.016866,0.000432,0.017298,1.347629,-0.444659,0.011402,0.456060,-1.885391,-0.351875,0.009022,0.360898,-0.012618,-0.058046,0.001488,0.059534,-0.032778,1.608614,-0.041247,-1.649861,-0.557966,0.070917,-0.001818,-0.072736,0.417402,-0.280395,0.007190,0.287585,0.076103,-1.035553,0.026553,1.062106,0.474928,0.013442,-0.000345,-0.013787,0.479793,0.084313,-0.002162,-0.086475,0.442233,-0.995704,0.025531,1.021234,-1.087228,0.000000,0.000000,0.000000,3.534653,6.734319,1.292458,-4.170434,-5.698167,0.650859,0.000000,0.000000,0.000000,0.000000,0.000000,0.000000,457.863661,330.175623,1
14.604000,4.632135,-0.309036,0.235765,-0.139303,0.003572,0.142875,-0.101094,-0.016385,0.000420,0.016805,1.413694,-0.466737,0.011968,0.478704,-2.078967,-0.377992,0.009692,0.387684,-0.007585,-0.057948,0.001486,0.059434,-0.026164,1.662892,-0.042638,-1.705530,-0.658776,0.081995,-0.002102,-0.084097,0.406486,-0.277777,0.007122,0.284899,0.034317,-0.996840,0.025560,1.022400,0.481155,0.020581,-0.000528,-0.021108,0.522231,0.072381,-0.001856,-0.074237,0.458006,-1.004459,0.025755,1.030215,-1.289425,0.000000,0.000000,0.000000,3.715886,7.084797,1.320831,-4.333558,-5.988122,0.779783,0.000000,0.000000,0.000000,0.000000,0.000000,0.000000,457.904369,330.167896,1
14.608000,4.628362,-0.309027,0.228077,-0.047680,0.001223,0.048902,-0.409852,0.061639,-0.001580,-0.063220,1.536110,-0.620898,0.015920,0.636818,-2.158160,-0.825732,0.021173,0.846904,0.076970,-0.049897,0.001279,0.051176,-0.049379,2.690053,-0.068976,-2.759029,-1.025177,0.451757,-0.011584,-0.463340,0.260601,-0.084011,0.002154,0.086165,-0.016991,0.073384,-0.001882,-0.075265,0.072642,0.152203,-0.003903,-0.156106,0.514890,0.040763,-0.001045,-0.041808,0.326797,-1.015642,0.026042,1.041684,-1.392023,0.000000,0.000000,0.000000,3.522904,6.938079,1.528147,-4.311916,-6.176018,0.694052,0.000000,0.000000,0.000000,0.000000,0.000000,0.000000,457.928607,330.166807,1
14.618000,4.629281,-0.308592,0.224772,-0.047680,0.001223,0.048902,-0.421453,0.061639,-0.001580,-0.063220,1.601487,-0.620898,0.015920,0.636818,-2.304657,-0.825732,0.021173,0.846904,0.097078,-0.049897,0.001279,0.051176,-0.039411,2.690053,-0.068976,-2.759029,-1.134675,0.451757,-0.011584,-0.463340,0.223845,-0.084011,0.002154,0.086165,-0.013768,0.073384,-0.001882,-0.075265,0.042227,0.152203,-0.003903,-0.156106,0.587644,0.040763,-0.001045,-0.041808,0.325027,-1.015642,0.026042,1.041684,-1.589754,0.000000,0.000000,0.000000,3.642121,7.163178,1.564729,-4.394721,-6.342217,0.776020,0.000000,0.000000,0.000000,0.000000,0.000000,0.000000,457.995345,330.164326,1
14.622000,4.635602,-0.308331,0.229714,0.027141,-0.000696,-0.027837,-0.430419,0.240394,-0.006164,-0.246558,1.393588,-1.497245,0.038391,1.535636,-1.937413,-0.251667,0.006453,0.258120,-0.013277,-0.027587,0.000707,0.028295,-0.049801,2.497281,-0.064033,-2.561314,-0.966352,-0.194543,0.004988,0.199531,0.752165,-0.066675,0.001710,0.068385,-0.019136,-0.798505,0.020474,0.818980,0.496897,-0.077117,0.001977,0.079094,0.443441,0.467529,-0.011988,-0.479516,0.187937,-2.054490,0.052679,2.107169,-1.054036,0.000000,0.000000,0.000000,3.534811,7.297047,1.738879,-4.428725,-6.538759,0.831064,0.000000,0.000000,0.000000,0.000000,0.000000,0.000000,458.030206,330.154099,1
14.632000,4.636605,-0.307955,0.226873,0.027141,-0.000696,-0.027837,-0.419866,0.240394,-0.006164,-0.246558,1.436896,-1.497245,0.038391,1.535636,-2.039794,-0.251667,0.006453,0.258120,-0.014382,-0.027587,0.000707,0.028295,-0.045933,2.497281,-0.064033,-2.561314,-1.055318,-0.194543,0.004988,0.199531,0.784879,-0.066675,0.001710,0.068385,-0.017035,-0.798505,0.020474,0.818980,0.452314,-0.077117,0.001977,0.079094,0.553597,0.467529,-0.011988,-0.479516,0.158621,-2.054490,0.052679,2.107169,-1.208951,0.000000,0.000000,0.000000,3.654392,7.464694,1.742066,-4.477022,-6.658087,0.908769,0.000000,0.000000,0.000000,0.000000,0.000000,0.000000,458.124225,330.125790,1
14.638000,4.653042,-0.309516,0.229460,-0.057974,0.001487,0.059461,-0.213711,0.865861,-0.022202,-0.888063,1.342192,-1.939133,0.049721,1.988855,-1.893875,-0.126482,0.003243,0.129725,-0.163198,0.025896,-0.000664,-0.026560,-0.055004,3.398121,-0.087131,-3.485253,-1.172834,-0.081193,0.002082,0.083275,1.039773,-0.057693,0.001479,0.059172,-0.023002,-0.571622,0.014657,0.586279,0.576095,-0.418828,0.010739,0.429567,0.799865,1.411353,-0.036189,-1.447542,-0.146840,-2.816224,0.072211,2.888435,-0.658635,-0.000089,-0.000303,-0.000244,3.562231,7.296886,1.374338,-4.567641,-6.585075,1.107834,0.000000,0.000000,0.000000,0.000000,0.000000,0.000000,458.196020,330.114830,1
14.648000,4.659307,-0.305482,0.230861,0.039305,-0.001008,-0.040313,-0.274471,0.603228,-0.015467,-0.618696,1.396457,-1.995765,0.051173,2.046939,-1.711664,0.117011,-0.003000,-0.120011,-0.283499,-0.001586,0.000041,0.001627,-0.047713,2.689036,-0.068950,-2.757986,-1.151225,-0.448785,0.011507,0.460292,1.095655,-0.060721,0.001557,0.062278,-0.009796,-1.359767,0.034866,1.394633,0.704837,-0.338607,0.008682,0.347290,0.815115,1.109024,-0.028437,-1.137461,-0.029564,-2.779687,0.071274,2.850962,-0.712435,0.000000,0.000000,0.000000,3.646793,7.601546,1.183900,-4.452306,-6.380699,1.367374,0.000000,0.000000,0.000000,0.000000,0.000000,0.000000,458.310256,330.101077,1
