# MJPC CSV file created: Sat Dec 20 20:54:53 2025
time,com_x,com_y,com_z,torque_error_FR_hip,torque_cmd_FR_hip,torque_applied_FR_hip,joint_vel_FR_hip,torque_error_FR_thigh,torque_cmd_FR_thigh,torque_applied_FR_thigh,joint_vel_FR_thigh,torque_error_FR_calf,torque_cmd_FR_calf,torque_applied_FR_calf,joint_vel_FR_calf,torque_error_FL_hip,torque_cmd_FL_hip,torque_applied_FL_hip,joint_vel_FL_hip,torque_error_FL_thigh,torque_cmd_FL_thigh,torque_applied_FL_thigh,joint_vel_FL_thigh,torque_error_FL_calf,torque_cmd_FL_calf,torque_applied_FL_calf,joint_vel_FL_calf,torque_error_RR_hip,torque_cmd_RR_hip,torque_applied_RR_hip,joint_vel_RR_hip,torque_error_RR_thigh,torque_cmd_RR_thigh,torque_applied_RR_thigh,joint_vel_RR_thigh,torque_error_RR_calf,torque_cmd_RR_calf,torque_applied_RR_calf,joint_vel_RR_calf,torque_error_RL_hip,torque_cmd_RL_hip,torque_applied_RL_hip,joint_vel_RL_hip,torque_error_RL_thigh,torque_cmd_RL_thigh,torque_applied_RL_thigh,joint_vel_RL_thigh,torque_error_RL_calf,torque_cmd_RL_calf,torque_applied_RL_calf,joint_vel_RL_calf,grf_FL_fx,grf_FL_fy,grf_FL_fz,grf_HL_fx,grf_HL_fy,grf_HL_fz,grf_FR_fx,grf_FR_fy,grf_FR_fz,grf_HR_fx,grf_HR_fy,grf_HR_fz,alex_power_abs_j,alex_align_rad,alex_fx_smooth,energy_abs_j,energy_signed_j,phase_tag
0.000000,-0.011275,0.001552,-0.019596,0.000000,0.000000,0.000000,0.000000,0.000000,0.000000,0.000000,0.000000,0.000000,0.000000,0.000000,0.000000,0.000000,0.000000,0.000000,0.000000,0.000000,0.000000,0.000000,0.000000,0.000000,0.000000,0.000000,0.000000,0.000000,0.000000,0.000000,0.000000,0.000000,0.000000,0.000000,0.000000,0.000000,0.000000,0.000000,0.000000,0.000000,0.000000,0.000000,0.000000,0.000000,0.000000,0.000000,0.000000,0.000000,0.000000,0.000000,0.000000,72.554849,-124.193606,-102.833671,71.224269,156.092692,-9.090858,-74.008502,-121.989136,100.779722,-73.113137,155.409418,8.886116,0.000000,0.000000,0.000000,0.000000,0.000000,1
0.010000,-0.001303,0.001524,0.007399,0.000000,0.000000,0.000000,-1.702694,0.000000,0.000000,0.000000,4.273674,0.000000,0.000000,0.000000,-11.613143,0.000000,0.000000,0.000000,1.847350,0.000000,0.000000,0.000000,4.274551,0.000000,0.000000,0.000000,-11.636369,0.000000,0.000000,0.000000,-1.422299,0.000000,0.000000,0.000000,4.184817,0.000000,0.000000,0.000000,-11.510585,0.000000,0.000000,0.000000,1.612090,0.000000,0.000000,0.000000,4.174987,0.000000,0.000000,0.000000,-11.511437,16.382482,-27.703189,-4.940495,16.687490,45.807513,25.773613,-16.729715,-27.523020,4.865569,-16.985194,45.639341,-26.338359,0.000000,0.000000,0.000000,0.000000,0.000000,1
0.020000,0.005269,0.001517,0.039740,0.000000,0.000000,0.000000,-1.361910,0.000000,0.000000,0.000000,4.702665,0.000000,0.000000,0.000000,-13.675436,0.000000,0.000000,0.000000,1.634782,0.000000,0.000000,0.000000,4.720652,0.000000,0.000000,0.000000,-13.732652,0.000000,0.000000,0.000000,-0.897973,0.000000,0.000000,0.000000,4.505225,0.000000,0.000000,0.000000,-12.185753,0.000000,0.000000,0.000000,1.187570,0.000000,0.000000,0.000000,4.521251,0.000000,0.000000,0.000000,-12.226944,7.624240,-13.712815,-2.797453,6.215181,19.164101,12.022189,-7.750608,-13.711195,2.929906,-6.212574,18.783666,-12.086550,0.000000,0.000000,0.000000,0.000000,0.000000,1
0.030000,0.009977,0.001521,0.074086,0.000000,0.000000,0.000000,-0.946629,0.000000,0.000000,0.000000,3.760850,0.000000,0.000000,0.000000,-10.637927,0.000000,0.000000,0.000000,1.204611,0.000000,0.000000,0.000000,3.822856,0.000000,0.000000,0.000000,-10.707316,0.000000,0.000000,0.000000,-0.538070,0.000000,0.000000,0.000000,3.058413,0.000000,0.000000,0.000000,-8.060822,0.000000,0.000000,0.000000,0.811465,0.000000,0.000000,0.000000,3.117238,0.000000,0.000000,0.000000,-8.126645,1.821474,-3.692728,-1.013564,0.000000,0.000000,0.000000,-1.752424,-3.604756,1.112632,0.000000,0.000000,0.000000,0.000000,0.000000,0.000000,0.000000,0.000000,1
0.040000,0.014407,0.001522,0.107923,0.000000,0.000000,0.000000,-0.804002,0.000000,0.000000,0.000000,2.153250,0.000000,0.000000,0.000000,-5.792050,0.000000,0.000000,0.000000,0.985911,0.000000,0.000000,0.000000,2.222950,0.000000,0.000000,0.000000,-5.875854,0.000000,0.000000,0.000000,-0.585852,0.000000,0.000000,0.000000,1.328199,0.000000,0.000000,0.000000,-3.513648,0.000000,0.000000,0.000000,0.760800,0.000000,0.000000,0.000000,1.359329,0.000000,0.000000,0.000000,-3.543121,0.000000,0.000000,0.000000,0.000000,0.000000,0.000000,0.000000,0.000000,0.000000,0.000000,0.000000,0.000000,0.000000,0.000000,0.000000,0.000000,0.000000,1
0.050000,0.018831,0.001523,0.140776,0.000000,0.000000,0.000000,-0.749742,0.000000,0.000000,0.000000,0.955282,0.000000,0.000000,0.000000,-2.590313,0.000000,0.000000,0.000000,0.863504,0.000000,0.000000,0.000000,0.990956,0.000000,0.000000,0.000000,-2.627132,0.000000,0.000000,0.000000,-0.469950,0.000000,0.000000,0.000000,0.608779,0.000000,0.000000,0.000000,-1.581340,0.000000,0.000000,0.000000,0.575944,0.000000,0.000000,0.000000,0.625286,0.000000,0.000000,0.000000,-1.594863,0.000000,0.000000,0.000000,0.000000,0.000000,0.000000,0.000000,0.000000,0.000000,0.000000,0.000000,0.000000,0.000000,0.000000,0.000000,0.000000,0.000000,1
0.060000,0.023253,0.001525,0.172647,0.000000,0.000000,0.000000,-0.564368,0.000000,0.000000,0.000000,0.460697,0.000000,0.000000,0.000000,-1.200276,0.000000,0.000000,0.000000,0.634438,0.000000,0.000000,0.000000,0.479059,0.000000,0.000000,0.000000,-1.216912,0.000000,0.000000,0.000000,-0.318445,0.000000,0.000000,0.000000,0.317987,0.000000,0.000000,0.000000,-0.747278,0.000000,0.000000,0.000000,0.381712,0.000000,0.000000,0.000000,0.326560,0.000000,0.000000,0.000000,-0.753776,0.000000,0.000000,0.000000,0.000000,0.000000,0.000000,0.000000,0.000000,0.000000,0.000000,0.000000,0.000000,0.000000,0.000000,0.000000,0.000000,0.000000,1
0.070000,0.027672,0.001526,0.203537,0.000000,0.000000,0.000000,-0.372428,0.000000,0.000000,0.000000,0.253869,0.000000,0.000000,0.000000,-0.591789,0.000000,0.000000,0.000000,0.415341,0.000000,0.000000,0.000000,0.263212,0.000000,0.000000,0.000000,-0.599595,0.000000,0.000000,0.000000,-0.182023,0.000000,0.000000,0.000000,0.176905,0.000000,0.000000,0.000000,-0.381556,0.000000,0.000000,0.000000,0.219412,0.000000,0.000000,0.000000,0.180693,0.000000,0.000000,0.000000,-0.384850,0.000000,0.000000,0.000000,0.000000,0.000000,0.000000,0.000000,0.000000,0.000000,0.000000,0.000000,0.000000,0.000000,0.000000,0.000000,0.000000,0.000000,1
0.080000,0.032090,0.001527,0.233446,0.000000,0.000000,0.000000,-0.215712,0.000000,0.000000,0.000000,0.136338,0.000000,0.000000,0.000000,-0.310795,0.000000,0.000000,0.000000,0.242130,0.000000,0.000000,0.000000,0.140564,0.000000,0.000000,0.000000,-0.314983,0.000000,0.000000,0.000000,-0.073764,0.000000,0.000000,0.000000,0.096526,0.000000,0.000000,0.000000,-0.202151,0.000000,0.000000,0.000000,0.095668,0.000000,0.000000,0.000000,0.098150,0.000000,0.000000,0.000000,-0.203898,0.000000,0.000000,0.000000,0.000000,0.000000,0.000000,0.000000,0.000000,0.000000,0.000000,0.000000,0.000000,0.000000,0.000000,0.000000,0.000000,0.000000,1
0.090000,0.036507,0.001528,0.262374,0.000000,0.000000,0.000000,-0.096588,0.000000,0.000000,0.000000,0.071978,0.000000,0.000000,0.000000,-0.162695,0.000000,0.000000,0.000000,0.112122,0.000000,0.000000,0.000000,0.073887,0.000000,0.000000,0.000000,-0.164943,0.000000,0.000000,0.000000,-0.015317,0.000000,0.000000,0.000000,0.052312,0.000000,0.000000,0.000000,-0.106942,0.000000,0.000000,0.000000,0.023368,0.000000,0.000000,0.000000,0.052916,0.000000,0.000000,0.000000,-0.107820,0.000000,0.000000,0.000000,0.000000,0.000000,0.000000,0.000000,0.000000,0.000000,0.000000,0.000000,0.000000,0.000000,0.000000,0.000000,0.000000,0.000000,1
0.100000,0.040924,0.001528,0.290321,0.000000,0.000000,0.000000,-0.022369,0.000000,0.000000,0.000000,0.037384,0.000000,0.000000,0.000000,-0.084994,0.000000,0.000000,0.000000,0.027934,0.000000,0.000000,0.000000,0.038155,0.000000,0.000000,0.000000,-0.086129,0.000000,0.000000,0.000000,-0.000591,0.000000,0.000000,0.000000,0.028331,0.000000,0.000000,0.000000,-0.056589,0.000000,0.000000,0.000000,0.003943,0.000000,0.000000,0.000000,0.028588,0.000000,0.000000,0.000000,-0.057095,0.000000,0.000000,0.000000,0.000000,0.000000,0.000000,0.000000,0.000000,0.000000,0.000000,0.000000,0.000000,0.000000,0.000000,0.000000,0.000000,0.000000,1
0.110000,0.045341,0.001529,0.317287,0.000000,0.000000,0.000000,-0.002901,0.000000,0.000000,0.000000,0.019730,0.000000,0.000000,0.000000,-0.044583,0.000000,0.000000,0.000000,0.004899,0.000000,0.000000,0.000000,0.020023,0.000000,0.000000,0.000000,-0.045178,0.000000,0.000000,0.000000,0.001931,0.000000,0.000000,0.000000,0.015719,0.000000,0.000000,0.000000,-0.029775,0.000000,0.000000,0.000000,-0.000607,0.000000,0.000000,0.000000,0.015792,0.000000,0.000000,0.000000,-0.030071,0.000000,0.000000,0.000000,0.000000,0.000000,0.000000,0.000000,0.000000,0.000000,0.000000,0.000000,0.000000,0.000000,0.000000,0.000000,0.000000,0.000000,1
0.120000,0.049758,0.001530,0.343272,0.000000,0.000000,0.000000,0.001298,0.000000,0.000000,0.000000,0.010411,0.000000,0.000000,0.000000,-0.023395,0.000000,0.000000,0.000000,-0.000582,0.000000,0.000000,0.000000,0.010495,0.000000,0.000000,0.000000,-0.023721,0.000000,0.000000,0.000000,0.001728,0.000000,0.000000,0.000000,0.008920,0.000000,0.000000,0.000000,-0.015456,0.000000,0.000000,0.000000,-0.001242,0.000000,0.000000,0.000000,0.008901,0.000000,0.000000,0.000000,-0.015640,0.000000,0.000000,0.000000,0.000000,0.000000,0.000000,0.000000,0.000000,0.000000,0.000000,0.000000,0.000000,0.000000,0.000000,0.000000,0.000000,0.000000,1
0.130000,0.054175,0.001531,0.368276,0.000000,0.000000,0.000000,0.001635,0.000000,0.000000,0.000000,0.005403,0.000000,0.000000,0.000000,-0.012228,0.000000,0.000000,0.000000,-0.001375,0.000000,0.000000,0.000000,0.005392,0.000000,0.000000,0.000000,-0.012418,0.000000,0.000000,0.000000,0.001177,0.000000,0.000000,0.000000,0.005209,0.000000,0.000000,0.000000,-0.007794,0.000000,0.000000,0.000000,-0.001025,0.000000,0.000000,0.000000,0.005145,0.000000,0.000000,0.000000,-0.007918,0.000000,0.000000,0.000000,0.000000,0.000000,0.000000,0.000000,0.000000,0.000000,0.000000,0.000000,0.000000,0.000000,0.000000,0.000000,0.000000,0.000000,1
0.140000,0.058592,0.001532,0.392299,0.000000,0.000000,0.000000,0.001228,0.000000,0.000000,0.000000,0.002691,0.000000,0.000000,0.000000,-0.006323,0.000000,0.000000,0.000000,-0.001127,0.000000,0.000000,0.000000,0.002635,0.000000,0.000000,0.000000,-0.006443,0.000000,0.000000,0.000000,0.000760,0.000000,0.000000,0.000000,0.003172,0.000000,0.000000,0.000000,-0.003687,0.000000,0.000000,0.000000,-0.000735,0.000000,0.000000,0.000000,0.003087,0.000000,0.000000,0.000000,-0.003780,0.000000,0.000000,0.000000,0.000000,0.000000,0.000000,0.000000,0.000000,0.000000,0.000000,0.000000,0.000000,0.000000,0.000000,0.000000,0.000000,0.000000,1
0.150000,0.063009,0.001533,0.415341,0.000000,0.000000,0.000000,0.000829,0.000000,0.000000,0.000000,0.001217,0.000000,0.000000,0.000000,-0.003193,0.000000,0.000000,0.000000,-0.000782,0.000000,0.000000,0.000000,0.001140,0.000000,0.000000,0.000000,-0.003277,0.000000,0.000000,0.000000,0.000503,0.000000,0.000000,0.000000,0.002053,0.000000,0.000000,0.000000,-0.001483,0.000000,0.000000,0.000000,-0.000525,0.000000,0.000000,0.000000,0.001958,0.000000,0.000000,0.000000,-0.001560,0.000000,0.000000,0.000000,0.000000,0.000000,0.000000,0.000000,0.000000,0.000000,0.000000,0.000000,0.000000,0.000000,0.000000,0.000000,0.000000,0.000000,1
0.160000,0.067426,0.001534,0.437403,0.000000,0.000000,0.000000,0.000560,0.000000,0.000000,0.000000,0.000417,0.000000,0.000000,0.000000,-0.001532,0.000000,0.000000,0.000000,-0.000528,0.000000,0.000000,0.000000,0.000330,0.000000,0.000000,0.000000,-0.001596,0.000000,0.000000,0.000000,0.000358,0.000000,0.000000,0.000000,0.001439,0.000000,0.000000,0.000000,-0.000298,0.000000,0.000000,0.000000,-0.000395,0.000000,0.000000,0.000000,0.001339,0.000000,0.000000,0.000000,-0.000367,0.000000,0.000000,0.000000,0.000000,0.000000,0.000000,0.000000,0.000000,0.000000,0.000000,0.000000,0.000000,0.000000,0.000000,0.000000,0.000000,0.000000,1
0.170000,0.071842,0.001535,0.458483,0.000000,0.000000,0.000000,0.000399,0.000000,0.000000,0.000000,-0.000017,0.000000,0.000000,0.000000,-0.000649,0.000000,0.000000,0.000000,-0.000370,0.000000,0.000000,0.000000,-0.000110,0.000000,0.000000,0.000000,-0.000703,0.000000,0.000000,0.000000,0.000279,0.000000,0.000000,0.000000,0.001102,0.000000,0.000000,0.000000,0.000339,0.000000,0.000000,0.000000,-0.000320,0.000000,0.000000,0.000000,0.000999,0.000000,0.000000,0.000000,0.000275,0.000000,0.000000,0.000000,0.000000,0.000000,0.000000,0.000000,0.000000,0.000000,0.000000,0.000000,0.000000,0.000000,0.000000,0.000000,0.000000,0.000000,1
0.180000,0.076259,0.001536,0.478582,0.000000,0.000000,0.000000,0.000307,0.000000,0.000000,0.000000,-0.000252,0.000000,0.000000,0.000000,-0.000179,0.000000,0.000000,0.000000,-0.000279,0.000000,0.000000,0.000000,-0.000347,0.000000,0.000000,0.000000,-0.000229,0.000000,0.000000,0.000000,0.000236,0.000000,0.000000,0.000000,0.000918,0.000000,0.000000,0.000000,0.000682,0.000000,0.000000,0.000000,-0.000278,0.000000,0.000000,0.000000,0.000814,0.000000,0.000000,0.000000,0.000621,0.000000,0.000000,0.000000,0.000000,0.000000,0.000000,0.000000,0.000000,0.000000,0.000000,0.000000,0.000000,0.000000,0.000000,0.000000,0.000000,0.000000,1
0.190000,0.080676,0.001536,0.497700,0.000000,0.000000,0.000000,0.000256,0.000000,0.000000,0.000000,-0.000379,0.000000,0.000000,0.000000,0.000071,0.000000,0.000000,0.000000,-0.000227,0.000000,0.000000,0.000000,-0.000476,0.000000,0.000000,0.000000,0.000024,0.000000,0.000000,0.000000,0.000213,0.000000,0.000000,0.000000,0.000817,0.000000,0.000000,0.000000,0.000867,0.000000,0.000000,0.000000,-0.000254,0.000000,0.000000,0.000000,0.000712,0.000000,0.000000,0.000000,0.000807,0.000000,0.000000,0.000000,0.000000,0.000000,0.000000,0.000000,0.000000,0.000000,0.000000,0.000000,0.000000,0.000000,0.000000,0.000000,0.000000,0.000000,1
0.200000,0.085093,0.001537,0.515837,0.000000,0.000000,0.000000,0.000229,0.000000,0.000000,0.000000,-0.000447,0.000000,0.000000,0.000000,0.000204,0.000000,0.000000,0.000000,-0.000198,0.000000,0.000000,0.000000,-0.000545,0.000000,0.000000,0.000000,0.000159,0.000000,0.000000,0.000000,0.000201,0.000000,0.000000,0.000000,0.000762,0.000000,0.000000,0.000000,0.000967,0.000000,0.000000,0.000000,-0.000241,0.000000,0.000000,0.000000,0.000657,0.000000,0.000000,0.000000,0.000907,0.000000,0.000000,0.000000,0.000000,0.000000,0.000000,0.000000,0.000000,0.000000,0.000000,0.000000,0.000000,0.000000,0.000000,0.000000,0.000000,0.000000,1
0.210000,0.089510,0.001538,0.532993,0.000000,0.000000,0.000000,0.000214,0.000000,0.000000,0.000000,-0.000484,0.000000,0.000000,0.000000,0.000274,0.000000,0.000000,0.000000,-0.000183,0.000000,0.000000,0.000000,-0.000583,0.000000,0.000000,0.000000,0.000231,0.000000,0.000000,0.000000,0.000195,0.000000,0.000000,0.000000,0.000732,0.000000,0.000000,0.000000,0.001020,0.000000,0.000000,0.000000,-0.000234,0.000000,0.000000,0.000000,0.000626,0.000000,0.000000,0.000000,0.000961,0.000000,0.000000,0.000000,0.000000,0.000000,0.000000,0.000000,0.000000,0.000000,0.000000,0.000000,0.000000,0.000000,0.000000,0.000000,0.000000,0.000000,1
0.220000,0.093926,0.001539,0.549168,0.000000,0.000000,0.000000,0.000206,0.000000,0.000000,0.000000,-0.000504,0.000000,0.000000,0.000000,0.000312,0.000000,0.000000,0.000000,-0.000174,0.000000,0.000000,0.000000,-0.000603,0.000000,0.000000,0.000000,0.000269,0.000000,0.000000,0.000000,0.000192,0.000000,0.000000,0.000000,0.000716,0.000000,0.000000,0.000000,0.001049,0.000000,0.000000,0.000000,-0.000230,0.000000,0.000000,0.000000,0.000610,0.000000,0.000000,0.000000,0.000991,0.000000,0.000000,0.000000,0.000000,0.000000,0.000000,0.000000,0.000000,0.000000,0.000000,0.000000,0.000000,0.000000,0.000000,0.000000,0.000000,0.000000,1
0.230000,0.098343,0.001540,0.564362,0.000000,0.000000,0.000000,0.000202,0.000000,0.000000,0.000000,-0.000514,0.000000,0.000000,0.000000,0.000332,0.000000,0.000000,0.000000,-0.000169,0.000000,0.000000,0.000000,-0.000614,0.000000,0.000000,0.000000,0.000290,0.000000,0.000000,0.000000,0.000190,0.000000,0.000000,0.000000,0.000707,0.000000,0.000000,0.000000,0.001065,0.000000,0.000000,0.000000,-0.000228,0.000000,0.000000,0.000000,0.000601,0.000000,0.000000,0.000000,0.001007,0.000000,0.000000,0.000000,0.000000,0.000000,0.000000,0.000000,0.000000,0.000000,0.000000,0.000000,0.000000,0.000000,0.000000,0.000000,0.000000,0.000000,1
0.240000,0.102760,0.001541,0.578575,0.000000,0.000000,0.000000,0.000200,0.000000,0.000000,0.000000,-0.000520,0.000000,0.000000,0.000000,0.000342,0.000000,0.000000,0.000000,-0.000167,0.000000,0.000000,0.000000,-0.000620,0.000000,0.000000,0.000000,0.000301,0.000000,0.000000,0.000000,0.000189,0.000000,0.000000,0.000000,0.000703,0.000000,0.000000,0.000000,0.001073,0.000000,0.000000,0.000000,-0.000227,0.000000,0.000000,0.000000,0.000596,0.000000,0.000000,0.000000,0.001015,0.000000,0.000000,0.000000,0.000000,0.000000,0.000000,0.000000,0.000000,0.000000,0.000000,0.000000,0.000000,0.000000,0.000000,0.000000,0.000000,0.000000,1
0.250000,0.107177,0.001542,0.591807,0.000000,0.000000,0.000000,0.000199,0.000000,0.000000,0.000000,-0.000522,0.000000,0.000000,0.000000,0.000348,0.000000,0.000000,0.000000,-0.000165,0.000000,0.000000,0.000000,-0.000623,0.000000,0.000000,0.000000,0.000307,0.000000,0.000000,0.000000,0.000189,0.000000,0.000000,0.000000,0.000700,0.000000,0.000000,0.000000,0.001077,0.000000,0.000000,0.000000,-0.000226,0.000000,0.000000,0.000000,0.000593,0.000000,0.000000,0.000000,0.001020,0.000000,0.000000,0.000000,0.000000,0.000000,0.000000,0.000000,0.000000,0.000000,0.000000,0.000000,0.000000,0.000000,0.000000,0.000000,0.000000,0.000000,1
0.260000,0.111594,0.001543,0.604058,0.000000,0.000000,0.000000,0.000198,0.000000,0.000000,0.000000,-0.000524,0.000000,0.000000,0.000000,0.000351,0.000000,0.000000,0.000000,-0.000164,0.000000,0.000000,0.000000,-0.000625,0.000000,0.000000,0.000000,0.000310,0.000000,0.000000,0.000000,0.000189,0.000000,0.000000,0.000000,0.000699,0.000000,0.000000,0.000000,0.001080,0.000000,0.000000,0.000000,-0.000225,0.000000,0.000000,0.000000,0.000591,0.000000,0.000000,0.000000,0.001023,0.000000,0.000000,0.000000,0.000000,0.000000,0.000000,0.000000,0.000000,0.000000,0.000000,0.000000,0.000000,0.000000,0.000000,0.000000,0.000000,0.000000,1
0.270000,0.116011,0.001543,0.615328,0.000000,0.000000,0.000000,0.000198,0.000000,0.000000,0.000000,-0.000525,0.000000,0.000000,0.000000,0.000352,0.000000,0.000000,0.000000,-0.000164,0.000000,0.000000,0.000000,-0.000626,0.000000,0.000000,0.000000,0.000312,0.000000,0.000000,0.000000,0.000189,0.000000,0.000000,0.000000,0.000698,0.000000,0.000000,0.000000,0.001081,0.000000,0.000000,0.000000,-0.000225,0.000000,0.000000,0.000000,0.000591,0.000000,0.000000,0.000000,0.001025,0.000000,0.000000,0.000000,0.000000,0.000000,0.000000,0.000000,0.000000,0.000000,0.000000,0.000000,0.000000,0.000000,0.000000,0.000000,0.000000,0.000000,1
0.280000,0.120427,0.001544,0.625617,0.000000,0.000000,0.000000,0.000198,0.000000,0.000000,0.000000,-0.000525,0.000000,0.000000,0.000000,0.000353,0.000000,0.000000,0.000000,-0.000163,0.000000,0.000000,0.000000,-0.000626,0.000000,0.000000,0.000000,0.000313,0.000000,0.000000,0.000000,0.000189,0.000000,0.000000,0.000000,0.000698,0.000000,0.000000,0.000000,0.001081,0.000000,0.000000,0.000000,-0.000225,0.000000,0.000000,0.000000,0.000590,0.000000,0.000000,0.000000,0.001026,0.000000,0.000000,0.000000,0.000000,0.000000,0.000000,0.000000,0.000000,0.000000,0.000000,0.000000,0.000000,0.000000,0.000000,0.000000,0.000000,0.000000,1
0.290000,0.124844,0.001545,0.634925,0.000000,0.000000,0.000000,0.000198,0.000000,0.000000,0.000000,-0.000525,0.000000,0.000000,0.000000,0.000353,0.000000,0.000000,0.000000,-0.000163,0.000000,0.000000,0.000000,-0.000627,0.000000,0.000000,0.000000,0.000314,0.000000,0.000000,0.000000,0.000189,0.000000,0.000000,0.000000,0.000698,0.000000,0.000000,0.000000,0.001082,0.000000,0.000000,0.000000,-0.000224,0.000000,0.000000,0.000000,0.000590,0.000000,0.000000,0.000000,0.001026,0.000000,0.000000,0.000000,0.000000,0.000000,0.000000,0.000000,0.000000,0.000000,0.000000,0.000000,0.000000,0.000000,0.000000,0.000000,0.000000,0.000000,1
0.300000,0.129261,0.001546,0.643252,0.000000,0.000000,0.000000,0.000198,0.000000,0.000000,0.000000,-0.000525,0.000000,0.000000,0.000000,0.000353,0.000000,0.000000,0.000000,-0.000162,0.000000,0.000000,0.000000,-0.000627,0.000000,0.000000,0.000000,0.000314,0.000000,0.000000,0.000000,0.000189,0.000000,0.000000,0.000000,0.000698,0.000000,0.000000,0.000000,0.001082,0.000000,0.000000,0.000000,-0.000224,0.000000,0.000000,0.000000,0.000589,0.000000,0.000000,0.000000,0.001027,0.000000,0.000000,0.000000,0.000000,0.000000,0.000000,0.000000,0.000000,0.000000,0.000000,0.000000,0.000000,0.000000,0.000000,0.000000,0.000000,0.000000,1
0.310000,0.133678,0.001547,0.650599,0.000000,0.000000,0.000000,0.000199,0.000000,0.000000,0.000000,-0.000525,0.000000,0.000000,0.000000,0.000353,0.000000,0.000000,0.000000,-0.000162,0.000000,0.000000,0.000000,-0.000627,0.000000,0.000000,0.000000,0.000315,0.000000,0.000000,0.000000,0.000190,0.000000,0.000000,0.000000,0.000698,0.000000,0.000000,0.000000,0.001082,0.000000,0.000000,0.000000,-0.000224,0.000000,0.000000,0.000000,0.000589,0.000000,0.000000,0.000000,0.001027,0.000000,0.000000,0.000000,0.000000,0.000000,0.000000,0.000000,0.000000,0.000000,0.000000,0.000000,0.000000,0.000000,0.000000,0.000000,0.000000,0.000000,1
0.320000,0.138095,0.001548,0.656964,0.000000,0.000000,0.000000,0.000199,0.000000,0.000000,0.000000,-0.000524,0.000000,0.000000,0.000000,0.000353,0.000000,0.000000,0.000000,-0.000162,0.000000,0.000000,0.000000,-0.000628,0.000000,0.000000,0.000000,0.000315,0.000000,0.000000,0.000000,0.000190,0.000000,0.000000,0.000000,0.000699,0.000000,0.000000,0.000000,0.001081,0.000000,0.000000,0.000000,-0.000224,0.000000,0.000000,0.000000,0.000589,0.000000,0.000000,0.000000,0.001027,0.000000,0.000000,0.000000,0.000000,0.000000,0.000000,0.000000,0.000000,0.000000,0.000000,0.000000,0.000000,0.000000,0.000000,0.000000,0.000000,0.000000,1
0.330000,0.142512,0.001549,0.662348,0.000000,0.000000,0.000000,0.000199,0.000000,0.000000,0.000000,-0.000524,0.000000,0.000000,0.000000,0.000353,0.000000,0.000000,0.000000,-0.000162,0.000000,0.000000,0.000000,-0.000628,0.000000,0.000000,0.000000,0.000315,0.000000,0.000000,0.000000,0.000190,0.000000,0.000000,0.000000,0.000699,0.000000,0.000000,0.000000,0.001081,0.000000,0.000000,0.000000,-0.000223,0.000000,0.000000,0.000000,0.000589,0.000000,0.000000,0.000000,0.001028,0.000000,0.000000,0.000000,0.000000,0.000000,0.000000,0.000000,0.000000,0.000000,0.000000,0.000000,0.000000,0.000000,0.000000,0.000000,0.000000,0.000000,1
0.340000,0.146928,0.001550,0.666751,0.000000,0.000000,0.000000,0.000199,0.000000,0.000000,0.000000,-0.000524,0.000000,0.000000,0.000000,0.000353,0.000000,0.000000,0.000000,-0.000161,0.000000,0.000000,0.000000,-0.000628,0.000000,0.000000,0.000000,0.000316,0.000000,0.000000,0.000000,0.000190,0.000000,0.000000,0.000000,0.000699,0.000000,0.000000,0.000000,0.001081,0.000000,0.000000,0.000000,-0.000223,0.000000,0.000000,0.000000,0.000588,0.000000,0.000000,0.000000,0.001028,0.000000,0.000000,0.000000,0.000000,0.000000,0.000000,0.000000,0.000000,0.000000,0.000000,0.000000,0.000000,0.000000,0.000000,0.000000,0.000000,0.000000,1
0.350000,0.151345,0.001550,0.670173,0.000000,0.000000,0.000000,0.000199,0.000000,0.000000,0.000000,-0.000524,0.000000,0.000000,0.000000,0.000352,0.000000,0.000000,0.000000,-0.000161,0.000000,0.000000,0.000000,-0.000628,0.000000,0.000000,0.000000,0.000316,0.000000,0.000000,0.000000,0.000190,0.000000,0.000000,0.000000,0.000699,0.000000,0.000000,0.000000,0.001081,0.000000,0.000000,0.000000,-0.000223,0.000000,0.000000,0.000000,0.000588,0.000000,0.000000,0.000000,0.001028,0.000000,0.000000,0.000000,0.000000,0.000000,0.000000,0.000000,0.000000,0.000000,0.000000,0.000000,0.000000,0.000000,0.000000,0.000000,0.000000,0.000000,1
0.358000,-0.047870,0.000314,0.112778,-0.001832,0.000047,0.001879,0.073042,0.000863,-0.000022,-0.000885,0.316655,-0.004106,0.000105,0.004211,-2.552736,0.001887,-0.000048,-0.001936,-0.015556,0.000914,-0.000023,-0.000937,0.271818,-0.004217,0.000108,0.004325,-2.577998,-0.000834,0.000021,0.000855,0.009762,0.000679,-0.000017,-0.000696,-0.062549,-0.003256,0.000083,0.003339,-0.943574,0.000871,-0.000022,-0.000893,0.018469,0.000733,-0.000019,-0.000752,-0.083336,-0.003349,0.000086,0.003435,-0.801697,1.998087,-4.959177,-1.637531,0.074697,1.978372,1.924936,-2.085716,-4.928722,1.458161,-0.112213,1.920647,-1.864525,0.000000,0.000000,0.000000,0.000229,-0.000225,1
0.364000,-0.056286,0.000868,0.123451,-0.002188,0.000056,0.002244,0.164469,-0.002146,0.000055,0.002201,0.327445,-0.019473,0.000499,0.019973,-2.426631,0.000769,-0.000020,-0.000788,0.176942,-0.001361,0.000035,0.001396,0.377307,-0.018549,0.000476,0.019024,-2.451845,-0.000471,0.000012,0.000483,0.031661,-0.003816,0.000098,0.003914,-0.112401,-0.003532,0.000091,0.003623,-0.710180,-0.004511,0.000116,0.004627,0.044911,-0.002436,0.000062,0.002499,-0.068085,-0.003741,0.000096,0.003837,-0.099081,2.365454,-4.771047,-0.648812,0.035641,1.887591,1.795893,-2.251434,-4.712105,0.827576,-1.097768,1.912845,-0.888878,0.000001,0.000000,0.000000,0.000833,-0.000806,1
0.374000,-0.055308,0.000831,0.120899,-0.002182,0.000056,0.002238,0.047278,-0.002180,0.000056,0.002236,0.317143,-0.019464,0.000499,0.019963,-2.472491,0.000775,-0.000020,-0.000795,0.053489,-0.001399,0.000036,0.001435,0.361138,-0.018534,0.000475,0.019009,-2.491027,-0.000471,0.000012,0.000483,-0.008436,-0.003849,0.000099,0.003947,-0.090061,-0.003520,0.000090,0.003611,-0.816392,-0.004494,0.000115,0.004609,0.041932,-0.002470,0.000063,0.002533,-0.094040,-0.003719,0.000095,0.003814,-0.497784,2.369916,-4.839101,-0.745393,0.134262,1.854322,1.698845,-2.302801,-4.912528,0.973890,-0.833301,1.910510,-1.141490,0.000001,0.000000,0.000000,0.001870,-0.001813,1
0.384000,-0.053822,-0.000157,0.118390,-0.002105,0.000054,0.002159,-0.002562,-0.002377,0.000061,0.002438,0.223090,-0.019457,0.000499,0.019956,-2.451037,0.000853,-0.000022,-0.000875,0.002414,-0.001617,0.000041,0.001658,0.287661,-0.018436,0.000473,0.018909,-2.529681,-0.000470,0.000012,0.000482,-0.012015,-0.004040,0.000104,0.004144,-0.137984,-0.003496,0.000090,0.003586,-0.876492,-0.004377,0.000112,0.004489,0.010359,-0.002666,0.000068,0.002734,-0.132030,-0.003581,0.000092,0.003673,-0.960156,2.308337,-4.802956,-0.896962,0.087663,1.813607,1.725098,-2.258063,-5.027873,1.182916,-0.196686,1.846620,-1.710041,0.000001,0.000000,0.000000,0.002925,-0.002846,1
0.394000,-0.052945,-0.000203,0.115753,-0.002105,0.000054,0.002159,-0.000131,-0.002377,0.000061,0.002438,0.210502,-0.019457,0.000499,0.019956,-2.522682,0.000853,-0.000022,-0.000875,0.001627,-0.001617,0.000041,0.001658,0.252905,-0.018436,0.000473,0.018909,-2.513217,-0.000470,0.000012,0.000482,-0.005475,-0.004040,0.000104,0.004144,-0.123396,-0.003496,0.000090,0.003586,-0.904766,-0.004377,0.000112,0.004489,0.005856,-0.002666,0.000068,0.002734,-0.127771,-0.003581,0.000092,0.003673,-0.933449,2.369638,-4.857940,-0.885925,0.151864,1.724337,1.613633,-2.194445,-5.020075,1.330398,-0.188853,1.745172,-1.646670,0.000001,0.000000,0.000000,0.003988,-0.003891,1
0.398000,-0.056768,0.000377,0.129527,-0.001835,0.000047,0.001882,-0.007244,-0.017298,0.000444,0.017741,0.495805,-0.080482,0.002064,0.082546,-2.336158,0.000443,-0.000011,-0.000455,0.037029,-0.015817,0.000406,0.016222,0.494683,-0.077874,0.001997,0.079871,-2.207081,-0.000531,0.000014,0.000544,-0.001752,-0.026167,0.000671,0.026838,0.002576,-0.012422,0.000319,0.012740,-0.011645,-0.004471,0.000115,0.004585,0.001094,-0.025058,0.000643,0.025701,-0.007371,-0.010808,0.000277,0.011085,-0.008492,2.458187,-4.511309,-0.216364,0.350107,0.233763,-0.056880,-2.204380,-4.618868,0.738156,-0.655140,1.688669,-1.043375,0.000004,0.000000,0.000000,0.005534,-0.005301,1
0.408000,-0.055664,0.000351,0.127085,-0.001835,0.000047,0.001882,0.005069,-0.017294,0.000443,0.017738,0.486151,-0.080486,0.002064,0.082550,-2.387329,0.000443,-0.000011,-0.000455,0.046127,-0.015811,0.000405,0.016216,0.502167,-0.077888,0.001997,0.079885,-2.307164,-0.000532,0.000014,0.000546,-0.024361,-0.026165,0.000671,0.026835,-0.011291,-0.012421,0.000318,0.012740,-0.288308,-0.004472,0.000115,0.004587,0.007502,-0.025054,0.000642,0.025697,-0.009023,-0.010817,0.000277,0.011094,-0.034150,2.491229,-4.698282,-0.368207,0.707359,2.058215,1.360907,-2.443574,-4.744534,0.489579,-0.312917,2.420134,-2.049118,0.000004,0.000000,0.000000,0.009562,-0.008993,1
0.418000,-0.054633,0.000349,0.124614,-0.001835,0.000047,0.001882,-0.001200,-0.017294,0.000443,0.017738,0.434211,-0.080486,0.002064,0.082550,-2.434834,0.000443,-0.000011,-0.000455,0.030709,-0.015811,0.000405,0.016216,0.459982,-0.077888,0.001997,0.079885,-2.390748,-0.000532,0.000014,0.000546,-0.034811,-0.026165,0.000671,0.026835,-0.030539,-0.012421,0.000318,0.012740,-0.616287,-0.004472,0.000115,0.004587,0.040466,-0.025054,0.000642,0.025697,-0.042231,-0.010817,0.000277,0.011094,-0.457341,2.495739,-4.812621,-0.502707,0.747006,1.941250,1.223783,-2.577539,-4.839698,0.385271,-0.361647,2.050747,-1.674115,0.000004,0.000000,0.000000,0.013784,-0.012908,1
0.420000,-0.097372,0.016984,0.205400,-0.019029,0.000488,0.019517,0.089937,-0.027765,0.000712,0.028477,-0.296069,-0.530203,0.013595,0.543798,0.027590,-0.018443,0.000473,0.018916,0.110375,-0.008401,0.000215,0.008616,-0.022264,-0.537865,0.013791,0.551656,-0.769741,0.026132,-0.000670,-0.026802,0.039256,-0.063069,0.001617,0.064686,-0.436976,-0.045720,0.001172,0.046892,-0.118313,-0.034713,0.000890,0.035603,-0.066287,-0.100040,0.002565,0.102605,-0.122139,-0.102939,0.002639,0.105579,-0.600692,1.682234,-4.732266,-0.410554,0.000000,0.000000,0.000000,-1.834145,-3.040179,-0.298964,0.000000,0.000000,0.000000,0.000006,0.000000,0.000000,0.014915,-0.013963,1
0.430000,-0.097278,0.017527,0.205079,-0.019029,0.000488,0.019517,-0.284621,-0.027765,0.000712,0.028477,-0.131739,-0.530203,0.013595,0.543798,-0.365280,-0.018443,0.000473,0.018916,-0.266549,-0.008401,0.000215,0.008616,0.020722,-0.537865,0.013791,0.551656,-1.048317,0.026132,-0.000670,-0.026802,0.055253,-0.063069,0.001617,0.064686,-0.282384,-0.045720,0.001172,0.046892,-0.038752,-0.034713,0.000890,0.035603,-0.109665,-0.100040,0.002565,0.102605,-0.328400,-0.102939,0.002639,0.105579,-0.145256,1.661807,-4.969621,-0.559516,0.000000,0.000000,0.000000,-2.573242,-3.986776,-0.596930,0.000000,0.000000,0.000000,0.000009,0.000000,0.000000,0.023574,-0.022620,1
0.440000,-0.097056,0.017892,0.204565,-0.019029,0.000488,0.019517,-0.410826,-0.027765,0.000712,0.028477,0.056362,-0.530203,0.013595,0.543798,-0.660490,-0.018443,0.000473,0.018916,-0.389973,-0.008401,0.000215,0.008616,0.114204,-0.537865,0.013791,0.551656,-1.187669,0.026132,-0.000670,-0.026802,0.053010,-0.063069,0.001617,0.064686,-0.126798,-0.045720,0.001172,0.046892,-0.001634,-0.034713,0.000890,0.035603,-0.084320,-0.100040,0.002565,0.102605,-0.372864,-0.102939,0.002639,0.105579,-0.029348,1.733684,-4.769776,-0.355726,0.000000,0.000000,0.000000,-2.671826,-4.333253,-0.476758,0.000000,0.000000,0.000000,0.000011,0.000000,0.000000,0.034438,-0.033432,1
0.442000,-0.122988,0.016719,0.252624,-2.201561,0.056450,2.258011,2.903244,-1.101239,0.028237,1.129476,1.258938,-4.853513,0.124449,4.977963,-0.118813,-2.238648,0.057401,2.296049,0.108998,-2.303604,0.059067,2.362671,1.536479,-4.210787,0.107969,4.318755,1.772467,-0.069873,0.001792,0.071665,0.413922,-3.743978,0.095999,3.839977,1.559176,9.485368,-0.243215,-9.728583,-3.456074,0.166773,-0.004276,-0.171050,-0.870377,-5.397015,0.138385,5.535400,3.690429,-0.707809,0.018149,0.725958,0.334105,0.312128,-4.986155,-0.540715,0.465040,16.564183,-2.943670,-3.922960,-0.178184,-1.936387,0.000000,0.000000,0.000000,0.000806,0.000000,0.000000,0.195565,0.125329,1
0.452000,-0.125551,0.022562,0.242030,-1.892604,0.048528,1.941132,-0.849371,-0.698987,0.017923,0.716910,-0.367634,-4.905495,0.125782,5.031277,1.049335,-1.939178,0.049723,1.988901,-0.768970,-1.634605,0.041913,1.676518,-0.423901,-4.619235,0.118442,4.737677,1.039942,-0.093948,0.002409,0.096357,-0.830937,-3.227242,0.082750,3.309991,0.430787,7.657412,-0.196344,-7.853756,-3.028044,0.075418,-0.001934,-0.077352,-2.139447,-4.579052,0.117412,4.696463,0.075571,1.413939,-0.036255,-1.450194,-0.235970,1.122384,-5.592083,0.418599,0.000000,0.000000,0.000000,-1.662964,-0.679642,-0.418309,0.000000,0.000000,0.000000,0.000405,0.000000,0.000000,0.600654,0.445769,1
0.462000,-0.125685,0.023898,0.242917,-1.892604,0.048528,1.941132,-0.202475,-0.698987,0.017923,0.716910,0.050039,-4.905495,0.125782,5.031277,0.114732,-1.939178,0.049723,1.988901,-0.139472,-1.634605,0.041913,1.676518,-0.224265,-4.619235,0.118442,4.737677,0.859568,-0.093948,0.002409,0.096357,-0.566006,-3.227242,0.082750,3.309991,0.660474,7.657412,-0.196344,-7.853756,-3.418146,0.075418,-0.001934,-0.077352,-1.514595,-4.579052,0.117412,4.696463,0.195698,1.413939,-0.036255,-1.450194,-0.410233,1.118191,-6.012408,0.398754,0.000000,0.000000,0.000000,-1.693049,-0.450925,-0.585854,0.000000,0.000000,0.000000,0.000364,0.000000,0.000000,0.965144,0.788240,1
0.470000,-0.069090,0.049847,0.230996,-1.352438,0.034678,1.387116,-0.117221,0.730402,-0.018728,-0.749130,-0.457976,0.045888,-0.001177,-0.047065,-0.211396,0.070354,-0.001804,-0.072158,-0.569181,1.408272,-0.036110,-1.444382,-0.395574,-7.511728,0.192608,7.704336,3.216110,0.032940,-0.000845,-0.033785,1.465835,1.749378,-0.044856,-1.794234,-1.133542,0.167398,-0.004292,-0.171691,0.399394,1.166617,-0.029913,-1.196530,-2.327592,-1.844031,0.047283,1.891314,2.579385,2.786182,-0.071441,-2.857623,-1.285007,1.387334,-4.600436,-1.696204,0.000000,0.000000,0.000000,0.000000,0.000000,0.000000,0.000000,0.000000,0.000000,0.000394,0.000000,0.000000,1.280292,1.098897,1
0.480000,-0.086332,0.014715,0.224009,-1.706586,0.043759,1.750345,0.886819,-0.226717,0.005813,0.232530,-0.071667,-0.275357,0.007060,0.282418,-0.070399,-0.278554,0.007142,0.285697,1.309087,0.165813,-0.004252,-0.170065,-0.082843,-7.628531,0.195603,7.824134,3.561832,-0.945968,0.024256,0.970224,1.097625,-1.207023,0.030949,1.237972,0.263001,-0.046707,0.001198,0.047905,-0.013505,1.125456,-0.028858,-1.154314,-1.286035,-3.822618,0.098016,3.920634,2.891571,4.394725,-0.112685,-4.507411,-2.289733,1.688899,-3.373099,-0.616652,0.000000,0.000000,0.000000,0.000000,0.000000,0.000000,0.000000,0.000000,0.000000,0.000544,0.000000,0.000000,1.824076,1.641937,1
0.486000,-0.079878,0.027574,0.205967,0.148013,-0.003795,-0.151808,-0.315484,-0.034607,0.000887,0.035495,0.165083,0.846666,-0.021709,-0.868375,-1.002051,0.801422,-0.020549,-0.821971,0.184053,0.481925,-0.012357,-0.494282,1.055972,-8.569164,0.219722,8.788887,3.509476,-3.714377,0.095240,3.809617,3.665723,-3.741342,0.095932,3.837274,1.993444,-0.849786,0.021789,0.871576,0.619735,1.647856,-0.042253,-1.690108,-1.498723,-4.642380,0.119035,4.761416,2.642275,5.306425,-0.136062,-5.442487,-2.818356,0.000000,0.000000,0.000000,0.000000,0.000000,0.000000,-0.072116,-0.156464,0.107758,0.000000,0.000000,0.000000,0.000850,0.000000,0.000000,2.334369,2.144151,1
0.496000,-0.078110,0.027124,0.203288,0.148013,-0.003795,-0.151808,-0.206021,-0.034607,0.000887,0.035495,0.111290,0.846666,-0.021709,-0.868375,-0.698720,0.801422,-0.020549,-0.821971,-0.027999,0.481925,-0.012357,-0.494282,0.494817,-8.569164,0.219722,8.788887,4.023252,-3.714377,0.095240,3.809617,3.629721,-3.741342,0.095932,3.837274,1.956677,-0.849786,0.021789,0.871576,0.498066,1.647856,-0.042253,-1.690108,-1.545661,-4.642380,0.119035,4.761416,2.476227,5.306425,-0.136062,-5.442487,-2.678441,0.000000,0.000000,0.000000,0.000000,0.000000,0.000000,-0.147835,-0.215546,0.132111,0.000000,0.000000,0.000000,0.000870,0.000000,0.000000,3.204567,3.009458,1
0.500000,-0.028853,0.025397,0.168397,-0.495246,0.012699,0.507945,-1.879059,0.306567,-0.007861,-0.314428,-1.169808,7.941583,-0.203630,-8.145213,-4.343988,-4.504102,0.115490,4.619592,4.805480,0.610439,-0.015652,-0.626091,0.482892,-5.506408,0.141190,5.647598,2.233864,2.052254,-0.052622,-2.104876,-1.162510,2.696428,-0.069139,-2.765567,-0.819925,4.835729,-0.123993,-4.959722,-2.077084,-1.353895,0.034715,1.388610,3.004710,-0.751400,0.019267,0.770666,0.871282,5.605029,-0.143719,-5.748748,-2.889942,0.000000,0.000000,0.000000,0.000000,0.000000,0.000000,0.000000,0.000000,0.000000,1.446458,2.311882,-2.080529,0.001083,0.000000,0.000000,3.637752,3.432589,1
0.510000,0.008789,0.022092,0.190018,-0.468007,0.012000,0.480008,-1.104495,0.258664,-0.006632,-0.265296,-0.940958,7.941583,-0.203630,-8.145213,-4.274864,-5.039325,0.129213,5.168538,5.468681,0.447052,-0.011463,-0.458515,0.109483,-5.200961,0.133358,5.334319,2.384983,1.027970,-0.026358,-1.054328,0.066561,1.292535,-0.033142,-1.325677,1.178056,1.268574,-0.032528,-1.301101,-2.868311,-0.974844,0.024996,0.999840,1.681747,-2.025842,0.051945,2.077786,0.946277,3.314200,-0.084979,-3.399179,-1.604122,0.000000,0.000000,0.000000,0.000000,0.000000,0.000000,0.000000,0.000000,0.000000,0.459493,12.594040,-3.901533,0.000911,0.000000,0.000000,4.548764,4.299355,1
0.512000,-0.030553,0.026728,0.179694,0.077476,-0.001987,-0.079463,-1.279769,0.381610,-0.009785,-0.391395,-0.590369,8.029144,-0.205875,-8.235019,-4.109246,-3.802333,0.097496,3.899829,2.768139,0.414827,-0.010637,-0.425464,0.115400,-5.416628,0.138888,5.555516,2.464715,2.366179,-0.060671,-2.426850,-1.503193,3.148304,-0.080726,-3.229030,-1.456752,6.267915,-0.160716,-6.428631,-3.001908,-0.422187,0.010825,0.433013,1.066645,-0.273569,0.007015,0.280584,0.134343,5.580329,-0.143085,-5.723414,-2.857657,0.000000,0.000000,0.000000,0.000000,0.000000,0.000000,0.000000,0.000000,0.000000,0.000000,0.000000,0.000000,0.001032,0.000000,0.000000,4.755194,4.505589,1
0.522000,-0.027611,0.027887,0.173641,0.077476,-0.001987,-0.079463,0.180120,0.381610,-0.009785,-0.391395,-0.920859,8.029144,-0.205875,-8.235019,-4.159006,-3.802333,0.097496,3.899829,4.431361,0.414827,-0.010637,-0.425464,-0.001537,-5.416628,0.138888,5.555516,2.544692,2.366179,-0.060671,-2.426850,-0.455722,3.148304,-0.080726,-3.229030,-1.353555,6.267915,-0.160716,-6.428631,-2.460896,-0.422187,0.010825,0.433013,0.089336,-0.273569,0.007015,0.280584,-0.346490,5.580329,-0.143085,-5.723414,-2.751537,0.000000,0.000000,0.000000,0.000000,0.000000,0.000000,0.000000,0.000000,0.000000,0.000000,0.000000,0.000000,0.001032,0.000000,0.000000,5.787438,5.535602,1
0.524000,0.027856,0.023528,0.176749,-0.326818,0.008380,0.335198,-0.465736,1.748024,-0.044821,-1.792845,-0.836745,9.334099,-0.239336,-9.573435,-4.174824,-3.830174,0.098210,3.928384,2.015811,-0.268260,0.006878,0.275139,0.490828,-3.783952,0.097024,3.880977,1.551795,2.447548,-0.062758,-2.510305,-1.769650,4.700903,-0.120536,-4.821439,-1.718062,7.541176,-0.193363,-7.734540,-3.055922,-1.386231,0.035544,1.421775,1.021348,0.120513,-0.003090,-0.123604,0.096215,5.272406,-0.135190,-5.407596,-2.205915,0.000000,0.000000,0.000000,0.000000,0.000000,0.000000,0.000000,0.000000,0.000000,0.000000,0.000000,0.000000,0.001055,0.000000,0.000000,5.998348,5.745840,1
0.534000,0.033389,0.022101,0.169415,-0.326818,0.008380,0.335198,-0.960864,1.748024,-0.044821,-1.792845,-1.035173,9.334099,-0.239336,-9.573435,-4.749175,-3.830174,0.098210,3.928384,1.787999,-0.268260,0.006878,0.275139,-0.207734,-3.783952,0.097024,3.880977,1.705498,2.447548,-0.062758,-2.510305,-1.136771,4.700903,-0.120536,-4.821439,-2.415352,7.541176,-0.193363,-7.734540,-3.330866,-1.386231,0.035544,1.421775,-0.219413,0.120513,-0.003090,-0.123604,0.164098,5.272406,-0.135190,-5.407596,-2.146959,0.000000,0.000000,0.000000,0.000000,0.000000,0.000000,0.000000,0.000000,0.000000,0.000000,0.000000,0.000000,0.001135,0.000000,0.000000,7.133828,6.867090,1
0.536000,-0.076267,0.039020,0.123909,-1.624720,0.041659,1.666379,-3.011223,8.575011,-0.219872,-8.794883,-2.965452,25.363781,-0.650353,-26.014135,-12.553271,3.365984,-0.086307,-3.452291,7.419960,-0.214749,0.005506,0.220255,1.084922,-2.637880,0.067638,2.705518,1.670597,8.632210,-0.221339,-8.853549,-5.967953,-3.272497,0.083910,3.356407,1.287658,20.138011,-0.516359,-20.654370,-6.128052,-0.826866,0.021202,0.848068,-0.901622,7.298953,-0.187153,-7.486106,-6.262019,20.929652,-0.536658,-21.466310,0.805647,0.000000,0.000000,0.000000,0.000000,0.000000,0.000000,0.000000,0.000000,0.000000,0.000000,0.000000,0.000000,0.006367,0.000000,0.000000,8.407234,7.945726,1
0.546000,-0.075123,0.039312,0.113669,-1.624720,0.041659,1.666379,-1.837427,8.575011,-0.219872,-8.794883,-3.915320,25.363781,-0.650353,-26.014135,-6.398215,3.365984,-0.086307,-3.452291,3.273181,-0.214749,0.005506,0.220255,0.790138,-2.637880,0.067638,2.705518,2.009860,8.632210,-0.221339,-8.853549,-6.719033,-3.272497,0.083910,3.356407,1.881384,20.138011,-0.516359,-20.654370,-8.317211,-0.826866,0.021202,0.848068,-0.387157,7.298953,-0.187153,-7.486106,-4.797059,20.929652,-0.536658,-21.466310,0.741125,0.000000,0.000000,0.000000,0.000000,0.000000,0.000000,0.000000,0.000000,0.000000,0.000000,0.000000,0.000000,0.005106,0.000000,0.000000,13.513134,12.439638,1
0.548000,-0.057253,0.043536,0.151500,1.513867,-0.038817,-1.552684,0.991363,0.886558,-0.022732,-0.909290,-0.181112,5.555635,-0.142452,-5.698087,-1.604820,-9.047416,0.231985,9.279401,0.572077,-1.388020,0.035590,1.423610,3.813038,1.696135,-0.043491,-1.739626,-1.572313,6.716391,-0.172215,-6.888606,-3.474521,6.357636,-0.163016,-6.520652,-2.884398,7.230664,-0.185402,-7.416066,-3.054851,-8.459047,0.216899,8.675945,-0.568799,-1.897399,0.048651,1.946050,-0.076934,7.506955,-0.192486,-7.699441,-3.738040,0.000000,0.000000,0.000000,0.000000,0.000000,0.000000,0.000000,0.000000,0.000000,0.000000,0.000000,0.000000,0.001236,0.000000,0.000000,13.760301,12.660310,1
0.558000,-0.053696,0.040831,0.146325,1.513867,-0.038817,-1.552684,0.114737,0.886558,-0.022732,-0.909290,-0.338531,5.555635,-0.142452,-5.698087,-2.404499,-9.047416,0.231985,9.279401,3.673233,-1.388020,0.035590,1.423610,1.808249,1.696135,-0.043491,-1.739626,-1.091615,6.716391,-0.172215,-6.888606,-2.582011,6.357636,-0.163016,-6.520652,-3.111287,7.230664,-0.185402,-7.416066,-3.237945,-8.459047,0.216899,8.675945,-2.816532,-1.897399,0.048651,1.946050,1.453429,7.506955,-0.192486,-7.699441,-3.740257,0.000000,0.000000,0.000000,0.000000,0.000000,0.000000,0.000000,0.000000,0.000000,0.000000,0.000000,0.000000,0.001709,0.000000,0.000000,15.469250,13.876975,1
0.560000,0.005515,-0.034775,0.133687,0.127811,-0.003277,-0.131089,0.298492,1.846049,-0.047335,-1.893384,4.287395,6.607299,-0.169418,-6.776717,-4.094801,-4.057287,0.104033,4.161320,4.884339,-1.469058,0.037668,1.506727,0.786864,-1.785290,0.045777,1.831067,0.851062,4.304269,-0.110366,-4.414635,-1.720258,5.768974,-0.147922,-5.916897,-3.073380,7.483516,-0.191885,-7.675401,-4.472267,-0.308693,0.007915,0.316609,0.495117,1.297736,-0.033275,-1.331011,0.130385,6.170976,-0.158230,-6.329206,0.008099,0.000000,0.000000,0.000000,0.000000,0.000000,0.000000,0.000000,0.000000,0.000000,0.000000,0.000000,0.000000,0.001195,0.000000,0.000000,15.708176,14.082374,1
0.570000,0.009497,-0.035297,0.129384,0.127811,-0.003277,-0.131089,0.591002,1.846049,-0.047335,-1.893384,4.462786,6.607299,-0.169418,-6.776717,-3.623362,-4.057287,0.104033,4.161320,4.831390,-1.469058,0.037668,1.506727,0.642554,-1.785290,0.045777,1.831067,0.761569,4.304269,-0.110366,-4.414635,-1.364589,5.768974,-0.147922,-5.916897,0.526823,7.483516,-0.191885,-7.675401,-4.065509,-0.308693,0.007915,0.316609,-0.109212,1.297736,-0.033275,-1.331011,-0.407711,6.170976,-0.158230,-6.329206,-0.048083,0.000000,0.000000,0.000000,0.000000,0.000000,0.000000,0.000000,0.000000,0.000000,0.000000,0.000000,0.000000,0.000968,0.000000,0.000000,16.675942,14.816561,1
0.580000,-0.041643,0.029753,0.159562,-2.359950,0.060512,2.420462,0.871202,2.636233,-0.067596,-2.703829,-0.314852,-3.580457,0.091807,3.672264,1.810789,4.613685,-0.118300,-4.731985,-4.151799,-5.790159,0.148466,5.938624,2.824464,-1.112375,0.028522,1.140898,1.831735,-1.600582,0.041041,1.641623,1.424645,2.418299,-0.062008,-2.480307,-0.977995,0.287770,-0.007379,-0.295149,0.559745,2.731863,-0.070048,-2.801911,-2.448492,-0.632740,0.016224,0.648964,-0.042024,3.075450,-0.078858,-3.154308,-1.346335,0.000000,0.000000,0.000000,0.000000,0.000000,0.000000,0.000000,0.000000,0.000000,0.000000,0.000000,0.000000,0.000642,0.000000,0.000000,17.317776,15.454545,1
0.582000,-0.038207,-0.005464,0.212187,-0.654076,0.016771,0.670847,-1.400367,-5.304238,0.136006,5.440244,2.110024,-11.872167,0.304415,12.176581,5.518267,1.411946,-0.036204,-1.448150,0.440452,-1.465958,0.037589,1.503547,1.772036,-2.756730,0.070685,2.827415,1.880685,0.434753,-0.011148,-0.445900,0.158798,0.619912,-0.015895,-0.635807,0.028295,-4.150619,0.106426,4.257045,2.696504,3.956571,-0.101451,-4.058021,-5.292233,1.346806,-0.034533,-1.381339,-1.691808,1.641334,-0.042085,-1.683420,-0.114463,0.000000,0.000000,0.000000,0.000000,0.000000,0.000000,0.000000,0.000000,0.000000,0.000000,0.000000,0.000000,0.001238,0.000000,0.000000,17.565386,15.695491,1
0.592000,-0.037914,-0.006989,0.212295,-0.654076,0.016771,0.670847,-0.481213,-5.304238,0.136006,5.440244,2.263450,-11.872167,0.304415,12.176581,5.800680,1.411946,-0.036204,-1.448150,0.194948,-1.465958,0.037589,1.503547,1.353538,-2.756730,0.070685,2.827415,1.613091,0.434753,-0.011148,-0.445900,0.358787,0.619912,-0.015895,-0.635807,-0.037188,-4.150619,0.106426,4.257045,2.404180,3.956571,-0.101451,-4.058021,-1.549220,1.346806,-0.034533,-1.381339,-1.184930,1.641334,-0.042085,-1.683420,-0.063879,0.000000,0.000000,0.000000,0.000000,0.000000,0.000000,0.000000,0.000000,0.000000,0.000000,0.000000,0.000000,0.001086,0.000000,0.000000,18.651354,16.766156,1
0.594000,-0.071252,-0.116151,0.219820,-3.267019,0.083770,3.350789,2.611024,-3.144862,0.080637,3.225499,1.079021,-6.778528,0.173808,6.952336,-2.009350,0.405702,-0.010403,-0.416105,-0.338793,-2.857612,0.073272,2.930884,1.526544,2.969392,-0.076138,-3.045530,-2.404243,3.489175,-0.089466,-3.578641,-4.666782,-0.469451,0.012037,0.481488,1.466381,0.151085,-0.003874,-0.154959,0.631829,0.738555,-0.018937,-0.757493,0.303414,-6.925302,0.177572,7.102874,3.990029,0.028630,-0.000734,-0.029364,3.097488,0.000000,0.000000,0.000000,0.000000,0.000000,0.000000,-2.994476,-12.025110,1.963846,0.000000,0.000000,0.000000,0.000843,0.000000,0.000000,18.819959,16.877207,1
0.604000,-0.054139,-0.113813,0.203974,2.085939,-0.053486,-2.139424,2.451336,-0.187338,0.004804,0.192142,2.573745,4.761175,-0.122081,-4.883257,-2.022216,0.321657,-0.008248,-0.329905,-0.309910,-4.632222,0.118775,4.750997,2.524246,-3.716215,0.095288,3.811502,1.784132,0.672651,-0.017247,-0.689899,-2.022219,1.177524,-0.030193,-1.207716,-0.029755,2.560155,-0.065645,-2.625800,-1.357028,-2.650151,0.067953,2.718104,3.242100,-6.037260,0.154802,6.192062,3.516799,0.145665,-0.003735,-0.149400,1.562151,0.000000,0.000000,0.000000,0.000000,0.000000,0.000000,0.000000,0.000000,0.000000,0.000000,0.000000,0.000000,0.000703,0.000000,0.000000,19.523213,17.470905,1
0.606000,-0.026992,-0.063002,0.198525,2.876231,-0.073750,-2.949980,-1.076807,-0.489129,0.012542,0.501671,0.562869,2.694388,-0.069087,-2.763475,-1.226407,0.802196,-0.020569,-0.822765,-1.607592,-2.472433,0.063396,2.535829,2.508051,1.191728,-0.030557,-1.222285,-0.523853,3.522934,-0.090332,-3.613265,-5.100722,-0.506584,0.012989,0.519573,0.678713,0.220926,-0.005665,-0.226590,-0.307671,-0.841119,0.021567,0.862687,1.723497,-0.432690,0.011095,0.443784,-0.432790,3.013029,-0.077257,-3.090286,-0.200579,0.016950,-1.396133,-0.236317,0.000000,0.000000,0.000000,0.000000,0.000000,0.000000,0.000000,0.000000,0.000000,0.000363,0.000000,0.000000,19.595858,17.542782,1
0.616000,-0.027780,-0.092950,0.191025,2.433867,-0.062407,-2.496274,-1.856530,-3.071051,0.078745,3.149796,1.493342,-2.357868,0.060458,2.418326,0.841916,-0.578875,0.014843,0.593718,0.975093,-0.360508,0.009244,0.369752,0.638862,10.257753,-0.263019,-10.520772,-4.560445,5.182099,-0.132874,-5.314973,-5.403825,-2.217322,0.056854,2.274176,1.485424,-2.719227,0.069724,2.788951,0.775640,-0.880793,0.022584,0.903378,2.120744,-1.189837,0.030509,1.220345,0.248521,8.644501,-0.221654,-8.866155,-4.019473,0.000000,0.000000,0.000000,0.000000,0.000000,0.000000,0.000000,0.000000,0.000000,0.000000,0.000000,0.000000,0.001323,0.000000,0.000000,20.918734,18.865658,1
0.618000,-0.046728,-0.119244,0.197843,2.231186,-0.057210,-2.288396,-2.178891,0.228348,-0.005855,-0.234203,0.101787,3.836032,-0.098360,-3.934392,-1.608410,1.535533,-0.039373,-1.574906,-0.030318,-2.544733,0.065250,2.609982,0.650751,1.945763,-0.049891,-1.995655,-2.301251,2.386830,-0.061201,-2.448031,-2.902124,-2.154182,0.055235,2.209418,2.311396,2.841129,-0.072849,-2.913978,-0.403146,-0.376201,0.009646,0.385848,0.025427,-1.115178,0.028594,1.143773,0.020024,3.589340,-0.092034,-3.681375,-1.642834,0.000000,0.000000,0.000000,0.000000,0.000000,0.000000,0.000000,0.000000,0.000000,0.000000,0.000000,0.000000,0.000371,0.000000,0.000000,20.993021,18.939850,1
0.628000,-0.047538,-0.124350,0.191184,2.231186,-0.057210,-2.288396,-2.160957,0.228348,-0.005855,-0.234203,0.030629,3.836032,-0.098360,-3.934392,-1.739031,1.535533,-0.039373,-1.574906,-0.381872,-2.544733,0.065250,2.609982,0.838695,1.945763,-0.049891,-1.995655,-1.576639,2.386830,-0.061201,-2.448031,-2.727645,-2.154182,0.055235,2.209418,1.777827,2.841129,-0.072849,-2.913978,-0.866281,-0.376201,0.009646,0.385848,0.051820,-1.115178,0.028594,1.143773,0.225966,3.589340,-0.092034,-3.681375,-1.704984,0.000000,0.000000,0.000000,0.000000,0.000000,0.000000,0.000000,0.000000,0.000000,0.000000,0.000000,0.000000,0.000374,0.000000,0.000000,21.367180,19.313866,1
0.638000,-0.070868,0.029280,0.195491,2.318814,-0.059457,-2.378271,-2.243097,-0.874967,0.022435,0.897402,0.652613,-0.087894,0.002254,0.090148,0.177266,1.369186,-0.035107,-1.404293,-1.094000,-0.318664,0.008171,0.326835,0.078519,5.026894,-0.128895,-5.155788,-2.605927,0.368813,-0.009457,-0.378270,-0.844504,-3.276023,0.084001,3.360023,2.227110,-3.667571,0.094040,3.761612,2.138572,0.232136,-0.005952,-0.238088,-0.036316,-0.141766,0.003635,0.145402,-0.154031,3.049749,-0.078199,-3.127948,-1.504682,0.000000,0.000000,0.000000,0.000000,0.000000,0.000000,0.000000,0.000000,0.000000,0.000000,0.000000,0.000000,0.000415,0.000000,0.000000,21.782366,19.728603,1
0.648000,-0.027205,-0.126503,0.175936,6.265509,-0.160654,-6.426163,-5.005950,1.492802,-0.038277,-1.531079,-1.106253,1.563159,-0.040081,-1.603240,-1.334731,-3.579445,0.091781,3.671226,4.369805,-2.099746,0.053840,2.153586,1.392877,1.543743,-0.039583,-1.583327,-0.451451,4.110513,-0.105398,-4.215911,0.275682,1.158628,-0.029708,-1.188336,-1.513218,11.574480,-0.296782,-11.871261,-1.771643,-0.800349,0.020522,0.820870,1.491981,-1.995826,0.051175,2.047001,0.368199,1.966100,-0.050413,-2.016513,-1.156183,0.000000,0.000000,0.000000,0.000000,0.000000,0.000000,0.000000,0.000000,0.000000,0.000000,0.000000,0.000000,0.000841,0.000000,0.000000,22.622983,20.545975,1
0.650000,0.072281,-0.089038,0.164560,-0.838076,0.021489,0.859565,-0.512279,-1.163926,0.029844,1.193770,0.922572,-1.933020,0.049565,1.982585,0.991821,-1.220401,0.031292,1.251693,-0.239498,0.568469,-0.014576,-0.583045,0.141787,2.375664,-0.060914,-2.436579,-0.227316,0.029020,-0.000744,-0.029764,0.435762,-1.488449,0.038165,1.526614,1.423576,1.099764,-0.028199,-1.127963,0.542453,3.220467,-0.082576,-3.303043,-4.414966,-14.011174,0.359261,14.370435,8.212198,12.003094,-0.307772,-12.310866,-5.005828,0.000000,0.000000,0.000000,0.000000,0.000000,0.000000,0.000000,0.000000,0.000000,0.000000,0.000000,0.000000,0.002015,0.000000,0.000000,23.025912,20.943113,1
0.660000,0.077025,-0.093565,0.157635,-0.838076,0.021489,0.859565,-0.390234,-1.163926,0.029844,1.193770,0.730103,-1.933020,0.049565,1.982585,0.899560,-1.220401,0.031292,1.251693,2.723755,0.568469,-0.014576,-0.583045,2.602452,2.375664,-0.060914,-2.436579,-0.544611,0.029020,-0.000744,-0.029764,-0.043662,-1.488449,0.038165,1.526614,1.111769,1.099764,-0.028199,-1.127963,0.010604,3.220467,-0.082576,-3.303043,-4.608888,-14.011174,0.359261,14.370435,7.604646,12.003094,-0.307772,-12.310866,-5.352877,0.000000,0.000000,0.000000,0.000000,0.000000,0.000000,0.000000,0.000000,0.000000,0.000000,0.000000,0.000000,0.002014,0.000000,0.000000,25.039497,22.919404,1
0.670000,0.006525,-0.018120,0.247841,-0.131352,0.003368,0.134720,5.692144,-1.686999,0.043256,1.730256,1.538075,4.544971,-0.116538,-4.661509,-3.372646,4.908475,-0.125858,-5.034334,-2.619801,8.637473,-0.221474,-8.858947,-1.787677,37.481060,-0.961053,-38.442113,-0.147109,-5.714328,0.146521,5.860849,-0.149591,0.623755,-0.015994,-0.639748,1.500057,3.050624,-0.078221,-3.128845,-0.550387,0.191211,-0.004903,-0.196114,-4.062317,-5.528449,0.141755,5.670204,2.853916,-9.504732,0.243711,9.748444,4.807415,0.000000,0.000000,0.000000,0.000000,0.000000,0.000000,0.000000,0.000000,0.000000,0.000000,0.000000,0.000000,0.001212,0.000000,0.000000,26.251828,24.095007,1
0.680000,-0.041552,0.023856,0.163266,1.338613,-0.034323,-1.372936,0.401136,-7.830592,0.200784,8.031377,2.581798,-3.243418,0.083165,3.326582,0.155420,0.125552,-0.003219,-0.128772,-1.018318,0.275765,-0.007071,-0.282836,-0.340393,0.942532,-0.024167,-0.966699,0.842682,-0.392335,0.010060,0.402395,-0.270923,2.010244,-0.051545,-2.061789,-1.258088,8.099891,-0.207690,-8.307581,-4.440255,3.632062,-0.093130,-3.725191,-2.730968,-8.417454,0.215832,8.633287,4.350321,1.815424,-0.046549,-1.861973,-0.929281,0.000000,0.000000,0.000000,0.000000,0.000000,0.000000,0.000000,0.000000,0.000000,0.000000,0.000000,0.000000,0.001119,0.000000,0.000000,27.370799,25.184491,1
0.690000,0.031257,-0.022550,0.268121,-8.795947,0.225537,9.021484,7.147989,0.985426,-0.025267,-1.010693,-0.560385,-2.360323,0.060521,2.420844,1.053407,0.442030,-0.011334,-0.453364,0.014847,-1.669682,0.042812,1.712494,0.825373,-15.527330,0.398137,15.925466,7.712703,0.921733,-0.023634,-0.945368,-1.410298,5.743949,-0.147281,-5.891230,-3.064947,7.587651,-0.194555,-7.782206,-3.664540,1.156073,-0.029643,-1.185716,-0.813519,-2.646318,0.067854,2.714173,1.022119,-8.927913,0.228921,9.156834,4.858631,0.000000,0.000000,0.000000,0.000000,0.000000,0.000000,0.000000,0.000000,0.000000,0.000000,0.000000,0.000000,0.002880,0.000000,0.000000,30.250667,28.064224,1
0.698000,0.004547,-0.068415,0.234947,-7.651122,0.196183,7.847304,4.968680,-0.846853,0.021714,0.868567,0.679972,-4.711603,0.120810,4.832413,2.215021,2.690246,-0.068981,-2.759227,-1.339483,-2.242002,0.057487,2.299490,1.191942,-14.453369,0.370599,14.823969,7.437488,-2.278062,0.058412,2.336474,1.759017,4.156535,-0.106578,-4.263113,-2.427061,8.502194,-0.218005,-8.720199,-4.182875,2.834348,-0.072676,-2.907024,-0.986479,-0.509932,0.013075,0.523007,0.041095,-10.593659,0.271632,10.865292,5.465523,0.000000,0.000000,0.000000,0.000000,0.000000,0.000000,0.000000,0.000000,0.000000,0.000000,0.000000,0.000000,0.002802,0.000000,0.000000,32.492116,30.305673,1
0.706000,-0.011317,-0.080449,0.228142,-6.431796,0.164918,6.596713,4.477841,-1.353397,0.034702,1.388099,1.264828,-4.234366,0.108573,4.342940,1.727234,5.947309,-0.152495,-6.099804,-5.547506,-1.010697,0.025915,1.036612,0.603544,-13.075580,0.335271,13.410852,7.050872,-3.072400,0.078779,3.151179,3.119472,4.250207,-0.108980,-4.359187,-2.362740,3.667444,-0.094037,-3.761481,-1.575980,0.771988,-0.019795,-0.791782,0.195652,-2.095383,0.053728,2.149110,0.463678,-7.322652,0.187760,7.510413,3.719654,0.000000,0.000000,0.000000,0.000000,0.000000,0.000000,0.000000,0.000000,0.000000,0.000000,0.000000,0.000000,0.002230,0.000000,0.000000,34.275826,32.086904,1
0.716000,-0.032711,-0.137321,0.180313,-2.050230,0.052570,2.102800,2.835251,-7.459879,0.191279,7.651158,5.542528,-4.726282,0.121187,4.847469,1.797725,4.582726,-0.117506,-4.700232,2.536823,-4.110933,0.105409,4.216342,4.158252,-2.238652,0.057401,2.296054,0.283535,-2.894156,0.074209,2.968365,3.176222,2.735856,-0.070150,-2.806006,0.050690,4.025947,-0.103229,-4.129177,-1.152808,-0.125125,0.003208,0.128334,-1.678734,-5.907711,0.151480,6.059191,3.254540,-5.680427,0.145652,5.826078,1.695469,0.000000,0.000000,0.000000,0.000000,0.000000,0.000000,0.000000,0.000000,0.000000,0.000000,0.000000,0.000000,0.001313,0.000000,0.000000,35.589168,33.154620,1
0.726000,-0.016240,-0.032136,0.166123,2.581380,-0.066189,-2.647569,-6.200902,-2.255701,0.057838,2.313539,2.027314,2.563247,-0.065724,-2.628972,-1.495859,5.155013,-0.132180,-5.287192,0.144319,-7.581299,0.194392,7.775692,3.072352,6.924724,-0.177557,-7.102281,-4.184935,-9.817910,0.251741,10.069651,-0.758876,20.159203,-0.516903,-20.676106,-10.123310,2.000159,-0.051286,-2.051445,-1.275636,6.921206,-0.177467,-7.098673,-4.021798,-4.464915,0.114485,4.579400,0.724151,-2.753024,0.070590,2.823615,1.583605,0.000000,0.000000,0.000000,0.000000,0.000000,0.000000,0.000000,0.000000,0.000000,0.000000,0.000000,0.000000,0.003353,0.000000,0.000000,38.942385,36.339744,1
0.736000,-0.027506,0.022007,0.202664,-4.890524,0.125398,5.015922,0.882882,0.357833,-0.009175,-0.367008,-0.737750,-2.100739,0.053865,2.154604,0.674742,-1.572102,0.040310,1.612412,-1.105271,-2.556255,0.065545,2.621800,0.636912,6.770950,-0.173614,-6.944564,-3.460485,-2.260075,0.057951,2.318026,0.271832,14.738449,-0.377909,-15.116358,-7.638562,1.107779,-0.028405,-1.136183,-1.070222,9.211744,-0.236199,-9.447943,-6.590529,8.752547,-0.224424,-8.976972,-0.506200,0.513334,-0.013162,-0.526496,0.730606,0.000000,0.000000,0.000000,0.000000,0.000000,0.000000,0.000000,0.000000,0.000000,0.000000,0.000000,0.000000,0.002181,0.000000,0.000000,41.123842,38.477864,1
0.738000,-0.025390,0.025023,0.135904,-4.035415,0.103472,4.138887,2.908280,-1.254716,0.032172,1.286889,-0.135993,-7.972175,0.204415,8.176590,4.003910,-0.492396,0.012626,0.505022,3.214037,-2.453382,0.062907,2.516289,1.096283,-10.959287,0.281007,11.240294,4.318704,-7.851717,0.201326,8.053043,2.766180,23.567055,-0.604283,-24.171338,-9.897411,-6.774963,0.173717,6.948680,-0.130577,7.718454,-0.197909,-7.916363,-3.929850,3.625511,-0.092962,-3.718473,4.014428,-6.360495,0.163090,6.523585,2.984927,0.000000,0.000000,0.000000,47.926776,47.622645,-12.558582,0.000000,0.000000,0.000000,-0.035920,0.165601,-0.095429,0.004258,0.000000,0.000000,41.975448,39.265430,1
0.748000,-0.025427,0.027054,0.135207,-4.035415,0.103472,4.138887,2.812393,-1.254716,0.032172,1.286889,-0.910342,-7.972175,0.204415,8.176590,3.663221,-0.492396,0.012626,0.505022,2.862468,-2.453382,0.062907,2.516289,0.451600,-10.959287,0.281007,11.240294,4.527216,-7.851717,0.201326,8.053043,0.291089,23.567055,-0.604283,-24.171338,-6.191947,-6.774963,0.173717,6.948680,2.227127,7.718454,-0.197909,-7.916363,-0.101449,3.625511,-0.092962,-3.718473,3.498044,-6.360495,0.163090,6.523585,0.472783,0.000000,0.000000,0.000000,18.833660,21.174704,-0.980505,0.000000,0.000000,0.000000,0.000000,0.000000,0.000000,0.002806,0.000000,0.000000,44.781605,41.788009,1
0.750000,-0.113620,-0.004966,0.127680,-2.890668,0.074120,2.964788,-3.651882,-1.035727,0.026557,1.062284,0.633351,-10.953567,0.280861,11.234428,3.866530,2.211573,-0.056707,-2.268280,0.433889,-4.356010,0.111693,4.467703,2.814600,-22.783958,0.584204,23.368162,10.199070,-11.159102,0.286131,11.445233,0.206894,11.308356,-0.289958,-11.598314,-9.057920,-5.163358,0.132394,5.295752,3.005909,5.003141,-0.128286,-5.131426,0.842453,7.415056,-0.190130,-7.605186,0.835479,-6.977921,0.178921,7.156842,1.153998,4.836833,2.904215,-0.527457,0.921524,1.112010,-1.094832,-4.836833,-2.904215,0.527457,0.000000,0.000000,0.000000,0.004491,0.000000,0.000000,45.679824,42.596276,1
0.760000,-0.118296,-0.004238,0.122020,-2.890668,0.074120,2.964788,-2.897095,-1.035727,0.026557,1.062284,0.460155,-10.953567,0.280861,11.234428,4.460251,2.211573,-0.056707,-2.268280,0.711233,-4.356010,0.111693,4.467703,1.923617,-22.783958,0.584204,23.368162,10.954653,-11.159102,0.286131,11.445233,-0.789842,11.308356,-0.289958,-11.598314,-7.507994,-5.163358,0.132394,5.295752,2.856847,5.003141,-0.128286,-5.131426,-1.000362,7.415056,-0.190130,-7.605186,-1.304485,-6.977921,0.178921,7.156842,2.242669,0.000000,0.000000,0.000000,24.496078,44.783555,-25.411144,0.000000,0.000000,0.000000,0.000000,0.000000,0.000000,0.004677,0.000000,0.000000,50.357201,46.888804,1
0.762000,-0.050255,0.015352,0.187030,-2.581778,0.066199,2.647978,-0.518036,-1.725359,0.044240,1.769599,-0.585911,-10.715066,0.274745,10.989811,6.730631,-0.337879,0.008664,0.346543,4.432218,-3.475904,0.089126,3.565030,1.076569,-21.019506,0.538962,21.558467,8.125102,-7.909298,0.202803,8.112101,4.856783,13.426353,-0.344265,-13.770618,-3.384404,-7.004576,0.179605,7.184180,2.536242,4.510740,-0.115660,-4.626399,2.838473,3.275573,-0.083989,-3.359562,2.251110,0.266770,-0.006840,-0.273610,-1.368594,-3.865249,-19.468038,14.445852,15.279256,6.919526,-11.900445,0.000000,0.000000,0.000000,0.000000,0.000000,0.000000,0.003822,0.000000,0.000000,51.121620,47.560810,1
0.772000,-0.049512,0.018180,0.188858,-2.581778,0.066199,2.647978,-0.100577,-1.725359,0.044240,1.769599,-0.114698,-10.715066,0.274745,10.989811,5.832068,-0.337879,0.008664,0.346543,3.368744,-3.475904,0.089126,3.565030,-0.802535,-21.019506,0.538962,21.558467,5.525007,-7.909298,0.202803,8.112101,3.380011,13.426353,-0.344265,-13.770618,-2.351799,-7.004576,0.179605,7.184180,3.028864,4.510740,-0.115660,-4.626399,2.519652,3.275573,-0.083989,-3.359562,1.031929,0.266770,-0.006840,-0.273610,-1.419127,-4.973832,-23.235155,17.278002,10.369112,4.419306,-8.613573,0.000000,0.000000,0.000000,0.000000,0.000000,0.000000,0.002848,0.000000,0.000000,53.969404,50.039512,1
0.774000,-0.114494,0.057035,0.210868,2.233980,-0.057282,-2.291262,-4.407337,-5.075381,0.130138,5.205519,1.528105,-14.364662,0.368325,14.732986,4.014168,-14.231248,0.364904,14.596151,2.218118,6.092867,-0.156227,-6.249094,-0.799198,-12.364190,0.317031,12.681220,5.409748,-7.692877,0.197253,7.890130,4.044211,13.143394,-0.337010,-13.480404,-4.464603,-7.189253,0.184340,7.373593,4.435331,8.619461,-0.221012,-8.840473,-2.963094,1.993739,-0.051122,-2.044860,1.251241,4.511414,-0.115677,-4.627091,-2.840588,0.000000,0.000000,0.000000,14.442655,31.610429,-13.776579,-2.998464,-15.186650,13.283207,0.000000,0.000000,0.000000,0.003499,0.000000,0.000000,54.669128,50.729001,1
0.784000,-0.114770,0.060563,0.203768,3.383294,-0.086751,-3.470045,-3.675875,-4.502737,0.115455,4.618192,1.836663,-11.684584,0.299605,11.984188,2.070834,-2.156644,0.055299,2.211943,0.502507,0.418855,-0.010740,-0.429595,0.364453,-10.927647,0.280196,11.207843,6.154192,-4.911814,0.125944,5.037758,2.652967,9.559503,-0.245115,-9.804619,-4.203740,-10.217515,0.261988,10.479503,5.248376,10.408767,-0.266891,-10.675659,-6.438588,0.829962,-0.021281,-0.851243,1.131696,2.570798,-0.065918,-2.636716,-1.661993,0.000000,0.000000,0.000000,-8.480136,53.811174,-5.917426,-0.284228,-7.496036,7.102399,-2.625063,2.165810,-0.345905,0.003000,0.000000,0.000000,57.668740,53.706215,1
0.794000,-0.089787,0.078659,0.175581,2.804725,-0.071916,-2.876641,-1.733720,-1.178124,0.030208,1.208333,0.113415,-3.689015,0.094590,3.783605,1.303435,-20.994115,0.538311,21.532425,14.749679,8.450765,-0.216686,-8.667451,-3.757549,-12.969955,0.332563,13.302518,5.724938,-8.482146,0.217491,8.699637,6.611861,13.820910,-0.354382,-14.175292,-5.493070,1.650186,-0.042312,-1.692498,-2.531097,5.072734,-0.130070,-5.202804,-2.788400,0.329706,-0.008454,-0.338160,-0.103837,6.310154,-0.161799,-6.471953,-3.224772,0.000000,0.000000,0.000000,0.000000,0.000000,0.000000,-0.135895,-0.258961,0.223052,-0.188180,0.443937,-0.006277,0.006115,0.000000,0.000000,63.783346,59.820821,1
0.796000,-0.094688,0.059118,0.174470,0.316167,-0.008107,-0.324273,0.921071,-0.714885,0.018330,0.733215,0.019453,-4.755920,0.121947,4.877866,2.198089,-16.504791,0.423200,16.927991,6.501047,8.006416,-0.205293,-8.211709,2.596783,-11.508483,0.295089,11.803573,-2.547667,-5.476091,0.140413,5.616504,3.724196,12.545028,-0.321667,-12.866696,-5.416896,3.528718,-0.090480,-3.619198,-1.891247,5.277846,-0.135329,-5.413175,-4.003358,-2.422360,0.062112,2.484472,1.880781,9.586491,-0.245807,-9.832298,-5.195715,-3.341367,-15.566467,-8.027710,0.000000,0.000000,0.000000,0.000000,0.000000,0.000000,0.000000,0.000000,0.000000,0.003474,0.000000,0.000000,64.478084,60.308782,1
0.806000,-0.095792,0.058435,0.172872,0.316167,-0.008107,-0.324273,1.204786,-0.714885,0.018330,0.733215,0.040356,-4.755920,0.121947,4.877866,2.398078,-16.504791,0.423200,16.927991,7.479802,8.006416,-0.205293,-8.211709,2.476595,-11.508483,0.295089,11.803573,-1.901612,-5.476091,0.140413,5.616504,4.498679,12.545028,-0.321667,-12.866696,-5.759771,3.528718,-0.090480,-3.619198,-1.642658,5.277846,-0.135329,-5.413175,-4.457753,-2.422360,0.062112,2.484472,1.582199,9.586491,-0.245807,-9.832298,-4.857741,-3.472703,-13.559822,-7.427359,0.000000,0.000000,0.000000,0.000000,0.000000,0.000000,0.000000,0.000000,0.000000,0.003627,0.000000,0.000000,68.104726,63.071952,1
0.808000,-0.101823,0.086493,0.126931,4.788851,-0.122791,-4.911642,-6.908607,-2.236255,0.057340,2.293595,-0.245890,-5.104786,0.130892,5.235678,-2.002632,6.901385,-0.176959,-7.078344,-3.211684,10.611393,-0.272087,-10.883480,-2.979089,-14.484125,0.371388,14.855513,6.053006,-0.202970,0.005204,0.208174,-8.454319,-5.838525,0.149706,5.988231,-0.598123,-14.405494,0.369372,14.774865,2.102569,10.468652,-0.268427,-10.737079,-11.054324,0.643494,-0.016500,-0.659994,-0.401421,11.040522,-0.283090,-11.323612,-1.204995,2.427038,-2.476697,0.681395,0.000000,0.000000,0.000000,-41.723181,-8.841427,-2.200019,-8.416722,5.472939,4.565984,0.003591,0.000000,0.000000,68.822858,63.724521,1
0.818000,-0.102879,0.077741,0.133683,3.863319,-0.099059,-3.962378,0.213213,-2.285631,0.058606,2.344237,-0.782201,-7.196732,0.184532,7.381263,-2.123203,6.901385,-0.176959,-7.078344,-1.563081,10.995376,-0.281933,-11.277309,0.057863,-14.506823,0.371970,14.878793,5.459064,0.664081,-0.017028,-0.681109,-1.515712,-7.647406,0.196087,7.843493,3.331912,-14.405494,0.369372,14.774865,6.970102,12.035159,-0.308594,-12.343753,-9.789091,0.863500,-0.022141,-0.885641,1.631122,11.681190,-0.299518,-11.980708,0.485804,6.033793,-6.927192,0.058817,0.000000,0.000000,0.000000,-17.936372,-5.852647,9.202107,0.000000,0.000000,0.000000,0.003695,0.000000,0.000000,72.518246,66.894553,1
0.820000,-0.096626,0.092354,0.201954,4.724525,-0.121142,-4.845667,-4.504530,-1.417332,0.036342,1.453674,0.422178,-0.666298,0.017085,0.683382,0.045269,5.893997,-0.151128,-6.045125,-2.420423,6.061112,-0.155413,-6.216525,-1.966507,-11.352808,0.291098,11.643906,3.830036,-2.185807,0.056046,2.241854,-1.437216,3.308480,-0.084833,-3.393313,0.410171,-11.063915,0.283690,11.347605,4.889267,4.349144,-0.111517,-4.460660,-4.568948,-0.222704,0.005710,0.228415,-0.089752,1.998839,-0.051252,-2.050092,-1.352377,4.362385,-6.969029,-0.362887,0.000000,0.000000,0.000000,0.000000,0.000000,0.000000,-6.228165,15.782447,-1.472924,0.001772,0.000000,0.000000,72.872634,67.230404,1
0.830000,-0.097187,0.091350,0.204340,4.724525,-0.121142,-4.845667,-4.244930,-1.417332,0.036342,1.453674,0.341663,-0.666298,0.017085,0.683382,0.165095,5.893997,-0.151128,-6.045125,-2.086619,6.061112,-0.155413,-6.216525,-1.887180,-11.352808,0.291098,11.643906,3.492282,-2.185807,0.056046,2.241854,-2.128777,3.308480,-0.084833,-3.393313,0.137946,-11.063915,0.283690,11.347605,2.544418,4.349144,-0.111517,-4.460660,-4.589596,-0.222704,0.005710,0.228415,-0.130949,1.998839,-0.051252,-2.050092,-1.089558,5.056080,-8.429740,-0.612604,0.000000,0.000000,0.000000,0.000000,0.000000,0.000000,-3.896450,16.073492,-2.359565,0.001430,0.000000,0.000000,74.303016,68.555377,1
0.834000,-0.081754,0.110458,0.221654,-2.426370,0.062215,2.488584,3.389459,-1.060331,0.027188,1.087519,0.296994,-5.521378,0.141574,5.662951,3.509647,2.382971,-0.061102,-2.444072,0.898583,3.106251,-0.079647,-3.185899,-1.500450,-7.811134,0.200285,8.011420,3.171243,-4.652551,0.119296,4.771848,2.645809,3.987165,-0.102235,-4.089400,-0.828898,-6.413338,0.164445,6.577782,0.826457,1.893902,-0.048562,-1.942463,-1.836574,0.781440,-0.020037,-0.801477,-0.598416,1.288911,-0.033049,-1.321960,-0.185865,2.527722,-5.311393,1.395680,0.000000,0.000000,0.000000,0.000000,0.000000,0.000000,0.000000,0.000000,0.000000,0.000868,0.000000,0.000000,74.650054,68.884846,1
0.844000,-0.083071,0.111667,0.223183,-2.426370,0.062215,2.488584,2.924045,-1.060331,0.027188,1.087519,0.392318,-5.521378,0.141574,5.662951,3.101542,2.382971,-0.061102,-2.444072,0.503865,3.106251,-0.079647,-3.185899,-1.274243,-7.811134,0.200285,8.011420,2.686542,-4.652551,0.119296,4.771848,2.846865,3.987165,-0.102235,-4.089400,-1.394369,-6.413338,0.164445,6.577782,2.115529,1.893902,-0.048562,-1.942463,-2.080757,0.781440,-0.020037,-0.801477,-0.463648,1.288911,-0.033049,-1.321960,-0.340184,2.386142,-6.559549,1.083385,0.000000,0.000000,0.000000,0.000000,0.000000,0.000000,0.000000,0.000000,0.000000,0.000901,0.000000,0.000000,75.551524,69.761686,1
0.846000,-0.053059,0.048884,0.216717,0.938479,-0.024064,-0.962542,1.295779,-0.869397,0.022292,0.891690,0.243945,0.679320,-0.017418,-0.696739,0.217856,3.137564,-0.080450,-3.218015,-2.403018,-0.110448,0.002832,0.113280,0.588789,-8.771686,0.224915,8.996601,4.245090,-0.991084,0.025412,1.016496,1.506000,-3.670375,0.094112,3.764487,1.354491,5.602690,-0.143659,-5.746348,-2.649541,1.256720,-0.032224,-1.288943,-1.485781,-0.373178,0.009569,0.382747,-0.317258,0.527828,-0.013534,-0.541362,0.121291,0.047823,-1.786566,-0.121970,0.000000,0.000000,0.000000,0.000000,0.000000,0.000000,0.000000,0.000000,0.000000,0.000716,0.000000,0.000000,75.694653,69.898471,1
0.856000,-0.052655,0.049466,0.217091,0.938479,-0.024064,-0.962542,0.648837,-0.869397,0.022292,0.891690,0.189947,0.679320,-0.017418,-0.696739,-0.027348,3.137564,-0.080450,-3.218015,-2.606967,-0.110448,0.002832,0.113280,0.185125,-8.771686,0.224915,8.996601,4.044059,-0.991084,0.025412,1.016496,1.494813,-3.670375,0.094112,3.764487,1.225881,5.602690,-0.143659,-5.746348,-2.664604,1.256720,-0.032224,-1.288943,-1.551211,-0.373178,0.009569,0.382747,-0.137530,0.527828,-0.013534,-0.541362,-0.012614,0.263735,-5.768609,-0.335278,0.000000,0.000000,0.000000,0.000000,0.000000,0.000000,0.000000,0.000000,0.000000,0.000691,0.000000,0.000000,76.385762,70.576036,1
0.866000,-0.129546,-0.052367,0.116009,1.122939,-0.028793,-1.151732,-0.292264,-2.221768,0.056968,2.278737,0.836723,5.611379,-0.143882,-5.755260,-1.582684,5.033689,-0.129069,-5.162758,-2.491981,-1.652983,0.042384,1.695367,-0.409815,-14.583539,0.373937,14.957476,2.827609,1.424728,-0.036531,-1.461260,-2.952617,-10.636566,0.272732,10.909299,7.429786,39.000000,-1.000000,-40.000000,-0.101331,0.181316,-0.004649,-0.185965,-1.559711,-1.125413,0.028857,1.154270,0.358163,4.293645,-0.110093,-4.403738,-0.976676,3.814315,-12.382417,-1.694176,0.000000,0.000000,0.000000,0.000000,0.000000,0.000000,0.000000,0.000000,0.000000,0.001616,0.000000,0.000000,78.002085,72.178463,1
0.868000,-0.094111,-0.022219,0.177629,5.321204,-0.136441,-5.457645,-1.443467,1.081528,-0.027731,-1.109259,-0.894994,16.479688,-0.422556,-16.902244,-0.783169,5.747221,-0.147365,-5.894585,-6.357366,-0.526731,0.013506,0.540237,3.238114,-10.149525,0.260244,10.409769,3.212680,4.620733,-0.118480,-4.739213,-4.790593,-5.084044,0.130360,5.214404,2.108536,7.781095,-0.199515,-7.980610,-2.872716,-1.264453,0.032422,1.296875,-1.742996,-2.280347,0.058470,2.338818,0.664683,-1.135834,0.029124,1.164958,0.592232,0.000000,0.000000,0.000000,0.000000,0.000000,0.000000,0.000000,0.000000,0.000000,0.000000,0.000000,0.000000,0.001559,0.000000,0.000000,78.313893,72.481229,1
0.878000,-0.095829,-0.023008,0.175197,5.321204,-0.136441,-5.457645,-2.796895,1.081528,-0.027731,-1.109259,-0.777868,16.479688,-0.422556,-16.902244,-0.236430,5.747221,-0.147365,-5.894585,-5.896801,-0.526731,0.013506,0.540237,1.687007,-10.149525,0.260244,10.409769,4.357542,4.620733,-0.118480,-4.739213,-4.754918,-5.084044,0.130360,5.214404,2.360586,7.781095,-0.199515,-7.980610,-3.456432,-1.264453,0.032422,1.296875,-0.829702,-2.280347,0.058470,2.338818,0.766747,-1.135834,0.029124,1.164958,0.600584,0.000000,0.000000,0.000000,0.000000,0.000000,0.000000,0.000000,0.000000,0.000000,0.000000,0.000000,0.000000,0.001672,0.000000,0.000000,79.985414,74.131230,1
0.880000,-0.077881,-0.045755,0.173183,1.020032,-0.026155,-1.046186,1.658365,-6.591335,0.169009,6.760343,1.276740,6.868598,-0.176118,-7.044716,-2.497292,-9.727198,0.249415,9.976613,8.041115,-0.410399,0.010523,0.420923,0.645297,-22.315669,0.572197,22.887866,10.892774,12.722273,-0.326212,-13.048485,-1.408316,-1.832278,0.046981,1.879260,0.025072,6.025155,-0.154491,-6.179647,-2.979470,-0.800150,0.020517,0.820667,6.490981,-1.134499,0.029090,1.163588,1.014487,14.046055,-0.360155,-14.406210,-0.417591,0.000000,0.000000,0.000000,0.000000,0.000000,0.000000,0.000000,0.000000,0.000000,0.000000,0.000000,0.000000,0.004071,0.000000,0.000000,80.799663,74.938540,1
0.890000,-0.078026,-0.048607,0.168507,1.020032,-0.026155,-1.046186,0.403404,-6.591335,0.169009,6.760343,2.282153,6.868598,-0.176118,-7.044716,-3.090638,-9.727198,0.249415,9.976613,7.774385,-0.410399,0.010523,0.420923,0.314374,-22.315669,0.572197,22.887866,11.315120,12.722273,-0.326212,-13.048485,-5.523512,-1.832278,0.046981,1.879260,0.314190,6.025155,-0.154491,-6.179647,-2.849408,-0.800150,0.020517,0.820667,4.190620,-1.134499,0.029090,1.163588,1.290755,14.046055,-0.360155,-14.406210,-4.047096,0.222655,-1.117370,-0.895205,0.000000,0.000000,0.000000,0.000000,0.000000,0.000000,0.000000,0.000000,0.000000,0.005278,0.000000,0.000000,86.077791,80.208226,1
0.892000,-0.103089,-0.022456,0.239806,5.042168,-0.129286,-5.171455,-5.442767,-4.233778,0.108558,4.342336,1.473462,6.548074,-0.167899,-6.715974,-3.351627,-10.159894,0.260510,10.420405,7.425681,-0.193060,0.004950,0.198011,0.695772,-0.073444,0.001883,0.075327,0.327169,10.334006,-0.264975,-10.598980,-5.581524,-2.532620,0.064939,2.597559,1.045475,2.096514,-0.053757,-2.150270,-0.871966,2.105499,-0.053987,-2.159486,-0.169179,-1.223064,0.031361,1.254425,1.377675,10.039784,-0.257430,-10.297214,-3.892647,0.000000,0.000000,0.000000,0.000000,0.000000,0.000000,0.000000,0.000000,0.000000,0.000000,0.000000,0.000000,0.002405,0.000000,0.000000,86.558834,80.689270,1
0.902000,-0.105403,-0.025410,0.237389,5.042168,-0.129286,-5.171455,-5.496423,-4.233778,0.108558,4.342336,1.736060,6.548074,-0.167899,-6.715974,-3.338326,-10.159894,0.260510,10.420405,8.033248,-0.193060,0.004950,0.198011,0.364469,-0.073444,0.001883,0.075327,0.363679,10.334006,-0.264975,-10.598980,-6.966717,-2.532620,0.064939,2.597559,1.125636,2.096514,-0.053757,-2.150270,-0.847428,2.105499,-0.053987,-2.159486,-0.736606,-1.223064,0.031361,1.254425,1.115668,10.039784,-0.257430,-10.297214,-4.478818,0.000000,0.000000,0.000000,0.000000,0.000000,0.000000,0.000000,0.000000,0.000000,0.000000,0.000000,0.000000,0.002699,0.000000,0.000000,89.257716,83.388152,1
0.906000,-0.076961,-0.114708,0.174174,1.385997,-0.035538,-1.421535,1.839474,-1.138498,0.029192,1.167690,1.963914,9.153494,-0.234705,-9.388199,-0.715643,-3.897505,0.099936,3.997441,2.193429,0.078333,-0.002009,-0.080342,-0.272709,-11.332601,0.290580,11.623181,6.499302,9.289910,-0.238203,-9.528113,-1.469416,0.605563,-0.015527,-0.621090,0.408239,15.941232,-0.408750,-16.349982,-1.441729,1.575843,-0.040406,-1.616250,0.837384,-0.038354,0.000983,0.039338,0.185588,5.271507,-0.135167,-5.406674,-3.549659,0.000000,0.000000,0.000000,0.000000,0.000000,0.000000,0.000000,0.000000,0.000000,0.000000,0.000000,0.000000,0.001543,0.000000,0.000000,89.875070,83.971731,1
0.916000,-0.075375,-0.118533,0.173249,1.385997,-0.035538,-1.421535,0.819416,-1.138498,0.029192,1.167690,1.232581,9.153494,-0.234705,-9.388199,-0.237527,-3.897505,0.099936,3.997441,2.001623,0.078333,-0.002009,-0.080342,-0.220347,-11.332601,0.290580,11.623181,6.133791,9.289910,-0.238203,-9.528113,-1.381849,0.605563,-0.015527,-0.621090,0.448443,15.941232,-0.408750,-16.349982,-0.333244,1.575843,-0.040406,-1.616250,-0.658777,-0.038354,0.000983,0.039338,0.005031,5.271507,-0.135167,-5.406674,-2.955529,0.000000,0.000000,0.000000,0.000000,0.000000,0.000000,0.000000,0.000000,0.000000,0.000000,0.000000,0.000000,0.001201,0.000000,0.000000,91.075923,85.143716,1
0.918000,-0.047760,-0.087641,0.167069,1.655968,-0.042461,-1.698429,-1.756823,-1.444960,0.037050,1.482010,0.705088,8.320508,-0.213346,-8.533855,-3.813503,-4.796054,0.122976,4.919030,4.740966,-0.331643,0.008504,0.340146,0.104274,-6.884214,0.176518,7.060732,4.005134,6.504163,-0.166773,-6.670936,-6.267869,-0.316211,0.008108,0.324319,-0.097871,7.187312,-0.184290,-7.371602,-3.927343,0.272857,-0.006996,-0.279853,0.635785,-1.354620,0.034734,1.389354,0.702267,7.425153,-0.190389,-7.615541,-3.735225,0.000000,0.000000,0.000000,0.000000,0.000000,0.000000,0.000000,0.000000,0.000000,0.000000,0.000000,0.000000,0.001886,0.000000,0.000000,91.453128,85.520083,1
0.928000,-0.046107,-0.087661,0.164423,1.655968,-0.042461,-1.698429,-1.116353,-1.444960,0.037050,1.482010,0.107517,8.320508,-0.213346,-8.533855,-4.089475,-4.796054,0.122976,4.919030,5.765987,-0.331643,0.008504,0.340146,0.094138,-6.884214,0.176518,7.060732,3.445500,6.504163,-0.166773,-6.670936,0.156803,-0.316211,0.008108,0.324319,-0.278192,7.187312,-0.184290,-7.371602,-3.444711,0.272857,-0.006996,-0.279853,-1.514097,-1.354620,0.034734,1.389354,0.133876,7.425153,-0.190389,-7.615541,-3.502650,0.000000,0.000000,0.000000,0.000000,0.000000,0.000000,0.000000,0.000000,0.000000,0.000000,0.000000,0.000000,0.001435,0.000000,0.000000,92.888036,86.932266,1
0.930000,-0.062033,-0.093086,0.167834,0.991937,-0.025434,-1.017371,-1.067429,-1.405008,0.036026,1.441034,0.650302,7.436455,-0.190678,-7.627133,-3.663938,-3.751361,0.096189,3.847550,4.024330,-0.388616,0.009965,0.398580,0.043863,-8.198191,0.210210,8.408401,4.165024,6.189563,-0.158707,-6.348270,-5.409042,-0.361389,0.009266,0.370655,0.066070,7.107855,-0.182253,-7.290107,-3.489152,0.141946,-0.003640,-0.145586,0.120783,-1.283075,0.032899,1.315974,0.701165,6.974238,-0.178827,-7.153065,-3.266017,0.000000,0.000000,0.000000,0.000000,0.000000,0.000000,0.000000,0.000000,0.000000,0.000000,0.000000,0.000000,0.001646,0.000000,0.000000,93.217220,87.261380,1
0.940000,-0.063008,-0.096447,0.160320,0.991937,-0.025434,-1.017371,-1.117472,-1.405008,0.036026,1.441034,0.542005,7.436455,-0.190678,-7.627133,-1.726713,-3.751361,0.096189,3.847550,3.839390,-0.388616,0.009965,0.398580,0.009472,-8.198191,0.210210,8.408401,4.187662,6.189563,-0.158707,-6.348270,-5.688926,-0.361389,0.009266,0.370655,0.086180,7.107855,-0.182253,-7.290107,-3.494810,0.141946,-0.003640,-0.145586,0.028714,-1.283075,0.032899,1.315974,0.672334,6.974238,-0.178827,-7.153065,-3.372372,0.000000,0.000000,0.000000,0.000000,0.000000,0.000000,0.000000,0.000000,0.000000,0.000000,0.000000,0.000000,0.001517,0.000000,0.000000,94.734334,88.778411,1
0.950000,-0.033775,-0.047555,0.251829,-0.292461,0.007499,0.299960,0.585917,-1.041699,0.026710,1.068410,0.229782,2.267822,-0.058149,-2.325971,-1.073057,-3.827760,0.098148,3.925908,1.467280,-0.384264,0.009853,0.394117,0.259057,-1.756902,0.045049,1.801951,1.185198,6.189747,-0.158711,-6.348458,-3.198296,-1.770156,0.045389,1.815545,-0.235675,-2.516826,0.064534,2.581360,0.496188,1.944407,-0.049857,-1.994263,-1.214287,-0.983419,0.025216,1.008635,0.511518,0.012656,-0.000325,-0.012980,-0.202970,0.000000,0.000000,0.000000,0.008926,0.037818,-0.021649,0.000000,0.000000,0.000000,0.000000,0.000000,0.000000,0.000359,0.000000,0.000000,95.093019,89.128538,1
0.952000,-0.048136,-0.038061,0.232124,0.322548,-0.008270,-0.330818,-0.966115,-3.287253,0.084289,3.371542,2.001367,0.619754,-0.015891,-0.635645,-0.504317,1.684507,-0.043192,-1.727700,0.471738,0.152535,-0.003911,-0.156447,-0.024628,-5.166852,0.132483,5.299335,2.087826,14.095370,-0.361420,-14.456789,-12.054639,-6.505559,0.166809,6.672368,3.646151,3.995466,-0.102448,-4.097914,-1.546327,-2.433846,0.062406,2.496253,1.335625,-1.220865,0.031304,1.252169,0.838403,7.395437,-0.189627,-7.585063,-3.130366,0.000000,0.000000,0.000000,0.000000,0.000000,0.000000,0.000000,0.000000,0.000000,0.000000,0.000000,0.000000,0.002523,0.000000,0.000000,95.597690,89.629948,1
0.962000,-0.048438,-0.039785,0.226533,0.322548,-0.008270,-0.330818,-0.786527,-3.287253,0.084289,3.371542,1.850933,0.619754,-0.015891,-0.635645,-0.330764,1.684507,-0.043192,-1.727700,-0.179222,0.152535,-0.003911,-0.156447,-0.024209,-5.166852,0.132483,5.299335,2.327626,14.095370,-0.361420,-14.456789,-12.929473,-6.505559,0.166809,6.672368,3.404049,3.995466,-0.102448,-4.097914,-1.559834,-2.433846,0.062406,2.496253,1.648601,-1.220865,0.031304,1.252169,0.679577,7.395437,-0.189627,-7.585063,-3.379419,0.000000,0.000000,0.000000,0.000000,0.000000,0.000000,0.000000,0.000000,0.000000,0.000000,0.000000,0.000000,0.002660,0.000000,0.000000,98.257514,92.289772,1
0.966000,-0.044584,-0.008035,0.213162,1.001205,-0.025672,-1.026876,-1.060190,-2.982255,0.076468,3.058723,1.651492,-1.025600,0.026297,1.051897,0.549928,1.453209,-0.037262,-1.490471,-0.063646,0.553674,-0.014197,-0.567871,-0.199042,-1.072632,0.027503,1.100135,0.447142,10.721869,-0.274920,-10.996789,-9.868405,-6.840327,0.175393,7.015720,3.436362,0.463712,-0.011890,-0.475603,-0.009894,-2.774256,0.071135,2.845391,1.628719,0.214788,-0.005507,-0.220296,-0.058980,9.142584,-0.234425,-9.377010,-4.356306,0.000000,0.000000,0.000000,0.000000,0.000000,0.000000,0.000000,0.000000,0.000000,0.000000,0.000000,0.000000,0.001855,0.000000,0.000000,98.999709,93.031968,1
0.976000,-0.045153,-0.008432,0.206125,1.001205,-0.025672,-1.026876,-1.012317,-2.982255,0.076468,3.058723,1.585433,-1.025600,0.026297,1.051897,0.501826,1.453209,-0.037262,-1.490471,-0.468228,0.553674,-0.014197,-0.567871,-0.177434,-1.072632,0.027503,1.100135,0.436394,10.721869,-0.274920,-10.996789,-10.254443,-6.840327,0.175393,7.015720,3.355101,0.463712,-0.011890,-0.475603,-0.016779,-2.774256,0.071135,2.845391,1.995173,0.214788,-0.005507,-0.220296,-0.072553,9.142584,-0.234425,-9.377010,-4.446620,0.000000,0.000000,0.000000,0.000000,0.000000,0.000000,0.000000,0.000000,0.000000,0.000000,0.000000,0.000000,0.001914,0.000000,0.000000,100.913679,94.945937,1
0.978000,-0.027227,-0.013791,0.243406,2.698844,-0.069201,-2.768045,-2.610172,-2.675544,0.068604,2.744148,1.291647,1.994481,-0.051141,-2.045622,-0.908491,1.324088,-0.033951,-1.358039,-1.079451,0.525630,-0.013478,-0.539108,-0.240622,0.309938,-0.007947,-0.317885,-0.017591,1.879931,-0.048203,-1.928135,-4.931556,-5.591878,0.143381,5.735259,2.991665,0.371227,-0.009519,-0.380745,0.002514,-1.566268,0.040161,1.606429,0.893668,-0.253726,0.006506,0.260231,-0.032847,5.419581,-0.138964,-5.558544,-2.599278,0.000000,0.000000,0.000000,0.000000,0.000000,0.000000,0.000000,0.000000,0.000000,0.000000,0.000000,0.000000,0.000568,0.000000,0.000000,101.027257,95.059478,1
0.988000,-0.026940,-0.014564,0.236542,2.698844,-0.069201,-2.768045,-2.471219,-2.675544,0.068604,2.744148,1.248948,1.994481,-0.051141,-2.045622,-0.901601,1.324088,-0.033951,-1.358039,-0.962737,0.525630,-0.013478,-0.539108,-0.216758,0.309938,-0.007947,-0.317885,-0.071471,1.879931,-0.048203,-1.928135,-3.879224,-5.591878,0.143381,5.735259,2.928960,0.371227,-0.009519,-0.380745,-0.049225,-1.566268,0.040161,1.606429,1.156222,-0.253726,0.006506,0.260231,-0.009236,5.419581,-0.138964,-5.558544,-2.638982,0.000000,0.000000,0.000000,0.000000,0.000000,0.000000,0.000000,0.000000,0.000000,0.000000,0.000000,0.000000,0.000544,0.000000,0.000000,101.571103,95.603275,1
0.992000,-0.098495,-0.059833,0.158576,6.413857,-0.164458,-6.578314,-10.868044,-5.073075,0.130079,5.203154,3.755591,-3.297889,0.084561,3.382450,-0.680374,-3.089974,0.079230,3.169205,5.645285,6.534493,-0.167551,-6.702044,-2.234496,39.000000,-1.000000,-40.000000,0.637373,18.264100,-0.468310,-18.732411,-1.201814,-10.844240,0.278057,11.122298,9.737246,0.877949,-0.022512,-0.900460,6.001284,-6.803816,0.174457,6.978273,1.439678,0.436148,-0.011183,-0.447332,1.408418,39.000000,-1.000000,-40.000000,0.327559,0.000000,0.000000,0.000000,0.000000,0.000000,0.000000,0.000000,0.000000,0.000000,0.000000,0.000000,0.000000,0.003117,0.000000,0.000000,102.817877,96.474589,1
1.002000,-0.096973,-0.066982,0.156262,6.413857,-0.164458,-6.578314,-9.320713,-5.073075,0.130079,5.203154,3.208378,-3.297889,0.084561,3.382450,0.668307,-3.089974,0.079230,3.169205,6.804204,6.534493,-0.167551,-6.702044,0.248640,39.000000,-1.000000,-40.000000,0.464626,18.264100,-0.468310,-18.732411,0.517830,-10.844240,0.278057,11.122298,8.419552,0.877949,-0.022512,-0.900460,3.066490,-6.803816,0.174457,6.978273,2.488722,0.436148,-0.011183,-0.447332,1.249194,39.000000,-1.000000,-40.000000,0.264560,0.000000,0.000000,0.000000,0.000303,0.000440,0.000107,0.000000,0.000000,0.000000,0.000000,0.000000,0.000000,0.002567,0.000000,0.000000,105.384862,98.164493,1
1.006000,-0.072375,0.000669,0.224499,2.737217,-0.070185,-2.807402,-2.618845,-2.540413,0.065139,2.605552,1.199850,4.819510,-0.123577,-4.943088,-1.385595,-0.406417,0.010421,0.416838,-0.929142,1.226568,-0.031450,-1.258018,-0.830381,4.336112,-0.111182,-4.447294,-0.923285,2.629943,-0.067434,-2.697377,-2.668974,-5.490550,0.140783,5.631333,3.336078,2.733112,-0.070080,-2.803192,-1.040501,-2.386488,0.061192,2.447680,1.486631,-0.175852,0.004509,0.180361,-0.005271,7.590360,-0.194625,-7.784985,-3.002252,0.000000,0.000000,0.000000,0.000000,0.000000,0.000000,0.000000,0.000000,0.000000,0.000000,0.000000,0.000000,0.000788,0.000000,0.000000,105.699983,98.476508,1
1.016000,-0.073630,0.000484,0.214709,2.737217,-0.070185,-2.807402,-2.536453,-2.540413,0.065139,2.605552,1.231200,4.819510,-0.123577,-4.943088,-1.918808,-0.406417,0.010421,0.416838,-0.429430,1.226568,-0.031450,-1.258018,-0.667362,4.336112,-0.111182,-4.447294,-1.595255,2.629943,-0.067434,-2.697377,-2.532279,-5.490550,0.140783,5.631333,3.054790,2.733112,-0.070080,-2.803192,-1.125406,-2.386488,0.061192,2.447680,1.802954,-0.175852,0.004509,0.180361,-0.012028,7.590360,-0.194625,-7.784985,-3.421338,0.000000,0.000000,0.000000,0.000000,0.000000,0.000000,0.000000,0.000000,0.000000,0.000000,0.000000,0.000000,0.000862,0.000000,0.000000,106.561631,99.334533,1
1.018000,-0.070490,-0.045400,0.266221,1.829492,-0.046910,-1.876402,-1.394410,-1.146584,0.029400,1.175984,0.363836,4.531143,-0.116183,-4.647326,-2.618221,-1.360508,0.034885,1.395393,1.299959,0.600268,-0.015391,-0.615659,-0.374364,3.150506,-0.080782,-3.231288,-1.984646,3.992943,-0.102383,-4.095326,-3.825113,-0.861865,0.022099,0.883964,-0.138692,4.700544,-0.120527,-4.821071,-3.373570,-1.775256,0.045519,1.820776,1.067519,-0.104013,0.002667,0.106680,-0.032046,5.022330,-0.128778,-5.151108,-2.321644,0.000000,0.000000,0.000000,0.000000,0.000000,0.000000,0.000000,0.000000,0.000000,0.000000,0.000000,0.000000,0.000696,0.000000,0.000000,106.700886,99.473284,1
1.028000,-0.071652,-0.046993,0.257611,1.829492,-0.046910,-1.876402,-1.470406,-1.146584,0.029400,1.175984,0.384553,4.531143,-0.116183,-4.647326,-2.388459,-1.360508,0.034885,1.395393,1.280046,0.600268,-0.015391,-0.615659,-0.347191,3.150506,-0.080782,-3.231288,-1.732613,3.992943,-0.102383,-4.095326,-3.922057,-0.861865,0.022099,0.883964,0.020321,4.700544,-0.120527,-4.821071,-2.787429,-1.775256,0.045519,1.820776,1.261807,-0.104013,0.002667,0.106680,-0.025928,5.022330,-0.128778,-5.151108,-2.394584,0.000000,0.000000,0.000000,0.000000,0.000000,0.000000,0.000000,0.000000,0.000000,0.000000,0.000000,0.000000,0.000661,0.000000,0.000000,107.361518,100.133860,1
1.038000,-0.038835,-0.026357,0.230284,2.566205,-0.065800,-2.632005,-0.539647,-1.360799,0.034892,1.395691,1.576210,5.511333,-0.141316,-5.652649,-4.846986,-1.572136,0.040311,1.612447,1.090616,0.448844,-0.011509,-0.460353,-0.273858,4.472382,-0.114676,-4.587059,-2.248401,2.123799,-0.054456,-2.178255,-0.504951,-0.823046,0.021104,0.844150,0.682887,3.105108,-0.079618,-3.184726,-3.682415,-1.786729,0.045814,1.832542,0.864321,-0.062301,0.001597,0.063899,-0.041789,6.202681,-0.159043,-6.361724,-2.952786,0.000000,0.000000,0.000000,0.000000,0.000000,0.000000,1.794253,-10.213174,0.774843,-2.677928,10.527161,-4.062871,0.000770,0.000000,0.000000,108.131438,100.903727,1
1.042000,-0.041601,-0.052588,0.169019,2.908980,-0.074589,-2.983569,-2.002718,-1.422221,0.036467,1.458688,0.462893,8.218306,-0.210726,-8.429032,-3.602166,-2.191709,0.056198,2.247907,1.644599,0.137366,-0.003522,-0.140889,-0.032803,5.621346,-0.144137,-5.765483,-2.395817,4.652147,-0.119286,-4.771433,-4.123543,-0.717433,0.018396,0.735829,0.095794,7.686023,-0.197078,-7.883100,-3.490375,-2.650206,0.067954,2.718160,1.973362,-0.108957,0.002794,0.111751,0.034697,7.055851,-0.180919,-7.236771,-3.054222,0.000000,0.000000,0.000000,0.000000,0.000000,0.000000,0.000000,0.000000,0.000000,0.000000,0.000000,0.000000,0.001293,0.000000,0.000000,108.648474,101.420763,1
1.052000,-0.041765,-0.054156,0.156012,2.908980,-0.074589,-2.983569,-2.234631,-1.422221,0.036467,1.458688,0.531966,8.218306,-0.210726,-8.429032,-3.863753,-2.191709,0.056198,2.247907,1.799184,0.137366,-0.003522,-0.140889,-0.032405,5.621346,-0.144137,-5.765483,-2.594885,4.652147,-0.119286,-4.771433,-4.403501,-0.717433,0.018396,0.735829,0.162336,7.686023,-0.197078,-7.883100,-1.863024,-2.650206,0.067954,2.718160,2.173504,-0.108957,0.002794,0.111751,0.006620,7.055851,-0.180919,-7.236771,-3.286338,0.000000,0.000000,0.000000,0.000000,0.000000,0.000000,0.000000,0.000000,0.000000,0.000000,0.000000,0.000000,0.001245,0.000000,0.000000,109.893760,102.666049,1
1.056000,-0.032397,0.007607,0.135927,2.196964,-0.056332,-2.253296,-1.165870,-0.686484,0.017602,0.704086,-0.064939,7.985849,-0.204765,-8.190615,-2.030002,-2.668499,0.068423,2.736922,2.730701,0.625228,-0.016031,-0.641259,-0.273187,6.921051,-0.177463,-7.098514,-3.435195,3.095846,-0.079381,-3.175227,-1.008262,-0.074703,0.001915,0.076618,0.241324,7.408744,-0.189968,-7.598712,1.050284,-2.305540,0.059116,2.364656,0.911231,-0.058978,0.001512,0.060490,-0.184251,7.578557,-0.194322,-7.772879,-3.789442,0.000000,0.000000,0.000000,0.000000,0.000000,0.000000,0.000000,0.000000,0.000000,0.000000,0.000000,0.000000,0.000942,0.000000,0.000000,110.270380,102.978367,1
1.066000,-0.029754,0.011140,0.125517,2.196964,-0.056332,-2.253296,-1.597893,-0.686484,0.017602,0.704086,0.048566,7.985849,-0.204765,-8.190615,-0.801514,-2.668499,0.068423,2.736922,2.590740,0.625228,-0.016031,-0.641259,-0.252301,6.921051,-0.177463,-7.098514,-3.425418,3.095846,-0.079381,-3.175227,-1.759631,-0.074703,0.001915,0.076618,0.113234,7.408744,-0.189968,-7.598712,0.975551,-2.305540,0.059116,2.364656,1.451843,-0.058978,0.001512,0.060490,-0.135487,7.578557,-0.194322,-7.772879,-1.755510,0.000000,0.000000,0.000000,0.000000,0.000000,0.000000,0.000000,0.000000,0.000000,0.000000,0.000000,0.000000,0.000719,0.000000,0.000000,110.989009,103.548574,1
1.070000,0.014329,-0.004228,0.141903,2.542987,-0.065205,-2.608192,-1.519573,2.082228,-0.053390,-2.135618,-0.944483,17.089192,-0.438184,-17.527376,-7.892900,-3.079619,0.078965,3.158584,2.149338,0.214997,-0.005513,-0.220510,-0.324181,3.427254,-0.087878,-3.515132,-1.624537,1.067059,-0.027360,-1.094420,-0.627459,-0.080536,0.002065,0.082601,-0.320225,5.381917,-0.137998,-5.519915,0.678794,2.382068,-0.061079,-2.443147,-2.235829,-0.268792,0.006892,0.275684,-0.101583,-9.699347,0.248701,9.948048,4.761705,0.000000,0.000000,0.000000,0.000000,0.000000,0.000000,0.000000,0.000000,0.000000,0.000000,0.000000,0.000000,0.002142,0.000000,0.000000,111.845862,104.375016,1
1.080000,0.018154,-0.003176,0.131994,2.542987,-0.065205,-2.608192,-1.820356,2.082228,-0.053390,-2.135618,-0.979958,17.089192,-0.438184,-17.527376,-8.288981,-3.079619,0.078965,3.158584,2.398596,0.214997,-0.005513,-0.220510,-0.192159,3.427254,-0.087878,-3.515132,-1.621243,1.067059,-0.027360,-1.094420,-0.711779,-0.080536,0.002065,0.082601,-0.150602,5.381917,-0.137998,-5.519915,0.639283,2.382068,-0.061079,-2.443147,-2.233273,-0.268792,0.006892,0.275684,-0.040083,-9.699347,0.248701,9.948048,4.823151,0.000000,0.000000,0.000000,0.000000,0.000000,0.000000,0.000000,0.000000,0.000000,0.000000,0.000000,0.000000,0.002232,0.000000,0.000000,114.077968,106.536076,1
1.090000,0.028291,0.045551,0.137921,3.719055,-0.095360,-3.814416,0.093554,1.912875,-0.049048,-1.961923,3.126242,10.135905,-0.259895,-10.395800,0.050134,-1.641233,0.042083,1.683316,0.544481,3.095714,-0.079377,-3.175091,3.155392,-2.116018,0.054257,2.170275,0.919333,0.906383,-0.023241,-0.929623,-1.295099,0.076313,-0.001957,-0.078270,-0.078777,1.167911,-0.029946,-1.197858,-0.920313,1.519780,-0.038969,-1.558749,-1.859097,1.548826,-0.039713,-1.588539,-3.144179,5.012036,-0.128514,-5.140550,-2.552254,0.000000,0.000000,0.000000,0.000000,0.000000,0.000000,0.000000,0.000000,0.000000,0.000000,0.000000,0.000000,0.000433,0.000000,0.000000,114.510637,106.628143,1
1.092000,-0.004660,0.026266,0.106710,3.325433,-0.085268,-3.410701,-6.591293,0.903545,-0.023168,-0.926713,-1.049064,9.064507,-0.232423,-9.296931,-0.291470,-5.244391,0.134472,5.378862,4.864129,5.435278,-0.139366,-5.574644,-3.368527,3.738949,-0.095870,-3.834820,0.278203,0.722662,-0.018530,-0.741192,0.986951,0.418755,-0.010737,-0.429492,-0.444303,1.287968,-0.033025,-1.320993,1.363545,3.986309,-0.102213,-4.088522,-2.086975,-1.018873,0.026125,1.044998,-1.990090,16.737462,-0.429166,-17.166628,2.417623,0.000000,0.000000,0.000000,0.000000,0.000000,0.000000,0.000000,0.000000,0.000000,0.000000,0.000000,0.000000,0.001270,0.000000,0.000000,114.764657,106.693436,1
1.102000,-0.002130,0.025326,0.104270,3.325433,-0.085268,-3.410701,-5.405088,0.903545,-0.023168,-0.926713,-0.661461,9.064507,-0.232423,-9.296931,-0.077475,-5.244391,0.134472,5.378862,4.251485,5.435278,-0.139366,-5.574644,-0.773165,3.738949,-0.095870,-3.834820,0.537278,0.722662,-0.018530,-0.741192,0.277180,0.418755,-0.010737,-0.429492,-0.326360,1.287968,-0.033025,-1.320993,0.362637,3.986309,-0.102213,-4.088522,-2.310697,-1.018873,0.026125,1.044998,-0.220523,16.737462,-0.429166,-17.166628,-3.501434,0.000000,0.000000,0.000000,0.000000,0.000000,0.000000,0.000000,0.000000,0.000000,0.000000,0.000000,0.000000,0.001196,0.000000,0.000000,115.960830,107.830102,1
1.104000,-0.019717,0.017406,0.148518,0.129615,-0.003323,-0.132939,-2.407634,-0.018695,0.000479,0.019174,-1.154521,-0.123476,0.003166,0.126642,0.128240,-1.742529,0.044680,1.787209,2.893436,1.339331,-0.034342,-1.373673,-1.093265,-2.593076,0.066489,2.659565,1.358428,1.476584,-0.037861,-1.514445,1.071020,-0.346385,0.008882,0.355266,0.336674,0.592819,-0.015200,-0.608019,1.306722,0.548840,-0.014073,-0.562912,-4.645661,-6.209380,0.159215,6.368594,1.421406,13.248959,-0.339717,-13.588675,-2.209397,0.000000,0.000000,0.000000,0.000000,0.000000,0.000000,0.000000,0.000000,0.000000,0.000000,0.000000,0.000000,0.000549,0.000000,0.000000,116.070571,107.930089,1
1.114000,-0.019523,0.017154,0.149624,0.129615,-0.003323,-0.132939,-1.166175,-0.018695,0.000479,0.019174,-0.578236,-0.123476,0.003166,0.126642,0.154078,-1.742529,0.044680,1.787209,2.479904,1.339331,-0.034342,-1.373673,-0.810645,-2.593076,0.066489,2.659565,1.316495,1.476584,-0.037861,-1.514445,0.419476,-0.346385,0.008882,0.355266,0.311178,0.592819,-0.015200,-0.608019,0.575109,0.548840,-0.014073,-0.562912,-3.341376,-6.209380,0.159215,6.368594,2.411707,13.248959,-0.339717,-13.588675,-4.610319,0.000000,0.000000,0.000000,0.000000,0.000000,0.000000,0.000000,0.000000,0.000000,0.000000,0.000000,0.000000,0.000902,0.000000,0.000000,116.972734,108.812332,1
1.124000,-0.018596,0.010183,0.154929,-15.820109,0.405644,16.225753,12.278449,-12.331682,0.316197,12.647879,5.101315,0.764359,-0.019599,-0.783958,-0.615019,-1.497027,0.038385,1.535413,2.206212,0.437493,-0.011218,-0.448710,1.499756,1.866953,-0.047871,-1.914824,0.093460,1.719831,-0.044098,-1.763929,-0.817353,-0.522150,0.013388,0.535538,-0.162525,-7.962158,0.204158,8.166316,3.222121,9.241575,-0.236963,-9.478539,-8.214832,-0.370753,0.009506,0.380260,0.166706,31.102736,-0.797506,-31.900242,-13.019129,0.000000,0.000000,0.000000,0.000000,0.000000,0.000000,0.000000,0.000000,0.000000,0.000000,0.000000,0.000000,0.007896,0.000000,0.000000,124.868258,116.689077,1
1.126000,-0.015596,-0.007617,0.165532,-15.717809,0.403021,16.120830,10.802003,-12.106777,0.310430,12.417207,4.887042,-2.104336,0.053957,2.158293,0.278871,0.015568,-0.000399,-0.015967,-0.063772,-0.732297,0.018777,0.751074,2.045310,1.400511,-0.035911,-1.436421,0.006118,1.875113,-0.048080,-1.923193,-0.219313,-0.187402,0.004805,0.192207,-0.109898,-7.009483,0.179730,7.189213,3.313643,8.475203,-0.217313,-8.692515,-7.079292,-0.545805,0.013995,0.559800,0.686403,26.480498,-0.678987,-27.159486,-10.693374,0.000000,0.000000,0.000000,0.000000,0.000000,0.000000,0.000000,0.000000,0.000000,0.000000,0.000000,0.000000,0.006136,0.000000,0.000000,126.095421,117.916120,1
1.136000,-0.014292,-0.010568,0.163755,-15.717809,0.403021,16.120830,12.471551,-12.106777,0.310430,12.417207,5.496903,-2.104336,0.053957,2.158293,0.586519,0.015568,-0.000399,-0.015967,-0.029664,-0.732297,0.018777,0.751074,1.199066,1.400511,-0.035911,-1.436421,0.020491,1.875113,-0.048080,-1.923193,-0.598951,-0.187402,0.004805,0.192207,-0.033652,-7.009483,0.179730,7.189213,3.489854,8.475203,-0.217313,-8.692515,-7.612191,-0.545805,0.013995,0.559800,0.371457,26.480498,-0.678987,-27.159486,-12.146493,0.000000,0.000000,0.000000,0.000000,0.000000,0.000000,0.000000,0.000000,0.000000,0.000000,0.000000,0.000000,0.006940,0.000000,0.000000,133.035636,124.855617,1
1.138000,0.015250,-0.030014,0.167471,-8.925368,0.228856,9.154224,4.710268,-9.551221,0.244903,9.796124,3.284157,-8.568313,0.219700,8.788014,-2.037374,-1.356433,0.034780,1.391214,5.779574,5.085752,-0.130404,-5.216156,-3.517723,2.608418,-0.066883,-2.675301,-1.356562,3.847100,-0.098644,-3.945744,-2.742217,-0.227606,0.005836,0.233442,1.895413,-3.072784,0.078789,3.151573,3.901869,5.976108,-0.153234,-6.129342,-4.616028,0.520354,-0.013342,-0.533696,1.898027,-1.132399,0.029036,1.161435,-0.345900,0.000000,0.000000,0.000000,0.000000,0.000000,0.000000,0.000000,0.000000,0.000000,0.000000,0.000000,0.000000,0.001765,0.000000,0.000000,133.388600,125.131304,1
1.148000,0.019169,-0.028932,0.163576,-8.925368,0.228856,9.154224,4.806336,-9.551221,0.244903,9.796124,3.721641,-8.568313,0.219700,8.788014,1.430778,-1.356433,0.034780,1.391214,4.400958,5.085752,-0.130404,-5.216156,-2.974877,2.608418,-0.066883,-2.675301,-1.351968,3.847100,-0.098644,-3.945744,-2.829147,-0.227606,0.005836,0.233442,1.250738,-3.072784,0.078789,3.151573,2.757108,5.976108,-0.153234,-6.129342,-4.795574,0.520354,-0.013342,-0.533696,0.916752,-1.132399,0.029036,1.161435,0.182477,0.000000,0.000000,0.000000,0.000000,0.000000,0.000000,0.000000,0.000000,0.000000,0.000000,0.000000,0.000000,0.001685,0.000000,0.000000,135.073858,126.806777,1
1.156000,0.002297,-0.040871,0.154073,-10.296803,0.264021,10.560824,2.435874,-7.410972,0.190025,7.600996,3.678819,-4.432023,0.113642,4.545665,1.044772,-1.585994,0.040667,1.626660,2.820592,2.846734,-0.072993,-2.919727,0.346616,-2.268061,0.058155,2.326216,0.171560,1.090026,-0.027949,-1.117975,-1.010661,1.366213,-0.035031,-1.401244,0.287724,0.184781,-0.004738,-0.189519,0.592669,4.292795,-0.110072,-4.402867,1.973644,0.511416,-0.013113,-0.524529,2.149461,-1.320820,0.033867,1.354687,0.516424,0.000000,0.000000,0.000000,0.000000,0.000000,0.000000,0.000000,0.000000,0.000000,0.000000,0.000000,0.000000,0.000766,0.000000,0.000000,135.686643,127.238047,1
1.166000,-0.133776,-0.112277,0.225950,-2.222924,0.056998,2.279922,1.667031,2.443132,-0.062644,-2.505777,-2.492118,11.743175,-0.301107,-12.044282,-6.213491,-2.512400,0.064421,2.576820,1.534031,-0.727975,0.018666,0.746641,0.628428,-13.596259,0.348622,13.944881,7.321303,6.198753,-0.158942,-6.357695,-4.431025,6.325386,-0.162189,-6.487575,-3.030761,13.261185,-0.340030,-13.601215,-7.543753,2.083650,-0.053427,-2.137077,-1.956659,-0.132038,0.003386,0.135424,0.986865,2.682620,-0.068785,-2.751405,-0.185089,0.000000,0.000000,0.000000,0.000000,0.000000,0.000000,0.000000,0.000000,0.000000,0.000000,0.000000,0.000000,0.003467,0.000000,0.000000,139.153256,130.704660,1
1.176000,-0.065612,-0.031311,0.252873,1.311650,-0.033632,-1.345282,-0.094928,1.974950,-0.050640,-2.025590,-0.382307,26.663893,-0.683690,-27.347582,-13.883611,0.127816,-0.003277,-0.131093,-2.823212,-0.161699,0.004146,0.165845,0.141721,0.154825,-0.003970,-0.158795,2.053098,2.358010,-0.060462,-2.418472,0.540676,3.224994,-0.082692,-3.307686,-3.213415,0.113228,-0.002903,-0.116131,-0.311115,2.148162,-0.055081,-2.203243,-2.805753,-0.495118,0.012695,0.507813,0.173349,11.300108,-0.289746,-11.589854,-4.802454,0.000000,0.000000,0.000000,0.000000,0.000000,0.000000,0.000000,0.000000,0.000000,0.000000,0.000000,0.000000,0.004552,0.000000,0.000000,143.705328,135.224059,1
1.186000,-0.098968,-0.019636,0.166627,-11.154304,0.286008,11.440311,-0.287275,2.590774,-0.066430,-2.657204,-1.278160,39.000000,-1.000000,-40.000000,0.186751,1.296013,-0.033231,-1.329244,-2.898847,0.041995,-0.001077,-0.043071,1.642135,-29.143625,0.747272,29.890897,11.926979,0.046292,-0.001187,-0.047479,0.397583,7.356070,-0.188617,-7.544687,-3.527909,4.859177,-0.124594,-4.983771,-2.010399,18.092224,-0.463903,-18.556128,-12.221700,-4.175866,0.107073,4.282940,2.471275,21.080074,-0.540515,-21.620588,-9.089037,-5.770702,-33.760920,8.655423,0.000000,0.000000,0.000000,0.000000,0.000000,0.000000,0.000000,0.000000,0.000000,0.008451,0.000000,0.000000,152.156550,143.458359,1
1.196000,-0.019806,-0.040570,0.165954,-10.950838,0.280791,11.231629,9.396659,8.455069,-0.216797,-8.671865,0.114540,38.965582,-0.999117,-39.964699,-1.676700,5.487295,-0.140700,-5.627995,-6.524078,2.715876,-0.069638,-2.785513,-2.375572,-29.075481,0.745525,29.821006,12.942984,0.276468,-0.007089,-0.283557,0.379115,5.612534,-0.143911,-5.756445,-2.896900,2.333743,-0.059840,-2.393583,-1.108496,14.953786,-0.383430,-15.337216,-11.214514,-5.770209,0.147954,5.918163,3.958544,29.593296,-0.758802,-30.352098,-14.378814,0.000000,0.000000,0.000000,0.000000,0.000000,0.000000,29.157833,-33.491529,32.710591,0.000000,0.000000,0.000000,0.012541,0.000000,0.000000,164.697949,155.977742,1
1.206000,-0.101126,-0.003838,0.149107,-8.940866,0.229253,9.170119,-2.013388,0.834441,-0.021396,-0.855837,0.259278,27.635601,-0.708605,-28.344206,0.349936,1.605739,-0.041173,-1.646912,0.527460,-1.353690,0.034710,1.388400,2.637122,-21.286980,0.545820,21.832800,-0.096853,0.057747,-0.001481,-0.059228,-2.216969,4.766657,-0.122222,-4.888879,-2.499034,-5.226279,0.134007,5.360286,2.316465,14.931317,-0.382854,-15.314171,-8.816569,-2.686143,0.068875,2.755018,6.589905,11.994873,-0.307561,-12.302434,-5.170679,12.759875,-20.441225,-15.525812,2.965336,11.869911,-5.894493,0.000000,0.000000,0.000000,0.000000,0.000000,0.000000,0.002768,0.000000,0.000000,167.465945,158.114002,1
1.210000,-0.006343,-0.013859,0.192315,-4.832764,0.123917,4.956681,0.401826,-4.230605,0.108477,4.339083,2.894329,15.049262,-0.385879,-15.435141,-0.179507,17.374768,-0.445507,-17.820275,1.464521,7.029598,-0.180246,-7.209845,-1.135251,-26.273576,0.673681,26.947257,9.731107,-16.412768,0.420840,16.833608,1.067543,6.934223,-0.177801,-7.112024,-3.727769,-10.493132,0.269055,10.762187,4.353994,25.080996,-0.643102,-25.724099,-23.323433,6.089211,-0.156134,-6.245345,-2.720915,2.507589,-0.064297,-2.571886,1.203196,9.422650,-5.824242,3.316487,0.000000,0.000000,0.000000,-4.445778,1.606593,-0.961583,-11.206672,15.440759,5.983329,0.010252,0.000000,0.000000,171.566880,161.981396,1
1.220000,0.000782,-0.014212,0.207607,-4.852771,0.124430,4.977201,5.517595,-4.289214,0.109980,4.399194,2.310462,14.892740,-0.381865,-15.274605,-0.167841,17.374768,-0.445507,-17.820275,0.240766,5.378157,-0.137901,-5.516059,-0.171826,-19.565805,0.501687,20.067492,-1.485903,-16.412768,0.420840,16.833608,-0.209817,8.062880,-0.206741,-8.269620,-1.065292,-11.809776,0.302815,12.112591,1.896489,25.080996,-0.643102,-25.724099,-8.683032,4.454093,-0.114208,-4.568300,-1.064897,5.714721,-0.146531,-5.861252,0.261357,4.279951,-19.335326,12.179601,0.000000,0.000000,0.000000,0.000000,0.000000,0.000000,-4.937668,20.567362,13.009540,0.003403,0.000000,0.000000,174.970075,164.601136,1
1.222000,-0.070904,0.052658,0.151183,-8.459416,0.216908,8.676324,-0.916683,-4.055648,0.103991,4.159639,3.029915,6.597120,-0.169157,-6.766277,-2.438611,10.731380,-0.275164,-11.006544,0.730374,5.923239,-0.151878,-6.075117,-0.607152,-12.303806,0.315482,12.619288,7.085864,-3.715401,0.095267,3.810668,6.123459,3.460953,-0.088742,-3.549695,-1.831176,-2.806392,0.071959,2.878351,0.445113,16.576658,-0.425043,-17.001701,0.594265,6.042332,-0.154932,-6.197264,-3.004529,-1.350003,0.034615,1.384619,-0.481424,2.434656,-0.395124,1.450893,0.000000,0.000000,0.000000,-5.121808,0.494319,-1.733470,0.000000,0.000000,0.000000,0.001987,0.000000,0.000000,175.367493,164.891504,1
1.232000,-0.069601,0.060962,0.134713,-7.511806,0.192610,7.704417,-0.752103,-3.931514,0.100808,4.032322,3.033871,6.630105,-0.170003,-6.800108,-2.277708,10.702911,-0.274434,-10.977345,1.655641,6.065047,-0.155514,-6.220561,-0.711984,-11.973675,0.307017,12.280692,5.997818,-3.523602,0.090349,3.613951,5.199738,4.229040,-0.108437,-4.337477,-2.108229,-3.932639,0.100837,4.033476,1.543919,16.836177,-0.431697,-17.267874,0.880642,4.834991,-0.123974,-4.958965,-2.907685,-0.741049,0.019001,0.760051,-0.273223,3.476730,0.137223,2.936974,0.000000,0.000000,0.000000,-3.476730,-0.137223,-2.936974,0.000000,0.000000,0.000000,0.001938,0.000000,0.000000,177.305238,166.041578,1
1.234000,-0.109239,0.050076,0.182275,0.539147,-0.013824,-0.552972,-3.882281,-6.401778,0.164148,6.565927,7.870427,9.090121,-0.233080,-9.323201,-6.356957,6.239751,-0.159994,-6.399745,-1.523609,-1.581377,0.040548,1.621925,1.174238,-7.391964,0.189538,7.581501,3.875373,2.888322,-0.074060,-2.962382,-4.595457,10.998547,-0.282014,-11.280561,-5.999098,-18.945051,0.485771,19.430822,8.766926,-0.330495,0.008474,0.338969,2.976673,13.884998,-0.356026,-14.241023,-8.446988,-0.455353,0.011676,0.467028,-0.045309,0.000000,0.000000,0.000000,0.000000,0.000000,0.000000,14.552876,-20.242219,10.234859,-17.536811,49.983313,-3.511738,0.005271,0.000000,0.000000,178.359410,167.095666,1
1.244000,-0.110585,0.051345,0.181360,0.539147,-0.013824,-0.552972,-0.074732,-6.401778,0.164148,6.565927,4.857100,9.090121,-0.233080,-9.323201,-3.427058,6.239751,-0.159994,-6.399745,-0.476673,-1.581377,0.040548,1.621925,0.878749,-7.391964,0.189538,7.581501,3.910897,2.888322,-0.074060,-2.962382,1.238465,10.998547,-0.282014,-11.280561,-2.648807,-18.945051,0.485771,19.430822,4.895898,-0.330495,0.008474,0.338969,4.020037,13.884998,-0.356026,-14.241023,-7.528281,-0.455353,0.011676,0.467028,0.155758,0.000000,0.000000,0.000000,0.000000,0.000000,0.000000,0.070417,-0.206793,0.070331,-18.922673,46.610013,-1.663189,0.003353,0.000000,0.000000,181.712771,170.375652,1
1.246000,-0.128195,0.017554,0.160348,-2.177619,0.055836,2.233456,-0.516738,-0.793299,0.020341,0.813640,0.680699,4.498008,-0.115334,-4.613341,-2.111170,6.026032,-0.154514,-6.180545,-1.535886,0.158592,-0.004066,-0.162659,-0.377312,-6.592033,0.169026,6.761059,3.158931,-5.808508,0.148936,5.957444,1.219958,2.217216,-0.056852,-2.274067,-2.198009,-0.064537,0.001655,0.066192,0.778884,6.190335,-0.158727,-6.349062,-2.573037,1.358799,-0.034841,-1.393640,0.504680,4.793272,-0.122904,-4.916176,-2.901974,-7.256883,-20.006446,3.707155,-0.008621,0.067252,-0.054220,0.000000,0.000000,0.000000,0.000000,0.000000,0.000000,0.000860,0.000000,0.000000,181.884738,170.540188,1
1.256000,-0.130224,0.019290,0.153792,-2.177619,0.055836,2.233456,1.799108,-0.793299,0.020341,0.813640,0.289622,4.498008,-0.115334,-4.613341,-1.945383,6.026032,-0.154514,-6.180545,-0.199601,0.158592,-0.004066,-0.162659,1.347572,-6.592033,0.169026,6.761059,-0.365536,-5.808508,0.148936,5.957444,3.708976,2.217216,-0.056852,-2.274067,-1.590807,-0.064537,0.001655,0.066192,0.490214,6.190335,-0.158727,-6.349062,-2.399252,1.358799,-0.034841,-1.393640,0.299489,4.793272,-0.122904,-4.916176,-2.461179,0.526817,-15.906738,5.092315,0.000000,0.000000,0.000000,0.000000,0.000000,0.000000,0.000000,0.000000,0.000000,0.000706,0.000000,0.000000,182.591227,171.184517,1
1.258000,-0.087227,-0.028098,0.113606,-3.112396,0.079805,3.192201,3.176559,-0.803109,0.020593,0.823701,-0.272794,0.843481,-0.021628,-0.865109,-0.320994,4.624745,-0.118583,-4.743328,1.259840,6.222466,-0.159550,-6.382017,-3.837331,-2.294756,0.058840,2.353596,1.568681,-5.344989,0.137051,5.482040,0.831353,4.306874,-0.110433,-4.417307,-2.497034,-0.765108,0.019618,0.784726,1.396385,14.559164,-0.373312,-14.932476,0.673524,1.007782,-0.025841,-1.033622,-1.522448,3.049918,-0.078203,-3.128121,-0.707421,0.000000,0.000000,0.000000,-0.156286,0.258043,0.152981,0.000000,0.000000,0.000000,0.000000,0.000000,0.000000,0.000753,0.000000,0.000000,182.741882,171.270141,1
1.268000,-0.087274,-0.027054,0.114663,-3.112396,0.079805,3.192201,3.297720,-0.803109,0.020593,0.823701,-0.015119,0.843481,-0.021628,-0.865109,-0.300782,4.624745,-0.118583,-4.743328,1.068716,6.222466,-0.159550,-6.382017,-3.450570,-2.294756,0.058840,2.353596,1.269850,-5.344989,0.137051,5.482040,2.410676,4.306874,-0.110433,-4.417307,-2.134462,-0.765108,0.019618,0.784726,0.796100,14.559164,-0.373312,-14.932476,0.440836,1.007782,-0.025841,-1.033622,-0.897315,3.049918,-0.078203,-3.128121,-1.151254,0.000000,0.000000,0.000000,-0.078362,0.131214,0.078286,0.000000,0.000000,0.000000,0.000000,0.000000,0.000000,0.000753,0.000000,0.000000,183.494477,171.789446,1
1.272000,-0.063239,-0.021544,0.141144,3.002265,-0.076981,-3.079246,0.551394,-3.458843,0.088688,3.547532,-0.122065,4.760894,-0.122074,-4.882969,-1.737257,3.124658,-0.080119,-3.204778,0.263236,0.482405,-0.012369,-0.494774,0.281230,-3.411325,0.087470,3.498795,2.245485,-0.039219,0.001006,0.040225,-3.107869,1.957447,-0.050191,-2.007638,-3.898314,-1.180508,0.030269,1.210778,-1.000906,7.851350,-0.201317,-8.052667,0.427227,6.736059,-0.172719,-6.908779,-3.932389,1.036661,-0.026581,-1.063242,-0.121922,0.000000,0.000000,0.000000,0.000000,0.000000,0.000000,0.000000,0.000000,0.000000,-4.383654,1.214400,1.950290,0.000594,0.000000,0.000000,183.731895,171.963736,1
1.282000,-0.063828,-0.021702,0.132224,3.002265,-0.076981,-3.079246,-0.304872,-3.458843,0.088688,3.547532,0.533401,4.760894,-0.122074,-4.882969,-2.176031,3.124658,-0.080119,-3.204778,-0.807882,0.482405,-0.012369,-0.494774,0.108351,-3.411325,0.087470,3.498795,1.938875,-0.039219,0.001006,0.040225,-2.993982,1.957447,-0.050191,-2.007638,-3.540517,-1.180508,0.030269,1.210778,-1.752112,7.851350,-0.201317,-8.052667,0.287910,6.736059,-0.172719,-6.908779,-3.603249,1.036661,-0.026581,-1.063242,-0.347302,0.000000,0.000000,0.000000,0.000000,0.000000,0.000000,0.000000,0.000000,0.000000,-1.017748,3.884966,-3.001089,0.000598,0.000000,0.000000,184.330041,172.469605,1
1.284000,0.003743,-0.049495,0.130525,8.544560,-0.219091,-8.763651,-6.367052,-5.670785,0.145405,5.816190,2.558889,5.799625,-0.148708,-5.948333,-3.507415,5.042292,-0.129290,-5.171581,-4.333650,-0.867155,0.022235,0.889390,0.614104,-6.832986,0.175205,7.008191,3.132052,2.628617,-0.067400,-2.696018,-4.933719,2.039820,-0.052303,-2.092123,-0.928298,0.595633,-0.015273,-0.610905,-0.552686,6.014086,-0.154207,-6.168293,1.086571,6.997311,-0.179418,-7.176730,-4.012853,0.235924,-0.006049,-0.241973,0.215706,0.600297,-0.405533,-0.300430,0.000000,0.000000,0.000000,0.000000,0.000000,0.000000,0.000000,0.000000,0.000000,0.001876,0.000000,0.000000,184.705216,172.817762,1
1.294000,0.006526,-0.049237,0.129716,8.544560,-0.219091,-8.763651,-6.515172,-5.670785,0.145405,5.816190,2.552618,5.799625,-0.148708,-5.948333,-2.911125,5.042292,-0.129290,-5.171581,-4.902807,-0.867155,0.022235,0.889390,0.468717,-6.832986,0.175205,7.008191,3.185992,2.628617,-0.067400,-2.696018,-4.255511,2.039820,-0.052303,-2.092123,-0.753228,0.595633,-0.015273,-0.610905,-0.400718,6.014086,-0.154207,-6.168293,1.038217,6.997311,-0.179418,-7.176730,-3.617126,0.235924,-0.006049,-0.241973,0.134641,0.602270,-0.349625,-0.267282,0.000000,0.000000,0.000000,0.000000,0.000000,0.000000,0.000000,0.000000,0.000000,0.001830,0.000000,0.000000,186.535707,174.519520,1
1.296000,0.000762,-0.055775,0.122128,7.386178,-0.189389,-7.575567,-6.583527,-4.696781,0.120430,4.817212,1.552208,8.290182,-0.212569,-8.502751,-0.114738,1.876693,-0.048120,-1.924813,-2.450958,-2.020439,0.051806,2.072245,1.075305,-3.898837,0.099970,3.998807,0.549651,-0.463377,0.011881,0.475258,-2.103478,0.215521,-0.005526,-0.221047,-0.351864,-1.426865,0.036586,1.463452,-0.185572,3.084318,-0.079085,-3.163403,-2.645979,7.377599,-0.189169,-7.566768,-3.341080,-0.035010,0.000898,0.035907,-0.089386,1.004365,-0.459828,-0.678228,0.000000,0.000000,0.000000,0.000689,-0.103383,0.081172,0.000000,0.000000,0.000000,0.001025,0.000000,0.000000,186.740656,174.719371,1
1.306000,0.001364,-0.057987,0.122197,7.386178,-0.189389,-7.575567,-5.329851,-4.696781,0.120430,4.817212,1.695667,8.290182,-0.212569,-8.502751,0.227892,1.876693,-0.048120,-1.924813,-2.226671,-2.020439,0.051806,2.072245,1.212817,-3.898837,0.099970,3.998807,1.103490,-0.463377,0.011881,0.475258,-0.864870,0.215521,-0.005526,-0.221047,-0.125493,-1.426865,0.036586,1.463452,0.395078,3.084318,-0.079085,-3.163403,-2.011127,7.377599,-0.189169,-7.566768,-2.028653,-0.035010,0.000898,0.035907,-0.025939,0.000000,0.000000,0.000000,0.000000,0.000000,0.000000,0.000115,-0.021314,0.016856,0.000000,0.000000,0.000000,0.000844,0.000000,0.000000,187.584904,175.516626,1
1.308000,0.007907,-0.071755,0.113677,5.921486,-0.151833,-6.073319,-3.543240,-3.439450,0.088191,3.527641,0.857077,4.628868,-0.118689,-4.747557,-2.513623,-4.125311,0.105777,4.231088,1.392561,-0.067727,0.001737,0.069464,-0.090562,-1.566630,0.040170,1.606800,0.845203,2.243990,-0.057538,-2.301529,0.906141,0.870304,-0.022315,-0.892620,-0.429797,4.669869,-0.119740,-4.789610,-2.268612,1.524615,-0.039093,-1.563708,0.879366,0.680795,-0.017456,-0.698251,-0.569559,-2.050646,0.052581,2.103226,0.578907,0.000000,0.000000,0.000000,0.000000,0.000000,0.000000,0.000000,0.000000,0.000000,0.000000,0.000000,0.000000,0.000601,0.000000,0.000000,187.705019,175.622874,1
1.318000,0.007861,-0.074410,0.113982,5.921486,-0.151833,-6.073319,-3.690001,-3.439450,0.088191,3.527641,1.035232,4.628868,-0.118689,-4.747557,-2.285529,-4.125311,0.105777,4.231088,1.909631,-0.067727,0.001737,0.069464,-0.031187,-1.566630,0.040170,1.606800,0.692935,2.243990,-0.057538,-2.301529,0.079979,0.870304,-0.022315,-0.892620,-0.451226,4.669869,-0.119740,-4.789610,-2.107005,1.524615,-0.039093,-1.563708,0.262564,0.680795,-0.017456,-0.698251,-0.449517,-2.050646,0.052581,2.103226,0.803428,0.000000,0.000000,0.000000,0.000000,0.000000,0.000000,0.000000,0.000000,0.000000,0.000000,0.000000,0.000000,0.000592,0.000000,0.000000,188.297033,176.202952,1
1.320000,-0.011190,-0.089537,0.110535,6.031281,-0.154648,-6.185930,-4.893613,-3.073731,0.078814,3.152544,1.446957,5.320081,-0.136412,-5.456493,-3.075751,-4.996453,0.128114,5.124567,1.711327,-2.229951,0.057178,2.287129,0.436876,-3.392465,0.086986,3.479451,1.674691,2.336663,-0.059914,-2.396578,-0.901495,0.906788,-0.023251,-0.930039,0.062240,6.710364,-0.172061,-6.882425,-2.947158,0.699529,-0.017937,-0.717466,1.222838,0.142638,-0.003657,-0.146296,-0.301374,1.486690,-0.038120,-1.524810,-0.093069,0.043641,0.016463,-0.033176,0.000000,0.000000,0.000000,0.000000,0.000000,0.000000,0.000000,0.000000,0.000000,0.000908,0.000000,0.000000,188.478588,176.380765,1
1.330000,-0.009904,-0.094291,0.107580,6.031281,-0.154648,-6.185930,-5.313019,-3.073731,0.078814,3.152544,1.402171,5.320081,-0.136412,-5.456493,-2.780276,-4.996453,0.128114,5.124567,2.525073,-2.229951,0.057178,2.287129,0.536629,-3.392465,0.086986,3.479451,1.614117,2.336663,-0.059914,-2.396578,-1.432684,0.906788,-0.023251,-0.930039,-0.103272,6.710364,-0.172061,-6.882425,-3.120778,0.699529,-0.017937,-0.717466,0.525693,0.142638,-0.003657,-0.146296,-0.153210,1.486690,-0.038120,-1.524810,-0.411463,0.000695,0.000274,-0.000564,0.000000,0.000000,0.000000,0.000000,0.000000,0.000000,0.000000,0.000000,0.000000,0.000983,0.000000,0.000000,189.461343,177.355977,1
1.340000,0.041999,0.072613,0.218705,-19.267955,0.494050,19.762005,2.192346,0.214883,-0.005510,-0.220393,-0.506767,-6.292783,0.161353,6.454136,1.868064,4.634682,-0.118838,-4.753520,-2.918910,5.648852,-0.144842,-5.793694,-2.096418,0.237060,-0.006078,-0.243138,0.094679,-5.576035,0.142975,5.719010,5.214369,-2.866863,0.073509,2.940372,0.482292,-6.228307,0.159700,6.388008,2.004119,0.165701,-0.004249,-0.169950,-2.172890,-3.819717,0.097941,3.917658,1.965105,-12.344534,0.316527,12.661060,6.724114,0.000000,0.000000,0.000000,0.000000,0.000000,0.000000,0.000000,0.000000,0.000000,0.000000,0.000000,0.000000,0.002188,0.000000,0.000000,191.649158,179.543331,1
1.350000,-0.025288,0.091715,0.134091,-0.697076,0.017874,0.714950,-1.023616,-0.006769,0.000174,0.006943,-0.541677,14.979610,-0.384093,-15.363702,1.489832,-7.688399,0.197138,7.885537,3.883157,4.187442,-0.107370,-4.294813,0.179850,1.915344,-0.049111,-1.964455,-0.844167,-12.923628,0.331375,13.255003,12.472115,-0.313437,0.008037,0.321474,1.755185,-4.254100,0.109079,4.363179,2.208584,15.893838,-0.407534,-16.301373,0.356478,6.892148,-0.176722,-7.068869,-4.214562,-11.771263,0.301827,12.073090,5.178568,0.684192,2.978208,1.761055,0.000000,0.000000,0.000000,0.000000,0.000000,0.000000,0.000000,0.000000,0.000000,0.003303,0.000000,0.000000,194.952354,182.242359,1
1.356000,-0.037333,-0.048038,0.158155,1.905182,-0.048851,-1.954032,-2.819419,0.422451,-0.010832,-0.433283,-0.389011,12.812288,-0.328520,-13.140808,0.849742,-0.212908,0.005459,0.218367,0.334296,6.802194,-0.174415,-6.976609,-4.075089,2.753806,-0.070610,-2.824416,-1.460199,-4.467113,0.114541,4.581654,4.346258,0.131538,-0.003373,-0.134910,1.335137,4.569504,-0.117167,-4.686671,-1.096993,11.629249,-0.298186,-11.927435,-6.451906,2.499535,-0.064091,-2.563625,-1.334622,-5.081818,0.130303,5.212121,1.619004,0.000000,0.000000,0.000000,1.467886,0.409471,-0.633872,0.000000,0.000000,0.000000,0.000000,0.000000,0.000000,0.001635,0.000000,0.000000,195.933478,183.087326,1
1.366000,-0.038349,-0.049457,0.157606,1.905182,-0.048851,-1.954032,-2.360931,0.422451,-0.010832,-0.433283,-0.284548,12.812288,-0.328520,-13.140808,0.634249,-0.212908,0.005459,0.218367,0.099934,6.802194,-0.174415,-6.976609,-3.804421,2.753806,-0.070610,-2.824416,-1.339814,-4.467113,0.114541,4.581654,4.233987,0.131538,-0.003373,-0.134910,0.748919,4.569504,-0.117167,-4.686671,-1.608777,11.629249,-0.298186,-11.927435,-7.572828,2.499535,-0.064091,-2.563625,-1.313262,-5.081818,0.130303,5.212121,1.794632,0.000000,0.000000,0.000000,4.831348,1.728050,-2.002250,0.000000,0.000000,0.000000,0.000000,0.000000,0.000000,0.001735,0.000000,0.000000,197.668514,184.653650,1
1.372000,-0.076586,0.004527,0.234587,6.618308,-0.169700,-6.788009,-6.012250,0.892270,-0.022879,-0.915149,-0.284025,7.934356,-0.203445,-8.137801,0.149714,16.252796,-0.416738,-16.669534,1.207516,6.718663,-0.172273,-6.890937,-4.435815,-14.826369,0.380163,15.206533,6.277783,7.739406,-0.198446,-7.937853,-8.469997,16.493729,-0.422916,-16.916645,-7.721730,-1.457894,0.037382,1.495276,1.150534,3.628538,-0.093039,-3.721577,1.793096,0.626771,-0.016071,-0.642842,1.253310,1.607571,-0.041220,-1.648790,-0.501573,2.631989,-37.049696,-37.037736,0.000000,0.000000,0.000000,0.000000,0.000000,0.000000,0.000000,0.000000,0.000000,0.003963,0.000000,0.000000,200.046518,186.685744,1
1.382000,-0.079713,0.002952,0.232673,6.618308,-0.169700,-6.788009,-4.858867,0.892270,-0.022879,-0.915149,0.408711,7.934356,-0.203445,-8.137801,0.211109,16.252796,-0.416738,-16.669534,0.360442,6.718663,-0.172273,-6.890937,-3.327857,-14.826369,0.380163,15.206533,2.494271,7.739406,-0.198446,-7.937853,-6.491667,16.493729,-0.422916,-16.916645,-7.203331,-1.457894,0.037382,1.495276,1.331059,3.628538,-0.093039,-3.721577,1.957774,0.626771,-0.016071,-0.642842,1.114485,1.607571,-0.041220,-1.648790,-0.739726,0.111096,-0.356811,-0.299044,0.000000,0.000000,0.000000,0.000000,0.000000,0.000000,0.172282,3.885631,0.981276,0.002865,0.000000,0.000000,202.911940,189.229109,1
1.384000,-0.078202,0.050219,0.259109,-6.817380,0.174805,6.992185,7.319450,0.178530,-0.004578,-0.183108,-0.587550,4.747716,-0.121736,-4.869452,-2.071979,-6.892000,0.176718,7.068718,1.961530,-8.026421,0.205806,8.232227,5.074519,-7.079864,0.181535,7.261399,4.593609,-11.278311,0.289187,11.567498,0.008842,6.728729,-0.172532,-6.901261,-1.517173,1.771653,-0.045427,-1.817080,-1.273750,8.856647,-0.227094,-9.083740,-4.003790,13.994036,-0.358821,-14.352857,-5.900005,-6.819583,0.174861,6.994444,-1.098846,0.000000,0.000000,0.000000,0.000000,0.000000,0.000000,0.000000,0.000000,0.000000,0.000000,0.000000,0.000000,0.002920,0.000000,0.000000,203.495933,189.782358,1
1.394000,-0.080611,0.051485,0.251843,-6.817380,0.174805,6.992185,7.141850,0.178530,-0.004578,-0.183108,-0.593150,4.747716,-0.121736,-4.869452,-2.138943,-6.892000,0.176718,7.068718,3.278070,-8.026421,0.205806,8.232227,4.442126,-7.079864,0.181535,7.261399,4.144550,-11.278311,0.289187,11.567498,-0.014733,6.728729,-0.172532,-6.901261,-2.266683,1.771653,-0.045427,-1.817080,-1.085222,8.856647,-0.227094,-9.083740,-5.151958,13.994036,-0.358821,-14.352857,-6.174133,-6.819583,0.174861,6.994444,-1.627168,0.000000,0.000000,0.000000,0.000000,0.000000,0.000000,0.000000,0.000000,0.000000,0.000000,0.000000,0.000000,0.003149,0.000000,0.000000,206.644720,192.700115,1
1.396000,-0.082702,0.041124,0.285607,14.772821,-0.378790,-15.151611,-8.221202,0.335399,-0.008600,-0.343999,-0.617311,5.031568,-0.129015,-5.160582,-3.101391,1.756411,-0.045036,-1.801447,-0.502925,-10.704247,0.274468,10.978715,6.709307,-2.593489,0.066500,2.659988,1.079203,-4.045487,0.103730,4.149217,3.156793,5.105012,-0.130898,-5.235909,-1.963577,7.249369,-0.185881,-7.435250,-3.297109,0.702677,-0.018017,-0.720694,-2.197852,-0.409619,0.010503,0.420122,0.038871,-0.901522,0.023116,0.924637,0.467713,0.000000,0.000000,0.000000,1.224150,0.729728,-1.013057,0.000000,0.000000,0.000000,0.000000,0.000000,0.000000,0.002681,0.000000,0.000000,207.181010,193.236405,1
1.406000,-0.084517,0.042414,0.278422,14.772821,-0.378790,-15.151611,-10.237530,0.335399,-0.008600,-0.343999,-0.521214,5.031568,-0.129015,-5.160582,-2.593760,1.756411,-0.045036,-1.801447,-0.942645,-10.704247,0.274468,10.978715,6.165569,-2.593489,0.066500,2.659988,1.339133,-4.045487,0.103730,4.149217,3.109596,5.105012,-0.130898,-5.235909,-2.223557,7.249369,-0.185881,-7.435250,-3.466089,0.702677,-0.018017,-0.720694,-1.897159,-0.409619,0.010503,0.420122,0.005919,-0.901522,0.023116,0.924637,0.297638,0.000000,0.000000,0.000000,10.181515,21.616215,-0.447752,0.000000,0.000000,0.000000,0.000000,0.000000,0.000000,0.002936,0.000000,0.000000,210.116919,196.172313,1
1.408000,-0.021976,0.004519,0.219169,2.295496,-0.058859,-2.354355,-1.765590,-0.006937,0.000178,0.007115,-0.390499,-3.434439,0.088063,3.522502,0.768920,0.620460,-0.015909,-0.636369,4.213610,-3.839881,0.098458,3.938340,5.619536,1.233090,-0.031618,-1.264708,-1.556076,-0.585556,0.015014,0.600570,0.260157,1.203844,-0.030868,-1.234711,-1.869487,6.216521,-0.159398,-6.375919,-6.452948,3.500782,-0.089764,-3.590546,-1.313640,-0.381108,0.009772,0.390880,0.638510,-3.277285,0.084033,3.361318,-2.701359,0.000000,0.000000,0.000000,10.334838,22.590812,6.664063,-11.048475,-19.329152,0.567226,0.000000,0.000000,0.000000,0.000913,0.000000,0.000000,210.299526,196.307863,1
1.418000,0.002738,-0.052497,0.279873,1.233157,-0.031619,-1.264776,-6.124244,0.377338,-0.009675,-0.387013,-0.270515,-1.651498,0.042346,1.693844,0.647493,-8.231032,0.211052,8.442085,8.144658,-12.601571,0.323117,12.924688,6.257506,5.364436,-0.137550,-5.501986,-2.951848,0.794420,-0.020370,-0.814790,-2.614060,2.005891,-0.051433,-2.057324,-1.071372,12.178808,-0.312277,-12.491085,-5.829344,3.758591,-0.096374,-3.854966,0.509886,1.195509,-0.030654,-1.226163,1.116436,-1.539940,0.039486,1.579426,-3.218337,0.000000,0.000000,0.000000,4.604694,16.050581,-0.375409,0.000000,0.000000,0.000000,0.000000,0.000000,0.000000,0.002604,0.000000,0.000000,212.903416,198.743400,1
1.420000,-0.021241,0.008874,0.246462,0.063328,-0.001624,-0.064952,-0.246453,-0.747836,0.019175,0.767012,3.105721,-1.716313,0.044008,1.760321,-3.321461,1.804699,-0.046274,-1.850973,-0.213237,0.570521,-0.014629,-0.585150,1.466248,0.466837,-0.011970,-0.478807,-2.481653,-0.051285,0.001315,0.052600,0.585903,-0.413390,0.010600,0.423990,-0.115448,-2.967524,0.076090,3.043614,2.252599,0.328860,-0.008432,-0.337292,0.277544,-1.615082,0.041412,1.656495,3.012876,-0.787395,0.020190,0.807584,-3.635592,4.934510,-7.374864,-0.366405,6.450028,23.808297,1.160943,-8.051164,-12.851187,3.003836,0.000000,0.000000,0.000000,0.000256,0.000000,0.000000,212.954700,198.755551,1
1.430000,-0.019311,0.008809,0.226471,1.003780,-0.025738,-1.029518,-0.815276,-0.656336,0.016829,0.673166,3.027041,-1.818650,0.046632,1.865282,-4.937856,-2.967193,0.076082,3.043275,1.726284,-2.913448,0.074704,2.988151,0.956360,4.204927,-0.107819,-4.312745,-2.127839,0.092207,-0.002364,-0.094571,0.424099,1.074186,-0.027543,-1.101729,-1.017963,3.635747,-0.093224,-3.728971,-1.722021,1.403281,-0.035982,-1.439262,0.106736,-0.985201,0.025262,1.010463,2.426441,-2.339542,0.059988,2.399530,-5.376914,0.000000,0.000000,0.000000,5.984516,16.073989,2.020076,-6.601382,-14.334881,3.378943,0.000000,0.000000,0.000000,0.000525,0.000000,0.000000,213.479362,198.834087,1
1.432000,-0.016488,0.020076,0.218898,-0.158993,0.004077,0.163070,-1.839126,-0.687550,0.017629,0.705179,3.700254,-2.084731,0.053455,2.138186,-5.948734,1.091414,-0.027985,-1.119399,0.344686,-0.841850,0.021586,0.863436,0.506884,0.470964,-0.012076,-0.483040,-0.753449,0.076426,-0.001960,-0.078385,0.949069,0.744013,-0.019077,-0.763091,-0.700418,3.484408,-0.089344,-3.573752,-1.777066,0.340851,-0.008740,-0.349590,-0.114334,-0.810599,0.020785,0.831384,0.185349,-3.015142,0.077311,3.092453,-3.078251,0.000000,0.000000,0.000000,3.364650,10.708233,1.915342,-5.902121,-15.851255,3.157335,0.000000,0.000000,0.000000,0.000335,0.000000,0.000000,213.546341,198.809069,1
1.442000,-0.018601,0.022192,0.214745,0.046134,-0.001183,-0.047317,-1.088133,-0.822571,0.021092,0.843663,2.650550,-2.020655,0.051812,2.072467,-4.117325,0.361910,-0.009280,-0.371189,-0.071994,-1.138988,0.029205,1.168193,0.408327,1.405519,-0.036039,-1.441558,-0.688815,0.303282,-0.007776,-0.311058,0.575003,0.687327,-0.017624,-0.704951,-0.580225,3.424334,-0.087803,-3.512137,-1.657253,0.589088,-0.015105,-0.604193,0.248852,-0.892600,0.022887,0.915487,0.437432,-3.123955,0.080101,3.204056,-2.965199,0.000000,0.000000,0.000000,3.424666,9.631457,1.944024,-4.700801,-10.366975,1.776797,0.000000,0.000000,0.000000,0.000288,0.000000,0.000000,213.834113,198.729584,1
1.444000,-0.022535,0.008632,0.223438,-0.403154,0.010337,0.413492,-0.219867,-0.705955,0.018101,0.724057,0.147560,-3.517782,0.090200,3.607981,0.183098,-2.093586,0.053682,2.147267,-0.219377,-0.666157,0.017081,0.683238,-0.026047,5.347332,-0.137111,-5.484443,-2.567815,1.935648,-0.049632,-1.985280,-0.499237,1.846381,-0.047343,-1.893725,-0.962856,7.863211,-0.201621,-8.064832,-3.617349,0.462893,-0.011869,-0.474762,0.557818,-1.854359,0.047548,1.901907,0.209613,-3.336366,0.085548,3.421914,-0.876890,0.000000,0.000000,0.000000,3.030113,4.764533,0.236780,-2.818419,-6.374540,0.020651,0.000000,0.000000,0.000000,0.000511,0.000000,0.000000,213.936278,198.816367,1
1.454000,-0.022492,0.007748,0.222337,-0.403154,0.010337,0.413492,-0.120209,-0.705955,0.018101,0.724057,0.515167,-3.517782,0.090200,3.607981,-0.341079,-2.093586,0.053682,2.147267,0.233610,-0.666157,0.017081,0.683238,0.037977,5.347332,-0.137111,-5.484443,-2.541541,1.935648,-0.049632,-1.985280,-0.746059,1.846381,-0.047343,-1.893725,-0.923641,7.863211,-0.201621,-8.064832,-3.731254,0.462893,-0.011869,-0.474762,0.624810,-1.854359,0.047548,1.901907,0.279742,-3.336366,0.085548,3.421914,-0.889560,0.000000,0.000000,0.000000,3.234828,5.569555,0.565472,-2.797431,-7.152289,0.278190,0.000000,0.000000,0.000000,0.000533,0.000000,0.000000,214.469425,199.257095,1
1.456000,-0.011519,0.015241,0.227972,-0.483687,0.012402,0.496090,-0.680618,-0.928786,0.023815,0.952601,0.851348,-1.277046,0.032745,1.309791,-0.998643,-0.201866,0.005176,0.207042,0.147065,-0.123851,0.003176,0.127026,0.003507,1.475170,-0.037825,-1.512995,-1.047572,0.364545,-0.009347,-0.373892,-0.032907,-0.033843,0.000868,0.034711,-0.112969,0.170194,-0.004364,-0.174557,-0.692658,0.049520,-0.001270,-0.050790,0.426817,-0.839817,0.021534,0.861351,-0.397318,-2.314543,0.059347,2.373891,-0.467225,0.000000,0.000000,0.000000,2.335440,3.469473,0.083883,-3.048970,-4.207808,0.195328,0.000000,0.000000,0.000000,0.000057,0.000000,0.000000,214.480790,199.255970,1
1.466000,-0.011173,0.015506,0.226681,-0.483687,0.012402,0.496090,-0.594167,-0.928786,0.023815,0.952601,0.941993,-1.277046,0.032745,1.309791,-0.968044,-0.201866,0.005176,0.207042,0.057198,-0.123851,0.003176,0.127026,0.019646,1.475170,-0.037825,-1.512995,-0.808566,0.364545,-0.009347,-0.373892,0.007932,-0.033843,0.000868,0.034711,-0.042663,0.170194,-0.004364,-0.174557,-0.354884,0.049520,-0.001270,-0.050790,0.543792,-0.839817,0.021534,0.861351,-0.203892,-2.314543,0.059347,2.373891,-0.684386,0.000000,0.000000,0.000000,2.582502,4.717247,0.538702,-3.162250,-4.485614,0.286510,0.000000,0.000000,0.000000,0.000056,0.000000,0.000000,214.536710,199.243990,1
1.468000,-0.009018,0.019525,0.235678,-0.479604,0.012298,0.491902,0.267199,0.360055,-0.009232,-0.369287,0.553928,-1.970343,0.050522,2.020865,-0.473988,-0.672443,0.017242,0.689685,-0.306403,0.018344,-0.000470,-0.018814,-0.064534,2.018289,-0.051751,-2.070040,-0.843507,0.108054,-0.002771,-0.110825,0.018843,1.436816,-0.036841,-1.473657,-0.596632,0.417505,-0.010705,-0.428210,-0.404662,-0.092599,0.002374,0.094974,0.315564,-0.168933,0.004332,0.173265,0.286568,-2.235640,0.057324,2.292964,-0.140784,0.000000,0.000000,0.000000,2.832711,5.058792,1.059113,-2.303614,-3.926890,0.059197,0.000000,0.000000,0.000000,0.000047,0.000000,0.000000,214.546129,199.246614,1
1.478000,-0.008289,0.018665,0.235013,-0.479604,0.012298,0.491902,0.317006,0.360055,-0.009232,-0.369287,0.616863,-1.970343,0.050522,2.020865,-0.624658,-0.672443,0.017242,0.689685,-0.100490,0.018344,-0.000470,-0.018814,-0.055526,2.018289,-0.051751,-2.070040,-0.871680,0.108054,-0.002771,-0.110825,0.052206,1.436816,-0.036841,-1.473657,-0.675754,0.417505,-0.010705,-0.428210,-0.226485,-0.092599,0.002374,0.094974,0.395797,-0.168933,0.004332,0.173265,0.290975,-2.235640,0.057324,2.292964,-0.244124,0.000000,0.000000,0.000000,3.063445,5.518588,1.195189,-2.665701,-4.524834,0.058001,0.000000,0.000000,0.000000,0.000053,0.000000,0.000000,214.598802,199.256786,1
1.488000,-0.012931,0.018092,0.243906,-0.584461,0.014986,0.599447,-0.347401,-0.236273,0.006058,0.242331,0.245362,-1.203556,0.030860,1.234416,0.369321,-0.400324,0.010265,0.410588,0.177417,-0.030207,0.000775,0.030981,0.003605,0.500420,-0.012831,-0.513251,-0.268560,0.058248,-0.001494,-0.059742,0.002837,0.582658,-0.014940,-0.597598,-0.212736,0.218614,-0.005605,-0.224219,-0.023747,-0.143651,0.003683,0.147335,0.506255,-0.461118,0.011824,0.472942,-0.243240,-1.452468,0.037243,1.489710,0.107116,0.000000,0.000000,0.000000,2.196093,3.947523,0.780372,-2.601647,-2.498759,-0.344988,0.000000,0.000000,0.000000,0.000014,0.000000,0.000000,214.612964,199.264479,1
1.498000,-0.013488,0.026424,0.237974,-0.751235,0.019262,0.770497,-0.065690,0.276255,-0.007083,-0.283339,0.263436,-1.366654,0.035042,1.401697,-0.239411,-1.357104,0.034798,1.391902,0.627645,-0.122693,0.003146,0.125839,-0.028476,2.471514,-0.063372,-2.534887,-1.084682,0.085089,-0.002182,-0.087271,0.117495,0.699821,-0.017944,-0.717765,-0.301143,0.347559,-0.008912,-0.356470,-0.019565,-0.317570,0.008143,0.325712,0.658998,-0.088815,0.002277,0.091092,0.008085,-1.448303,0.037136,1.485438,-0.650102,0.000000,0.000000,0.000000,2.732188,6.008279,1.195254,-2.920372,-4.126320,0.281714,0.000000,0.000000,0.000000,0.000055,0.000000,0.000000,214.667984,199.290692,1
1.508000,-0.012627,0.023377,0.238848,-0.458330,0.011752,0.470082,-0.105800,0.082613,-0.002118,-0.084731,0.539607,-0.924427,0.023703,0.948130,-0.621446,-0.914647,0.023452,0.938100,0.486973,0.256160,-0.006568,-0.262728,-0.143130,0.287504,-0.007372,-0.294875,-0.258176,0.065596,-0.001682,-0.067278,0.074957,0.394931,-0.010126,-0.405057,-0.175428,0.208537,-0.005347,-0.213884,-0.001055,-0.142580,0.003656,0.146236,0.576728,-0.092026,0.002360,0.094385,0.106993,-1.088444,0.027909,1.116353,-0.718155,0.000000,0.000000,0.000000,2.865686,6.205905,1.314277,-3.149949,-4.517187,0.242941,0.000000,0.000000,0.000000,0.000022,0.000000,0.000000,214.690261,199.283141,1
1.510000,-0.017850,0.022970,0.238365,-0.045059,0.001155,0.046214,-0.329371,0.206231,-0.005288,-0.211519,0.242993,-1.646091,0.042207,1.688299,-0.353831,-2.699912,0.069229,2.769141,1.341157,0.769141,-0.019722,-0.788862,-0.330498,0.714871,-0.018330,-0.733201,-0.297607,2.164672,-0.055504,-2.220177,-0.868007,0.862335,-0.022111,-0.884446,-0.341900,0.520646,-0.013350,-0.533996,-0.108298,0.463559,-0.011886,-0.475445,0.290133,-0.177775,0.004558,0.182333,-0.075401,-1.708129,0.043798,1.751927,-0.586836,0.000000,0.000000,0.000000,2.973592,5.838513,1.133815,-2.964766,-4.794384,0.519609,0.000000,0.000000,0.000000,0.000083,0.000000,0.000000,214.706909,199.292414,1
1.520000,-0.018093,0.023549,0.236943,-0.032253,0.000827,0.033080,-0.376684,0.226310,-0.005803,-0.232113,0.447451,-1.646845,0.042227,1.689072,-0.778932,-2.715595,0.069631,2.785225,1.544516,0.775060,-0.019873,-0.794933,-0.390358,0.717199,-0.018390,-0.735588,-0.234890,2.170974,-0.055666,-2.226640,-1.046944,0.861249,-0.022083,-0.883332,-0.391937,0.519125,-0.013311,-0.532436,-0.082213,0.474512,-0.012167,-0.486679,0.281135,-0.164383,0.004215,0.168598,0.044331,-1.695570,0.043476,1.739046,-0.940627,0.000000,0.000000,0.000000,3.213778,6.583198,1.360962,-3.356378,-5.606220,0.707896,0.000000,0.000000,0.000000,0.000107,0.000000,0.000000,214.814091,199.335503,1
1.530000,-0.004372,0.026523,0.242554,-0.004885,0.000125,0.005011,-0.106734,-0.070858,0.001817,0.072675,0.848505,-0.959908,0.024613,0.984521,-1.248572,-0.794835,0.020380,0.815215,0.456734,-0.037395,0.000959,0.038354,-0.070261,0.215863,-0.005535,-0.221398,-0.041337,0.620877,-0.015920,-0.636796,-0.041048,0.390466,-0.010012,-0.400478,-0.172871,0.190963,-0.004896,-0.195860,-0.012596,0.281601,-0.007221,-0.288821,0.044505,-0.418954,0.010742,0.429696,0.629454,-0.755266,0.019366,0.774632,-1.025634,0.000000,0.000000,0.000000,3.244516,7.263045,1.171435,-3.465505,-5.513323,0.717144,0.000000,0.000000,0.000000,0.000029,0.000000,0.000000,214.842603,199.323219,1
1.532000,-0.024079,0.014821,0.239503,-0.069160,0.001773,0.070934,0.012034,0.079014,-0.002026,-0.081040,0.367533,-1.516833,0.038893,1.555727,-0.866657,-2.537947,0.065076,2.603023,1.129564,0.655802,-0.016815,-0.672617,-0.293159,0.675803,-0.017328,-0.693132,-0.162248,0.117120,-0.003003,-0.120123,-0.150499,0.355952,-0.009127,-0.365079,-0.122125,0.333632,-0.008555,-0.342187,-0.007641,0.286136,-0.007337,-0.293473,0.232172,-0.216812,0.005559,0.222371,0.113375,-1.472290,0.037751,1.510041,-0.720453,0.000000,0.000000,0.000000,3.134595,5.727134,1.616243,-2.627160,-5.795069,0.438600,0.000000,0.000000,0.000000,0.000059,0.000000,0.000000,214.854354,199.324834,1
1.542000,-0.024993,0.014240,0.237641,-0.069160,0.001773,0.070934,0.041103,0.079014,-0.002026,-0.081040,0.543093,-1.516833,0.038893,1.555727,-1.238966,-2.537947,0.065076,2.603023,1.343994,0.655802,-0.016815,-0.672617,-0.336989,0.675803,-0.017328,-0.693132,-0.159132,0.117120,-0.003003,-0.120123,-0.047871,0.355952,-0.009127,-0.365079,-0.136629,0.333632,-0.008555,-0.342187,-0.010402,0.286136,-0.007337,-0.293473,0.306486,-0.216812,0.005559,0.222371,0.185101,-1.472290,0.037751,1.510041,-1.002287,0.000000,0.000000,0.000000,3.347316,6.236694,1.839334,-2.966258,-6.447250,0.433671,0.000000,0.000000,0.000000,0.000075,0.000000,0.000000,214.929490,199.328471,1
1.552000,-0.013752,0.020232,0.239105,-0.156001,0.004000,0.160001,-0.162671,-0.163328,0.004188,0.167516,0.977805,-0.808458,0.020730,0.829188,-1.571149,-0.153309,0.003931,0.157240,-0.000763,-0.055354,0.001419,0.056773,-0.017749,0.011341,-0.000291,-0.011632,0.005286,0.052800,-0.001354,-0.054154,0.155958,0.470393,-0.012061,-0.482454,-0.179919,0.190448,-0.004883,-0.195332,-0.001132,0.072990,-0.001872,-0.074862,0.212609,-0.492947,0.012640,0.505587,0.604405,-0.531967,0.013640,0.545607,-1.438385,0.000000,0.000000,0.000000,3.066394,7.045364,1.717317,-3.584511,-6.059473,0.634593,0.000000,0.000000,0.000000,0.000027,0.000000,0.000000,214.956446,199.312644,1
1.562000,-0.013719,0.024705,0.236327,0.167488,-0.004295,-0.171782,-0.204461,-0.198044,0.005078,0.203122,0.918432,-1.067301,0.027367,1.094668,-1.657500,-0.136322,0.003495,0.139817,-0.075398,0.058761,-0.001507,-0.060268,-0.057759,0.162181,-0.004158,-0.166339,-0.005053,0.504913,-0.012946,-0.517859,0.020432,0.506233,-0.012980,-0.519213,-0.223605,0.225941,-0.005793,-0.231735,-0.000212,0.431635,-0.011068,-0.442703,0.067529,-0.585699,0.015018,0.600717,0.615307,-0.769285,0.019725,0.789010,-1.498826,0.000000,0.000000,0.000000,3.329040,7.236506,1.397488,-3.667423,-6.438700,0.962945,0.000000,0.000000,0.000000,0.000038,0.000000,0.000000,214.994044,199.289281,1
1.564000,-0.005654,0.021105,0.242631,0.176536,-0.004527,-0.181062,-0.118366,-0.211234,0.005416,0.216650,1.022086,-0.914015,0.023436,0.937452,-1.547665,-0.703333,0.018034,0.721367,-0.014861,0.160495,-0.004115,-0.164610,-0.094019,0.210736,-0.005403,-0.216139,-0.013471,0.335084,-0.008592,-0.343676,0.044199,0.178208,-0.004569,-0.182777,-0.068253,0.102847,-0.002637,-0.105484,0.025312,0.417532,-0.010706,-0.428238,0.090440,-0.505529,0.012962,0.518492,0.627188,-0.748002,0.019180,0.767182,-1.152860,0.000000,0.000000,0.000000,3.274069,7.047539,1.251855,-3.446289,-6.071274,0.910989,0.000000,0.000000,0.000000,0.000030,0.000000,0.000000,215.000047,199.285674,1
1.574000,-0.005087,0.021427,0.240202,0.176536,-0.004527,-0.181062,-0.143834,-0.211234,0.005416,0.216650,1.174154,-0.914015,0.023436,0.937452,-1.823619,-0.703333,0.018034,0.721367,-0.002538,0.160495,-0.004115,-0.164610,-0.114902,0.210736,-0.005403,-0.216139,-0.011736,0.335084,-0.008592,-0.343676,0.054890,0.178208,-0.004569,-0.182777,-0.083269,0.102847,-0.002637,-0.105484,0.015920,0.417532,-0.010706,-0.428238,0.125458,-0.505529,0.012962,0.518492,0.686008,-0.748002,0.019180,0.767182,-1.367892,0.000000,0.000000,0.000000,3.455919,7.440822,1.315607,-3.674535,-6.480669,0.997841,0.000000,0.000000,0.000000,0.000035,0.000000,0.000000,215.035126,199.264051,1
1.584000,-0.013787,0.021379,0.238901,0.424141,-0.010875,-0.435016,-0.344333,-0.374221,0.009595,0.383816,0.996402,-0.667243,0.017109,0.684352,-1.789424,-0.655459,0.016807,0.672266,-0.017589,0.204125,-0.005234,-0.209359,-0.155317,0.258197,-0.006620,-0.264817,-0.030076,0.223494,-0.005731,-0.229225,0.134590,-0.033144,0.000850,0.033994,0.000682,-0.121642,0.003119,0.124761,0.071349,0.647908,-0.016613,-0.664521,0.032399,-0.474336,0.012162,0.486498,0.470107,-0.790858,0.020278,0.811137,-1.349361,0.000000,0.000000,0.000000,3.393769,6.909649,1.363423,-3.406789,-6.277008,0.953244,0.000000,0.000000,0.000000,0.000032,0.000000,0.000000,215.067062,199.248321,1
1.594000,-0.011428,0.022411,0.234399,0.149006,-0.003821,-0.152826,-0.290957,-0.237373,0.006086,0.243460,1.210228,-0.401784,0.010302,0.412086,-2.194465,-0.267081,0.006848,0.273929,-0.022838,0.090884,-0.002330,-0.093214,-0.106550,0.101843,-0.002611,-0.104454,-0.005031,0.157200,-0.004031,-0.161231,0.221048,-0.018574,0.000476,0.019050,-0.010908,-0.143929,0.003690,0.147619,0.072440,0.321926,-0.008255,-0.330180,0.154578,-0.285482,0.007320,0.292802,0.526775,-0.543587,0.013938,0.557525,-1.636564,0.000000,0.000000,0.000000,3.397937,7.424418,1.548636,-3.746802,-6.489804,0.898189,0.000000,0.000000,0.000000,0.000024,0.000000,0.000000,215.091306,199.234367,1
1.596000,-0.010746,0.025402,0.237036,0.079658,-0.002043,-0.081700,-0.096657,-0.055570,0.001425,0.056995,0.941621,-0.490856,0.012586,0.503442,-2.013558,-1.155716,0.029634,1.185350,0.044235,0.296654,-0.007607,-0.304260,-0.129564,0.383715,-0.009839,-0.393554,-0.019862,0.496626,-0.012734,-0.509360,0.159711,-0.022431,0.000575,0.023006,-0.028131,-0.331320,0.008495,0.339815,0.526008,0.245736,-0.006301,-0.252036,0.178860,0.003091,-0.000079,-0.003171,0.347810,-0.823312,0.021111,0.844422,-1.342244,0.000000,0.000000,0.000000,3.402286,7.314369,1.293437,-3.529149,-6.270134,0.981654,0.000000,0.000000,0.000000,0.000026,0.000000,0.000000,215.096536,199.230497,1
1.606000,-0.006886,0.023881,0.237634,0.408998,-0.010487,-0.419485,-0.082285,-0.290916,0.007459,0.298375,0.982337,-0.857105,0.021977,0.879082,-2.057358,-1.018125,0.026106,1.044231,0.173026,0.255794,-0.006559,-0.262353,-0.157962,0.345918,-0.008870,-0.354787,-0.019545,0.407238,-0.010442,-0.417680,0.022047,-0.019295,0.000495,0.019790,-0.016757,-0.838818,0.021508,0.860326,0.446309,0.649528,-0.016655,-0.666183,-0.207892,-0.422522,0.010834,0.433356,0.597823,-0.951753,0.024404,0.976157,-1.294562,0.000000,0.000000,0.000000,3.474274,7.548287,1.406342,-3.588058,-6.593958,1.149175,0.000000,0.000000,0.000000,0.000044,0.000000,0.000000,215.140737,199.213060,1
1.616000,-0.017551,0.024863,0.229304,0.124498,-0.003192,-0.127690,-0.223294,-0.181118,0.004644,0.185762,1.061871,-0.562331,0.014419,0.576750,-2.250343,-1.134563,0.029091,1.163655,0.264302,0.269273,-0.006904,-0.276177,-0.173065,0.385060,-0.009873,-0.394933,-0.028949,0.444699,-0.011403,-0.456102,0.024458,-0.023838,0.000611,0.024449,-0.027946,-0.618220,0.015852,0.634072,0.374878,0.314004,-0.008051,-0.322056,0.373326,-0.120806,0.003098,0.123904,0.266962,-0.904829,0.023201,0.928030,-1.672534,0.000000,0.000000,0.000000,3.517153,7.304531,1.431395,-3.702339,-6.735852,0.985245,0.000000,0.000000,0.000000,0.000038,0.000000,0.000000,215.179191,199.191873,1
1.618000,-0.010528,0.025180,0.233593,0.448463,-0.011499,-0.459962,-0.353057,0.146618,-0.003759,-0.150377,1.019326,-1.255679,0.032197,1.287876,-2.102195,-0.368815,0.009457,0.378271,-0.039655,0.309011,-0.007923,-0.316934,-0.189855,0.290807,-0.007457,-0.298263,-0.014458,-0.333657,0.008555,0.342213,0.408218,-0.034968,0.000897,0.035865,-0.048032,-0.211499,0.005423,0.216922,0.322282,0.301133,-0.007721,-0.308854,0.172449,0.495111,-0.012695,-0.507806,0.125875,-1.764186,0.045236,1.809421,-1.253185,0.000000,0.000000,0.000000,3.577267,7.650948,1.456655,-3.744102,-7.008982,1.231778,0.000000,0.000000,0.000000,0.000057,0.000000,0.000000,215.190588,199.182221,1
1.628000,-0.010562,0.025697,0.230694,0.448463,-0.011499,-0.459962,-0.386076,0.146618,-0.003759,-0.150377,1.100451,-1.255679,0.032197,1.287876,-2.238965,-0.368815,0.009457,0.378271,-0.025967,0.309011,-0.007923,-0.316934,-0.211800,0.290807,-0.007457,-0.298263,-0.013952,-0.333657,0.008555,0.342213,0.544145,-0.034968,0.000897,0.035865,-0.040591,-0.211499,0.005423,0.216922,0.198977,0.301133,-0.007721,-0.308854,0.246643,0.495111,-0.012695,-0.507806,0.114814,-1.764186,0.045236,1.809421,-1.376339,0.000000,0.000000,0.000000,3.674194,7.823994,1.474239,-3.860721,-7.161007,1.262322,0.000000,0.000000,0.000000,0.000062,0.000000,0.000000,215.252222,199.130153,1
1.630000,-0.021608,0.013698,0.232878,0.845152,-0.021671,-0.866823,-0.418470,0.489226,-0.012544,-0.501770,0.600237,-2.912847,0.074688,2.987536,-1.361180,0.628440,-0.016114,-0.644554,-0.864335,0.282193,-0.007236,-0.289429,-0.158684,0.038672,-0.000992,-0.039663,0.058118,-1.125133,0.028850,1.153983,1.612569,0.011934,-0.000306,-0.012240,-0.035230,0.090882,-0.002330,-0.093212,0.365190,0.052670,-0.001351,-0.054021,0.599990,1.321418,-0.033883,-1.355300,-0.621454,-3.579930,0.091793,3.671723,-0.510596,0.000000,0.000000,0.000000,3.346824,5.848486,1.488401,-3.629963,-7.275111,1.056742,-0.002559,0.001257,0.001001,0.000100,0.000000,0.000000,215.272183,199.124869,1
1.640000,-0.022422,0.013357,0.230650,0.845152,-0.021671,-0.866823,-0.529188,0.489226,-0.012544,-0.501770,0.693267,-2.912847,0.074688,2.987536,-1.442296,0.628440,-0.016114,-0.644554,-0.950643,0.282193,-0.007236,-0.289429,-0.167491,0.038672,-0.000992,-0.039663,0.034484,-1.125133,0.028850,1.153983,1.568078,0.011934,-0.000306,-0.012240,-0.039587,0.090882,-0.002330,-0.093212,0.194976,0.052670,-0.001351,-0.054021,0.618799,1.321418,-0.033883,-1.355300,-0.633001,-3.579930,0.091793,3.671723,-0.570588,0.000600,-0.001047,-0.000092,3.529827,6.316512,1.697750,-3.732271,-7.418940,1.038320,-0.274880,0.138378,0.106547,0.000106,0.000000,0.000000,215.378110,199.094699,1
1.642000,-0.003607,0.027626,0.234935,1.093292,-0.028033,-1.121325,-0.540318,0.361381,-0.009266,-0.370647,0.739327,-2.960437,0.075909,3.036346,-1.257956,0.789932,-0.020255,-0.810187,-0.938257,0.348107,-0.008926,-0.357033,-0.191476,-0.499100,0.012797,0.511897,0.220492,-1.043911,0.026767,1.070678,1.535315,0.030401,-0.000780,-0.031180,-0.039992,0.091537,-0.002347,-0.093884,0.196103,0.262980,-0.006743,-0.269723,0.169630,0.925639,-0.023734,-0.949373,-0.213372,-3.066670,0.078633,3.145302,-0.415337,0.479418,-0.757903,0.018047,3.430321,6.670844,0.702755,-3.807687,-6.891027,1.345827,0.000000,0.000000,0.000000,0.000089,0.000000,0.000000,215.395828,199.090561,1
1.652000,-0.003032,0.028433,0.232900,1.093292,-0.028033,-1.121325,-0.657008,0.361381,-0.009266,-0.370647,0.862238,-2.960437,0.075909,3.036346,-1.356754,0.789932,-0.020255,-0.810187,-0.939054,0.348107,-0.008926,-0.357033,-0.259622,-0.499100,0.012797,0.511897,0.115087,-1.043911,0.026767,1.070678,1.477430,0.030401,-0.000780,-0.031180,-0.033025,0.091537,-0.002347,-0.093884,0.107342,0.262980,-0.006743,-0.269723,0.140048,0.925639,-0.023734,-0.949373,-0.120771,-3.066670,0.078633,3.145302,-0.555980,0.799000,-1.755709,-0.249765,3.742355,7.962908,1.099860,-4.047102,-7.023553,1.307534,0.000000,0.000000,0.000000,0.000096,0.000000,0.000000,215.491652,199.061670,1
1.656000,-0.000314,0.032646,0.230185,0.343086,-0.008797,-0.351883,-0.345484,1.062312,-0.027239,-1.089551,0.725634,-2.561165,0.065671,2.626835,-0.829828,1.065242,-0.027314,-1.092556,-1.011891,0.485230,-0.012442,-0.497671,-0.451481,-0.789105,0.020233,0.809339,0.176506,-0.963786,0.024712,0.988499,1.266287,0.024201,-0.000621,-0.024822,-0.085692,-0.198884,0.005100,0.203983,0.314290,-0.511289,0.013110,0.524399,0.839329,2.163351,-0.055471,-2.218822,-0.119884,-3.625518,0.092962,3.718480,-0.878093,4.504066,-6.373884,0.107050,3.366582,8.927326,1.746321,-3.954936,-5.533887,0.709466,0.000000,0.000000,0.000000,0.000099,0.000000,0.000000,215.531069,199.051203,1
1.666000,0.001074,0.033588,0.228080,0.386027,-0.009898,-0.395925,-0.679247,1.023171,-0.026235,-1.049406,0.853079,-2.589401,0.066395,2.655796,-0.969544,1.058703,-0.027146,-1.085849,-0.826969,0.480281,-0.012315,-0.492595,-0.009249,-0.794369,0.020368,0.814737,-1.083528,-0.963371,0.024702,0.988073,1.174229,0.024292,-0.000623,-0.024915,-0.041349,-0.213810,0.005482,0.219293,0.182719,-0.472235,0.012109,0.484344,0.615359,2.108192,-0.054056,-2.162248,-0.250636,-3.619126,0.092798,3.711924,-0.786883,3.153918,-6.769891,-1.234544,2.926039,8.498455,1.863862,-4.366867,-5.471826,0.461734,-0.016800,0.010549,0.006525,0.000105,0.000000,0.000000,215.635935,199.010593,1
1.672000,-0.020554,0.022145,0.224707,-0.005044,0.000129,0.005173,-0.389183,1.009527,-0.025885,-1.035412,0.405799,-2.127340,0.054547,2.181887,-0.977386,0.825143,-0.021158,-0.846301,-0.648435,1.349237,-0.034596,-1.383833,-0.473049,-2.561531,0.065680,2.627211,-0.764403,-1.042220,0.026724,1.068944,1.132632,0.004404,-0.000113,-0.004517,-0.031476,0.050283,-0.001289,-0.051572,0.180426,-0.913552,0.023424,0.936977,1.131901,2.819702,-0.072300,-2.892002,-1.372858,-4.358206,0.111749,4.469955,0.106443,3.997102,-8.473335,-1.384780,2.495691,6.852643,2.221018,-3.955370,-4.905826,-0.222523,-0.552310,0.281081,0.185478,0.000125,0.000000,0.000000,215.710894,199.030685,1
1.682000,-0.021406,0.021943,0.223164,-0.005044,0.000129,0.005173,-0.598803,1.009527,-0.025885,-1.035412,0.520989,-2.127340,0.054547,2.181887,-0.956103,0.825143,-0.021158,-0.846301,-0.728502,1.349237,-0.034596,-1.383833,-0.271540,-2.561531,0.065680,2.627211,-1.474636,-1.042220,0.026724,1.068944,0.997315,0.004404,-0.000113,-0.004517,-0.026906,0.050283,-0.001289,-0.051572,0.080380,-0.913552,0.023424,0.936977,0.974191,2.819702,-0.072300,-2.892002,-1.209275,-4.358206,0.111749,4.469955,-0.050360,3.417466,-8.239220,-1.769840,2.497551,7.327542,2.538509,-3.793545,-4.603300,-0.297338,-0.926074,0.916687,0.061994,0.000132,0.000000,0.000000,215.842900,199.028049,1
1.688000,0.000045,0.024390,0.232482,0.549291,-0.014084,-0.563376,-0.943593,0.954791,-0.024482,-0.979273,0.816988,-2.650516,0.067962,2.718478,-0.795314,1.331120,-0.034131,-1.365251,-1.058513,0.598219,-0.015339,-0.613558,0.209908,-1.790007,0.045898,1.835905,-1.342294,-1.057154,0.027107,1.084261,1.221761,0.024035,-0.000616,-0.024652,-0.017339,0.085395,-0.002190,-0.087584,0.060906,-0.365272,0.009366,0.374638,0.420780,2.253456,-0.057781,-2.311237,-0.533408,-3.989201,0.102287,4.091488,-0.185617,2.703918,-6.872630,-1.256991,2.868330,7.777594,2.011352,-4.230742,-4.873212,-0.073117,-0.000813,0.000648,0.000282,0.000110,0.000000,0.000000,215.908974,199.018283,1
1.698000,-0.003324,0.025970,0.229310,0.520894,-0.013356,-0.534250,-1.163335,1.058488,-0.027141,-1.085629,0.797010,-2.615219,0.067057,2.682276,-0.652985,1.303350,-0.033419,-1.336769,-1.310715,0.731702,-0.018762,-0.750463,0.160360,-1.792984,0.045974,1.838958,-1.511833,-1.031182,0.026441,1.057623,1.137280,0.026820,-0.000688,-0.027508,-0.018048,0.094611,-0.002426,-0.097037,0.031674,-0.403918,0.010357,0.414275,0.331826,2.362344,-0.060573,-2.422917,-0.575789,-3.958510,0.101500,4.060011,-0.194468,2.259454,-5.968381,-1.218175,2.786833,7.852579,2.135520,-3.900145,-4.461246,-0.119439,-0.681881,0.561422,0.223767,0.000114,0.000000,0.000000,216.023168,199.006279,1
1.704000,-0.019446,0.026746,0.226109,0.461243,-0.011827,-0.473070,-0.973688,1.030828,-0.026431,-1.057260,0.407645,-2.622572,0.067245,2.689818,-0.180731,1.070046,-0.027437,-1.097483,-1.092392,1.203833,-0.030868,-1.234701,-0.195196,-2.645302,0.067828,2.713130,-1.174070,-1.017322,0.026085,1.043407,0.771124,0.017150,-0.000440,-0.017590,-0.013093,0.035247,-0.000904,-0.036150,0.026048,-0.435040,0.011155,0.446195,0.523396,2.444551,-0.062681,-2.507232,-0.749242,-4.185765,0.107327,4.293092,-0.143421,2.179103,-6.066880,-1.511090,2.591278,7.433723,2.261746,-3.266916,-3.815505,-0.255590,-0.687409,0.631830,0.126613,0.000095,0.000000,0.000000,216.080387,199.006868,1
1.714000,-0.020554,0.026440,0.224969,0.459412,-0.011780,-0.471192,-1.066992,1.035167,-0.026543,-1.061709,0.479249,-2.620158,0.067184,2.687342,-0.233964,1.068123,-0.027388,-1.095511,-1.201217,1.210875,-0.031048,-1.241923,-0.259833,-2.647720,0.067890,2.715610,-1.076815,-1.013088,0.025977,1.039064,0.767027,0.017193,-0.000441,-0.017634,-0.009927,0.035314,-0.000905,-0.036219,0.012370,-0.436665,0.011197,0.447861,0.466522,2.449379,-0.062805,-2.512183,-0.734970,-4.185052,0.107309,4.292361,-0.186161,2.122756,-5.834732,-1.448051,2.609338,7.526238,2.330431,-3.243215,-3.981188,-0.170420,-1.269815,1.316057,0.143966,0.000099,0.000000,0.000000,216.178939,199.008194,1
1.720000,-0.007786,0.024348,0.229363,0.691225,-0.017724,-0.708949,-1.286490,0.960366,-0.024625,-0.984991,0.737546,-2.853016,0.073154,2.926171,-0.249757,1.285347,-0.032958,-1.318305,-1.462010,0.925734,-0.023737,-0.949471,-0.026619,-2.468213,0.063288,2.531500,-1.088736,-1.163792,0.029841,1.193632,1.086808,0.042846,-0.001099,-0.043944,-0.015110,-0.013909,0.000357,0.014265,0.020077,-0.235945,0.006050,0.241995,0.330172,2.210470,-0.056679,-2.267148,-0.650859,-4.081216,0.104647,4.185862,-0.046954,2.011300,-5.533746,-1.242362,2.630066,7.411723,2.242788,-3.420503,-4.098446,-0.093178,-0.867742,0.782009,0.203766,0.000101,0.000000,0.000000,216.239709,199.016045,1
1.730000,-0.008324,0.023901,0.228180,0.691632,-0.017734,-0.709366,-1.332782,0.959219,-0.024595,-0.983815,0.793486,-2.853642,0.073170,2.926812,-0.260390,1.285759,-0.032968,-1.318727,-1.523351,0.924330,-0.023701,-0.948031,-0.086939,-2.468287,0.063289,2.531577,-0.963653,-1.164135,0.029850,1.193985,1.030214,0.042573,-0.001092,-0.043665,-0.011322,-0.014812,0.000380,0.015192,0.007472,-0.235657,0.006042,0.241699,0.323097,2.209400,-0.056651,-2.266051,-0.618558,-4.081685,0.104659,4.186343,-0.116072,1.993520,-5.350684,-1.174915,2.687158,7.505405,2.278131,-3.346417,-4.214059,0.001207,-1.705756,1.755661,0.294390,0.000102,0.000000,0.000000,216.341864,199.028834,1
1.738000,-0.030166,0.022606,0.220296,0.715329,-0.018342,-0.733671,-0.733759,0.925744,-0.023737,-0.949481,0.009302,-2.949987,0.075641,3.025627,-0.349906,1.254692,-0.032172,-1.286864,-0.816939,0.963279,-0.024699,-0.987979,-0.639538,-2.667196,0.068390,2.735586,-0.776059,-1.024452,0.026268,1.050720,0.441644,0.159139,-0.004080,-0.163220,0.265593,-0.560297,0.014367,0.574664,-1.064775,-0.214074,0.005489,0.219563,0.388717,2.114882,-0.054228,-2.169109,-1.030308,-4.052371,0.103907,4.156277,-0.003231,2.416473,-5.642571,-1.057171,2.551603,5.290163,1.367407,-2.523145,-4.805729,0.658543,-2.380794,4.912283,-0.785511,0.000089,0.000000,0.000000,216.412783,199.038007,1
1.748000,-0.031819,0.022156,0.219333,0.715329,-0.018342,-0.733671,-0.738684,0.925744,-0.023737,-0.949481,0.008680,-2.949987,0.075641,3.025627,-0.401596,1.254692,-0.032172,-1.286864,-0.826717,0.963279,-0.024699,-0.987979,-0.700391,-2.667196,0.068390,2.735586,-0.740921,-1.024452,0.026268,1.050720,0.456931,0.159139,-0.004080,-0.163220,0.228433,-0.560297,0.014367,0.574664,-1.075963,-0.214074,0.005489,0.219563,0.393082,2.114882,-0.054228,-2.169109,-1.060850,-4.052371,0.103907,4.156277,-0.024649,2.412571,-5.601055,-1.040083,2.522178,5.254303,1.397861,-2.525876,-4.916895,0.693542,-2.386409,4.855234,-0.764059,0.000092,0.000000,0.000000,216.504518,199.049577,1
1.756000,-0.020716,0.015884,0.234644,1.467682,-0.037633,-1.505314,-0.259127,-0.218868,0.005612,0.224480,-0.192229,-3.876301,0.099392,3.975694,2.184013,1.300912,-0.033357,-1.334269,0.592182,1.418254,-0.036365,-1.454619,-0.428088,-5.241855,0.134407,5.376261,1.947604,0.313002,-0.008026,-0.321028,0.641452,0.943225,-0.024185,-0.967411,0.368876,-6.752861,0.173150,6.926011,0.648992,-0.028364,0.000727,0.029091,0.785172,0.686179,-0.017594,-0.703773,0.581112,-3.393393,0.087010,3.480403,0.933377,2.732407,-3.915997,0.093511,0.011427,-0.000364,-0.008902,0.052353,-0.698232,0.397482,-2.106508,7.805244,-2.568723,0.000297,0.000000,0.000000,216.742421,199.258600,1
1.766000,-0.020957,0.015933,0.236086,1.467682,-0.037633,-1.505314,-0.551422,-0.218868,0.005612,0.224480,-0.128752,-3.876301,0.099392,3.975694,1.856272,1.300912,-0.033357,-1.334269,0.287632,1.418254,-0.036365,-1.454619,-0.363976,-5.241855,0.134407,5.376261,1.487204,0.313002,-0.008026,-0.321028,0.236157,0.943225,-0.024185,-0.967411,0.131046,-6.752861,0.173150,6.926011,0.609510,-0.028364,0.000727,0.029091,0.249705,0.686179,-0.017594,-0.703773,0.056632,-3.393393,0.087010,3.480403,1.404785,2.828128,-4.785076,-0.269324,0.037607,-0.001273,-0.029107,0.022948,-0.938992,0.507254,-2.239629,7.847975,-2.467893,0.000265,0.000000,0.000000,217.007503,199.510579,1
1.776000,-0.017021,0.020068,0.265870,4.227751,-0.108404,-4.336155,-5.270522,-2.231173,0.057210,2.288382,1.167089,7.283532,-0.186757,-7.470289,-4.428003,-0.227505,0.005833,0.233338,0.296651,1.513084,-0.038797,-1.551881,-0.673878,-4.190938,0.107460,4.298398,0.985465,-0.716847,0.018381,0.735227,0.250886,1.122667,-0.028786,-1.151454,-0.874790,-4.780506,0.122577,4.903084,1.551146,-0.893310,0.022905,0.916215,2.041971,0.558656,-0.014325,-0.572981,0.029005,0.482904,-0.012382,-0.495286,-0.917176,2.166766,-4.398983,-0.599187,0.000000,0.000000,0.000000,0.000000,0.000000,0.000000,-2.041259,4.505338,-0.622217,0.000751,0.000000,0.000000,217.758431,200.261175,1
1.786000,-0.016916,0.019728,0.267234,4.227751,-0.108404,-4.336155,-4.982062,-2.231173,0.057210,2.288382,0.996641,7.283532,-0.186757,-7.470289,-3.927287,-0.227505,0.005833,0.233338,0.327991,1.513084,-0.038797,-1.551881,-0.436934,-4.190938,0.107460,4.298398,0.620195,-0.716847,0.018381,0.735227,0.234166,1.122667,-0.028786,-1.151454,-0.635568,-4.780506,0.122577,4.903084,1.087150,-0.893310,0.022905,0.916215,1.597756,0.558656,-0.014325,-0.572981,-0.111011,0.482904,-0.012382,-0.495286,-0.494535,2.676393,-5.720994,-0.861819,0.000000,0.000000,0.000000,0.000000,0.000000,0.000000,-2.461883,5.926883,-0.932633,0.000646,0.000000,0.000000,218.404920,200.907664,1
1.792000,-0.008904,0.009750,0.284394,-4.782906,0.122639,4.905545,3.722854,1.603537,-0.041116,-1.644653,-0.822944,-9.788843,0.250996,10.039839,4.806527,3.004361,-0.077035,-3.081396,-1.198993,1.081148,-0.027722,-1.108869,-0.122584,-1.837670,0.047120,1.884790,0.668007,2.616427,-0.067088,-2.683515,-1.708544,0.349460,-0.008961,-0.358421,-0.060837,-1.223613,0.031375,1.254988,0.572988,1.027513,-0.026346,-1.053859,-1.888798,0.931801,-0.023892,-0.955693,-0.447508,1.223376,-0.031369,-1.254744,-0.120513,1.718408,-0.430000,0.862644,0.000000,0.000000,0.000000,0.000000,0.000000,0.000000,0.080316,0.257187,-0.173229,0.000809,0.000000,0.000000,218.890066,201.392810,1
1.802000,-0.008251,0.009122,0.283320,-4.782906,0.122639,4.905545,3.890290,1.603537,-0.041116,-1.644653,-0.767874,-9.788843,0.250996,10.039839,4.872878,3.004361,-0.077035,-3.081396,-1.336680,1.081148,-0.027722,-1.108869,-0.131197,-1.837670,0.047120,1.884790,0.672256,2.616427,-0.067088,-2.683515,-1.937189,0.349460,-0.008961,-0.358421,-0.038421,-1.223613,0.031375,1.254988,0.543886,1.027513,-0.026346,-1.053859,-1.674422,0.931801,-0.023892,-0.955693,-0.403301,1.223376,-0.031369,-1.254744,-0.301779,2.282642,-0.540141,1.182642,0.000000,0.000000,0.000000,0.000000,0.000000,0.000000,0.114075,0.408682,-0.276351,0.000832,0.000000,0.000000,219.722312,202.225057,1
1.808000,-0.015971,0.018748,0.240665,1.757072,-0.045053,-1.802126,-0.504783,-0.128061,0.003284,0.131344,-0.110220,2.439868,-0.062561,-2.502429,-0.298578,0.482144,-0.012363,-0.494507,0.183983,0.356184,-0.009133,-0.365316,0.807454,-1.672962,0.042896,1.715858,-1.603121,0.073594,-0.001887,-0.075481,-0.256063,0.345171,-0.008851,-0.354022,0.234796,-2.439472,0.062551,2.502023,-1.235998,-1.434359,0.036778,1.471138,0.017810,0.058173,-0.001492,-0.059664,-0.131305,1.813518,-0.046500,-1.860019,-0.157634,3.596145,-7.256975,-1.035998,0.000000,0.000000,0.000000,0.000000,0.000000,0.000000,-3.033597,8.590038,-1.707379,0.000083,0.000000,0.000000,219.772294,202.199117,1
1.818000,-0.012106,0.017337,0.238289,1.462487,-0.037500,-1.499986,-0.653347,-0.093633,0.002401,0.096034,-0.056342,1.472399,-0.037754,-1.510152,-0.501734,0.288912,-0.007408,-0.296320,0.276167,0.089961,-0.002307,-0.092268,1.076844,-1.685308,0.043213,1.728521,-1.776542,-0.025830,0.000662,0.026492,-0.369530,-0.032857,0.000842,0.033699,0.347839,-2.109869,0.054099,2.163969,-1.458390,-1.045575,0.026810,1.072385,0.005667,0.199143,-0.005106,-0.204249,-0.196161,1.517500,-0.038910,-1.556410,-0.525235,3.676788,-7.340479,-1.313314,0.000000,0.000000,0.000000,0.000000,0.000000,0.000000,-3.130472,8.468564,-1.528546,0.000090,0.000000,0.000000,219.862655,202.161016,1
1.824000,-0.014780,0.017755,0.237155,1.647150,-0.042235,-1.689384,-0.543069,-0.107923,0.002767,0.110690,-0.066296,2.694154,-0.069081,-2.763235,-0.767128,0.430671,-0.011043,-0.441714,0.193782,0.243407,-0.006241,-0.249648,0.980622,-1.578101,0.040464,1.618565,-1.860214,0.022036,-0.000565,-0.022601,-0.406200,0.212289,-0.005443,-0.217732,0.196667,-2.283758,0.058558,2.342316,-1.389900,-1.350778,0.034635,1.385413,0.052596,0.021928,-0.000562,-0.022491,-0.078688,1.729442,-0.044345,-1.773787,-0.385655,3.582249,-7.467319,-1.167927,0.000000,0.000000,0.000000,0.000000,0.000000,0.000000,-3.027652,8.446668,-1.592818,0.000105,0.000000,0.000000,219.925368,202.143964,1
1.834000,-0.015056,0.017588,0.234483,1.647150,-0.042235,-1.689384,-0.638561,-0.107923,0.002767,0.110690,-0.057826,2.694154,-0.069081,-2.763235,-1.008710,0.430671,-0.011043,-0.441714,0.207000,0.243407,-0.006241,-0.249648,1.056328,-1.578101,0.040464,1.618565,-2.031348,0.022036,-0.000565,-0.022601,-0.481416,0.212289,-0.005443,-0.217732,0.160741,-2.283758,0.058558,2.342316,-1.505974,-1.350778,0.034635,1.385413,0.118153,0.021928,-0.000562,-0.022491,-0.064060,1.729442,-0.044345,-1.773787,-0.544389,3.664219,-7.646221,-1.213041,0.000000,0.000000,0.000000,0.000000,0.000000,0.000000,-3.089410,8.495117,-1.577738,0.000122,0.000000,0.000000,220.047564,202.121923,1
1.838000,-0.015924,0.019733,0.234580,1.680983,-0.043102,-1.724085,-0.557222,-0.092213,0.002364,0.094577,-0.060819,3.085124,-0.079106,-3.164230,-0.982888,0.365893,-0.009382,-0.375275,0.199995,0.162224,-0.004160,-0.166383,1.064491,-1.589312,0.040752,1.630064,-2.006405,-0.022150,0.000568,0.022718,-0.481055,0.112654,-0.002889,-0.115542,0.194076,-2.223542,0.057014,2.280556,-1.501809,-1.392723,0.035711,1.428434,0.079760,-0.029779,0.000764,0.030543,-0.042015,1.957627,-0.050196,-2.007823,-0.499907,3.603780,-7.659654,-1.200208,0.000000,0.000000,0.000000,0.000000,0.000000,0.000000,-3.119341,8.407211,-1.557095,0.000122,0.000000,0.000000,220.096270,202.114724,1
1.848000,-0.016303,0.019633,0.231698,1.680983,-0.043102,-1.724085,-0.647410,-0.092213,0.002364,0.094577,-0.054347,3.085124,-0.079106,-3.164230,-1.212520,0.365893,-0.009382,-0.375275,0.229233,0.162224,-0.004160,-0.166383,1.131384,-1.589312,0.040752,1.630064,-2.145983,-0.022150,0.000568,0.022718,-0.544174,0.112654,-0.002889,-0.115542,0.159964,-2.223542,0.057014,2.280556,-1.612601,-1.392723,0.035711,1.428434,0.157510,-0.029779,0.000764,0.030543,-0.037696,1.957627,-0.050196,-2.007823,-0.657492,3.673785,-7.791314,-1.226642,0.000000,0.000000,0.000000,0.000000,0.000000,0.000000,-3.169353,8.450477,-1.552920,0.000140,0.000000,0.000000,220.236121,202.104833,1
1.850000,-0.015654,0.019273,0.231750,1.923310,-0.049316,-1.972625,-0.604243,-0.078309,0.002008,0.080317,-0.060585,3.671003,-0.094128,-3.765131,-1.165363,0.279284,-0.007161,-0.286445,0.273364,0.125514,-0.003218,-0.128733,1.142940,-1.686532,0.043244,1.729776,-2.115950,-0.125177,0.003210,0.128387,-0.465424,-0.047516,0.001218,0.048734,0.252804,-2.117395,0.054292,2.171687,-1.663524,-1.628724,0.041762,1.670486,0.155294,-0.025196,0.000646,0.025842,-0.045147,2.722442,-0.069806,-2.792248,-0.754202,3.639286,-7.898679,-1.279176,0.000000,0.000000,0.000000,0.000000,0.000000,0.000000,-3.190666,8.487986,-1.563568,0.000155,0.000000,0.000000,220.267164,202.105620,1
1.860000,-0.016066,0.019103,0.228662,1.923310,-0.049316,-1.972625,-0.738618,-0.078309,0.002008,0.080317,-0.060165,3.671003,-0.094128,-3.765131,-1.453857,0.279284,-0.007161,-0.286445,0.311144,0.125514,-0.003218,-0.128733,1.201861,-1.686532,0.043244,1.729776,-2.236055,-0.125177,0.003210,0.128387,-0.523535,-0.047516,0.001218,0.048734,0.213177,-2.117395,0.054292,2.171687,-1.766687,-1.628724,0.041762,1.670486,0.274572,-0.025196,0.000646,0.025842,-0.045734,2.722442,-0.069806,-2.792248,-0.981810,3.709153,-7.989172,-1.287828,0.000000,0.000000,0.000000,0.000000,0.000000,0.000000,-3.225807,8.499170,-1.554754,0.000182,0.000000,0.000000,220.448795,202.126818,1
1.864000,-0.015521,0.018685,0.232118,0.784982,-0.020128,-0.805110,-0.038416,-0.060437,0.001550,0.061987,-0.029204,1.313581,-0.033682,-1.347262,-0.477585,0.216593,-0.005554,-0.222146,0.398885,-0.214189,0.005492,0.219682,1.174923,-1.439614,0.036913,1.476527,-1.915208,-0.102841,0.002637,0.105478,-0.439411,-0.384513,0.009859,0.394372,0.337752,-1.719183,0.044082,1.763264,-1.659936,-0.625565,0.016040,0.641605,-0.004149,-0.016388,0.000420,0.016809,-0.029626,0.822390,-0.021087,-0.843477,-0.213748,3.482979,-7.209975,-1.149951,0.000000,0.000000,0.000000,0.000000,0.000000,0.000000,-2.977684,8.036533,-1.290113,0.000071,0.000000,0.000000,220.477358,202.108223,1
1.874000,-0.015783,0.018393,0.228948,0.784982,-0.020128,-0.805110,-0.038066,-0.060437,0.001550,0.061987,-0.033677,1.313581,-0.033682,-1.347262,-0.494879,0.216593,-0.005554,-0.222146,0.440581,-0.214189,0.005492,0.219682,1.253322,-1.439614,0.036913,1.476527,-2.046011,-0.102841,0.002637,0.105478,-0.492075,-0.384513,0.009859,0.394372,0.329029,-1.719183,0.044082,1.763264,-1.792934,-0.625565,0.016040,0.641605,-0.005443,-0.016388,0.000420,0.016809,-0.028085,0.822390,-0.021087,-0.843477,-0.217107,3.558156,-7.381225,-1.202891,0.000000,0.000000,0.000000,0.000000,0.000000,0.000000,-3.028487,8.162708,-1.312290,0.000076,0.000000,0.000000,220.553596,202.057697,1
1.876000,-0.011624,0.031024,0.235321,-1.086900,0.027869,1.114769,0.983355,-0.019769,0.000507,0.020276,-0.053996,-0.941389,0.024138,0.965527,0.393612,-0.278106,0.007131,0.285237,0.508055,-0.297674,0.007633,0.305306,1.142621,-1.733522,0.044449,1.777971,-1.568876,-0.183370,0.004702,0.188072,-0.365561,-0.006515,0.000167,0.006682,0.066867,-2.340435,0.060011,2.400446,-0.917893,-0.398892,0.010228,0.409120,-0.082215,-0.004065,0.000104,0.004169,-0.035084,-2.200927,0.056434,2.257361,1.083196,2.984566,-6.985194,-0.478785,-0.072870,0.214176,0.184098,0.000000,0.000000,0.000000,-2.660536,6.747038,-1.617266,0.000095,0.000000,0.000000,220.572620,202.056335,1
1.886000,-0.011875,0.031856,0.232691,-1.086900,0.027869,1.114769,1.140638,-0.019769,0.000507,0.020276,-0.046251,-0.941389,0.024138,0.965527,0.421153,-0.278106,0.007131,0.285237,0.562633,-0.297674,0.007633,0.305306,1.246857,-1.733522,0.044449,1.777971,-1.732409,-0.183370,0.004702,0.188072,-0.391350,-0.006515,0.000167,0.006682,0.064958,-2.340435,0.060011,2.400446,-1.032047,-0.398892,0.010228,0.409120,-0.113999,-0.004065,0.000104,0.004169,-0.068397,-2.200927,0.056434,2.257361,0.947474,2.800628,-7.416580,-0.760812,3.180728,9.345495,2.897905,0.000000,0.000000,0.000000,-3.015086,5.824075,-0.876445,0.000100,0.000000,0.000000,220.672996,202.043131,1
1.890000,-0.013043,0.022036,0.232024,-0.763671,0.019581,0.783252,1.221458,-0.000644,0.000017,0.000660,-0.024790,-0.153038,0.003924,0.156962,0.190566,-0.335037,0.008591,0.343628,0.554715,0.143688,-0.003684,-0.147373,0.961627,-2.324370,0.059599,2.383970,-1.183205,0.044249,-0.001135,-0.045383,-0.635155,0.540856,-0.013868,-0.554724,-0.135133,-2.797443,0.071729,2.869172,-0.917480,0.859366,-0.022035,-0.881401,-1.112182,-0.019953,0.000512,0.020465,-0.063380,-0.058923,0.001511,0.060434,0.361291,2.903877,-6.670369,-1.295663,0.187831,0.108655,-0.048226,-0.120860,-0.147913,-0.001781,-2.675773,6.951866,-1.104904,0.000079,0.000000,0.000000,220.704513,202.029879,1
1.900000,-0.012687,0.019886,0.229066,-0.955039,0.024488,0.979527,1.226491,0.000750,-0.000019,-0.000769,-0.079162,-0.445645,0.011427,0.457072,0.129100,-0.413621,0.010606,0.424226,0.682509,0.071658,-0.001837,-0.073495,1.067825,-2.307932,0.059178,2.367110,-1.242938,-0.016828,0.000431,0.017259,-0.662679,0.474352,-0.012163,-0.486515,-0.140195,-2.763654,0.070863,2.834517,-1.038422,1.114968,-0.028589,-1.143557,-1.111712,-0.028724,0.000737,0.029461,-0.052643,-0.131319,0.003367,0.134686,0.207971,2.897844,-6.710349,-1.439207,2.189368,1.868581,-0.235430,-1.322544,-1.781069,0.080282,-2.775701,7.204854,-1.054007,0.000089,0.000000,0.000000,220.793459,201.999283,1
1.904000,-0.010154,0.019772,0.231823,-0.357787,0.009174,0.366961,1.158637,0.016455,-0.000422,-0.016877,-0.087830,0.088967,-0.002281,-0.091248,0.241658,-0.300681,0.007710,0.308391,0.727318,0.489124,-0.012542,-0.501665,0.889121,-2.999997,0.076923,3.076920,-1.008232,0.202947,-0.005204,-0.208151,-0.672562,0.840227,-0.021544,-0.861772,-0.433824,-3.277920,0.084049,3.361969,-0.600343,0.179476,-0.004602,-0.184078,-1.240641,0.155505,-0.003987,-0.159492,-0.068357,-0.464885,0.011920,0.476806,0.276408,3.156607,-6.933062,-1.086601,0.198491,0.150839,-0.030266,-0.606807,-1.058949,0.214024,-2.536512,6.791615,-1.211821,0.000071,0.000000,0.000000,220.821957,201.983072,1
1.914000,-0.010292,0.019582,0.229477,-0.357787,0.009174,0.366961,0.976197,0.016455,-0.000422,-0.016877,-0.164854,0.088967,-0.002281,-0.091248,-0.000929,-0.300681,0.007710,0.308391,0.763607,0.489124,-0.012542,-0.501665,1.001342,-2.999997,0.076923,3.076920,-1.110428,0.202947,-0.005204,-0.208151,-0.722529,0.840227,-0.021544,-0.861772,-0.367810,-3.277920,0.084049,3.361969,-0.766319,0.179476,-0.004602,-0.184078,-1.029341,0.155505,-0.003987,-0.159492,-0.061239,-0.464885,0.011920,0.476806,0.241532,3.382704,-7.006085,-0.967092,0.558992,0.675538,0.059272,-2.705482,-4.472492,0.787892,-2.583566,7.429926,-1.483203,0.000079,0.000000,0.000000,220.900694,201.931902,1
1.920000,-0.012924,0.018672,0.224239,-0.316750,0.008122,0.324871,0.832244,0.104901,-0.002690,-0.107590,-0.076465,0.005800,-0.000149,-0.005949,-1.088481,0.008126,-0.000208,-0.008334,0.663862,0.713284,-0.018289,-0.731573,0.897093,-2.603886,0.066766,2.670652,-0.895408,0.550221,-0.014108,-0.564329,-0.912820,1.465174,-0.037569,-1.502742,-0.426711,-3.531523,0.090552,3.622075,-0.933444,-0.020510,0.000526,0.021036,-0.703719,0.055382,-0.001420,-0.056802,-0.026710,0.157959,-0.004050,-0.162009,0.058425,3.448959,-6.068246,-0.508141,0.210952,0.744607,0.356360,-2.739378,-5.393507,1.374657,-2.139631,7.785011,-1.946636,0.000079,0.000000,0.000000,220.948103,201.901809,1
1.930000,-0.013372,0.018583,0.222040,-0.316750,0.008122,0.324871,0.956238,0.104901,-0.002690,-0.107590,0.111117,0.005800,-0.000149,-0.005949,-1.713850,0.008126,-0.000208,-0.008334,0.791233,0.713284,-0.018289,-0.731573,0.968237,-2.603886,0.066766,2.670652,-0.949013,0.550221,-0.014108,-0.564329,-0.830457,1.465174,-0.037569,-1.502742,-0.445427,-3.531523,0.090552,3.622075,-0.942223,-0.020510,0.000526,0.021036,-0.597396,0.055382,-0.001420,-0.056802,-0.008126,0.157959,-0.004050,-0.162009,0.027464,3.366990,-5.966438,-0.512791,0.470120,1.556160,0.743040,-2.606632,-5.477175,1.555880,-2.067947,7.756169,-2.008973,0.000082,0.000000,0.000000,221.029608,201.849491,1
1.938000,-0.005537,0.018992,0.232174,-0.313985,0.008051,0.322036,0.846543,0.864777,-0.022174,-0.886951,-0.029764,-2.165182,0.055517,2.220700,-0.974042,-0.235521,0.006039,0.241560,0.718807,0.524830,-0.013457,-0.538287,0.692000,-2.924559,0.074989,2.999548,-0.632456,0.492376,-0.012625,-0.505001,-0.687384,1.441848,-0.036970,-1.478819,-0.607103,-3.902765,0.100071,4.002836,-0.172623,0.535537,-0.013732,-0.549268,-0.825783,0.046050,-0.001181,-0.047231,0.013113,-0.903094,0.023156,0.926250,0.370444,3.293733,-5.373550,-0.376369,0.000000,0.000000,0.000000,-2.885066,-6.350586,1.514558,-2.134033,7.562029,-1.637098,0.000076,0.000000,0.000000,221.090716,201.828611,1
1.948000,-0.005599,0.018954,0.230909,-0.313985,0.008051,0.322036,0.995549,0.864777,-0.022174,-0.886951,0.101084,-2.165182,0.055517,2.220700,-1.241970,-0.235521,0.006039,0.241560,0.847719,0.524830,-0.013457,-0.538287,0.766149,-2.924559,0.074989,2.999548,-0.571658,0.492376,-0.012625,-0.505001,-0.571385,1.441848,-0.036970,-1.478819,-0.441522,-3.902765,0.100071,4.002836,-0.336396,0.535537,-0.013732,-0.549268,-0.784888,0.046050,-0.001181,-0.047231,0.003933,-0.903094,0.023156,0.926250,0.420172,3.236182,-5.180730,-0.316376,0.000000,0.000000,0.000000,-2.630668,-6.064357,1.555093,-2.083708,7.982250,-1.877040,0.000086,0.000000,0.000000,221.176803,201.788267,1
1.954000,-0.014747,0.010478,0.245486,-0.696160,0.017850,0.714011,0.879139,1.630707,-0.041813,-1.672520,0.883389,-5.198205,0.133287,5.331492,1.566641,-0.765605,0.019631,0.785236,0.863049,0.375294,-0.009623,-0.384916,0.687624,-3.714355,0.095240,3.809595,1.589357,0.169849,-0.004355,-0.174204,-1.320427,1.257163,-0.032235,-1.289398,-0.165325,-4.307944,0.110460,4.418404,2.787320,1.018694,-0.026120,-1.044814,-0.628819,0.262934,-0.006742,-0.269675,0.047104,-0.311293,0.007982,0.319275,0.204941,1.835742,-1.140469,0.656376,0.000000,0.000000,0.000000,-1.610851,-2.326596,0.154517,0.000000,0.000000,0.000000,0.000309,0.000000,0.000000,221.362495,201.952901,1
1.964000,-0.015505,0.010124,0.244078,-0.696160,0.017850,0.714011,0.921506,1.630707,-0.041813,-1.672520,0.890671,-5.198205,0.133287,5.331492,1.520619,-0.765605,0.019631,0.785236,0.920732,0.375294,-0.009623,-0.384916,0.808292,-3.714355,0.095240,3.809595,1.321145,0.169849,-0.004355,-0.174204,-0.846505,1.257163,-0.032235,-1.289398,-0.276484,-4.307944,0.110460,4.418404,2.458817,1.018694,-0.026120,-1.044814,-0.704699,0.262934,-0.006742,-0.269675,0.014163,-0.311293,0.007982,0.319275,0.158133,2.129631,-1.794563,0.530676,0.007393,0.007213,-0.001338,-1.815590,-2.580059,0.163592,0.000000,0.000000,0.000000,0.000285,0.000000,0.000000,221.647301,202.201614,1
1.970000,-0.015158,0.019346,0.238355,0.449516,-0.011526,-0.461042,-1.242514,-0.095823,0.002457,0.098280,0.449490,-5.102952,0.130845,5.233797,0.639674,0.548013,-0.014052,-0.562065,-0.294111,-1.154982,0.029615,1.184597,0.414822,-4.612571,0.118271,4.730842,2.771847,3.687674,-0.094556,-3.782230,-2.604965,-1.924395,0.049343,1.973738,0.770777,6.034811,-0.154739,-6.189549,-4.548443,1.411979,-0.036205,-1.448184,-0.893191,-1.651312,0.042341,1.693653,1.234790,-3.563902,0.091382,3.655284,-1.379724,0.101764,-0.922040,-0.464776,3.622622,7.816808,2.118967,-3.697184,-5.095157,0.294233,0.000000,0.000000,0.000000,0.000657,0.000000,0.000000,222.041439,202.535233,1
1.980000,-0.016618,0.019301,0.238384,0.449516,-0.011526,-0.461042,-1.328058,-0.095823,0.002457,0.098280,0.446516,-5.102952,0.130845,5.233797,0.531429,0.548013,-0.014052,-0.562065,-0.470463,-1.154982,0.029615,1.184597,0.337405,-4.612571,0.118271,4.730842,2.316182,3.687674,-0.094556,-3.782230,-2.771479,-1.924395,0.049343,1.973738,0.623626,6.034811,-0.154739,-6.189549,-3.639105,1.411979,-0.036205,-1.448184,-0.862200,-1.651312,0.042341,1.693653,1.048996,-3.563902,0.091382,3.655284,-1.282337,0.136277,-0.997540,-0.501280,3.484128,7.493265,2.046661,-3.904659,-5.401325,0.309974,0.000000,0.000000,0.000000,0.000570,0.000000,0.000000,222.611533,203.011581,1
1.984000,-0.008517,0.025775,0.246545,3.896355,-0.099907,-3.996262,-2.366544,-1.780684,0.045659,1.826342,0.512819,-3.365969,0.086307,3.452276,0.270929,-3.932108,0.100823,4.032931,2.464387,-6.407961,0.164307,6.572268,3.170903,6.545312,-0.167829,-6.713140,-3.422831,-2.276274,0.058366,2.334640,0.786210,-0.320700,0.008223,0.328923,0.145437,-0.431087,0.011054,0.442141,0.369996,4.346404,-0.111446,-4.457850,-1.847680,-2.158457,0.055345,2.213802,0.246472,-3.525413,0.090395,3.615808,0.196297,0.000000,0.000000,0.000000,3.713600,3.564606,-0.888811,-1.419955,-5.166552,1.785544,0.000000,0.000000,0.000000,0.000766,0.000000,0.000000,222.918032,203.318080,1
1.994000,-0.008881,0.027030,0.245524,3.182210,-0.081595,-3.263805,-2.557146,-1.500137,0.038465,1.538602,0.671817,-3.262732,0.083660,3.346392,-0.020742,-2.871574,0.073630,2.945204,2.085326,-5.239339,0.134342,5.373681,2.595416,4.681308,-0.120034,-4.801341,-2.407688,-1.853762,0.047532,1.901295,1.090120,-0.299927,0.007690,0.307617,0.133644,-0.288168,0.007389,0.295557,0.241154,3.642281,-0.093392,-3.735673,-1.915890,-1.916332,0.049137,1.965469,0.294160,-3.331734,0.085429,3.417163,-0.071586,0.000000,0.000000,0.000000,3.395473,4.473265,-0.240586,-2.381440,-5.450585,1.406897,0.000000,0.000000,0.000000,0.000513,0.000000,0.000000,223.430661,203.824428,1
1.996000,-0.010055,0.014589,0.249172,-1.070456,0.027448,1.097904,0.426611,0.083437,-0.002139,-0.085576,0.287908,-0.911840,0.023381,0.935220,-0.329833,-0.930844,0.023868,0.954712,0.166023,-0.407310,0.010444,0.417753,-0.060383,1.828496,-0.046885,-1.875380,-1.162989,0.072666,-0.001863,-0.074529,0.682441,0.027507,-0.000705,-0.028213,-0.123733,0.332789,-0.008533,-0.341322,-0.031973,-0.906324,0.023239,0.929563,0.716561,0.044808,-0.001149,-0.045957,0.174333,-1.117940,0.028665,1.146605,-0.490256,0.000000,0.000000,0.000000,2.390126,5.814032,1.252889,-2.481236,-3.431125,0.329833,0.000000,0.000000,0.000000,0.000045,0.000000,0.000000,223.439596,203.829446,1
2.006000,-0.010215,0.014156,0.248014,-1.070456,0.027448,1.097904,0.432072,0.083437,-0.002139,-0.085576,0.450210,-0.911840,0.023381,0.935220,-0.685389,-0.930844,0.023868,0.954712,0.255466,-0.407310,0.010444,0.417753,-0.005440,1.828496,-0.046885,-1.875380,-0.982487,0.072666,-0.001863,-0.074529,0.560345,0.027507,-0.000705,-0.028213,-0.095492,0.332789,-0.008533,-0.341322,-0.021218,-0.906324,0.023239,0.929563,0.759220,0.044808,-0.001149,-0.045957,0.262907,-1.117940,0.028665,1.146605,-0.793355,0.000000,0.000000,0.000000,2.678693,6.478025,1.404638,-2.953668,-4.279292,0.496258,0.000000,0.000000,0.000000,0.000049,0.000000,0.000000,223.488814,203.845758,1
2.010000,-0.009519,0.017962,0.240918,-0.169801,0.004354,0.174155,-0.240048,-0.109928,0.002819,0.112746,0.572956,-1.011811,0.025944,1.037755,-0.844617,-0.000834,0.000021,0.000855,-0.013036,-0.208202,0.005339,0.213541,-0.009387,1.616379,-0.041446,-1.657825,-0.407447,0.065340,-0.001675,-0.067016,0.069398,0.257882,-0.006612,-0.264494,-0.070392,0.237483,-0.006089,-0.243572,-0.040289,-0.069472,0.001781,0.071254,0.354515,0.027985,-0.000718,-0.028703,0.081610,-1.465154,0.037568,1.502722,-0.721281,0.000000,0.000000,0.000000,2.865847,6.016711,1.071953,-3.133079,-4.673012,0.536087,0.000000,0.000000,0.000000,0.000028,0.000000,0.000000,223.500034,203.840888,1
2.020000,-0.017740,0.012444,0.234035,-0.468172,0.012004,0.480176,-0.041900,-0.089755,0.002301,0.092056,0.640234,-0.895272,0.022956,0.918227,-1.087633,0.075739,-0.001942,-0.077681,-0.210622,0.205096,-0.005259,-0.210355,-0.134050,-0.608335,0.015598,0.623934,0.183315,0.018098,-0.000464,-0.018562,0.235483,0.314919,-0.008075,-0.322994,-0.159418,0.187739,-0.004814,-0.192553,-0.022631,-0.378217,0.009698,0.387915,0.777046,-0.079251,0.002032,0.081283,0.107374,-1.086423,0.027857,1.114280,-1.234184,0.000000,0.000000,0.000000,3.014319,6.002675,1.592041,-3.293171,-5.074145,0.219536,0.000000,0.000000,0.000000,0.000030,0.000000,0.000000,223.529857,203.822743,1
2.024000,0.005804,0.026485,0.253521,-0.867373,0.022240,0.889613,0.019205,0.141915,-0.003639,-0.145554,0.407780,-1.227579,0.031476,1.259055,-0.082955,-0.348989,0.008948,0.357938,-0.265597,0.013046,-0.000335,-0.013380,-0.115770,0.845169,-0.021671,-0.866840,-0.169024,1.260269,-0.032315,-1.292583,-0.067866,0.837318,-0.021470,-0.858788,-0.381625,0.448085,-0.011489,-0.459574,-0.027678,-0.571729,0.014660,0.586389,0.517793,0.030974,-0.000794,-0.031768,0.164140,-1.494021,0.038308,1.532329,-0.228411,0.000000,0.000000,0.000000,2.456938,6.288954,0.980211,-2.822193,-3.668309,0.530933,0.000000,0.000000,0.000000,0.000015,0.000000,0.000000,223.535901,203.823875,1
2.034000,0.006710,0.026982,0.252190,-0.867373,0.022240,0.889613,0.037115,0.141915,-0.003639,-0.145554,0.616649,-1.227579,0.031476,1.259055,-0.522976,-0.348989,0.008948,0.357938,-0.100325,0.013046,-0.000335,-0.013380,-0.076513,0.845169,-0.021671,-0.866840,-0.244464,1.260269,-0.032315,-1.292583,-0.167164,0.837318,-0.021470,-0.858788,-0.424473,0.448085,-0.011489,-0.459574,-0.033988,-0.571729,0.014660,0.586389,0.570233,0.030974,-0.000794,-0.031768,0.285783,-1.494021,0.038308,1.532329,-0.588417,0.000000,0.000000,0.000000,2.784212,7.117990,1.088125,-3.270367,-4.576789,0.830058,0.000000,0.000000,0.000000,0.000029,0.000000,0.000000,223.564615,203.818692,1
2.036000,-0.008088,0.017214,0.240596,-0.253426,0.006498,0.259924,-0.183948,-0.115349,0.002958,0.118307,0.819100,-0.850804,0.021815,0.872620,-1.189962,-0.787428,0.020190,0.807618,0.041498,-0.013591,0.000348,0.013939,-0.035852,1.867876,-0.047894,-1.915770,-0.582475,1.015477,-0.026038,-1.041515,-0.097484,0.383834,-0.009842,-0.393675,-0.164061,0.263961,-0.006768,-0.270730,-0.016402,-0.047948,0.001229,0.049178,0.488442,-0.156056,0.004001,0.160057,0.268793,-1.105389,0.028343,1.133732,-1.110440,0.000000,0.000000,0.000000,3.222712,6.780489,1.253320,-3.514239,-5.241926,0.665752,0.000000,0.000000,0.000000,0.000038,0.000000,0.000000,223.572274,203.816968,1
2.046000,-0.008269,0.017236,0.238188,-0.253426,0.006498,0.259924,-0.197197,-0.115349,0.002958,0.118307,0.971061,-0.850804,0.021815,0.872620,-1.516490,-0.787428,0.020190,0.807618,0.078054,-0.013591,0.000348,0.013939,-0.034790,1.867876,-0.047894,-1.915770,-0.709129,1.015477,-0.026038,-1.041515,-0.118959,0.383834,-0.009842,-0.393675,-0.198628,0.263961,-0.006768,-0.270730,-0.014115,-0.047948,0.001229,0.049178,0.533495,-0.156056,0.004001,0.160057,0.316001,-1.105389,0.028343,1.133732,-1.365296,0.000000,0.000000,0.000000,3.403237,7.180807,1.346079,-3.787366,-5.799594,0.809161,0.000000,0.000000,0.000000,0.000047,0.000000,0.000000,223.619695,203.805931,1
2.048000,-0.006122,0.025456,0.242602,-0.414876,0.010638,0.425514,-0.181673,-0.145344,0.003727,0.149070,0.500285,-1.099937,0.028204,1.128141,-0.743426,-0.869837,0.022304,0.892140,0.245676,-0.006425,0.000165,0.006589,-0.057487,2.418219,-0.062006,-2.480225,-1.035515,1.218549,-0.031245,-1.249794,-0.409753,0.407712,-0.010454,-0.418166,-0.189487,0.299906,-0.007690,-0.307595,-0.016865,-0.098269,0.002520,0.100788,0.290837,-0.197553,0.005065,0.202618,0.164698,-1.499196,0.038441,1.537637,-0.734513,0.000000,0.000000,0.000000,2.840110,6.520279,0.905113,-3.217908,-4.649638,0.662823,0.000000,0.000000,0.000000,0.000056,0.000000,0.000000,223.630829,203.808881,1
2.058000,-0.005909,0.026115,0.240712,-0.414876,0.010638,0.425514,-0.178581,-0.145344,0.003727,0.149070,0.673829,-1.099937,0.028204,1.128141,-1.090259,-0.869837,0.022304,0.892140,0.285346,-0.006425,0.000165,0.006589,-0.041702,2.418219,-0.062006,-2.480225,-1.074857,1.218549,-0.031245,-1.249794,-0.399770,0.407712,-0.010454,-0.418166,-0.209083,0.299906,-0.007690,-0.307595,-0.013746,-0.098269,0.002520,0.100788,0.344114,-0.197553,0.005065,0.202618,0.262937,-1.499196,0.038441,1.537637,-1.030943,0.000000,0.000000,0.000000,3.115187,7.232113,1.013643,-3.528898,-5.300227,0.869610,0.000000,0.000000,0.000000,0.000066,0.000000,0.000000,223.696745,203.816969,1
2.060000,-0.012796,0.013120,0.237427,-0.226451,0.005806,0.232258,-0.256735,-0.240949,0.006178,0.247127,0.976700,-0.654571,0.016784,0.671355,-1.580581,-0.618368,0.015856,0.634223,0.007370,-0.005509,0.000141,0.005650,-0.045539,1.564229,-0.040108,-1.604337,-0.500023,0.465006,-0.011923,-0.476929,0.051936,0.151769,-0.003892,-0.155661,-0.058428,0.131404,-0.003369,-0.134773,0.001626,-0.049233,0.001262,0.050495,0.436312,-0.247905,0.006357,0.254261,0.297204,-0.918536,0.023552,0.942088,-1.292923,0.000000,0.000000,0.000000,3.275882,6.716344,1.461864,-3.776598,-5.666627,0.652005,0.000000,0.000000,0.000000,0.000035,0.000000,0.000000,223.703783,203.814550,1
2.070000,-0.013218,0.012901,0.234664,-0.226451,0.005806,0.232258,-0.256060,-0.240949,0.006178,0.247127,1.106459,-0.654571,0.016784,0.671355,-1.852436,-0.618368,0.015856,0.634223,0.005310,-0.005509,0.000141,0.005650,-0.038500,1.564229,-0.040108,-1.604337,-0.587361,0.465006,-0.011923,-0.476929,0.042214,0.151769,-0.003892,-0.155661,-0.083744,0.131404,-0.003369,-0.134773,0.000807,-0.049233,0.001262,0.050495,0.509025,-0.247905,0.006357,0.254261,0.340135,-0.918536,0.023552,0.942088,-1.533562,0.000000,0.000000,0.000000,3.460689,7.074012,1.557848,-3.972018,-6.088137,0.756615,0.000000,0.000000,0.000000,0.000041,0.000000,0.000000,223.744910,203.800311,1
2.072000,-0.003864,0.018925,0.239820,-0.306604,0.007862,0.314466,-0.220432,-0.207997,0.005333,0.213330,1.114998,-0.656144,0.016824,0.672969,-1.687723,-0.687013,0.017616,0.704629,0.009747,-0.006608,0.000169,0.006778,-0.041519,1.791783,-0.045943,-1.837726,-0.584314,0.358976,-0.009205,-0.368180,0.191133,0.137156,-0.003517,-0.140673,-0.058321,0.121426,-0.003113,-0.124539,0.008075,-0.102720,0.002634,0.105354,0.438020,-0.214115,0.005490,0.219605,0.421440,-0.959014,0.024590,0.983604,-1.393682,0.000000,0.000000,0.000000,3.244193,7.374889,1.311489,-3.875111,-5.924544,0.963703,0.000000,0.000000,0.000000,0.000041,0.000000,0.000000,223.753136,203.797946,1
2.082000,-0.003781,0.019134,0.236981,-0.306604,0.007862,0.314466,-0.212168,-0.207997,0.005333,0.213330,1.233855,-0.656144,0.016824,0.672969,-1.931010,-0.687013,0.017616,0.704629,0.027143,-0.006608,0.000169,0.006778,-0.037774,1.791783,-0.045943,-1.837726,-0.688359,0.358976,-0.009205,-0.368180,0.198650,0.137156,-0.003517,-0.140673,-0.086496,0.121426,-0.003113,-0.124539,0.004580,-0.102720,0.002634,0.105354,0.520589,-0.214115,0.005490,0.219605,0.445673,-0.959014,0.024590,0.983604,-1.600317,0.000000,0.000000,0.000000,3.391852,7.660485,1.349614,-4.033118,-6.266358,1.081285,0.000000,0.000000,0.000000,0.000047,0.000000,0.000000,223.800401,203.784926,1
2.084000,-0.013219,0.009515,0.246779,-0.150871,0.003868,0.154739,-0.143596,-0.509863,0.013073,0.522936,0.827731,-0.727960,0.018666,0.746625,-1.431914,-0.153092,0.003925,0.157018,-0.050896,-0.003905,0.000100,0.004005,-0.025251,0.662220,-0.016980,-0.679200,-0.197292,0.077370,-0.001984,-0.079354,0.326106,-0.110479,0.002833,0.113312,-0.013356,-0.033324,0.000854,0.034179,0.038334,0.073024,-0.001872,-0.074896,0.181702,-0.518748,0.013301,0.532049,0.392247,-1.067739,0.027378,1.095117,-1.041027,0.000000,0.000000,0.000000,3.239749,6.448839,1.554953,-3.553685,-5.686237,0.350861,0.000000,0.000000,0.000000,0.000031,0.000000,0.000000,223.806516,203.781919,1
2.094000,-0.013706,0.008920,0.244378,-0.150871,0.003868,0.154739,-0.124798,-0.509863,0.013073,0.522936,0.966384,-0.727960,0.018666,0.746625,-1.712978,-0.153092,0.003925,0.157018,-0.062923,-0.003905,0.000100,0.004005,-0.026290,0.662220,-0.016980,-0.679200,-0.192326,0.077370,-0.001984,-0.079354,0.330377,-0.110479,0.002833,0.113312,-0.012599,-0.033324,0.000854,0.034179,0.027692,0.073024,-0.001872,-0.074896,0.256156,-0.518748,0.013301,0.532049,0.471913,-1.067739,0.027378,1.095117,-1.299199,0.000000,0.000000,0.000000,3.500429,6.969719,1.715807,-3.807699,-6.203216,0.412925,0.000000,0.000000,0.000000,0.000037,0.000000,0.000000,223.843175,203.763020,1
2.096000,-0.008545,0.018677,0.231873,-0.172076,0.004412,0.176489,-0.340482,-0.210931,0.005408,0.216339,1.233699,-0.648987,0.016641,0.665627,-2.016868,-0.800811,0.020534,0.821345,0.014957,-0.008972,0.000230,0.009202,-0.061903,2.014105,-0.051644,-2.065749,-0.563862,0.819475,-0.021012,-0.840487,0.103052,0.197448,-0.005063,-0.202511,-0.078754,0.125379,-0.003215,-0.128594,0.019358,0.038768,-0.000994,-0.039762,0.449324,-0.273348,0.007009,0.280357,0.406407,-0.869657,0.022299,0.891956,-1.662921,0.000000,0.000000,0.000000,3.395817,7.425822,1.536711,-4.043765,-6.382827,0.881733,0.000000,0.000000,0.000000,0.000046,0.000000,0.000000,223.852309,203.760181,1
2.106000,-0.008791,0.018829,0.228569,-0.172076,0.004412,0.176489,-0.356945,-0.210931,0.005408,0.216339,1.332448,-0.648987,0.016641,0.665627,-2.220355,-0.800811,0.020534,0.821345,0.038941,-0.008972,0.000230,0.009202,-0.052044,2.014105,-0.051644,-2.065749,-0.737051,0.819475,-0.021012,-0.840487,0.026798,0.197448,-0.005063,-0.202511,-0.113733,0.125379,-0.003215,-0.128594,0.008922,0.038768,-0.000994,-0.039762,0.518826,-0.273348,0.007009,0.280357,0.413084,-0.869657,0.022299,0.891956,-1.848907,0.000000,0.000000,0.000000,3.519115,7.604761,1.557789,-4.155216,-6.633767,0.962383,0.000000,0.000000,0.000000,0.000052,0.000000,0.000000,223.904474,203.747649,1
2.110000,-0.012722,0.010591,0.236953,0.061439,-0.001575,-0.063014,-0.288121,-0.644264,0.016520,0.660783,1.054164,-0.689795,0.017687,0.707482,-1.716533,0.057200,-0.001467,-0.058666,-0.455077,-0.004460,0.000114,0.004574,-0.023611,-0.141893,0.003638,0.145531,0.173256,-0.008385,0.000215,0.008600,0.256132,-0.145370,0.003727,0.149097,-0.009559,-0.104596,0.002682,0.107277,0.114357,0.259235,-0.006647,-0.265882,0.299773,-0.740591,0.018990,0.759581,0.410821,-0.801195,0.020543,0.821738,-1.370289,0.000000,0.000000,0.000000,3.371300,6.341604,1.479804,-3.578812,-6.039347,0.523114,0.000000,0.000000,0.000000,0.000035,0.000000,0.000000,223.918533,203.742335,1
2.120000,-0.013251,0.010143,0.233962,0.061439,-0.001575,-0.063014,-0.289222,-0.644264,0.016520,0.660783,1.186856,-0.689795,0.017687,0.707482,-1.962647,0.057200,-0.001467,-0.058666,-0.427505,-0.004460,0.000114,0.004574,-0.025794,-0.141893,0.003638,0.145531,0.100120,-0.008385,0.000215,0.008600,0.306382,-0.145370,0.003727,0.149097,-0.012280,-0.104596,0.002682,0.107277,0.071045,0.259235,-0.006647,-0.265882,0.365463,-0.740591,0.018990,0.759581,0.473672,-0.801195,0.020543,0.821738,-1.609718,0.000000,0.000000,0.000000,3.580016,6.748475,1.615195,-3.771324,-6.456767,0.586206,0.000000,0.000000,0.000000,0.000040,0.000000,0.000000,223.958759,203.726353,1
2.122000,0.004379,0.030748,0.234120,0.563146,-0.014440,-0.577586,-0.815218,0.400857,-0.010278,-0.411136,1.056876,-2.520889,0.064638,2.585527,-1.500445,0.687120,-0.017618,-0.704739,-0.565893,0.145900,-0.003741,-0.149641,-0.106886,1.313146,-0.033670,-1.346816,-0.447187,-1.539651,0.039478,1.579130,1.649329,-0.389498,0.009987,0.399485,-0.032728,-0.269846,0.006919,0.276765,0.259390,-0.089552,0.002296,0.091848,0.068637,1.149768,-0.029481,-1.179250,0.041352,-3.214775,0.082430,3.297205,-0.934158,-0.026980,-0.920046,-0.485394,3.355393,8.432713,1.174733,-4.045660,-6.720619,1.864337,0.000000,0.000000,0.000000,0.000116,0.000000,0.000000,223.982012,203.719782,1
2.132000,0.005206,0.032000,0.231561,0.563146,-0.014440,-0.577586,-0.834638,0.400857,-0.010278,-0.411136,1.112948,-2.520889,0.064638,2.585527,-1.539412,0.687120,-0.017618,-0.704739,-0.740206,0.145900,-0.003741,-0.149641,-0.143245,1.313146,-0.033670,-1.346816,-0.670264,-1.539651,0.039478,1.579130,1.826877,-0.389498,0.009987,0.399485,-0.021411,-0.269846,0.006919,0.276765,0.191473,-0.089552,0.002296,0.091848,0.173474,1.149768,-0.029481,-1.179250,0.001197,-3.214775,0.082430,3.297205,-0.980721,1.812047,-4.065928,-0.547718,3.374612,8.545591,1.164696,-4.175116,-6.547010,1.741516,0.000000,0.000000,0.000000,0.000126,0.000000,0.000000,224.107643,203.691785,1
2.134000,-0.006155,0.020127,0.230207,0.402864,-0.010330,-0.413194,-0.424962,0.565702,-0.014505,-0.580207,0.909351,-2.732629,0.070067,2.802696,-1.450771,0.158473,-0.004063,-0.162536,-0.684526,0.040921,-0.001049,-0.041970,-0.091915,1.690538,-0.043347,-1.733885,-0.398273,-0.705909,0.018100,0.724009,1.224770,0.042103,-0.001080,-0.043183,-0.048824,-0.045868,0.001176,0.047044,0.144261,-0.227129,0.005824,0.232953,0.642383,1.141713,-0.029275,-1.170988,-0.169229,-3.158980,0.080999,3.239980,-1.023034,0.077751,-0.155448,-0.026671,3.466097,7.539008,1.557773,-3.902381,-7.128706,1.355475,-0.228902,0.126445,0.091463,0.000101,0.000000,0.000000,224.127909,203.680418,1
2.144000,-0.006429,0.020365,0.227660,0.402864,-0.010330,-0.413194,-0.465738,0.565702,-0.014505,-0.580207,0.971158,-2.732629,0.070067,2.802696,-1.544768,0.158473,-0.004063,-0.162536,-0.639710,0.040921,-0.001049,-0.041970,-0.093437,1.690538,-0.043347,-1.733885,-0.591459,-0.705909,0.018100,0.724009,1.196129,0.042103,-0.001080,-0.043183,-0.057586,-0.045868,0.001176,0.047044,0.078194,-0.227129,0.005824,0.232953,0.727776,1.141713,-0.029275,-1.170988,-0.233202,-3.158980,0.080999,3.239980,-1.079569,0.243129,-0.638467,-0.174023,3.554767,7.682944,1.577114,-3.960504,-7.235112,1.390495,-0.593054,0.350805,0.222535,0.000110,0.000000,0.000000,224.238223,203.622917,1
2.146000,-0.006631,0.021455,0.230426,0.174018,-0.004462,-0.178480,-0.443795,0.848785,-0.021764,-0.870549,0.727616,-2.481682,0.063633,2.545315,-1.309709,0.136459,-0.003499,-0.139958,-0.904749,0.033374,-0.000856,-0.034230,-0.076682,1.595082,-0.040900,-1.635982,-0.412933,-0.516463,0.013243,0.529705,1.543354,0.063732,-0.001634,-0.065366,-0.054743,-0.016374,0.000420,0.016794,0.185173,-0.520714,0.013352,0.534065,0.878689,1.715571,-0.043989,-1.759560,-0.735166,-3.353586,0.085989,3.439575,-0.470508,0.162043,-0.355565,-0.054385,3.203038,6.648638,1.268642,-3.847795,-6.434779,1.031139,-0.033497,0.016121,0.014684,0.000091,0.000000,0.000000,224.256336,203.618688,1
2.156000,-0.006908,0.021734,0.228047,0.174018,-0.004462,-0.178480,-0.455880,0.848785,-0.021764,-0.870549,0.824810,-2.481682,0.063633,2.545315,-1.416980,0.136459,-0.003499,-0.139958,-0.759809,0.033374,-0.000856,-0.034230,-0.091345,1.595082,-0.040900,-1.635982,-0.594856,-0.516463,0.013243,0.529705,1.404454,0.063732,-0.001634,-0.065366,-0.054503,-0.016374,0.000420,0.016794,0.101699,-0.520714,0.013352,0.534065,0.962271,1.715571,-0.043989,-1.759560,-0.689168,-3.353586,0.085989,3.439575,-0.632112,0.368160,-1.095195,-0.280893,3.378070,7.261266,1.481688,-3.976389,-6.621141,1.060313,-0.168425,0.084021,0.071148,0.000101,0.000000,0.000000,224.357723,203.590097,1
2.160000,-0.007595,0.020346,0.228269,0.122444,-0.003140,-0.125583,-0.270923,0.773886,-0.019843,-0.793730,0.674981,-2.599812,0.066662,2.666473,-0.788545,0.777291,-0.019931,-0.797222,-1.058233,0.220534,-0.005655,-0.226189,-0.233032,0.103292,-0.002649,-0.105941,-0.053071,-0.967483,0.024807,0.992290,1.425839,0.014027,-0.000360,-0.014387,-0.060704,-0.084848,0.002176,0.087024,0.210782,-0.679193,0.017415,0.696608,1.236749,1.908803,-0.048944,-1.957747,-0.502475,-3.795455,0.097319,3.892775,-0.742204,1.469813,-2.201408,0.028156,3.366513,7.632288,1.678611,-3.681764,-5.778439,0.787355,-0.237850,0.182701,0.063001,0.000097,0.000000,0.000000,224.396694,203.584848,1
2.170000,-0.007854,0.020553,0.225998,0.122444,-0.003140,-0.125583,-0.431455,0.773886,-0.019843,-0.793730,0.784201,-2.599812,0.066662,2.666473,-0.988965,0.777291,-0.019931,-0.797222,-0.839312,0.220534,-0.005655,-0.226189,-0.399793,0.103292,-0.002649,-0.105941,-0.341426,-0.967483,0.024807,0.992290,1.338500,0.014027,-0.000360,-0.014387,-0.037453,-0.084848,0.002176,0.087024,0.116014,-0.679193,0.017415,0.696608,1.189288,1.908803,-0.048944,-1.957747,-0.595396,-3.795455,0.097319,3.892775,-0.783678,3.348205,-5.997323,-0.348957,3.242987,7.659464,1.796953,-4.098571,-5.968629,0.608051,-0.521113,0.513608,0.073135,0.000105,0.000000,0.000000,224.501624,203.563574,1
2.176000,-0.000117,0.027842,0.228672,0.154164,-0.003953,-0.158117,-0.742848,0.820975,-0.021051,-0.842025,0.573057,-2.577248,0.066083,2.643331,-0.465997,0.675134,-0.017311,-0.692446,-0.902748,0.554885,-0.014228,-0.569113,0.044100,-0.952200,0.024415,0.976616,-1.707020,-1.055660,0.027068,1.082728,1.204343,0.005565,-0.000143,-0.005708,-0.035801,-0.104890,0.002689,0.107579,0.137207,-0.734933,0.018844,0.753777,0.793929,2.228359,-0.057137,-2.285497,-0.930999,-4.130498,0.105910,4.236409,0.113437,2.013993,-5.908015,-1.415252,2.598161,7.113449,1.615842,-3.586971,-4.119744,0.235585,0.000000,0.000000,0.000000,0.000087,0.000000,0.000000,224.553673,203.574745,1
2.186000,-0.000127,0.028162,0.227420,0.154164,-0.003953,-0.158117,-0.831201,0.820975,-0.021051,-0.842025,0.646990,-2.577248,0.066083,2.643331,-0.431456,0.675134,-0.017311,-0.692446,-1.026375,0.554885,-0.014228,-0.569113,0.119548,-0.952200,0.024415,0.976616,-1.818142,-1.055660,0.027068,1.082728,1.225944,0.005565,-0.000143,-0.005708,-0.031562,-0.104890,0.002689,0.107579,0.083652,-0.734933,0.018844,0.753777,0.727547,2.228359,-0.057137,-2.285497,-0.786735,-4.130498,0.105910,4.236409,-0.044131,1.854492,-5.684346,-1.429831,2.646764,7.649887,1.853309,-3.589858,-4.114784,0.232225,-0.001937,0.001561,0.000536,0.000082,0.000000,0.000000,224.636084,203.582838,1
2.190000,-0.009653,0.021002,0.226880,0.591623,-0.015170,-0.606793,-0.421478,0.495019,-0.012693,-0.507712,0.705406,-3.068971,0.078692,3.147662,0.243025,0.799336,-0.020496,-0.819832,-0.430438,0.522120,-0.013388,-0.535507,0.261704,-2.068144,0.053029,2.121173,-1.220109,-1.429580,0.036656,1.466235,1.421176,0.054826,-0.001406,-0.056232,0.097593,-0.029248,0.000750,0.029998,0.033710,-0.308409,0.007908,0.316317,1.585157,1.633062,-0.041873,-1.674936,-0.415860,-4.097678,0.105069,4.202746,0.030636,2.734577,-7.043383,-1.727690,4.255502,9.753022,2.774161,-3.080882,-4.377360,0.315791,-4.152807,9.233741,-1.703743,0.000079,0.000000,0.000000,224.667591,203.589611,1
2.200000,-0.010641,0.020959,0.225385,0.591623,-0.015170,-0.606793,-0.642284,0.495019,-0.012693,-0.507712,0.716261,-3.068971,0.078692,3.147662,-0.072460,0.799336,-0.020496,-0.819832,-0.699652,0.522120,-0.013388,-0.535507,0.194617,-2.068144,0.053029,2.121173,-1.548369,-1.429580,0.036656,1.466235,1.095091,0.054826,-0.001406,-0.056232,0.710128,-0.029248,0.000750,0.029998,-0.774057,-0.308409,0.007908,0.316317,1.226470,1.633062,-0.041873,-1.674936,-0.399913,-4.097678,0.105069,4.202746,-0.552334,2.688667,-7.375596,-1.940463,3.901150,8.187774,2.085219,-2.922481,-4.931848,0.747828,-3.493101,7.933477,-1.556715,0.000100,0.000000,0.000000,224.767507,203.562231,1
2.208000,-0.007460,0.029183,0.231708,-0.007033,0.000180,0.007213,-0.300927,0.061036,-0.001565,-0.062601,0.335162,-3.203057,0.082130,3.285187,0.095300,0.064111,-0.001644,-0.065755,-0.337903,0.839959,-0.021537,-0.861497,0.431721,-3.653077,0.093669,3.746746,-1.097191,-1.215706,0.031172,1.246878,0.467216,-0.038229,0.000980,0.039210,1.221571,-2.194453,0.056268,2.250721,-1.552259,-0.856337,0.021957,0.878294,2.227624,0.946034,-0.024257,-0.970292,-0.564058,-3.644051,0.093437,3.737488,1.555966,3.028066,-7.486348,-1.625524,0.000000,0.000000,0.000000,-1.459537,-3.084225,0.809828,-3.275960,9.823284,-2.087973,0.000173,0.000000,0.000000,224.905784,203.572513,1
2.218000,-0.008453,0.029831,0.231015,-0.007033,0.000180,0.007213,-0.054943,0.061036,-0.001565,-0.062601,0.115890,-3.203057,0.082130,3.285187,0.248497,0.064111,-0.001644,-0.065755,-0.110309,0.839959,-0.021537,-0.861497,0.404970,-3.653077,0.093669,3.746746,-1.116283,-1.215706,0.031172,1.246878,0.578863,-0.038229,0.000980,0.039210,1.033525,-2.194453,0.056268,2.250721,-1.462769,-0.856337,0.021957,0.878294,1.665011,0.946034,-0.024257,-0.970292,-0.539514,-3.644051,0.093437,3.737488,1.687950,3.264687,-7.280148,-1.292615,0.000000,0.000000,0.000000,-0.685770,-2.474171,0.971919,-3.168990,9.034752,-1.832125,0.000177,0.000000,0.000000,225.082901,203.593005,1
2.224000,-0.004506,0.028082,0.244040,-0.203944,0.005229,0.209174,0.741873,-1.226841,0.031457,1.258298,0.005491,-2.406019,0.061693,2.467712,1.244609,-0.235341,0.006034,0.241375,0.497537,0.503402,-0.012908,-0.516310,0.517588,-4.572923,0.117254,4.690178,-0.349009,-1.221884,0.031330,1.253214,0.598712,-0.863089,0.022130,0.885219,0.906364,-2.540386,0.065138,2.605524,-0.995167,-0.714037,0.018309,0.732346,-0.037526,0.319636,-0.008196,-0.327831,-0.152914,-0.174211,0.004467,0.178678,0.165411,3.181047,-7.193065,-0.834888,0.000000,0.000000,0.000000,0.000000,0.000000,0.000000,-2.946000,7.902572,-1.331161,0.000095,0.000000,0.000000,225.139964,203.595773,1
2.234000,-0.005134,0.028313,0.243494,-0.203944,0.005229,0.209174,0.710418,-1.226841,0.031457,1.258298,0.155367,-2.406019,0.061693,2.467712,1.193251,-0.235341,0.006034,0.241375,0.517817,0.503402,-0.012908,-0.516310,0.515535,-4.572923,0.117254,4.690178,-0.388019,-1.221884,0.031330,1.253214,0.552169,-0.863089,0.022130,0.885219,0.864475,-2.540386,0.065138,2.605524,-1.041139,-0.714037,0.018309,0.732346,-0.005625,0.319636,-0.008196,-0.327831,-0.169598,-0.174211,0.004467,0.178678,0.122663,3.267744,-7.337599,-0.810446,0.000000,0.000000,0.000000,0.000000,0.000000,0.000000,-3.033883,7.975476,-1.311827,0.000098,0.000000,0.000000,225.237477,203.597229,1
2.236000,-0.009808,0.024604,0.240096,0.693371,-0.017779,-0.711150,-0.224144,-0.403444,0.010345,0.413788,-0.039639,-0.234946,0.006024,0.240970,-0.086726,0.204312,-0.005239,-0.209551,0.404390,0.181991,-0.004666,-0.186658,0.373112,-3.147605,0.080708,3.228312,-0.271409,-0.462015,0.011847,0.473861,-0.026084,-0.528702,0.013556,0.542259,0.345506,-2.302816,0.059047,2.361862,-0.803196,-1.809026,0.046385,1.855412,0.758565,0.586585,-0.015041,-0.601626,-0.424435,0.268586,-0.006887,-0.275472,-0.313848,2.992182,-5.887084,-0.638349,0.000000,0.000000,0.000000,0.000000,0.000000,0.000000,-2.560220,6.593499,-1.017503,0.000051,0.000000,0.000000,225.247624,203.595466,1
2.246000,-0.010336,0.024797,0.239157,0.693371,-0.017779,-0.711150,-0.162000,-0.403444,0.010345,0.413788,-0.007161,-0.234946,0.006024,0.240970,-0.004710,0.204312,-0.005239,-0.209551,0.457311,0.181991,-0.004666,-0.186658,0.488186,-3.147605,0.080708,3.228312,-0.469147,-0.462015,0.011847,0.473861,-0.035935,-0.528702,0.013556,0.542259,0.374763,-2.302816,0.059047,2.361862,-0.931353,-1.809026,0.046385,1.855412,0.865226,0.586585,-0.015041,-0.601626,-0.389990,0.268586,-0.006887,-0.275472,-0.164518,3.171545,-6.362450,-0.730915,0.000000,0.000000,0.000000,0.000000,0.000000,0.000000,-2.698696,7.056110,-1.136806,0.000061,0.000000,0.000000,225.308884,203.578280,1
2.250000,-0.005122,0.016801,0.239960,0.734719,-0.018839,-0.753558,-0.074135,-0.236353,0.006060,0.242413,-0.029046,1.382125,-0.035439,-1.417564,-0.528297,0.326056,-0.008360,-0.334417,0.339507,-0.001504,0.000039,0.001542,0.430400,-2.078255,0.053289,2.131544,-0.489600,-0.113545,0.002911,0.116457,-0.230031,-0.221039,0.005668,0.226706,0.098050,-2.067502,0.053013,2.120515,-0.641385,-1.161863,0.029791,1.191655,0.350044,0.290090,-0.007438,-0.297528,-0.285023,0.162480,-0.004166,-0.166646,-0.095867,2.720109,-5.095035,-0.653887,0.000000,0.000000,0.000000,0.000000,0.000000,0.000000,-2.407285,6.471090,-0.891754,0.000039,0.000000,0.000000,225.324471,203.573458,1
2.260000,-0.005150,0.016315,0.238609,0.734719,-0.018839,-0.753558,-0.098958,-0.236353,0.006060,0.242413,-0.017402,1.382125,-0.035439,-1.417564,-0.549036,0.326056,-0.008360,-0.334417,0.355081,-0.001504,0.000039,0.001542,0.566917,-2.078255,0.053289,2.131544,-0.728957,-0.113545,0.002911,0.116457,-0.267433,-0.221039,0.005668,0.226706,0.175984,-2.067502,0.053013,2.120515,-0.869509,-1.161863,0.029791,1.191655,0.365480,0.290090,-0.007438,-0.297528,-0.242019,0.162480,-0.004166,-0.166646,-0.046423,2.953889,-5.674327,-0.799774,0.000000,0.000000,0.000000,0.000000,0.000000,0.000000,-2.572650,7.097513,-1.023225,0.000050,0.000000,0.000000,225.374077,203.552030,1
2.264000,-0.005818,0.020243,0.242756,0.673955,-0.017281,-0.691236,-0.027235,-0.138154,0.003542,0.141697,-0.051404,2.114012,-0.054205,-2.168218,-0.784120,0.756375,-0.019394,-0.775770,0.037270,0.090949,-0.002332,-0.093281,0.479640,-1.197082,0.030694,1.227777,-0.752731,0.397929,-0.010203,-0.408132,-0.518882,0.300466,-0.007704,-0.308171,-0.004841,-1.953325,0.050085,2.003410,-0.601676,-1.019622,0.026144,1.045766,0.173088,-0.103973,0.002666,0.106639,-0.068198,0.123717,-0.003172,-0.126889,-0.022795,2.827757,-4.997397,-0.702469,0.000000,0.000000,0.000000,0.000000,0.000000,0.000000,-2.285447,6.888393,-1.106698,0.000043,0.000000,0.000000,225.391413,203.551623,1
2.274000,-0.005806,0.020157,0.241098,0.673955,-0.017281,-0.691236,-0.059775,-0.138154,0.003542,0.141697,-0.035821,2.114012,-0.054205,-2.168218,-0.875066,0.756375,-0.019394,-0.775770,0.044235,0.090949,-0.002332,-0.093281,0.643371,-1.197082,0.030694,1.227777,-1.082038,0.397929,-0.010203,-0.408132,-0.574784,0.300466,-0.007704,-0.308171,0.056205,-1.953325,0.050085,2.003410,-0.854858,-1.019622,0.026144,1.045766,0.170535,-0.103973,0.002666,0.106639,-0.037157,0.123717,-0.003172,-0.126889,-0.007451,3.145510,-5.652291,-0.842541,0.000000,0.000000,0.000000,0.000000,0.000000,0.000000,-2.487603,7.460123,-1.192701,0.000055,0.000000,0.000000,225.446556,203.543530,1
2.284000,-0.008240,0.021786,0.240759,0.816572,-0.020938,-0.837510,-0.121004,-0.078862,0.002022,0.080884,-0.029027,1.819951,-0.046665,-1.866617,-0.770664,0.360671,-0.009248,-0.369919,0.134013,-0.051695,0.001326,0.053021,0.775221,-1.289435,0.033062,1.322497,-1.278068,0.087124,-0.002234,-0.089358,-0.475310,-0.160992,0.004128,0.165120,0.277328,-1.425466,0.036550,1.462016,-1.210223,-1.156164,0.029645,1.185809,0.368881,0.091164,-0.002338,-0.093501,-0.111915,0.234860,-0.006022,-0.240882,-0.010236,2.968970,-6.208097,-0.745058,0.000000,0.000000,0.000000,0.000000,0.000000,0.000000,-2.619637,7.428854,-1.307953,0.000056,0.000000,0.000000,225.502868,203.529611,1
2.288000,-0.007288,0.023266,0.240788,0.678488,-0.017397,-0.695885,-0.020438,-0.046365,0.001189,0.047554,-0.035224,1.597532,-0.040962,-1.638495,-0.586004,0.471391,-0.012087,-0.483478,0.068636,-0.110672,0.002838,0.113510,0.703047,-1.161877,0.029792,1.191669,-1.040175,0.202593,-0.005195,-0.207787,-0.563646,-0.183397,0.004702,0.188100,0.227743,-1.396368,0.035804,1.432172,-1.030173,-1.091771,0.027994,1.119765,0.251976,0.227745,-0.005840,-0.233585,-0.158182,0.268720,-0.006890,-0.275610,-0.013621,2.809316,-5.704769,-0.563129,0.000000,0.000000,0.000000,0.000000,0.000000,0.000000,-2.431740,6.999214,-1.301729,0.000043,0.000000,0.000000,225.520015,203.524760,1
2.298000,-0.007587,0.023431,0.238583,0.678488,-0.017397,-0.695885,-0.028456,-0.046365,0.001189,0.047554,-0.026222,1.597532,-0.040962,-1.638495,-0.634325,0.471391,-0.012087,-0.483478,0.082368,-0.110672,0.002838,0.113510,0.861148,-1.161877,0.029792,1.191669,-1.365582,0.202593,-0.005195,-0.207787,-0.609044,-0.183397,0.004702,0.188100,0.278274,-1.396368,0.035804,1.432172,-1.267413,-1.091771,0.027994,1.119765,0.260221,0.227745,-0.005840,-0.233585,-0.153020,0.268720,-0.006890,-0.275610,-0.009233,3.005200,-6.302093,-0.693325,0.000000,0.000000,0.000000,0.000000,0.000000,0.000000,-2.576465,7.465745,-1.418754,0.000051,0.000000,0.000000,225.571505,203.506579,1
2.300000,-0.008777,0.024214,0.246295,0.960438,-0.024627,-0.985065,-0.151687,-0.029839,0.000765,0.030604,-0.047376,2.288685,-0.058684,-2.347369,-0.891418,0.466365,-0.011958,-0.478323,0.121849,-0.166359,0.004266,0.170624,0.743630,-1.246126,0.031952,1.278077,-1.149628,0.154473,-0.003961,-0.158434,-0.385610,-0.292859,0.007509,0.300368,0.297907,-1.482363,0.038009,1.520372,-0.978101,-1.271581,0.032605,1.304185,0.177158,0.408516,-0.010475,-0.418991,-0.206759,0.339062,-0.008694,-0.347756,-0.016920,3.003371,-6.114418,-0.458322,0.000000,0.000000,0.000000,0.000000,0.000000,0.000000,-2.511620,7.168008,-1.581653,0.000059,0.000000,0.000000,225.583223,203.506232,1
2.310000,-0.009096,0.024619,0.244164,0.960438,-0.024627,-0.985065,-0.198504,-0.029839,0.000765,0.030604,-0.033913,2.288685,-0.058684,-2.347369,-0.962158,0.466365,-0.011958,-0.478323,0.109578,-0.166359,0.004266,0.170624,0.888166,-1.246126,0.031952,1.278077,-1.456711,0.154473,-0.003961,-0.158434,-0.456256,-0.292859,0.007509,0.300368,0.360201,-1.482363,0.038009,1.520372,-1.229973,-1.271581,0.032605,1.304185,0.243226,0.408516,-0.010475,-0.418991,-0.223855,0.339062,-0.008694,-0.347756,-0.015930,3.181051,-6.669509,-0.560298,0.000000,0.000000,0.000000,0.000000,0.000000,0.000000,-2.684290,7.637761,-1.704729,0.000070,0.000000,0.000000,225.653102,203.500406,1
2.314000,-0.003731,0.018644,0.243359,0.513508,-0.013167,-0.526675,0.012965,-0.004518,0.000116,0.004634,-0.026996,1.463045,-0.037514,-1.500559,-0.144173,0.324100,-0.008310,-0.332410,0.202560,-0.360785,0.009251,0.370035,0.915323,-0.617424,0.015831,0.633256,-1.343315,0.102739,-0.002634,-0.105374,-0.323717,-0.310902,0.007972,0.318874,0.361763,-1.051157,0.026953,1.078110,-1.076481,-0.356272,0.009135,0.365407,-0.384019,0.062898,-0.001613,-0.064511,-0.013459,0.066349,-0.001701,-0.068050,0.015902,2.861038,-5.708434,-0.867462,0.000000,0.000000,0.000000,0.000000,0.000000,0.000000,-2.310373,7.221686,-1.143253,0.000029,0.000000,0.000000,225.664831,203.494320,1
2.324000,0.000716,0.011469,0.246444,0.220190,-0.005646,-0.225836,0.009145,-0.000719,0.000018,0.000738,-0.027778,0.793820,-0.020354,-0.814174,-0.293043,0.367558,-0.009425,-0.376982,0.485938,-0.550093,0.014105,0.564198,0.921352,-0.988950,0.025358,1.014308,-0.941466,0.086127,-0.002208,-0.088336,-0.218737,-0.617959,0.015845,0.633805,0.471371,-1.309132,0.033567,1.342699,-1.131960,-0.098839,0.002534,0.101373,-0.362690,0.173217,-0.004441,-0.177658,-0.130388,0.104257,-0.002673,-0.106930,0.007394,3.002716,-5.480999,-1.212135,0.000000,0.000000,0.000000,0.000000,0.000000,0.000000,-2.055554,7.653340,-0.839051,0.000038,0.000000,0.000000,225.702804,203.478340,1
2.326000,-0.007952,0.022354,0.235678,1.013074,-0.025976,-1.039051,-0.096694,-0.008317,0.000213,0.008530,-0.064335,2.453451,-0.062909,-2.516360,-0.762449,0.293174,-0.007517,-0.300691,0.254009,-0.096122,0.002465,0.098587,1.121108,-0.840398,0.021549,0.861947,-1.810259,0.043545,-0.001117,-0.044662,-0.457594,-0.211483,0.005423,0.216906,0.380561,-1.023569,0.026245,1.049814,-1.481976,-1.171892,0.030049,1.201941,-0.024876,0.435379,-0.011164,-0.446543,-0.147986,0.247598,-0.006349,-0.253946,-0.005954,3.235780,-6.735529,-0.792410,0.000000,0.000000,0.000000,0.000000,0.000000,0.000000,-2.658679,7.657269,-1.600579,0.000055,0.000000,0.000000,225.713850,203.476495,1
2.336000,-0.008255,0.022431,0.232686,1.013074,-0.025976,-1.039051,-0.155653,-0.008317,0.000213,0.008530,-0.052917,2.453451,-0.062909,-2.516360,-0.945886,0.293174,-0.007517,-0.300691,0.262011,-0.096122,0.002465,0.098587,1.234311,-0.840398,0.021549,0.861947,-2.051327,0.043545,-0.001117,-0.044662,-0.527687,-0.211483,0.005423,0.216906,0.394098,-1.023569,0.026245,1.049814,-1.677839,-1.171892,0.030049,1.201941,0.051786,0.435379,-0.011164,-0.446543,-0.202711,0.247598,-0.006349,-0.253946,-0.010255,3.345963,-7.073152,-0.874753,0.000000,0.000000,0.000000,0.000000,0.000000,0.000000,-2.767485,7.896999,-1.650983,0.000065,0.000000,0.000000,225.779219,203.469687,1
2.338000,-0.008080,0.022666,0.233087,1.087587,-0.027887,-1.115474,-0.164163,-0.007001,0.000180,0.007181,-0.055720,2.294043,-0.058822,-2.352864,-0.832048,0.310792,-0.007969,-0.318761,0.333049,-0.125727,0.003224,0.128951,1.197601,-1.049384,0.026907,1.076292,-1.922462,0.017503,-0.000449,-0.017952,-0.475706,-0.356780,0.009148,0.365928,0.402615,-1.101770,0.028251,1.130021,-1.670450,-1.286001,0.032974,1.318976,0.073881,0.637893,-0.016356,-0.654250,-0.264697,0.339191,-0.008697,-0.347888,-0.018550,3.278262,-7.094191,-0.848057,0.000000,0.000000,0.000000,0.000000,0.000000,0.000000,-2.677211,7.828478,-1.651232,0.000068,0.000000,0.000000,225.792802,203.467017,1
2.348000,-0.008546,0.022875,0.229802,1.075729,-0.027583,-1.103311,-0.214228,-0.006785,0.000174,0.006959,-0.053314,2.248756,-0.057660,-2.306416,-0.908219,0.325626,-0.008349,-0.333975,0.319983,-0.120031,0.003078,0.123109,1.289190,-1.046448,0.026832,1.073280,-2.116345,0.031418,-0.000806,-0.032224,-0.578871,-0.350491,0.008987,0.359478,0.397859,-1.100919,0.028229,1.129148,-1.845765,-1.296579,0.033246,1.329825,0.154974,0.648677,-0.016633,-0.665310,-0.317186,0.343891,-0.008818,-0.352708,-0.019288,3.345176,-7.342590,-0.912324,0.000000,0.000000,0.000000,0.000000,0.000000,0.000000,-2.769216,7.972967,-1.678878,0.000075,0.000000,0.000000,225.868184,203.453143,1
2.352000,-0.005654,0.024430,0.239893,-0.330595,0.008477,0.339072,0.487857,0.000057,-0.000001,-0.000058,-0.045876,-0.596599,0.015297,0.611896,0.382839,0.157875,-0.004048,-0.161923,0.270019,-0.608215,0.015595,0.623810,0.978359,-0.562109,0.014413,0.576522,-1.580742,-0.043891,0.001125,0.045016,-0.149689,-0.622440,0.015960,0.638400,0.461997,-0.851415,0.021831,0.873246,-1.209968,0.491482,-0.012602,-0.504084,-0.795406,-0.343763,0.008814,0.352578,0.106217,-0.203927,0.005229,0.209156,0.163706,2.773748,-5.963223,-0.712823,0.000000,0.000000,0.000000,0.000000,0.000000,0.000000,-2.390690,6.983529,-1.363308,0.000038,0.000000,0.000000,225.883368,203.452179,1
2.362000,-0.006979,0.025598,0.238611,-0.725934,0.018614,0.744548,0.714512,0.000313,-0.000008,-0.000321,-0.040992,-1.088884,0.027920,1.116804,0.430566,0.163551,-0.004194,-0.167745,0.229442,-0.774000,0.019846,0.793846,1.032521,-0.525825,0.013483,0.539307,-1.717881,-0.043590,0.001118,0.044708,-0.241606,-0.727893,0.018664,0.746557,0.482313,-0.928484,0.023807,0.952291,-1.371521,1.037879,-0.026612,-1.064491,-1.104837,-0.581136,0.014901,0.596037,0.140633,-0.336829,0.008637,0.345466,0.167721,2.821577,-6.248045,-0.784694,0.000000,0.000000,0.000000,0.000000,0.000000,0.000000,-2.515936,7.176924,-1.427180,0.000058,0.000000,0.000000,225.941290,203.464465,1
2.366000,-0.004676,0.021831,0.234727,0.316098,-0.008105,-0.324203,0.227116,-0.096392,0.002472,0.098864,-0.022194,0.863720,-0.022147,-0.885866,0.010525,-0.009377,0.000240,0.009618,0.313582,-0.436185,0.011184,0.447369,1.143042,-0.645351,0.016547,0.661899,-1.747304,-0.212555,0.005450,0.218005,-0.366854,-0.563928,0.014460,0.578388,0.452825,-0.722203,0.018518,0.740721,-1.484431,-0.027065,0.000694,0.027759,-0.521046,-0.169381,0.004343,0.173724,-0.010414,-0.096984,0.002487,0.099470,0.124276,2.881176,-6.316102,-0.992022,0.000000,0.000000,0.000000,0.000000,0.000000,0.000000,-2.636891,7.220586,-1.252205,0.000032,0.000000,0.000000,225.954195,203.457870,1
2.376000,-0.004777,0.021661,0.231631,0.316098,-0.008105,-0.324203,0.175047,-0.096392,0.002472,0.098864,-0.031731,0.863720,-0.022147,-0.885866,-0.147299,-0.009377,0.000240,0.009618,0.356568,-0.436185,0.011184,0.447369,1.284025,-0.645351,0.016547,0.661899,-1.995259,-0.212555,0.005450,0.218005,-0.401729,-0.563928,0.014460,0.578388,0.495996,-0.722203,0.018518,0.740721,-1.696046,-0.027065,0.000694,0.027759,-0.494359,-0.169381,0.004343,0.173724,-0.011237,-0.096984,0.002487,0.099470,0.076098,3.055538,-6.712514,-1.076541,0.000000,0.000000,0.000000,0.000000,0.000000,0.000000,-2.742251,7.588210,-1.348847,0.000037,0.000000,0.000000,225.991624,203.440497,1
2.378000,-0.021975,0.036157,0.230862,-1.224703,0.031403,1.256105,1.155932,0.309298,-0.007931,-0.317229,-0.135940,-0.309388,0.007933,0.317321,0.197617,-0.770317,0.019752,0.790068,0.716232,0.475965,-0.012204,-0.488169,0.645497,-2.771504,0.071064,2.842568,-1.502320,-0.120550,0.003091,0.123641,-0.249061,1.160913,-0.029767,-1.190680,-0.480953,-3.402068,0.087233,3.489301,-0.682403,0.111189,-0.002851,-0.114040,-1.101264,0.130425,-0.003344,-0.133769,-0.030744,-0.087886,0.002253,0.090139,0.140431,2.990943,-7.717349,-0.651507,0.276631,0.096772,-0.120674,0.000000,0.000000,0.000000,-2.517484,6.387464,-1.721109,0.000098,0.000000,0.000000,226.011296,203.432179,1
2.388000,-0.023140,0.037053,0.228456,-1.224703,0.031403,1.256105,1.326745,0.309298,-0.007931,-0.317229,-0.154396,-0.309388,0.007933,0.317321,0.167524,-0.770317,0.019752,0.790068,0.818010,0.475965,-0.012204,-0.488169,0.722336,-2.771504,0.071064,2.842568,-1.583577,-0.120550,0.003091,0.123641,-0.266461,1.160913,-0.029767,-1.190680,-0.504872,-3.402068,0.087233,3.489301,-0.725366,0.111189,-0.002851,-0.114040,-0.848643,0.130425,-0.003344,-0.133769,-0.052579,-0.087886,0.002253,0.090139,0.073975,2.992384,-7.845186,-0.663528,0.895096,0.382424,-0.345024,0.000000,0.000000,0.000000,-2.692863,6.771898,-1.858259,0.000105,0.000000,0.000000,226.116742,203.389265,1
2.390000,-0.008677,0.023243,0.230962,0.142034,-0.003642,-0.145676,0.978355,0.114320,-0.002931,-0.117251,-0.118439,2.343404,-0.060087,-2.403491,-0.488973,-0.603796,0.015482,0.619278,0.729354,0.689665,-0.017684,-0.707348,0.871641,-2.501037,0.064129,2.565166,-1.400091,0.012108,-0.000310,-0.012419,-0.517557,1.392172,-0.035697,-1.427869,-0.548125,-3.184318,0.081649,3.265967,-0.619622,0.202416,-0.005190,-0.207606,-1.112931,-0.063317,0.001624,0.064940,-0.005839,-0.148085,0.003797,0.151882,0.236672,2.866261,-7.209633,-1.299782,0.012050,0.004110,-0.004782,-0.000359,-0.001227,0.000518,-2.599248,7.082707,-1.306120,0.000091,0.000000,0.000000,226.134885,203.381910,1
2.400000,-0.009066,0.023082,0.228470,0.142034,-0.003642,-0.145676,0.790487,0.114320,-0.002931,-0.117251,-0.092110,2.343404,-0.060087,-2.403491,-0.775166,-0.603796,0.015482,0.619278,0.759511,0.689665,-0.017684,-0.707348,0.971393,-2.501037,0.064129,2.565166,-1.525174,0.012108,-0.000310,-0.012419,-0.590301,1.392172,-0.035697,-1.427869,-0.523935,-3.184318,0.081649,3.265967,-0.770748,0.202416,-0.005190,-0.207606,-1.009879,-0.063317,0.001624,0.064940,-0.012653,-0.148085,0.003797,0.151882,0.152077,2.953809,-7.416580,-1.344624,0.201783,0.072406,-0.076715,-0.013447,-0.094389,0.050571,-2.701240,7.562698,-1.463526,0.000106,0.000000,0.000000,226.240536,203.342908,1
2.406000,-0.008070,0.020126,0.227020,0.275389,-0.007061,-0.282450,0.654349,0.055043,-0.001411,-0.056454,-0.085937,2.767673,-0.070966,-2.838639,-1.015198,-0.505916,0.012972,0.518888,0.769269,0.741745,-0.019019,-0.760764,0.962319,-2.524052,0.064719,2.588772,-1.545575,0.079595,-0.002041,-0.081636,-0.643285,1.515062,-0.038848,-1.553910,-0.604352,-3.377470,0.086602,3.464072,-0.775093,0.058457,-0.001499,-0.059955,-0.964003,-0.061938,0.001588,0.063526,-0.022463,0.334075,-0.008566,-0.342641,0.096162,3.036421,-7.407845,-1.442609,0.236625,0.081743,-0.090178,-0.013836,-0.322710,0.195550,-2.691230,7.782897,-1.446797,0.000120,0.000000,0.000000,226.312372,203.323094,1
2.416000,-0.008483,0.019738,0.224257,0.275389,-0.007061,-0.282450,0.541774,0.055043,-0.001411,-0.056454,-0.100680,2.767673,-0.070966,-2.838639,-1.193066,-0.505916,0.012972,0.518888,0.813564,0.741745,-0.019019,-0.760764,1.051389,-2.524052,0.064719,2.588772,-1.640870,0.079595,-0.002041,-0.081636,-0.706408,1.515062,-0.038848,-1.553910,-0.581057,-3.377470,0.086602,3.464072,-0.937894,0.058457,-0.001499,-0.059955,-0.827792,-0.061938,0.001588,0.063526,-0.024031,0.334075,-0.008566,-0.342641,0.024425,3.065041,-7.493751,-1.484155,0.318272,0.321191,0.029345,0.000364,-0.716005,0.462818,-2.763282,8.108200,-1.542818,0.000133,0.000000,0.000000,226.445215,203.286746,1
2.420000,-0.013628,0.026464,0.222439,0.011894,-0.000305,-0.012199,0.444007,0.165147,-0.004235,-0.169381,-0.182623,1.765927,-0.045280,-1.811207,-0.772553,-0.443364,0.011368,0.454732,0.527093,0.688461,-0.017653,-0.706114,0.668746,-2.669288,0.068443,2.737731,-1.536379,0.168700,-0.004326,-0.173025,-0.933748,1.515812,-0.038867,-1.554679,-1.056583,-3.582280,0.091853,3.674133,-0.547828,0.287247,-0.007365,-0.294612,-0.905584,-0.045887,0.001177,0.047064,0.221986,-0.071600,0.001836,0.073436,-1.005368,2.480646,-7.607975,-1.602092,1.730809,4.811816,1.666856,-0.376696,-1.223224,0.520299,-2.829861,5.209830,-0.428389,0.000105,0.000000,0.000000,226.487302,203.274670,1
2.430000,-0.009634,0.022860,0.222590,0.060159,-0.001543,-0.061701,0.631569,0.131516,-0.003372,-0.134888,-0.180888,1.921775,-0.049276,-1.971052,-0.990329,-0.595571,0.015271,0.610843,0.904833,0.628480,-0.016115,-0.644595,1.035603,-2.740472,0.070269,2.810741,-1.460056,0.031233,-0.000801,-0.032034,-0.825151,1.392568,-0.035707,-1.428275,-0.692891,-3.518967,0.090230,3.609197,-0.844148,0.300612,-0.007708,-0.308320,-0.808633,-0.047632,0.001221,0.048853,-0.013690,-0.021265,0.000545,0.021810,0.023571,2.783785,-7.289744,-1.411315,2.846358,6.072485,1.741721,-0.046387,-3.061946,2.014496,-3.004974,7.359754,-1.137064,0.000117,0.000000,0.000000,226.603829,203.234043,1
2.434000,-0.009866,0.021572,0.223550,-0.091770,0.002353,0.094124,0.864671,0.267251,-0.006853,-0.274104,-0.186155,1.150467,-0.029499,-1.179966,-1.416495,-0.411206,0.010544,0.421749,0.813766,0.711342,-0.018240,-0.729581,0.897232,-2.694023,0.069078,2.763100,-1.202295,0.236494,-0.006064,-0.242558,-0.862336,1.638518,-0.042013,-1.680532,-0.741748,-3.722203,0.095441,3.817644,-0.777797,0.349733,-0.008968,-0.358700,-0.799360,-0.030858,0.000791,0.031649,-0.015866,-0.253276,0.006494,0.259770,0.049439,2.871764,-6.616273,-1.044018,2.398385,5.084805,1.607096,-1.911551,-4.493459,1.567747,-2.607223,7.024677,-1.253934,0.000108,0.000000,0.000000,226.647224,203.221866,1
2.444000,-0.010518,0.021475,0.221362,-0.091770,0.002353,0.094124,0.928402,0.267251,-0.006853,-0.274104,-0.065409,1.150467,-0.029499,-1.179966,-1.978512,-0.411206,0.010544,0.421749,0.811430,0.711342,-0.018240,-0.729581,0.891132,-2.694023,0.069078,2.763100,-1.231781,0.236494,-0.006064,-0.242558,-0.851538,1.638518,-0.042013,-1.680532,-0.809823,-3.722203,0.095441,3.817644,-0.757011,0.349733,-0.008968,-0.358700,-0.799085,-0.030858,0.000791,0.031649,0.274148,-0.253276,0.006494,0.259770,-0.513377,2.604934,-6.562060,-1.229318,2.685962,5.823046,1.896439,-2.119328,-4.789466,1.632525,-2.576333,6.425466,-0.996701,0.000117,0.000000,0.000000,226.764444,203.197544,1
2.450000,-0.012231,0.021379,0.220405,0.016717,-0.000429,-0.017146,0.879323,0.431159,-0.011055,-0.442214,-0.092946,0.092184,-0.002364,-0.094548,-1.843385,-0.503875,0.012920,0.516795,0.722511,0.500218,-0.012826,-0.513044,0.539847,-2.870005,0.073590,2.943595,-0.691222,0.202246,-0.005186,-0.207432,-0.779573,1.417976,-0.036358,-1.454335,-0.946110,-3.784448,0.097037,3.881485,-0.286181,0.305105,-0.007823,-0.312929,-0.734794,0.191511,-0.004911,-0.196421,0.478201,-1.331768,0.034148,1.365916,-0.834276,2.037353,-5.614503,-1.232929,2.855065,6.453861,2.239341,-1.988425,-5.015458,1.774549,-2.446618,5.145290,-0.507868,0.000070,0.000000,0.000000,226.806608,203.183657,1
2.460000,-0.013092,0.021378,0.219052,0.016717,-0.000429,-0.017146,0.846385,0.431159,-0.011055,-0.442214,-0.121927,0.092184,-0.002364,-0.094548,-1.936921,-0.503875,0.012920,0.516795,0.657289,0.500218,-0.012826,-0.513044,0.448805,-2.870005,0.073590,2.943595,-0.697422,0.202246,-0.005186,-0.207432,-0.764202,1.417976,-0.036358,-1.454335,-0.990726,-3.784448,0.097037,3.881485,-0.300520,0.305105,-0.007823,-0.312929,-0.746541,0.191511,-0.004911,-0.196421,0.440697,-1.331768,0.034148,1.365916,-0.981130,1.937609,-5.646973,-1.330658,2.702455,5.953962,2.046729,-1.981861,-4.940284,1.732389,-2.322812,4.964046,-0.530160,0.000073,0.000000,0.000000,226.879614,203.158845,1
2.468000,-0.009156,0.020238,0.234763,-0.041429,0.001062,0.042491,-0.400978,1.631010,-0.041821,-1.672831,-0.234391,-6.071559,0.155681,6.227240,0.529500,-0.135140,0.003465,0.138605,-0.201058,-0.212525,0.005449,0.217975,-0.458330,-3.470528,0.088988,3.559516,1.433899,0.749500,-0.019218,-0.768718,0.109091,1.076223,-0.027595,-1.103818,-0.610728,-4.702928,0.120588,4.823516,1.198751,0.524698,-0.013454,-0.538152,-0.002103,1.133144,-0.029055,-1.162199,-0.895519,-6.626552,0.169912,6.796464,0.982839,0.259232,-2.429567,-1.046571,2.918664,3.937638,0.723284,-3.371484,-5.841785,1.088585,-0.418080,3.789976,-1.621812,0.000232,0.000000,0.000000,227.065215,203.340787,1
2.478000,-0.009373,0.020122,0.236426,-0.041429,0.001062,0.042491,-0.351626,1.631010,-0.041821,-1.672831,-0.255111,-6.071559,0.155681,6.227240,0.594643,-0.135140,0.003465,0.138605,-0.193336,-0.212525,0.005449,0.217975,-0.464018,-3.470528,0.088988,3.559516,1.144699,0.749500,-0.019218,-0.768718,0.143150,1.076223,-0.027595,-1.103818,-0.503129,-4.702928,0.120588,4.823516,1.045054,0.524698,-0.013454,-0.538152,0.039268,1.133144,-0.029055,-1.162199,-0.896765,-6.626552,0.169912,6.796464,1.063159,0.267594,-2.122221,-0.883978,3.106045,4.350364,0.886262,-3.266417,-5.768409,1.127000,-0.595546,4.391759,-1.773147,0.000223,0.000000,0.000000,227.288640,203.558731,1
2.486000,-0.016997,0.021004,0.268613,-0.455268,0.011674,0.466941,-0.413463,1.809578,-0.046399,-1.855978,-1.274013,-4.878148,0.125081,5.003229,1.948675,-3.475397,0.089113,3.564510,5.182762,-8.036356,0.206060,8.242416,5.150789,2.403134,-0.061619,-2.464753,-1.260638,4.565833,-0.117073,-4.682905,-4.715173,-0.753037,0.019309,0.772346,0.326839,6.343533,-0.162655,-6.506188,-3.762332,0.227950,-0.005845,-0.233794,-0.564536,1.586513,-0.040680,-1.627192,-1.259306,-5.719474,0.146653,5.866127,2.331295,0.000000,0.000000,0.000000,1.247054,2.960935,0.766425,-2.532386,-2.662427,-0.277402,0.000000,0.000000,0.000000,0.001390,0.000000,0.000000,228.400734,204.667736,1
2.496000,-0.017702,0.020534,0.271626,-0.455268,0.011674,0.466941,-0.374776,1.809578,-0.046399,-1.855978,-1.002293,-4.878148,0.125081,5.003229,1.565269,-3.475397,0.089113,3.564510,4.744800,-8.036356,0.206060,8.242416,4.645129,2.403134,-0.061619,-2.464753,-1.056340,4.565833,-0.117073,-4.682905,-4.617655,-0.753037,0.019309,0.772346,0.245137,6.343533,-0.162655,-6.506188,-3.378580,0.227950,-0.005845,-0.233794,-0.473383,1.586513,-0.040680,-1.627192,-1.006197,-5.719474,0.146653,5.866127,1.913225,0.000000,0.000000,0.000000,2.077562,4.708161,1.150459,-2.986916,-3.573021,-0.130679,0.000000,0.000000,0.000000,0.001244,0.000000,0.000000,229.645098,205.908601,1
2.500000,-0.007868,0.026159,0.250978,-1.138375,0.029189,1.167565,-0.127598,1.168849,-0.029970,-1.198819,-0.048259,-2.281620,0.058503,2.340123,0.326147,1.547255,-0.039673,-1.586929,-0.496477,2.135175,-0.054748,-2.189923,-0.339123,-3.787008,0.097103,3.884111,1.763924,0.273848,-0.007022,-0.280869,0.553730,0.517379,-0.013266,-0.530645,-0.331214,2.566889,-0.065818,-2.632706,-1.162206,-0.916897,0.023510,0.940407,0.177679,0.661085,-0.016951,-0.678036,0.004126,-1.836564,0.047091,1.883655,-0.060168,0.000000,0.000000,0.000000,2.138936,5.982077,1.541282,-3.692691,-3.440336,-0.222403,0.000000,0.000000,0.000000,0.000130,0.000000,0.000000,229.697203,205.957340,1
2.510000,-0.008108,0.026340,0.250396,-1.138375,0.029189,1.167565,-0.057915,1.168849,-0.029970,-1.198819,0.102765,-2.281620,0.058503,2.340123,-0.041189,1.547255,-0.039673,-1.586929,-0.733137,2.135175,-0.054748,-2.189923,-0.661422,-3.787008,0.097103,3.884111,1.841261,0.273848,-0.007022,-0.280869,0.477484,0.517379,-0.013266,-0.530645,-0.337212,2.566889,-0.065818,-2.632706,-1.145130,-0.916897,0.023510,0.940407,0.279851,0.661085,-0.016951,-0.678036,0.074239,-1.836564,0.047091,1.883655,-0.356616,0.000000,0.000000,0.000000,2.532173,6.689142,1.629447,-3.714211,-4.269951,0.248516,0.000000,0.000000,0.000000,0.000144,0.000000,0.000000,229.840841,206.078111,1
2.514000,-0.009323,0.025731,0.261516,-1.280784,0.032841,1.313625,-0.204223,1.043044,-0.026745,-1.069789,0.204237,-0.158624,0.004067,0.162691,-0.055397,4.035887,-0.103484,-4.139371,-2.732607,3.090050,-0.079232,-3.169282,-1.786028,-5.881949,0.150819,6.032769,2.655455,0.358511,-0.009193,-0.367703,1.101460,1.861481,-0.047730,-1.909211,-0.808889,1.304265,-0.033443,-1.337708,-1.222929,-0.781631,0.020042,0.801673,0.223836,1.370185,-0.035133,-1.405318,0.135363,-1.411500,0.036192,1.447693,-0.399572,0.000000,0.000000,0.000000,2.576440,7.203414,1.722114,-3.693264,-2.373607,-0.830421,0.000000,0.000000,0.000000,0.000380,0.000000,0.000000,229.992924,206.216838,1
2.524000,-0.009548,0.025461,0.260134,-1.280784,0.032841,1.313625,-0.188692,1.043044,-0.026745,-1.069789,0.385469,-0.158624,0.004067,0.162691,-0.621567,4.035887,-0.103484,-4.139371,-3.068030,3.090050,-0.079232,-3.169282,-1.723768,-5.881949,0.150819,6.032769,2.778609,0.358511,-0.009193,-0.367703,0.776308,1.861481,-0.047730,-1.909211,-0.970458,1.304265,-0.033443,-1.337708,-0.789038,-0.781631,0.020042,0.801673,0.244684,1.370185,-0.035133,-1.405318,0.090330,-1.411500,0.036192,1.447693,-0.609548,0.000000,0.000000,0.000000,2.848706,7.463323,1.678915,-4.214198,-3.532135,-0.519329,0.000000,0.000000,0.000000,0.000401,0.000000,0.000000,230.393786,206.576576,1
2.528000,-0.010661,0.024581,0.242211,-0.373815,0.009585,0.383400,-0.198081,0.078062,-0.002002,-0.080063,0.674905,-1.118108,0.028669,1.146778,-1.086306,-1.416128,0.036311,1.452439,0.236324,-0.514768,0.013199,0.527967,-0.002644,2.197022,-0.056334,-2.253356,-0.582554,1.097628,-0.028144,-1.125773,0.004348,0.730385,-0.018728,-0.749113,-0.237990,0.501527,-0.012860,-0.514386,-0.049678,-0.066997,0.001718,0.068715,0.375367,0.031183,-0.000800,-0.031982,0.191939,-1.462543,0.037501,1.500044,-0.976734,0.000000,0.000000,0.000000,3.299609,6.777591,1.394614,-3.684583,-5.362570,0.604311,0.000000,0.000000,0.000000,0.000047,0.000000,0.000000,230.412741,206.572705,1
2.538000,-0.010956,0.024610,0.240094,-0.373815,0.009585,0.383400,-0.160363,0.078062,-0.002002,-0.080063,0.821366,-1.118108,0.028669,1.146778,-1.420290,-1.416128,0.036311,1.452439,0.414097,-0.514768,0.013199,0.527967,0.015267,2.197022,-0.056334,-2.253356,-0.801937,1.097628,-0.028144,-1.125773,-0.043661,0.730385,-0.018728,-0.749113,-0.323652,0.501527,-0.012860,-0.514386,-0.045817,-0.066997,0.001718,0.068715,0.462867,0.031183,-0.000800,-0.031982,0.232849,-1.462543,0.037501,1.500044,-1.216669,0.000000,0.000000,0.000000,3.529372,7.188515,1.471197,-3.947230,-5.921557,0.750573,0.000000,0.000000,0.000000,0.000064,0.000000,0.000000,230.476262,206.564455,1
2.540000,-0.007710,0.030802,0.241083,-0.368463,0.009448,0.377910,-0.218819,-0.166473,0.004269,0.170741,0.696475,-0.914110,0.023439,0.937549,-1.278990,-0.938651,0.024068,0.962719,0.061612,-0.302253,0.007750,0.310003,-0.047249,1.797951,-0.046101,-1.844053,-0.557953,0.751244,-0.019263,-0.770507,0.042495,0.430402,-0.011036,-0.441438,-0.223770,0.434843,-0.011150,-0.445993,-0.008383,-0.080721,0.002070,0.082791,0.235816,-0.136373,0.003497,0.139870,0.292236,-1.377810,0.035328,1.413139,-1.195072,0.000000,0.000000,0.000000,3.224909,7.132293,1.365025,-3.703594,-5.529189,0.756486,0.000000,0.000000,0.000000,0.000044,0.000000,0.000000,230.485038,206.561159,1
2.550000,-0.007793,0.031323,0.238697,-0.368463,0.009448,0.377910,-0.203047,-0.166473,0.004269,0.170741,0.835408,-0.914110,0.023439,0.937549,-1.592186,-0.938651,0.024068,0.962719,0.149379,-0.302253,0.007750,0.310003,-0.033466,1.797951,-0.046101,-1.844053,-0.679665,0.751244,-0.019263,-0.770507,0.007027,0.430402,-0.011036,-0.441438,-0.250118,0.434843,-0.011150,-0.445993,-0.017986,-0.080721,0.002070,0.082791,0.313448,-0.136373,0.003497,0.139870,0.324082,-1.377810,0.035328,1.413139,-1.420184,0.000000,0.000000,0.000000,3.427358,7.512880,1.412426,-3.939377,-6.012737,0.901373,0.000000,0.000000,0.000000,0.000053,0.000000,0.000000,230.538255,206.542532,1
2.554000,-0.004456,0.028007,0.242509,-0.305122,0.007824,0.312945,-0.062734,-0.109464,0.002807,0.112270,0.918923,-0.485451,0.012447,0.497899,-1.656854,-0.446531,0.011450,0.457980,-0.027060,-0.244056,0.006258,0.250314,-0.040020,1.761059,-0.045155,-1.806214,-0.576683,0.731033,-0.018744,-0.749777,0.084669,0.108475,-0.002781,-0.111257,-0.096970,-0.319093,0.008182,0.327275,0.184636,-0.096109,0.002464,0.098574,0.410163,0.211056,-0.005412,-0.216467,0.240906,-1.375238,0.035263,1.410500,-1.058081,0.000000,0.000000,0.000000,3.503910,7.301012,1.299663,-3.853314,-5.610024,0.847579,0.000000,0.000000,0.000000,0.000037,0.000000,0.000000,230.553181,206.537658,1
2.564000,-0.004286,0.028118,0.239967,-0.305122,0.007824,0.312945,-0.080209,-0.109464,0.002807,0.112270,1.055223,-0.485451,0.012447,0.497899,-1.949827,-0.446531,0.011450,0.457980,-0.003065,-0.244056,0.006258,0.250314,-0.029332,1.761059,-0.045155,-1.806214,-0.674796,0.731033,-0.018744,-0.749777,0.026380,0.108475,-0.002781,-0.111257,-0.103345,-0.319093,0.008182,0.327275,0.170121,-0.096109,0.002464,0.098574,0.458825,0.211056,-0.005412,-0.216467,0.274698,-1.375238,0.035263,1.410500,-1.268660,0.000000,0.000000,0.000000,3.694198,7.650331,1.349325,-4.080184,-6.026275,0.962936,0.000000,0.000000,0.000000,0.000043,0.000000,0.000000,230.596411,206.523421,1
2.566000,-0.005582,0.020870,0.253912,-0.221793,0.005687,0.227480,-0.086147,-0.599412,0.015370,0.614782,0.680188,-0.690371,0.017702,0.708072,-0.964077,0.666902,-0.017100,-0.684002,-0.724134,0.146011,-0.003744,-0.149755,-0.075986,-0.926813,0.023764,0.950577,0.361779,-0.015067,0.000386,0.015454,0.492536,0.044987,-0.001154,-0.046140,-0.045955,-0.411420,0.010549,0.421969,0.159616,0.001396,-0.000036,-0.001431,0.057046,-0.592005,0.015180,0.607185,0.489853,-1.044029,0.026770,1.070799,-0.785081,0.000000,0.000000,0.000000,3.077740,6.394408,1.253814,-3.424470,-4.861670,0.552735,0.000000,0.000000,0.000000,0.000032,0.000000,0.000000,230.602784,206.523622,1
2.576000,-0.005473,0.020708,0.251938,-0.221793,0.005687,0.227480,-0.087650,-0.599412,0.015370,0.614782,0.856083,-0.690371,0.017702,0.708072,-1.322372,0.666902,-0.017100,-0.684002,-0.760516,0.146011,-0.003744,-0.149755,-0.087748,-0.926813,0.023764,0.950577,0.391377,-0.015067,0.000386,0.015454,0.470588,0.044987,-0.001154,-0.046140,-0.048027,-0.411420,0.010549,0.421969,0.176154,0.001396,-0.000036,-0.001431,0.098434,-0.592005,0.015180,0.607185,0.592995,-1.044029,0.026770,1.070799,-1.090417,0.000000,0.000000,0.000000,3.419532,7.066522,1.382807,-3.802411,-5.544143,0.694982,0.000000,0.000000,0.000000,0.000040,0.000000,0.000000,230.642780,206.521137,1
2.578000,-0.009665,0.022944,0.233944,-0.202391,0.005190,0.207580,-0.285162,-0.188416,0.004831,0.193247,1.148929,-0.778943,0.019973,0.798916,-1.766524,-1.070058,0.027437,1.097495,0.138579,-0.165299,0.004238,0.169537,-0.056059,2.332399,-0.059805,-2.392204,-0.709171,0.144171,-0.003697,-0.147867,0.322154,0.005559,-0.000143,-0.005701,-0.049939,1.659442,-0.042550,-1.701991,-0.402167,-0.018475,0.000474,0.018949,0.563874,-0.279986,0.007179,0.287165,0.331383,-0.910315,0.023341,0.933657,-1.520708,0.000000,0.000000,0.000000,3.539422,7.069724,1.339735,-3.966236,-6.040067,0.889632,0.000000,0.000000,0.000000,0.000058,0.000000,0.000000,230.654397,206.520965,1
2.588000,-0.009893,0.023099,0.230850,-0.202391,0.005190,0.207580,-0.279393,-0.188416,0.004831,0.193247,1.262000,-0.778943,0.019973,0.798916,-1.994898,-1.070058,0.027437,1.097495,0.219495,-0.165299,0.004238,0.169537,-0.047827,2.332399,-0.059805,-2.392204,-0.890715,0.144171,-0.003697,-0.147867,0.358188,0.005559,-0.000143,-0.005701,-0.042361,1.659442,-0.042550,-1.701991,-0.541921,-0.018475,0.000474,0.018949,0.650603,-0.279986,0.007179,0.287165,0.356411,-0.910315,0.023341,0.933657,-1.737429,0.000000,0.000000,0.000000,3.675174,7.340481,1.402320,-4.120354,-6.355096,0.985048,0.000000,0.000000,0.000000,0.000070,0.000000,0.000000,230.724275,206.524143,1
2.590000,-0.011319,0.019258,0.235700,-0.130000,0.003333,0.133334,-0.230368,-0.331617,0.008503,0.340120,1.148450,-0.842602,0.021605,0.864207,-1.889519,-0.831206,0.021313,0.852519,0.001215,-0.118986,0.003051,0.122037,-0.039767,1.718709,-0.044069,-1.762778,-0.522924,0.305190,-0.007825,-0.313016,0.189397,0.005362,-0.000137,-0.005499,-0.027279,1.279436,-0.032806,-1.312242,-0.279703,0.087878,-0.002253,-0.090131,0.487327,-0.451870,0.011586,0.463456,0.390692,-0.973341,0.024957,0.998299,-1.555237,0.000000,0.000000,0.000000,3.539955,7.040689,1.509371,-3.923590,-6.427638,0.789539,0.000000,0.000000,0.000000,0.000052,0.000000,0.000000,230.734647,206.521218,1
2.600000,-0.011746,0.019117,0.232601,-0.130000,0.003333,0.133334,-0.236734,-0.331617,0.008503,0.340120,1.251851,-0.842602,0.021605,0.864207,-2.089484,-0.831206,0.021313,0.852519,0.035293,-0.118986,0.003051,0.122037,-0.033778,1.718709,-0.044069,-1.762778,-0.630855,0.305190,-0.007825,-0.313016,0.198236,0.005362,-0.000137,-0.005499,-0.028032,1.279436,-0.032806,-1.312242,-0.377998,0.087878,-0.002253,-0.090131,0.561557,-0.451870,0.011586,0.463456,0.415772,-0.973341,0.024957,0.998299,-1.754598,0.000000,0.000000,0.000000,3.669819,7.287566,1.583404,-4.068966,-6.716854,0.847298,0.000000,0.000000,0.000000,0.000060,0.000000,0.000000,230.794272,206.506728,1
2.604000,-0.010887,0.023583,0.229780,-0.087441,0.002242,0.089683,-0.361620,-0.281409,0.007216,0.288625,1.233298,-0.974172,0.024979,0.999150,-2.026515,-1.139639,0.029222,1.168860,0.216159,-0.100504,0.002577,0.103081,-0.051247,2.332169,-0.059799,-2.391968,-0.832090,0.528383,-0.013548,-0.541931,0.147635,0.006788,-0.000174,-0.006962,-0.041408,1.897785,-0.048661,-1.946446,-0.597164,0.141429,-0.003626,-0.145055,0.483874,-0.474530,0.012167,0.486697,0.422621,-0.998170,0.025594,1.023764,-1.791894,0.000000,0.000000,0.000000,3.765244,7.351584,1.460649,-4.227669,-6.562443,0.965630,0.000000,0.000000,0.000000,0.000080,0.000000,0.000000,230.826330,206.506409,1
2.614000,-0.011273,0.023774,0.226403,-0.087441,0.002242,0.089683,-0.385393,-0.281409,0.007216,0.288625,1.323020,-0.974172,0.024979,0.999150,-2.197874,-1.139639,0.029222,1.168860,0.270616,-0.100504,0.002577,0.103081,-0.038773,2.332169,-0.059799,-2.391968,-0.942669,0.528383,-0.013548,-0.541931,0.114559,0.006788,-0.000174,-0.006962,-0.034612,1.897785,-0.048661,-1.946446,-0.691784,0.141429,-0.003626,-0.145055,0.551711,-0.474530,0.012167,0.486697,0.425003,-0.998170,0.025594,1.023764,-1.961572,0.000000,0.000000,0.000000,3.856980,7.495198,1.491444,-4.341391,-6.770902,1.023406,0.000000,0.000000,0.000000,0.000089,0.000000,0.000000,230.915245,206.507626,1
2.618000,-0.008778,0.021530,0.232466,0.149735,-0.003839,-0.153574,-0.348458,-0.089204,0.002287,0.091492,1.172088,-1.798401,0.046113,1.844513,-1.832561,-0.365565,0.009373,0.374938,-0.078272,-0.049614,0.001272,0.050886,-0.036397,1.375374,-0.035266,-1.410640,-0.247750,-0.094877,0.002433,0.097309,0.551487,0.011322,-0.000290,-0.011612,-0.029029,1.040720,-0.026685,-1.067405,-0.065452,0.110951,-0.002845,-0.113795,0.485034,-0.134477,0.003448,0.137925,0.336271,-1.803789,0.046251,1.850040,-1.523277,0.000000,0.000000,0.000000,3.816427,7.587283,1.619196,-4.177026,-7.073610,1.116251,0.000000,0.000000,0.000000,0.000070,0.000000,0.000000,230.943105,206.485209,1
2.628000,-0.009068,0.021570,0.229450,0.149735,-0.003839,-0.153574,-0.380438,-0.089204,0.002287,0.091492,1.249165,-1.798401,0.046113,1.844513,-1.967847,-0.365565,0.009373,0.374938,-0.068696,-0.049614,0.001272,0.050886,-0.039255,1.375374,-0.035266,-1.410640,-0.407227,-0.094877,0.002433,0.097309,0.587000,0.011322,-0.000290,-0.011612,-0.032701,1.040720,-0.026685,-1.067405,-0.209613,0.110951,-0.002845,-0.113795,0.558642,-0.134477,0.003448,0.137925,0.303594,-1.803789,0.046251,1.850040,-1.632536,0.000000,0.000000,0.000000,3.878035,7.648849,1.627228,-4.285294,-7.242458,1.146773,0.000000,0.000000,0.000000,0.000078,0.000000,0.000000,231.021221,206.428499,1
2.630000,-0.007515,0.026716,0.228049,0.130011,-0.003334,-0.133345,-0.465939,0.087624,-0.002247,-0.089871,1.127548,-2.000902,0.051305,2.052207,-1.827128,-0.597376,0.015317,0.612694,-0.045425,-0.037261,0.000955,0.038217,-0.047429,1.773675,-0.045479,-1.819154,-0.533612,-0.155789,0.003995,0.159783,0.734218,0.011832,-0.000303,-0.012136,-0.036757,0.911799,-0.023379,-0.935178,-0.097490,-0.002556,0.000066,0.002621,0.517914,0.165853,-0.004253,-0.170106,0.141625,-2.124428,0.054473,2.178901,-1.473770,0.000000,0.000000,0.000000,3.760143,7.674850,1.445854,-4.286253,-7.022607,1.349501,0.000000,0.000000,0.000000,0.000084,0.000000,0.000000,231.037939,206.416754,1
2.640000,-0.008250,0.025597,0.225620,0.102349,-0.002624,-0.104973,-0.437403,0.108487,-0.002782,-0.111269,1.199828,-1.984816,0.050893,2.035709,-1.965523,-0.600099,0.015387,0.615486,-0.010955,-0.038004,0.000974,0.038979,-0.043442,1.858283,-0.047648,-1.905931,-0.658615,-0.088262,0.002263,0.090525,0.747129,0.011783,-0.000302,-0.012085,-0.034338,1.052847,-0.026996,-1.079843,-0.226558,-0.025644,0.000658,0.026302,0.643700,0.201617,-0.005170,-0.206787,0.103574,-2.140924,0.054895,2.195819,-1.568931,0.000000,0.000000,0.000000,3.846636,7.793381,1.533965,-4.383928,-7.219849,1.341165,0.000000,0.000000,0.000000,0.000092,0.000000,0.000000,231.130344,206.356965,1
2.644000,-0.008599,0.028124,0.225223,0.118807,-0.003046,-0.121853,-0.536504,0.227367,-0.005830,-0.233197,1.096369,-2.198175,0.056363,2.254538,-1.777243,-0.096520,0.002475,0.098995,-0.344782,-0.028507,0.000731,0.029238,-0.043009,1.720613,-0.044118,-1.764732,-0.586774,-0.009389,0.000241,0.009630,0.833702,0.014126,-0.000362,-0.014488,-0.044857,1.381898,-0.035433,-1.417332,-0.302824,-0.086303,0.002213,0.088516,0.616427,0.471175,-0.012081,-0.483256,-0.052436,-2.542202,0.065185,2.607386,-1.364254,0.006084,-0.092933,-0.045958,3.667916,7.347338,1.430831,-4.334431,-6.983104,1.249354,0.000000,0.000000,0.000000,0.000095,0.000000,0.000000,231.168239,206.332019,1
2.654000,-0.008897,0.028552,0.222111,0.118807,-0.003046,-0.121853,-0.578262,0.227367,-0.005830,-0.233197,1.169780,-2.198175,0.056363,2.254538,-1.852304,-0.096520,0.002475,0.098995,-0.334889,-0.028507,0.000731,0.029238,-0.047453,1.720613,-0.044118,-1.764732,-0.670865,-0.009389,0.000241,0.009630,0.768809,0.014126,-0.000362,-0.014488,-0.037239,1.381898,-0.035433,-1.417332,-0.409576,-0.086303,0.002213,0.088516,0.689155,0.471175,-0.012081,-0.483256,-0.054590,-2.542202,0.065185,2.607386,-1.484653,0.014867,-0.571287,-0.306060,3.763722,7.595886,1.504856,-4.391429,-7.043550,1.267815,-0.005032,0.014393,-0.004316,0.000103,0.000000,0.000000,231.271086,206.267776,1
2.656000,-0.006445,0.017868,0.232842,0.150740,-0.003865,-0.154606,-0.415926,0.322362,-0.008266,-0.330628,0.863229,-2.649992,0.067949,2.717941,-1.238547,0.952142,-0.024414,-0.976556,-1.328578,0.258382,-0.006625,-0.265008,-0.093085,-0.288710,0.007403,0.296112,0.285746,-0.803588,0.020605,0.824193,1.431014,0.015883,-0.000407,-0.016290,-0.049049,-0.390082,0.010002,0.400084,0.437116,-0.342096,0.008772,0.350868,0.793735,0.927613,-0.023785,-0.951398,-0.479813,-3.276217,0.084006,3.360223,-0.477572,0.000000,0.000000,0.000000,3.419102,6.138378,1.208563,-3.994744,-6.542233,0.909251,-0.558851,0.445455,0.159044,0.000088,0.000000,0.000000,231.288721,206.264386,1
2.666000,-0.006703,0.017637,0.230506,0.150740,-0.003865,-0.154606,-0.393469,0.322362,-0.008266,-0.330628,0.954096,-2.649992,0.067949,2.717941,-1.325134,0.952142,-0.024414,-0.976556,-1.300024,0.258382,-0.006625,-0.265008,-0.108663,-0.288710,0.007403,0.296112,0.202467,-0.803588,0.020605,0.824193,1.293823,0.015883,-0.000407,-0.016290,-0.049732,-0.390082,0.010002,0.400084,0.240791,-0.342096,0.008772,0.350868,0.911841,0.927613,-0.023785,-0.951398,-0.417034,-3.276217,0.084006,3.360223,-0.657018,0.000000,0.000000,0.000000,3.711341,6.684465,1.341118,-4.015928,-6.775583,1.020684,-1.021286,1.201971,0.096666,0.000094,0.000000,0.000000,231.382962,206.236131,1
2.670000,-0.006651,0.031831,0.222914,0.344574,-0.008835,-0.353409,-1.005266,0.485701,-0.012454,-0.498155,0.785507,-2.702213,0.069288,2.771500,-0.460672,0.627227,-0.016083,-0.643310,-1.149175,0.271173,-0.006953,-0.278126,0.280233,-0.078727,0.002019,0.080746,-1.645998,-0.734640,0.018837,0.753477,1.034957,0.020754,-0.000532,-0.021286,-0.033233,-0.115726,0.002967,0.118693,0.146390,-0.252862,0.006484,0.259346,0.458586,1.123478,-0.028807,-1.152285,-0.235814,-3.254189,0.083441,3.337629,-0.716872,1.332332,-4.507767,-1.196195,2.977120,7.113188,1.638295,-3.612503,-4.401880,0.328871,-0.772431,0.826218,0.109666,0.000066,0.000000,0.000000,231.409181,206.228177,1
2.680000,-0.006991,0.032113,0.221127,0.344574,-0.008835,-0.353409,-1.037256,0.485701,-0.012454,-0.498155,0.826897,-2.702213,0.069288,2.771500,-0.482904,0.627227,-0.016083,-0.643310,-1.207329,0.271173,-0.006953,-0.278126,0.288029,-0.078727,0.002019,0.080746,-1.714004,-0.734640,0.018837,0.753477,0.907009,0.020754,-0.000532,-0.021286,-0.022474,-0.115726,0.002967,0.118693,0.078162,-0.252862,0.006484,0.259346,0.469033,1.123478,-0.028807,-1.152285,-0.225787,-3.254189,0.083441,3.337629,-0.779641,1.364743,-4.516475,-1.177238,3.065853,7.230905,1.638813,-3.540928,-4.528763,0.459678,-1.681983,2.259397,-0.021254,0.000068,0.000000,0.000000,231.477073,206.204650,1
2.686000,-0.009796,0.022142,0.229399,0.179874,-0.004612,-0.184486,-0.647895,0.651614,-0.016708,-0.668322,0.495927,-2.655144,0.068081,2.723224,-0.731680,0.527825,-0.013534,-0.541359,-0.721551,1.157631,-0.029683,-1.187314,-0.176938,-2.283749,0.058558,2.342307,-1.128885,-0.885553,0.022706,0.908259,1.016810,0.003382,-0.000087,-0.003469,-0.017567,-0.043007,0.001103,0.044110,0.089509,-0.595706,0.015275,0.610980,0.801327,1.834250,-0.047032,-1.881282,-0.972538,-3.941616,0.101067,4.042683,0.018949,2.358133,-6.945446,-1.585704,2.828495,6.472344,1.716406,-3.887295,-4.647284,-0.047335,-0.214439,0.219040,0.037795,0.000090,0.000000,0.000000,231.531143,206.199103,1
2.696000,-0.010439,0.021847,0.228151,0.179874,-0.004612,-0.184486,-0.762414,0.651614,-0.016708,-0.668322,0.583488,-2.655144,0.068081,2.723224,-0.664684,0.527825,-0.013534,-0.541359,-0.834703,1.157631,-0.029683,-1.187314,-0.071395,-2.283749,0.058558,2.342307,-1.340683,-0.885553,0.022706,0.908259,0.960703,0.003382,-0.000087,-0.003469,-0.018142,-0.043007,0.001103,0.044110,0.053491,-0.595706,0.015275,0.610980,0.695047,1.834250,-0.047032,-1.881282,-0.776957,-3.941616,0.101067,4.042683,-0.163807,2.082307,-6.600390,-1.647815,2.919639,7.039130,2.010036,-3.758537,-4.485055,-0.071774,-0.538077,0.630005,0.054092,0.000094,0.000000,0.000000,231.625555,206.173463,1
2.702000,-0.011228,0.020795,0.223828,0.449950,-0.011537,-0.461487,-0.954915,0.364254,-0.009340,-0.373594,0.724907,-2.896511,0.074270,2.970781,-0.356092,0.777573,-0.019938,-0.797511,-1.112994,0.446949,-0.011460,-0.458409,-0.094736,-1.893074,0.048540,1.941615,-1.401402,-0.757606,0.019426,0.777032,0.816267,-0.000354,0.000009,0.000363,0.644088,0.014614,-0.000375,-0.014989,-0.693318,-0.272264,0.006981,0.279246,0.818557,1.209053,-0.031001,-1.240055,-0.806692,-3.640257,0.093340,3.733597,-0.296818,2.242880,-6.457851,-1.546844,2.963044,4.819194,0.698986,-2.982200,-4.692900,0.606468,-2.536091,7.586710,-2.164740,0.000084,0.000000,0.000000,231.675976,206.161989,1
2.712000,-0.012105,0.020582,0.222499,0.449950,-0.011537,-0.461487,-0.874624,0.364254,-0.009340,-0.373594,0.657432,-2.896511,0.074270,2.970781,-0.388978,0.777573,-0.019938,-0.797511,-1.072129,0.446949,-0.011460,-0.458409,-0.136281,-1.893074,0.048540,1.941615,-1.446802,-0.757606,0.019426,0.777032,0.821528,-0.000354,0.000009,0.000363,0.834739,0.014614,-0.000375,-0.014989,-1.126961,-0.272264,0.006981,0.279246,0.811204,1.209053,-0.031001,-1.240055,-0.854256,-3.640257,0.093340,3.733597,-0.312536,2.292648,-6.373056,-1.469989,2.807191,4.480449,0.624093,-2.848692,-4.807514,0.760109,-2.440011,7.232578,-2.071088,0.000086,0.000000,0.000000,231.762373,206.140843,1
2.718000,-0.008071,0.025014,0.221875,0.507275,-0.013007,-0.520282,-0.869274,0.251761,-0.006455,-0.258217,0.599326,-3.073913,0.078818,3.152731,-0.125313,0.757684,-0.019428,-0.777111,-1.013859,0.576732,-0.014788,-0.591520,-0.195924,-2.566696,0.065813,2.632508,-0.861215,-0.617252,0.015827,0.633079,0.567364,0.153917,-0.003947,-0.157863,0.769797,-1.207131,0.030952,1.238083,-0.756595,-0.256505,0.006577,0.263082,0.561953,1.092376,-0.028010,-1.120386,-0.553934,-3.741409,0.095934,3.837343,-0.289860,2.175381,-5.864020,-1.367073,2.381255,3.504760,0.199913,-2.577593,-4.662158,1.007794,-2.734932,8.070609,-2.340237,0.000075,0.000000,0.000000,231.807200,206.125820,1
2.728000,-0.008871,0.024690,0.221059,0.507275,-0.013007,-0.520282,-0.733378,0.251761,-0.006455,-0.258217,0.513213,-3.073913,0.078818,3.152731,-0.220502,0.757684,-0.019428,-0.777111,-0.890913,0.576732,-0.014788,-0.591520,-0.269195,-2.566696,0.065813,2.632508,-0.888016,-0.617252,0.015827,0.633079,0.632954,0.153917,-0.003947,-0.157863,0.787138,-1.207131,0.030952,1.238083,-1.018482,-0.256505,0.006577,0.263082,0.602257,1.092376,-0.028010,-1.120386,-0.732438,-3.741409,0.095934,3.837343,-0.116759,2.332154,-5.852730,-1.239101,2.210805,3.025200,0.050069,-2.471698,-4.755583,1.134565,-2.611585,7.664471,-2.223517,0.000076,0.000000,0.000000,231.883316,206.101962,1
2.732000,-0.015740,0.020709,0.223019,0.525066,-0.013463,-0.538529,-0.517509,0.156442,-0.004011,-0.160453,0.143096,-3.043850,0.078047,3.121897,0.033035,0.754985,-0.019359,-0.774344,-0.657852,0.625545,-0.016040,-0.641585,-0.366911,-2.731598,0.070041,2.801639,-0.797344,-0.632296,0.016213,0.648509,0.709468,0.189182,-0.004851,-0.194033,0.671629,-1.554854,0.039868,1.594722,-1.178334,-0.311690,0.007992,0.319682,0.641203,1.093620,-0.028042,-1.121662,-0.845543,-3.762339,0.096470,3.858809,-0.013428,2.341930,-5.878845,-1.113312,2.329930,3.815004,0.655535,-2.189386,-4.512828,1.027390,-2.554933,6.959616,-1.872062,0.000071,0.000000,0.000000,231.911549,206.095650,1
2.742000,-0.016923,0.020455,0.222285,0.525066,-0.013463,-0.538529,-0.508133,0.156442,-0.004011,-0.160453,0.125182,-3.043850,0.078047,3.121897,-0.077164,0.754985,-0.019359,-0.774344,-0.651431,0.625545,-0.016040,-0.641585,-0.412941,-2.731598,0.070041,2.801639,-0.793921,-0.632296,0.016213,0.648509,0.675824,0.189182,-0.004851,-0.194033,0.549630,-1.554854,0.039868,1.594722,-1.121943,-0.311690,0.007992,0.319682,0.594658,1.093620,-0.028042,-1.121662,-0.884152,-3.762339,0.096470,3.858809,-0.015911,2.378160,-5.845935,-1.064893,2.305699,3.941418,0.767492,-2.219688,-4.689564,1.097732,-2.498326,6.539448,-1.699403,0.000071,0.000000,0.000000,231.982605,206.077856,1
2.750000,-0.014619,0.019294,0.223138,0.574705,-0.014736,-0.589441,-0.497901,0.133627,-0.003426,-0.137054,0.157449,-3.134831,0.080380,3.215211,-0.147270,0.802413,-0.020575,-0.822988,-0.613023,0.570380,-0.014625,-0.585006,-0.340496,-2.741076,0.070284,2.811360,-0.759693,-0.593689,0.015223,0.608912,0.577517,0.185348,-0.004753,-0.190100,0.481021,-1.753989,0.044974,1.798963,-0.963166,-0.294610,0.007554,0.302164,0.506152,0.978927,-0.025101,-1.004027,-0.782565,-3.630913,0.093100,3.724013,-0.022174,2.420353,-5.704151,-1.048399,2.242431,3.961939,0.798185,-2.247930,-4.851613,1.131710,-2.466566,6.435155,-1.587240,0.000068,0.000000,0.000000,232.037206,206.059855,1
2.760000,-0.016487,0.019440,0.221758,0.564011,-0.014462,-0.578472,-0.509272,0.127380,-0.003266,-0.130646,0.146410,-3.144216,0.080621,3.224837,-0.185792,0.790842,-0.020278,-0.811120,-0.640750,0.557116,-0.014285,-0.571401,-0.397164,-2.749945,0.070511,2.820456,-0.760288,-0.596572,0.015297,0.611869,0.592270,0.177712,-0.004557,-0.182269,0.417514,-1.764116,0.045234,1.809350,-0.939561,-0.298032,0.007642,0.305673,0.509042,0.962877,-0.024689,-0.987566,-0.831746,-3.634140,0.093183,3.727323,-0.042431,2.450019,-5.718814,-1.017154,2.234550,4.018994,0.856500,-2.219675,-4.910222,1.176666,-2.509975,6.322975,-1.545971,0.000071,0.000000,0.000000,232.107981,206.036693,1
2.766000,-0.015019,0.019132,0.235419,1.098038,-0.028155,-1.126193,-0.265107,0.614157,-0.015748,-0.629905,-0.142730,-3.018864,0.077407,3.096270,2.188489,1.041304,-0.026700,-1.068004,0.220982,2.828805,-0.072533,-2.901339,-0.307707,-5.347182,0.137107,5.484289,0.099984,-0.249774,0.006404,0.256178,0.077061,1.834783,-0.047046,-1.881828,-0.611178,-5.555366,0.142445,5.697812,0.534134,-0.373307,0.009572,0.382879,1.115795,1.870950,-0.047973,-1.918923,-0.795507,-3.264227,0.083698,3.347925,1.908131,3.418033,-7.020868,-0.598790,0.000000,0.000000,0.000000,-0.137862,-0.535486,0.248271,-3.136922,7.103920,-1.211334,0.000214,0.000000,0.000000,232.236363,206.162243,1
2.776000,-0.015968,0.018815,0.235800,1.098038,-0.028155,-1.126193,-0.385781,0.614157,-0.015748,-0.629905,-0.240218,-3.018864,0.077407,3.096270,1.707702,1.041304,-0.026700,-1.068004,0.052722,2.828805,-0.072533,-2.901339,-0.295588,-5.347182,0.137107,5.484289,0.018713,-0.249774,0.006404,0.256178,-0.165680,1.834783,-0.047046,-1.881828,-0.591581,-5.555366,0.142445,5.697812,0.358135,-0.373307,0.009572,0.382879,0.576796,1.870950,-0.047973,-1.918923,-0.855917,-3.264227,0.083698,3.347925,1.770871,3.465395,-7.123491,-0.608485,0.000000,0.000000,0.000000,-0.228414,-0.949532,0.452259,-3.398321,7.862218,-1.389226,0.000179,0.000000,0.000000,232.415145,206.339049,1
2.784000,0.002578,0.008995,0.279832,7.210481,-0.184884,-7.395365,-7.806012,-5.548098,0.142259,5.690357,2.124655,9.846887,-0.252484,-10.099371,-5.227256,0.163017,-0.004180,-0.167197,1.473236,2.055579,-0.052707,-2.108287,-0.723566,-5.052423,0.129549,5.181972,1.768449,-0.879776,0.022558,0.902334,1.048586,1.639821,-0.042047,-1.681868,-1.144019,-6.075570,0.155784,6.231354,2.414704,-5.182769,0.132892,5.315661,4.536127,-0.059439,0.001524,0.060963,0.006019,7.071900,-0.181331,-7.253231,-3.598738,3.221502,-3.670734,0.296771,0.000000,0.000000,0.000000,0.000000,0.000000,0.000000,-1.709010,5.910985,-1.001074,0.002017,0.000000,0.000000,234.028574,207.948538,1
2.794000,0.003507,0.007812,0.282411,7.210481,-0.184884,-7.395365,-7.698839,-5.548098,0.142259,5.690357,2.331336,9.846887,-0.252484,-10.099371,-5.001282,0.163017,-0.004180,-0.167197,1.376363,2.055579,-0.052707,-2.108287,-0.464106,-5.052423,0.129549,5.181972,1.372437,-0.879776,0.022558,0.902334,0.924096,1.639821,-0.042047,-1.681868,-0.803072,-6.075570,0.155784,6.231354,1.750760,-5.182769,0.132892,5.315661,4.564698,-0.059439,0.001524,0.060963,-0.006119,7.071900,-0.181331,-7.253231,-3.490536,3.482977,-4.588366,0.027371,0.000000,0.000000,0.000000,0.000000,0.000000,0.000000,-2.179434,7.406608,-1.163865,0.001917,0.000000,0.000000,235.945661,209.861015,1
2.798000,-0.012852,0.018829,0.243178,1.046209,-0.026826,-1.073035,0.004092,0.126058,-0.003232,-0.129290,-0.334362,-0.437696,0.011223,0.448918,0.404304,0.648084,-0.016618,-0.664702,0.051857,0.835887,-0.021433,-0.857320,0.295264,-2.449453,0.062806,2.512259,-0.804257,0.196851,-0.005047,-0.201899,-0.270075,0.551759,-0.014148,-0.565907,0.042304,-2.663978,0.068307,2.732285,-0.729501,-0.435149,0.011158,0.446307,-0.024030,0.523928,-0.013434,-0.537362,-0.438815,0.144052,-0.003694,-0.147746,0.320473,2.986419,-6.458691,-0.867064,0.000000,0.000000,0.000000,0.000000,0.000000,0.000000,-2.788411,8.098142,-1.668793,0.000049,0.000000,0.000000,235.965272,209.845525,1
2.808000,-0.013285,0.018666,0.241508,1.046209,-0.026826,-1.073035,-0.099678,0.126058,-0.003232,-0.129290,-0.246255,-0.437696,0.011223,0.448918,0.267826,0.648084,-0.016618,-0.664702,0.042952,0.835887,-0.021433,-0.857320,0.414223,-2.449453,0.062806,2.512259,-1.086422,0.196851,-0.005047,-0.201899,-0.342791,0.551759,-0.014148,-0.565907,0.055336,-2.663978,0.068307,2.732285,-0.934585,-0.435149,0.011158,0.446307,-0.070126,0.523928,-0.013434,-0.537362,-0.381236,0.144052,-0.003694,-0.147746,0.174082,3.351748,-6.987377,-0.857452,0.000000,0.000000,0.000000,0.000000,0.000000,0.000000,-2.935650,8.327708,-1.671200,0.000063,0.000000,0.000000,236.028153,209.793306,1
2.812000,-0.004725,0.015340,0.240024,0.450402,-0.011549,-0.461951,0.153158,-0.322954,0.008281,0.331235,-0.028736,3.363116,-0.086234,-3.449350,-0.852878,0.172261,-0.004417,-0.176678,0.226127,0.060811,-0.001559,-0.062370,0.839236,-0.029419,0.000754,0.030173,-1.808103,0.139861,-0.003586,-0.143447,-0.356493,0.864179,-0.022158,-0.886337,0.004165,-1.601995,0.041077,1.643072,-1.051870,-1.063187,0.027261,1.090448,-0.159736,-0.375110,0.009618,0.384729,-0.023371,-0.015616,0.000400,0.016017,0.247322,2.972601,-5.670812,-0.987682,0.000000,0.000000,0.000000,0.000000,0.000000,0.000000,-2.619416,7.945264,-1.187290,0.000051,0.000000,0.000000,236.048710,209.796725,1
2.822000,-0.004529,0.014729,0.237292,0.450402,-0.011549,-0.461951,0.074684,-0.322954,0.008281,0.331235,-0.031860,3.363116,-0.086234,-3.449350,-1.243615,0.172261,-0.004417,-0.176678,0.286098,0.060811,-0.001559,-0.062370,0.957540,-0.029419,0.000754,0.030173,-2.103818,0.139861,-0.003586,-0.143447,-0.367291,0.864179,-0.022158,-0.886337,-0.003203,-1.601995,0.041077,1.643072,-1.238320,-1.063187,0.027261,1.090448,-0.030822,-0.375110,0.009618,0.384729,-0.018194,-0.015616,0.000400,0.016017,0.134808,3.215149,-6.152069,-1.108734,0.000000,0.000000,0.000000,0.000000,0.000000,0.000000,-2.714686,8.140022,-1.180264,0.000066,0.000000,0.000000,236.115124,209.817258,1
2.828000,-0.002740,0.014755,0.235762,0.592906,-0.015203,-0.608109,0.094889,-0.243684,0.006248,0.249932,-0.033163,3.202438,-0.082114,-3.284552,-0.951432,0.413114,-0.010593,-0.423706,0.229451,-0.062436,0.001601,0.064037,0.989767,-0.246737,0.006327,0.253063,-1.953814,0.262913,-0.006741,-0.269654,-0.425449,0.486295,-0.012469,-0.498764,0.099773,-1.478201,0.037903,1.516104,-1.252467,-0.636071,0.016310,0.652380,-0.055094,-0.225968,0.005794,0.231762,-0.023253,0.001180,-0.000030,-0.001211,0.122051,3.208682,-6.239060,-0.855315,0.000000,0.000000,0.000000,0.000000,0.000000,0.000000,-2.550783,7.900908,-1.464677,0.000060,0.000000,0.000000,236.150829,209.821190,1
2.838000,-0.002668,0.014338,0.232791,0.592906,-0.015203,-0.608109,0.017488,-0.243684,0.006248,0.249932,-0.045657,3.202438,-0.082114,-3.284552,-1.242908,0.413114,-0.010593,-0.423706,0.233636,-0.062436,0.001601,0.064037,1.102386,-0.246737,0.006327,0.253063,-2.219627,0.262913,-0.006741,-0.269654,-0.499631,0.486295,-0.012469,-0.498764,0.100279,-1.478201,0.037903,1.516104,-1.446696,-0.636071,0.016310,0.652380,-0.039372,-0.225968,0.005794,0.231762,-0.014607,0.001180,-0.000030,-0.001211,0.070281,3.345747,-6.601227,-0.965090,0.000000,0.000000,0.000000,0.000000,0.000000,0.000000,-2.673604,8.148366,-1.476008,0.000072,0.000000,0.000000,236.223259,209.834515,1
2.840000,-0.001548,0.011950,0.237095,0.999044,-0.025617,-1.024661,-0.097502,-0.224290,0.005751,0.230041,-0.053595,3.654528,-0.093706,-3.748234,-1.337964,0.467256,-0.011981,-0.479237,0.267153,-0.021058,0.000540,0.021598,1.100418,-0.670471,0.017192,0.687663,-2.106670,0.319221,-0.008185,-0.327406,-0.353137,0.339675,-0.008710,-0.348384,0.257518,-1.554342,0.039855,1.594197,-1.399348,-0.316774,0.008122,0.324896,-0.346569,-0.324077,0.008310,0.332386,-0.012020,0.141715,-0.003634,-0.145349,0.058441,3.515226,-6.729971,-1.060628,0.000000,0.000000,0.000000,0.000000,0.000000,0.000000,-2.740363,8.582240,-1.285242,0.000093,0.000000,0.000000,236.241837,209.836954,1
2.850000,-0.001302,0.011311,0.234017,0.999044,-0.025617,-1.024661,-0.175863,-0.224290,0.005751,0.230041,-0.046331,3.654528,-0.093706,-3.748234,-1.547683,0.467256,-0.011981,-0.479237,0.249433,-0.021058,0.000540,0.021598,1.183295,-0.670471,0.017192,0.687663,-2.302620,0.319221,-0.008185,-0.327406,-0.457090,0.339675,-0.008710,-0.348384,0.249111,-1.554342,0.039855,1.594197,-1.558339,-0.316774,0.008122,0.324896,-0.364461,-0.324077,0.008310,0.332386,-0.006495,0.141715,-0.003634,-0.145349,0.032665,3.592040,-6.952302,-1.159069,0.000000,0.000000,0.000000,0.000000,0.000000,0.000000,-2.838317,8.739592,-1.254657,0.000106,0.000000,0.000000,236.347502,209.854419,1
2.854000,-0.011181,0.022382,0.228993,0.823838,-0.021124,-0.844962,-0.059278,-0.202320,0.005188,0.207508,-0.041090,3.208645,-0.082273,-3.290918,-1.379918,0.433962,-0.011127,-0.445089,0.260124,-0.097279,0.002494,0.099773,1.185096,-0.609428,0.015626,0.625054,-2.259004,0.266584,-0.006835,-0.273419,-0.637406,0.232772,-0.005969,-0.238740,0.145337,-1.453389,0.037266,1.490655,-1.645870,-0.217473,0.005576,0.223049,-0.396564,-0.197895,0.005074,0.202969,-0.011883,0.058400,-0.001497,-0.059898,0.048166,3.422420,-6.995135,-0.819691,-0.000132,0.000259,0.000249,0.000000,0.000000,0.000000,-2.795720,8.027408,-1.693427,0.000090,0.000000,0.000000,236.383510,209.857481,1
2.864000,-0.011643,0.022379,0.225551,0.823838,-0.021124,-0.844962,-0.079578,-0.202320,0.005188,0.207508,-0.026431,3.208645,-0.082273,-3.290918,-1.438386,0.433962,-0.011127,-0.445089,0.273575,-0.097279,0.002494,0.099773,1.261539,-0.609428,0.015626,0.625054,-2.422972,0.266584,-0.006835,-0.273419,-0.724137,0.232772,-0.005969,-0.238740,0.119305,-1.453389,0.037266,1.490655,-1.784086,-0.217473,0.005576,0.223049,-0.394179,-0.197895,0.005074,0.202969,-0.008745,0.058400,-0.001497,-0.059898,0.029991,3.481462,-7.182964,-0.873266,-0.014913,0.030672,0.028801,0.000000,0.000000,0.000000,-2.871985,8.095229,-1.688423,0.000095,0.000000,0.000000,236.478969,209.864516,1
2.868000,-0.006328,0.017995,0.228168,0.907971,-0.023281,-0.931253,-0.067427,-0.162157,0.004158,0.166315,-0.041520,2.937954,-0.075332,-3.013286,-1.198984,0.443578,-0.011374,-0.454951,0.503925,0.094197,-0.002415,-0.096612,1.273170,-1.411066,0.036181,1.447248,-2.087931,0.305528,-0.007834,-0.313362,-0.520976,0.271249,-0.006955,-0.278204,0.212877,-1.972177,0.050569,2.022745,-1.635313,-1.177463,0.030191,1.207654,-0.147721,-0.080046,0.002052,0.082098,-0.041949,-0.342798,0.008790,0.351588,0.142071,3.704398,-7.406504,-1.053703,0.000000,0.000000,0.000000,0.000000,0.000000,0.000000,-2.640970,8.766150,-1.769611,0.000108,0.000000,0.000000,236.522244,209.852353,1
2.878000,-0.006488,0.017596,0.224851,0.907971,-0.023281,-0.931253,-0.110562,-0.162157,0.004158,0.166315,-0.029687,2.937954,-0.075332,-3.013286,-1.280546,0.443578,-0.011374,-0.454951,0.515242,0.094197,-0.002415,-0.096612,1.332183,-1.411066,0.036181,1.447248,-2.198203,0.305528,-0.007834,-0.313362,-0.618658,0.271249,-0.006955,-0.278204,0.172001,-1.972177,0.050569,2.022745,-1.741582,-1.177463,0.030191,1.207654,-0.034042,-0.080046,0.002052,0.082098,-0.046849,-0.342798,0.008790,0.351588,0.171452,3.700051,-7.497257,-1.128102,0.000000,0.000000,0.000000,0.000000,0.000000,0.000000,-2.724839,8.767339,-1.703625,0.000114,0.000000,0.000000,236.636051,209.822861,1
2.882000,-0.014151,0.031503,0.235563,-0.679151,0.017414,0.696566,0.885686,-0.078994,0.002025,0.081020,-0.019835,0.101948,-0.002614,-0.104563,0.027570,0.086765,-0.002225,-0.088990,0.731648,0.107568,-0.002758,-0.110326,1.062258,-1.884001,0.048308,1.932308,-1.685206,0.245745,-0.006301,-0.252046,-0.208250,0.578892,-0.014843,-0.593735,0.006617,-2.615174,0.067056,2.682230,-1.080597,-0.604229,0.015493,0.619722,-0.542555,0.079244,-0.002032,-0.081276,-0.028888,-1.526275,0.039135,1.565410,0.693601,3.524535,-7.374874,-0.412822,0.000000,0.000000,0.000000,0.000000,0.000000,0.000000,-2.402176,7.608649,-2.346183,0.000084,0.000000,0.000000,236.669808,209.803164,1
2.892000,-0.015183,0.032385,0.234593,-0.663142,0.017004,0.680146,0.875336,-0.080082,0.002053,0.082136,-0.012672,0.408946,-0.010486,-0.419431,-0.048498,0.040643,-0.001042,-0.041685,0.723275,0.090109,-0.002310,-0.092420,1.103544,-1.882905,0.048280,1.931184,-1.745283,0.194363,-0.004984,-0.199346,-0.304929,0.580454,-0.014883,-0.595337,-0.018456,-2.656015,0.068103,2.724117,-1.147365,-0.600297,0.015392,0.615690,-0.378236,0.059982,-0.001538,-0.061520,-0.055599,-1.802047,0.046206,1.848254,0.861620,3.474835,-7.497717,-0.458878,0.000000,0.000000,0.000000,0.000000,0.000000,0.000000,-2.543163,7.613117,-2.301042,0.000091,0.000000,0.000000,236.761263,209.757377,1
2.896000,-0.018232,0.030521,0.230854,-0.441617,0.011324,0.452941,0.864719,0.164943,-0.004229,-0.169172,-0.068529,0.688398,-0.017651,-0.706050,-0.059037,0.151955,-0.003896,-0.155852,0.421286,0.508959,-0.013050,-0.522010,0.684403,-2.517325,0.064547,2.581872,-1.360733,0.546878,-0.014023,-0.560901,-0.678045,1.128323,-0.028931,-1.157254,-0.510396,-3.272390,0.083907,3.356297,-0.696694,0.582152,-0.014927,-0.597079,-1.136646,-0.015511,0.000398,0.015909,-0.012337,-0.388433,0.009960,0.398393,0.349190,3.044627,-7.211920,-0.609784,0.054386,0.010479,-0.025061,0.000000,0.000000,0.000000,-2.408399,6.820633,-1.661150,0.000085,0.000000,0.000000,236.795296,209.741213,1
2.906000,-0.019237,0.031083,0.228474,-0.448193,0.011492,0.459685,0.824020,0.166202,-0.004262,-0.170464,-0.083902,0.681495,-0.017474,-0.698969,-0.120906,0.157809,-0.004046,-0.161856,0.386216,0.512896,-0.013151,-0.526047,0.753065,-2.513542,0.064450,2.577992,-1.465468,0.551795,-0.014149,-0.565944,-0.807017,1.135521,-0.029116,-1.164637,-0.497596,-3.275856,0.083996,3.359852,-0.839448,0.584006,-0.014975,-0.598980,-1.138977,-0.015527,0.000398,0.015925,-0.019907,-0.392570,0.010066,0.402636,0.265518,3.078344,-7.432437,-0.652319,0.322882,0.061470,-0.144163,0.000000,0.000000,0.000000,-2.556050,7.269173,-1.816044,0.000094,0.000000,0.000000,236.888899,209.693669,1
2.908000,-0.009303,0.023680,0.228099,-0.101564,0.002604,0.104168,0.658972,0.194874,-0.004997,-0.199871,-0.070455,1.039143,-0.026645,-1.065788,-0.216507,-0.214209,0.005493,0.219701,0.637216,0.471530,-0.012091,-0.483621,0.925224,-2.611719,0.066967,2.678687,-1.301053,0.274035,-0.007027,-0.281061,-0.814152,1.021865,-0.026202,-1.048067,-0.549406,-3.116660,0.079914,3.196575,-0.735010,0.331470,-0.008499,-0.339969,-1.012167,-0.006657,0.000171,0.006828,-0.034792,0.014359,-0.000368,-0.014727,0.125485,3.000905,-7.065237,-1.109517,0.455817,0.567453,0.084679,0.000000,0.000000,0.000000,-2.624262,6.766276,-1.264351,0.000079,0.000000,0.000000,236.904672,209.684305,1
2.918000,-0.009760,0.023621,0.225454,-0.101564,0.002604,0.104168,0.593018,0.194874,-0.004997,-0.199871,-0.097607,1.039143,-0.026645,-1.065788,-0.290644,-0.214209,0.005493,0.219701,0.646897,0.471530,-0.012091,-0.483621,1.014572,-2.611719,0.066967,2.678687,-1.401280,0.274035,-0.007027,-0.281061,-0.902495,1.021865,-0.026202,-1.048067,-0.517085,-3.116660,0.079914,3.196575,-0.907294,0.331470,-0.008499,-0.339969,-0.907811,-0.006657,0.000171,0.006828,-0.022685,0.014359,-0.000368,-0.014727,0.064809,3.005464,-7.302347,-1.226628,0.633061,1.362748,0.491422,-0.002211,-0.006337,0.002670,-2.753459,7.092815,-1.334122,0.000088,0.000000,0.000000,236.992502,209.629223,1
2.924000,-0.006621,0.017322,0.224181,-0.247271,0.006340,0.253611,0.783931,0.290628,-0.007452,-0.298080,-0.349371,0.657143,-0.016850,-0.673993,-0.626311,-0.279348,0.007163,0.286511,0.764734,0.575828,-0.014765,-0.590593,0.940319,-2.670223,0.068467,2.738690,-1.218379,0.286230,-0.007339,-0.293569,-0.800539,1.242898,-0.031869,-1.274768,-0.577219,-3.293235,0.084442,3.377677,-0.687665,0.489820,-0.012559,-0.502380,-1.074354,-0.002692,0.000069,0.002761,-0.023143,0.109378,-0.002805,-0.112183,0.058405,3.182658,-6.509314,-0.939625,0.490089,0.436904,-0.037728,-2.667293,-4.818674,1.157190,-2.470485,7.672962,-1.433133,0.000087,0.000000,0.000000,237.044559,209.606623,1
2.934000,-0.007550,0.016903,0.223318,-0.281038,0.007206,0.288244,1.254957,0.255157,-0.006542,-0.261700,0.357869,0.594244,-0.015237,-0.609481,-1.847731,-0.480025,0.012308,0.492333,1.115257,0.414640,-0.010632,-0.425272,0.969345,-2.851713,0.073121,2.924834,-0.752430,0.099332,-0.002547,-0.101879,-0.415683,0.947261,-0.024289,-0.971550,-0.261496,-3.214305,0.082418,3.296723,-0.753100,0.544956,-0.013973,-0.558929,-0.995280,-0.005388,0.000138,0.005526,-0.020994,0.089670,-0.002299,-0.091969,0.034594,2.943757,-5.603077,-0.636779,0.232039,0.171921,-0.031086,-1.517704,-3.840106,1.339833,-2.146555,7.740561,-1.739101,0.000081,0.000000,0.000000,237.125383,209.583593,1
2.940000,-0.007805,0.017984,0.223525,-0.210406,0.005395,0.215801,0.909302,0.756931,-0.019408,-0.776340,0.080524,-0.425143,0.010901,0.436044,-1.841812,-0.109610,0.002811,0.112420,0.759355,0.741219,-0.019006,-0.760224,0.747593,-2.574010,0.066000,2.640010,-0.809621,0.530541,-0.013604,-0.544145,-0.751313,1.708309,-0.043803,-1.752112,-0.589623,-3.641556,0.093373,3.734929,-0.624840,0.621931,-0.015947,-0.637878,-0.859632,-0.002297,0.000059,0.002356,-0.013927,0.047719,-0.001224,-0.048943,0.044378,3.118802,-5.322122,-0.422934,0.508933,0.564458,0.039221,-2.448860,-5.411711,1.595734,-2.083619,7.467546,-1.685949,0.000082,0.000000,0.000000,237.174458,209.561780,1
2.950000,-0.008329,0.017982,0.221735,-0.210406,0.005395,0.215801,1.015060,0.756931,-0.019408,-0.776340,0.134940,-0.425143,0.010901,0.436044,-1.981487,-0.109610,0.002811,0.112420,0.822970,0.741219,-0.019006,-0.760224,0.789749,-2.574010,0.066000,2.640010,-0.780990,0.530541,-0.013604,-0.544145,-0.716534,1.708309,-0.043803,-1.752112,-0.560913,-3.641556,0.093373,3.734929,-0.644733,0.621931,-0.015947,-0.637878,-0.799830,-0.002297,0.000059,0.002356,-0.007836,0.047719,-0.001224,-0.048943,0.024357,3.003708,-5.236458,-0.457570,0.909628,1.181077,0.198816,-2.281101,-5.188633,1.588332,-2.082962,7.606017,-1.766073,0.000082,0.000000,0.000000,237.256804,209.523322,1
2.956000,-0.013360,0.024982,0.224332,-0.621799,0.015944,0.637742,1.099875,0.428731,-0.010993,-0.439724,-0.228938,-1.752756,0.044942,1.797698,-1.355527,-0.546046,0.014001,0.560047,0.951303,0.200890,-0.005151,-0.206041,0.260973,-3.009116,0.077157,3.086273,0.088970,0.301478,-0.007730,-0.309209,-0.666930,1.063850,-0.027278,-1.091128,-1.190865,-3.584100,0.091900,3.676001,0.235371,0.354030,-0.009078,-0.363108,-0.690903,0.563079,-0.014438,-0.577517,0.770790,-2.868044,0.073540,2.941583,-1.063726,1.687973,-4.483769,-0.805437,3.701751,8.330854,2.765286,-2.986175,-5.794829,1.593814,-1.899941,2.471438,0.289127,0.000103,0.000000,0.000000,237.318580,209.512321,1
2.966000,-0.014163,0.025034,0.223765,-0.621799,0.015944,0.637742,0.981584,0.428731,-0.010993,-0.439724,-0.244358,-1.752756,0.044942,1.797698,-1.374545,-0.546046,0.014001,0.560047,0.815069,0.200890,-0.005151,-0.206041,0.206884,-3.009116,0.077157,3.086273,-0.000900,0.301478,-0.007730,-0.309209,-0.648490,1.063850,-0.027278,-1.091128,-1.165425,-3.584100,0.091900,3.676001,0.173964,0.354030,-0.009078,-0.363108,-0.696983,0.563079,-0.014438,-0.577517,0.596927,-2.868044,0.073540,2.941583,-0.970401,1.591176,-4.638421,-0.952585,3.504480,7.581237,2.444724,-3.020758,-5.599907,1.431983,-1.817399,2.679857,0.108822,0.000093,0.000000,0.000000,237.411283,209.490710,1
2.974000,-0.016198,0.025819,0.227101,-0.601845,0.015432,0.617277,0.664066,0.681857,-0.017484,-0.699341,-0.140972,-2.446076,0.062720,2.508796,-1.097303,-0.551637,0.014145,0.565782,0.571076,0.139620,-0.003580,-0.143200,0.039479,-3.069874,0.078715,3.148588,-0.122031,0.353206,-0.009057,-0.362263,-0.325689,1.084422,-0.027806,-1.112228,-0.953476,-3.705104,0.095003,3.800107,0.336269,0.381427,-0.009780,-0.391207,-0.356210,0.669106,-0.017157,-0.686262,0.178739,-3.489308,0.089469,3.578777,-0.528706,1.162227,-4.052109,-0.983934,3.440109,6.818745,1.830965,-3.107149,-5.506924,1.239034,-1.551585,3.505191,-0.543099,0.000086,0.000000,0.000000,237.479962,209.476868,1
2.984000,-0.016924,0.025733,0.226731,-0.601845,0.015432,0.617277,0.628160,0.681857,-0.017484,-0.699341,-0.183134,-2.446076,0.062720,2.508796,-1.025599,-0.551637,0.014145,0.565782,0.531219,0.139620,-0.003580,-0.143200,-0.039211,-3.069874,0.078715,3.148588,-0.060732,0.353206,-0.009057,-0.362263,-0.302656,1.084422,-0.027806,-1.112228,-0.889670,-3.705104,0.095003,3.800107,0.218460,0.381427,-0.009780,-0.391207,-0.333093,0.669106,-0.017157,-0.686262,0.098545,-3.489308,0.089469,3.578777,-0.465488,1.395857,-4.816566,-1.170190,3.349288,6.316326,1.606859,-3.111715,-5.382232,1.147991,-1.514184,3.810362,-0.730844,0.000074,0.000000,0.000000,237.553756,209.460707,1
2.992000,-0.009029,0.026931,0.235003,-0.487355,0.012496,0.499851,-0.356568,1.777507,-0.045577,-1.823085,0.108826,-6.155633,0.157837,6.313470,0.384844,-0.588064,0.015079,0.603142,0.096811,-0.287989,0.007384,0.295373,0.690774,-3.713318,0.095213,3.808531,0.469482,0.445952,-0.011435,-0.457387,0.454721,0.731359,-0.018753,-0.750112,-0.388318,-4.276331,0.109650,4.385981,1.540030,0.381902,-0.009792,-0.391694,0.872605,0.908855,-0.023304,-0.932159,-1.348650,-6.622136,0.169798,6.791934,1.145214,0.096221,-0.460838,-0.156132,3.051001,3.769972,0.023168,-3.713245,-6.307078,1.047355,0.255047,0.566053,-0.502580,0.000215,0.000000,0.000000,237.725658,209.617787,1
3.002000,-0.008802,0.027287,0.235531,-0.487355,0.012496,0.499851,-0.378841,1.777507,-0.045577,-1.823085,0.143877,-6.155633,0.157837,6.313470,0.505335,-0.588064,0.015079,0.603142,0.069816,-0.287989,0.007384,0.295373,0.342187,-3.713318,0.095213,3.808531,1.208858,0.445952,-0.011435,-0.457387,0.389354,0.731359,-0.018753,-0.750112,-0.412032,-4.276331,0.109650,4.385981,1.669540,0.381902,-0.009792,-0.391694,0.859780,0.908855,-0.023304,-0.932159,-1.185052,-6.622136,0.169798,6.791934,1.002988,0.195082,-0.909936,-0.309206,3.349333,4.551960,0.243785,-3.629599,-6.319681,1.129367,0.257779,4.515791,-2.632888,0.000245,0.000000,0.000000,237.970184,209.842982,1
3.010000,-0.012814,0.029749,0.275570,-1.309884,0.033587,1.343471,1.308321,2.589302,-0.066392,-2.655694,-1.675644,-4.545905,0.116562,4.662467,1.744123,-4.332432,0.111088,4.443520,5.098880,-1.613112,0.041362,1.654474,0.857829,6.389992,-0.163846,-6.553838,-4.290273,3.568837,-0.091509,-3.660345,-5.097611,-2.302695,0.059043,2.361738,1.392812,6.925804,-0.177585,-7.103389,-4.309932,-0.161171,0.004133,0.165304,1.181894,2.334930,-0.059870,-2.394800,-1.894731,-6.250760,0.160276,6.411036,2.645772,0.000000,0.000000,0.000000,2.468752,1.895725,-0.664238,-1.926272,-2.846021,0.768456,0.000000,0.000000,0.000000,0.001408,0.000000,0.000000,239.096522,210.969320,1
3.020000,-0.012377,0.030015,0.278361,-1.309884,0.033587,1.343471,1.207770,2.589302,-0.066392,-2.655694,-1.359647,-4.545905,0.116562,4.662467,1.340725,-4.332432,0.111088,4.443520,4.823644,-1.613112,0.041362,1.654474,0.722532,6.389992,-0.163846,-6.553838,-3.642975,3.568837,-0.091509,-3.660345,-4.743577,-2.302695,0.059043,2.361738,1.215655,6.925804,-0.177585,-7.103389,-3.761734,-0.161171,0.004133,0.165304,1.127625,2.334930,-0.059870,-2.394800,-1.621814,-6.250760,0.160276,6.411036,2.215921,0.000000,0.000000,0.000000,3.261778,3.743864,-0.316605,-2.635094,-3.797523,0.994155,0.000000,0.000000,0.000000,0.001232,0.000000,0.000000,240.328734,212.201533,1
3.024000,-0.010017,0.028198,0.252762,1.520812,-0.038995,-1.559807,-1.131122,-0.669402,0.017164,0.686566,0.824298,-1.324117,0.033952,1.358069,-0.560483,-0.386369,0.009907,0.396276,-0.505287,0.167449,-0.004294,-0.171743,-0.347795,-0.462453,0.011858,0.474311,0.201500,-1.939031,0.049719,1.988750,2.464762,1.136333,-0.029137,-1.165470,-1.101066,-12.965015,0.332436,13.297452,6.817904,1.588668,-0.040735,-1.629403,-0.357820,-0.748145,0.019183,0.767329,0.158637,-1.454389,0.037292,1.491681,-0.208452,0.000000,0.000000,0.000000,3.320961,5.439948,0.564088,-2.693367,-4.436050,0.907746,0.000000,0.000000,0.000000,0.001013,0.000000,0.000000,240.733968,212.596588,1
3.034000,-0.009694,0.028568,0.250554,1.520812,-0.038995,-1.559807,-1.243223,-0.669402,0.017164,0.686566,1.082621,-1.324117,0.033952,1.358069,-0.908060,-0.386369,0.009907,0.396276,-0.366408,0.167449,-0.004294,-0.171743,-0.249342,-0.462453,0.011858,0.474311,0.199970,-1.939031,0.049719,1.988750,2.314720,1.136333,-0.029137,-1.165470,-0.920069,-12.965015,0.332436,13.297452,6.688045,1.588668,-0.040735,-1.629403,-0.390264,-0.748145,0.019183,0.767329,0.368014,-1.454389,0.037292,1.491681,-0.665799,0.000000,0.000000,0.000000,3.823041,6.668496,0.850495,-3.062616,-5.129776,1.101291,-3.400718,1.140443,2.246247,0.001007,0.000000,0.000000,241.741165,213.556353,1
3.038000,-0.011275,0.026663,0.242867,0.157628,-0.004042,-0.161670,-0.189134,-0.365450,0.009371,0.374820,0.849347,-0.691626,0.017734,0.709360,-1.232459,-0.043506,0.001116,0.044621,-0.344524,-0.128427,0.003293,0.131720,-0.182136,1.749263,-0.044853,-1.794116,-0.507088,0.165069,-0.004233,-0.169302,0.046146,-0.076590,0.001964,0.078553,-0.027701,-0.189907,0.004869,0.194776,-0.135180,0.228343,-0.005855,-0.234198,0.380660,-0.358501,0.009192,0.367693,0.396601,-0.858098,0.022003,0.880100,-1.204446,0.000000,0.000000,0.000000,3.501903,6.577460,0.875106,-3.332604,-5.268436,0.913472,0.000000,0.000000,0.000000,0.000035,0.000000,0.000000,241.755180,213.553575,1
3.048000,-0.011443,0.026629,0.240417,0.157628,-0.004042,-0.161670,-0.224305,-0.365450,0.009371,0.374820,1.019031,-0.691626,0.017734,0.709360,-1.585431,-0.043506,0.001116,0.044621,-0.331098,-0.128427,0.003293,0.131720,-0.097576,1.749263,-0.044853,-1.794116,-0.649587,0.165069,-0.004233,-0.169302,0.080591,-0.076590,0.001964,0.078553,-0.022460,-0.189907,0.004869,0.194776,-0.026570,0.228343,-0.005855,-0.234198,0.394867,-0.358501,0.009192,0.367693,0.443564,-0.858098,0.022003,0.880100,-1.437305,0.000000,0.000000,0.000000,3.647627,6.992362,0.994479,-3.688475,-5.830872,1.020720,0.000000,0.000000,0.000000,0.000043,0.000000,0.000000,241.797950,213.545739,1
3.054000,-0.010112,0.028760,0.239534,-0.111838,0.002868,0.114705,-0.087495,-0.161015,0.004129,0.165143,0.970190,-0.734213,0.018826,0.753039,-1.739936,-0.808137,0.020721,0.828859,-0.211536,-0.089807,0.002303,0.092110,-0.104608,3.625603,-0.092964,-3.718567,-0.737185,0.838097,-0.021490,-0.859587,0.171312,-0.144008,0.003693,0.147700,0.005574,0.850455,-0.021807,-0.872262,0.240123,0.038090,-0.000977,-0.039067,0.433544,-0.007573,0.000194,0.007768,0.340341,-1.288280,0.033033,1.321313,-1.359068,0.000000,0.000000,0.000000,3.759222,7.532166,1.192302,-3.884494,-6.131817,1.256659,0.000000,0.000000,0.000000,0.000066,0.000000,0.000000,241.837428,213.541121,1
3.064000,-0.011354,0.031158,0.234734,-0.135065,0.003463,0.138528,-0.190022,-0.336202,0.008621,0.344823,1.086631,-0.768712,0.019711,0.788423,-1.770783,-0.628826,0.016124,0.644950,0.025047,-0.079320,0.002034,0.081353,-0.052943,2.389880,-0.061279,-2.451159,-1.013225,0.494911,-0.012690,-0.507601,0.016478,-0.060615,0.001554,0.062169,-0.028848,0.750892,-0.019254,-0.770146,-0.219283,0.021541,-0.000552,-0.022093,0.681814,-0.288999,0.007410,0.296409,0.267344,-1.136715,0.029147,1.165862,-1.583623,0.000000,0.000000,0.000000,3.554480,7.192680,1.000261,-3.845240,-6.103819,1.150687,0.000000,0.000000,0.000000,0.000064,0.000000,0.000000,241.901636,213.539364,1
3.068000,-0.013857,0.025613,0.241541,-0.239913,0.006152,0.246065,-0.076225,-0.415352,0.010650,0.426002,0.978813,-0.556325,0.014265,0.570590,-1.756053,-0.248036,0.006360,0.254396,-0.084557,-0.043134,0.001106,0.044240,-0.097433,1.611628,-0.041324,-1.652951,-0.587042,0.175558,-0.004501,-0.180060,0.340050,-0.068733,0.001762,0.070495,-0.020357,0.003476,-0.000089,-0.003565,0.134090,-0.042038,0.001078,0.043116,0.388447,-0.264802,0.006790,0.271592,0.309192,-1.162805,0.029816,1.192621,-1.261544,0.000000,0.000000,0.000000,3.499728,6.884215,1.536194,-3.837865,-5.973481,0.668616,0.000000,0.000000,0.000000,0.000041,0.000000,0.000000,241.918045,213.534859,1
3.078000,-0.015578,0.023777,0.240733,-0.191004,0.004898,0.195901,-0.051036,-0.426070,0.010925,0.436995,1.042535,-0.561169,0.014389,0.575558,-1.985226,-0.263575,0.006758,0.270333,-0.013895,-0.048027,0.001231,0.049258,-0.058713,2.369114,-0.060747,-2.429861,-1.035887,0.235676,-0.006043,-0.241719,0.217682,-0.074587,0.001912,0.076500,-0.018995,-0.013111,0.000336,0.013448,0.072315,0.020697,-0.000531,-0.021228,0.406794,-0.220994,0.005667,0.226661,0.310711,-1.290795,0.033097,1.323892,-1.394892,0.000000,0.000000,0.000000,3.692028,7.112182,1.661643,-3.972287,-6.389508,0.671954,0.000000,0.000000,0.000000,0.000061,0.000000,0.000000,241.979172,213.534613,1
3.082000,-0.009672,0.028784,0.233568,-0.292172,0.007492,0.299664,-0.262742,-0.277840,0.007124,0.284964,1.140981,-0.715443,0.018345,0.733788,-1.742005,-0.211032,0.005411,0.216444,-0.015774,-0.025736,0.000660,0.026396,-0.085304,1.372919,-0.035203,-1.408122,-0.482486,0.528969,-0.013563,-0.542533,0.093754,-0.025797,0.000661,0.026459,-0.021280,0.093058,-0.002386,-0.095444,0.052966,-0.058932,0.001511,0.060443,0.519149,-0.264504,0.006782,0.271286,0.342524,-1.128634,0.028939,1.157573,-1.470520,0.000000,0.000000,0.000000,3.485713,7.131665,1.423320,-4.096636,-5.810774,1.025436,0.000000,0.000000,0.000000,0.000043,0.000000,0.000000,241.996173,213.526643,1
3.092000,-0.009780,0.028909,0.230551,-0.292172,0.007492,0.299664,-0.286424,-0.277840,0.007124,0.284964,1.260136,-0.715443,0.018345,0.733788,-1.955836,-0.211032,0.005411,0.216444,-0.030421,-0.025736,0.000660,0.026396,-0.063749,1.372919,-0.035203,-1.408122,-0.525590,0.528969,-0.013563,-0.542533,0.063729,-0.025797,0.000661,0.026459,-0.022000,0.093058,-0.002386,-0.095444,0.031415,-0.058932,0.001511,0.060443,0.585246,-0.264504,0.006782,0.271286,0.362162,-1.128634,0.028939,1.157573,-1.664415,0.000000,0.000000,0.000000,3.623503,7.372460,1.468196,-4.257984,-6.115568,1.129447,0.000000,0.000000,0.000000,0.000047,0.000000,0.000000,242.043442,213.504030,1
3.096000,-0.008562,0.030415,0.234666,-0.333847,0.008560,0.342407,-0.224397,-0.159397,0.004087,0.163484,1.227951,-0.864491,0.022166,0.886657,-2.065750,-0.873536,0.022398,0.895934,0.016258,-0.025896,0.000664,0.026560,-0.068317,2.676036,-0.068616,-2.744652,-0.724382,1.053090,-0.027002,-1.080092,0.113305,0.222107,-0.005695,-0.227802,-0.053813,0.225240,-0.005775,-0.231016,0.020183,-0.090920,0.002331,0.093252,0.418467,-0.173528,0.004449,0.177977,0.459244,-1.264409,0.032421,1.296830,-1.651823,0.000000,0.000000,0.000000,3.845344,7.885456,1.426810,-4.508796,-6.458141,1.146263,0.000000,0.000000,0.000000,0.000065,0.000000,0.000000,242.069506,213.496658,1
3.106000,-0.008531,0.030719,0.231462,-0.333847,0.008560,0.342407,-0.227025,-0.159397,0.004087,0.163484,1.310496,-0.864491,0.022166,0.886657,-2.239951,-0.873536,0.022398,0.895934,0.057747,-0.025896,0.000664,0.026560,-0.063685,2.676036,-0.068616,-2.744652,-0.992412,1.053090,-0.027002,-1.080092,0.021296,0.222107,-0.005695,-0.227802,-0.109177,0.225240,-0.005775,-0.231016,0.004266,-0.090920,0.002331,0.093252,0.499588,-0.173528,0.004449,0.177977,0.447407,-1.264409,0.032421,1.296830,-1.800254,0.000000,0.000000,0.000000,3.953324,7.986984,1.405035,-4.616600,-6.649038,1.220446,0.000000,0.000000,0.000000,0.000076,0.000000,0.000000,242.145156,213.483826,1
3.110000,-0.012330,0.025311,0.235589,-0.249758,0.006404,0.256162,-0.146568,-0.281021,0.007206,0.288227,1.090797,-0.799902,0.020510,0.820412,-1.985793,-0.604838,0.015509,0.620347,-0.006907,-0.019267,0.000494,0.019761,-0.057514,2.176343,-0.055804,-2.232147,-0.784716,0.669745,-0.017173,-0.686918,0.069791,-0.030080,0.000771,0.030851,-0.017539,0.070980,-0.001820,-0.072800,0.063162,0.014114,-0.000362,-0.014476,0.432776,-0.258932,0.006639,0.265571,0.329870,-1.281664,0.032863,1.314527,-1.486701,0.000000,0.000000,0.000000,3.784725,7.211837,1.513115,-4.269567,-6.336475,0.945834,0.000000,0.000000,0.000000,0.000058,0.000000,0.000000,242.168513,213.477697,1
3.120000,-0.012432,0.025524,0.231129,-0.264416,0.006780,0.271196,-0.149698,-0.283427,0.007267,0.290694,1.239206,-0.777940,0.019947,0.797887,-2.220379,-0.547021,0.014026,0.561047,-0.009486,-0.017998,0.000461,0.018460,-0.046645,1.896733,-0.048634,-1.945367,-0.695962,0.672492,-0.017243,-0.689735,0.069251,0.005944,-0.000152,-0.006097,-0.029493,0.081823,-0.002098,-0.083921,0.035000,-0.012362,0.000317,0.012679,0.561354,-0.265751,0.006814,0.272565,0.362784,-1.232879,0.031612,1.264491,-1.735897,0.000000,0.000000,0.000000,3.947075,7.494994,1.558296,-4.430460,-6.642084,1.032419,0.000000,0.000000,0.000000,0.000059,0.000000,0.000000,242.227358,213.455259,1
3.122000,-0.010381,0.023694,0.248844,0.980809,-0.025149,-1.005958,-0.511284,-0.112503,0.002885,0.115388,0.777501,-2.069300,0.053059,2.122359,-1.377707,2.266381,-0.058112,-2.324494,-1.331688,0.027696,-0.000710,-0.028406,-0.065278,-1.321093,0.033874,1.354968,0.531234,-0.207381,0.005317,0.212699,1.056703,-0.850375,0.021804,0.872179,0.283412,-0.590662,0.015145,0.605807,0.426516,0.373369,-0.009574,-0.382943,-0.006298,0.743229,-0.019057,-0.762286,-0.030264,-3.042962,0.078025,3.120987,-0.573765,0.000000,0.000000,0.000000,3.348052,7.265400,1.931557,-3.955214,-6.675090,0.964992,0.000000,0.000000,0.000000,0.000099,0.000000,0.000000,242.247141,213.456184,1
3.132000,-0.010578,0.023401,0.246805,0.980809,-0.025149,-1.005958,-0.671549,-0.112503,0.002885,0.115388,0.898264,-2.069300,0.053059,2.122359,-1.556067,2.266381,-0.058112,-2.324494,-1.767573,0.027696,-0.000710,-0.028406,-0.062974,-1.321093,0.033874,1.354968,0.579812,-0.207381,0.005317,0.212699,0.901149,-0.850375,0.021804,0.872179,0.269140,-0.590662,0.015145,0.605807,0.363627,0.373369,-0.009574,-0.382943,-0.061170,0.743229,-0.019057,-0.762286,-0.026979,-3.042962,0.078025,3.120987,-0.682506,0.000000,0.000000,0.000000,3.494465,7.494041,1.989065,-4.148101,-6.962570,0.987148,0.000000,0.000000,0.000000,0.000118,0.000000,0.000000,242.365127,213.465518,1
3.134000,-0.010565,0.025463,0.231647,0.413166,-0.010594,-0.423760,-0.476061,0.613939,-0.015742,-0.629681,0.908673,-2.609959,0.066922,2.676881,-1.517888,0.177527,-0.004552,-0.182079,-0.783312,0.013748,-0.000353,-0.014100,-0.081391,1.743204,-0.044698,-1.787901,-0.209496,-0.471156,0.012081,0.483237,1.093304,0.051031,-0.001308,-0.052339,-0.030529,-0.027946,0.000717,0.028662,0.232431,-0.213213,0.005467,0.218680,0.555014,1.209907,-0.031023,-1.240930,-0.279679,-3.133636,0.080350,3.213986,-0.851193,0.000000,0.000000,0.000000,3.539964,7.077607,1.534111,-4.131107,-7.057124,1.333102,0.000000,0.000000,0.000000,0.000091,0.000000,0.000000,242.383320,213.454226,1
3.144000,-0.010836,0.025557,0.229166,0.413166,-0.010594,-0.423760,-0.492531,0.613939,-0.015742,-0.629681,0.974889,-2.609959,0.066922,2.676881,-1.604971,0.177527,-0.004552,-0.182079,-0.727608,0.013748,-0.000353,-0.014100,-0.072600,1.743204,-0.044698,-1.787901,-0.487335,-0.471156,0.012081,0.483237,1.095478,0.051031,-0.001308,-0.052339,-0.035319,-0.027946,0.000717,0.028662,0.128506,-0.213213,0.005467,0.218680,0.656379,1.209907,-0.031023,-1.240930,-0.309887,-3.133636,0.080350,3.213986,-0.947933,0.037251,-0.104675,-0.022876,3.660514,7.331352,1.605316,-4.206611,-7.175024,1.361018,-0.038333,0.023445,0.014062,0.000102,0.000000,0.000000,242.485653,213.397423,1
3.148000,-0.008647,0.027344,0.230041,0.154735,-0.003968,-0.158703,-0.420211,0.804223,-0.020621,-0.824844,0.779809,-2.556913,0.065562,2.622475,-1.318383,0.463034,-0.011873,-0.474906,-0.939734,0.021497,-0.000551,-0.022048,-0.058623,1.076420,-0.027601,-1.104020,-0.276220,-0.608500,0.015603,0.624102,1.396646,0.060400,-0.001549,-0.061948,-0.056479,-0.028993,0.000743,0.029736,0.231351,-0.539405,0.013831,0.553236,0.895360,1.626089,-0.041695,-1.667784,-0.744440,-3.402834,0.087252,3.490086,-0.456578,0.282558,-0.566828,-0.053690,3.312653,6.426859,1.279394,-4.054475,-6.374143,1.122884,-0.044732,0.024908,0.018144,0.000091,0.000000,0.000000,242.522182,213.388399,1
3.158000,-0.008880,0.027560,0.227644,0.154735,-0.003968,-0.158703,-0.440436,0.804223,-0.020621,-0.824844,0.876985,-2.556913,0.065562,2.622475,-1.396621,0.463034,-0.011873,-0.474906,-0.850692,0.021497,-0.000551,-0.022048,-0.098420,1.076420,-0.027601,-1.104020,-0.423021,-0.608500,0.015603,0.624102,1.315060,0.060400,-0.001549,-0.061948,-0.041928,-0.028993,0.000743,0.029736,0.128295,-0.539405,0.013831,0.553236,0.975148,1.626089,-0.041695,-1.667784,-0.690729,-3.402834,0.087252,3.490086,-0.622908,0.667445,-1.560522,-0.254696,3.487123,7.040915,1.511035,-4.181583,-6.505978,1.127986,-0.199182,0.130960,0.068659,0.000100,0.000000,0.000000,242.622399,213.357416,1
3.162000,0.003150,0.040166,0.232096,-0.007237,0.000186,0.007423,-0.643493,0.852344,-0.021855,-0.874199,0.360752,-2.815624,0.072195,2.887820,-0.234975,1.317563,-0.033784,-1.351347,-0.868615,0.560595,-0.014374,-0.574969,0.047749,-1.753820,0.044970,1.798790,-1.363512,-1.394028,0.035744,1.429773,1.277074,-0.023538,0.000604,0.024141,0.032933,-0.163893,0.004202,0.168096,0.320791,-0.916510,0.023500,0.940011,0.699015,2.127386,-0.054548,-2.181934,-0.904849,-4.225902,0.108356,4.334259,0.511878,2.303339,-7.016532,-0.938826,3.050362,8.300882,1.479486,-3.859737,-3.637617,0.155814,0.000000,0.000000,0.000000,0.000114,0.000000,0.000000,242.667933,213.375118,1
3.172000,0.003685,0.041066,0.231374,-0.007237,0.000186,0.007423,-0.803429,0.852344,-0.021855,-0.874199,0.404385,-2.815624,0.072195,2.887820,-0.172288,1.317563,-0.033784,-1.351347,-1.073490,0.560595,-0.014374,-0.574969,0.150788,-1.753820,0.044970,1.798790,-1.644706,-1.394028,0.035744,1.429773,1.360257,-0.023538,0.000604,0.024141,-0.015454,-0.163893,0.004202,0.168096,0.187042,-0.916510,0.023500,0.940011,0.540495,2.127386,-0.054548,-2.181934,-0.626390,-4.225902,0.108356,4.334259,0.064995,2.114375,-6.816878,-1.005446,2.996919,8.609227,1.638179,-3.915404,-3.628758,0.133943,0.000000,0.000000,0.000000,0.000095,0.000000,0.000000,242.762793,213.391927,1
3.180000,-0.010769,0.024906,0.230198,0.059014,-0.001513,-0.060527,-0.601156,1.184090,-0.030361,-1.214451,0.548987,-2.262075,0.058002,2.320077,-0.782908,0.755797,-0.019379,-0.775176,-0.811163,0.712371,-0.018266,-0.730636,-0.357230,-1.174311,0.030111,1.204422,-0.991885,-0.842664,0.021607,0.864271,1.360932,0.163477,-0.004192,-0.167669,-0.028905,0.012880,-0.000330,-0.013210,0.073897,-0.870305,0.022316,0.892621,1.145364,2.809996,-0.072051,-2.882047,-1.340947,-4.251988,0.109025,4.361013,0.149522,2.713302,-6.933021,-1.284820,2.777397,6.824621,1.976335,-4.077493,-4.753100,-0.055550,-0.389605,0.383359,0.071217,0.000113,0.000000,0.000000,242.853394,213.423668,1
3.190000,-0.011349,0.024782,0.228600,0.059014,-0.001513,-0.060527,-0.732812,1.184090,-0.030361,-1.214451,0.677210,-2.262075,0.058002,2.320077,-0.830665,0.755797,-0.019379,-0.775176,-0.897062,0.712371,-0.018266,-0.730636,-0.195467,-1.174311,0.030111,1.204422,-1.572761,-0.842664,0.021607,0.864271,1.178697,0.163477,-0.004192,-0.167669,-0.019796,0.012880,-0.000330,-0.013210,0.039807,-0.870305,0.022316,0.892621,1.033623,2.809996,-0.072051,-2.882047,-1.187699,-4.251988,0.109025,4.361013,-0.034045,2.445964,-6.779287,-1.451379,2.816621,7.283655,2.242098,-3.991527,-4.635934,-0.082966,-0.612513,0.884280,-0.035107,0.000110,0.000000,0.000000,242.963825,213.438241,1
3.194000,-0.009316,0.027534,0.227519,0.135896,-0.003485,-0.139380,-0.847261,0.959192,-0.024595,-0.983787,0.701796,-2.430548,0.062322,2.492869,-0.635149,0.819597,-0.021015,-0.840612,-1.048636,0.349634,-0.008965,-0.358598,-0.016197,-1.200221,0.030775,1.230996,-1.841096,-0.762731,0.019557,0.782288,1.127799,0.158719,-0.004070,-0.162789,-0.019072,-0.014310,0.000367,0.014677,0.037514,-0.736445,0.018883,0.755328,0.921360,2.435212,-0.062441,-2.497653,-0.974067,-4.212655,0.108017,4.320672,-0.159926,2.131961,-6.575083,-1.512597,2.855198,7.443254,2.088512,-3.829754,-4.365508,-0.024890,-0.648116,0.967420,-0.037163,0.000103,0.000000,0.000000,243.004830,213.437397,1
3.204000,-0.009905,0.027402,0.226020,0.135896,-0.003485,-0.139380,-0.918512,0.959192,-0.024595,-0.983787,0.757588,-2.430548,0.062322,2.492869,-0.615890,0.819597,-0.021015,-0.840612,-1.166121,0.349634,-0.008965,-0.358598,0.011548,-1.200221,0.030775,1.230996,-1.898796,-0.762731,0.019557,0.782288,0.984978,0.158719,-0.004070,-0.162789,-0.012058,-0.014310,0.000367,0.014677,0.020409,-0.736445,0.018883,0.755328,0.857079,2.435212,-0.062441,-2.497653,-0.892061,-4.212655,0.108017,4.320672,-0.264496,1.971461,-6.479533,-1.595663,2.936113,7.358467,2.002414,-3.590131,-4.358606,0.119879,-2.241889,5.375252,-1.085312,0.000105,0.000000,0.000000,243.110045,213.427313,1
3.210000,-0.009051,0.031273,0.223150,0.126699,-0.003249,-0.129948,-0.936134,0.938135,-0.024055,-0.962189,0.712261,-2.419536,0.062039,2.481575,-0.329821,0.776941,-0.019922,-0.796862,-1.221074,0.435743,-0.011173,-0.446916,-0.171184,-1.408457,0.036114,1.444571,-1.484107,-0.702739,0.018019,0.720758,0.900562,0.152699,-0.003915,-0.156615,-0.005982,-0.022930,0.000588,0.023518,0.015993,-0.714967,0.018332,0.733299,0.791808,2.420425,-0.062062,-2.482488,-0.825611,-4.251236,0.109006,4.360242,-0.219696,1.738439,-5.783119,-1.565922,2.813291,7.259501,1.918485,-3.279687,-4.088936,0.270068,-2.814588,6.756118,-1.580249,0.000091,0.000000,0.000000,243.164390,213.426390,1
3.220000,-0.009847,0.030966,0.221746,0.126699,-0.003249,-0.129948,-0.851575,0.938135,-0.024055,-0.962189,0.682721,-2.419536,0.062039,2.481575,-0.418410,0.776941,-0.019922,-0.796862,-1.161080,0.435743,-0.011173,-0.446916,-0.262720,-1.408457,0.036114,1.444571,-1.490124,-0.702739,0.018019,0.720758,0.858623,0.152699,-0.003915,-0.156615,0.418616,-0.022930,0.000588,0.023518,-0.594410,-0.714967,0.018332,0.733299,0.835856,2.420425,-0.062062,-2.482488,-0.908200,-4.251236,0.109006,4.360242,-0.255346,1.972707,-6.026884,-1.511029,2.757620,6.472517,1.537422,-3.045962,-4.387635,0.607544,-2.312907,6.245652,-1.688261,0.000097,0.000000,0.000000,243.261194,213.422379,1
3.226000,-0.008483,0.027329,0.225973,0.282037,-0.007232,-0.289269,-0.921310,0.715061,-0.018335,-0.733396,0.622092,-2.770342,0.071034,2.841376,-0.207001,0.786289,-0.020161,-0.806451,-1.082413,0.396030,-0.010155,-0.406185,-0.190704,-2.090828,0.053611,2.144439,-0.941636,-0.556056,0.014258,0.570313,0.606920,0.435156,-0.011158,-0.446314,-0.011165,-1.264554,0.032424,1.296978,0.342754,-0.529191,0.013569,0.542760,0.580079,1.968691,-0.050479,-2.019170,-0.634843,-4.191430,0.107473,4.298903,-0.118924,1.581390,-5.387363,-1.424086,3.017308,6.680481,1.627434,-3.131898,-4.250586,0.369898,-3.256652,8.993727,-2.148769,0.000072,0.000000,0.000000,243.304299,213.422585,1
3.236000,-0.008671,0.027293,0.224884,0.268982,-0.006897,-0.275879,-0.966251,0.699800,-0.017944,-0.717744,0.693367,-2.749010,0.070487,2.819497,-0.253391,0.769733,-0.019737,-0.789470,-1.151553,0.398762,-0.010225,-0.408987,-0.129890,-2.113672,0.054197,2.167868,-1.052107,-0.562139,0.014414,0.576553,0.579894,0.424737,-0.010891,-0.435628,-0.029956,-1.250675,0.032069,1.282744,0.425518,-0.534054,0.013694,0.547748,0.566218,1.971981,-0.050564,-2.022545,-0.603394,-4.214810,0.108072,4.322882,-0.193530,1.645698,-5.557028,-1.484132,3.028149,6.850631,1.726644,-3.131499,-4.314084,0.403197,-3.573189,9.579980,-2.287004,0.000080,0.000000,0.000000,243.384120,213.415815,1
3.242000,-0.021419,0.027729,0.241779,0.906515,-0.023244,-0.929759,-1.425677,0.111684,-0.002864,-0.114548,-0.109930,-4.211235,0.107980,4.319216,2.211858,0.806575,-0.020681,-0.827256,0.937355,1.182916,-0.030331,-1.213248,-0.357716,-5.376518,0.137859,5.514377,1.149534,0.161724,-0.004147,-0.165870,-0.590513,1.663989,-0.042666,-1.706655,-1.560473,-7.468902,0.191510,7.660412,1.281231,-0.103856,0.002663,0.106519,-0.767961,0.677178,-0.017364,-0.694542,-0.202186,-3.938158,0.100978,4.039137,0.515423,2.730845,-7.140567,0.103547,1.600544,4.480659,1.117038,0.000000,0.000000,0.000000,-2.167687,3.612884,0.227322,0.000333,0.000000,0.000000,243.584040,213.605449,1
3.252000,-0.021895,0.027665,0.242780,0.906515,-0.023244,-0.929759,-1.184680,0.111684,-0.002864,-0.114548,-0.086433,-4.211235,0.107980,4.319216,2.139625,0.806575,-0.020681,-0.827256,0.737181,1.182916,-0.030331,-1.213248,-0.184311,-5.376518,0.137859,5.514377,0.642953,0.161724,-0.004147,-0.165870,-0.718576,1.663989,-0.042666,-1.706655,-1.637912,-7.468902,0.191510,7.660412,1.326941,-0.103856,0.002663,0.106519,-0.898413,0.677178,-0.017364,-0.694542,-0.246896,-3.938158,0.100978,4.039137,0.352508,2.571417,-7.601349,-0.201635,1.432358,4.196338,1.080992,0.000000,0.000000,0.000000,-2.231022,4.140753,0.061439,0.000295,0.000000,0.000000,243.879062,213.886361,1
3.260000,-0.013156,0.025723,0.248703,1.568230,-0.040211,-1.608441,-0.794167,0.167066,-0.004284,-0.171350,-0.163558,0.881525,-0.022603,-0.904128,-0.094037,0.983153,-0.025209,-1.008362,-0.619248,1.944398,-0.049856,-1.994254,-0.714265,-2.752158,0.070568,2.822726,-0.700592,0.243092,-0.006233,-0.249325,-0.772929,2.758499,-0.070731,-2.829229,-1.471985,-5.482082,0.140566,5.622649,0.526538,0.141891,-0.003638,-0.145530,-0.201393,2.319689,-0.059479,-2.379168,-1.432609,-3.381344,0.086701,3.468045,1.993567,2.320783,-6.349881,-1.337426,0.000000,0.000000,0.000000,0.000000,0.000000,0.000000,-2.658463,5.799636,-0.567016,0.000231,0.000000,0.000000,244.063752,214.039409,1
3.270000,-0.013925,0.025463,0.248591,1.568230,-0.040211,-1.608441,-0.794804,0.167066,-0.004284,-0.171350,-0.132522,0.881525,-0.022603,-0.904128,-0.196539,0.983153,-0.025209,-1.008362,-0.558294,1.944398,-0.049856,-1.994254,-0.569410,-2.752158,0.070568,2.822726,-0.859331,0.243092,-0.006233,-0.249325,-0.793012,2.758499,-0.070731,-2.829229,-1.420215,-5.482082,0.140566,5.622649,0.461657,0.141891,-0.003638,-0.145530,-0.277637,2.319689,-0.059479,-2.379168,-1.280610,-3.381344,0.086701,3.468045,1.813092,2.555210,-6.707354,-1.339449,0.000000,0.000000,0.000000,0.000000,0.000000,0.000000,-2.844002,6.517781,-0.752272,0.000218,0.000000,0.000000,244.281648,214.208792,1
3.274000,-0.012260,0.032808,0.242727,0.872533,-0.022373,-0.894906,-0.219534,0.017149,-0.000440,-0.017588,-0.283328,1.078200,-0.027646,-1.105846,-0.283789,0.016501,-0.000423,-0.016925,0.205043,-0.317384,0.008138,0.325522,0.672361,-1.173681,0.030094,1.203776,-0.763088,-0.147575,0.003784,0.151359,-0.472625,-0.863931,0.022152,0.886083,0.289977,-0.353277,0.009058,0.362335,-0.990773,-0.864557,0.022168,0.886725,0.059740,-0.109006,0.002795,0.111801,-0.044831,1.535288,-0.039366,-1.574654,-0.427144,2.358896,-5.204894,-0.761073,0.000000,0.000000,0.000000,0.000000,0.000000,0.000000,-2.160657,5.536931,-0.797821,0.000031,0.000000,0.000000,244.293945,214.210228,1
3.284000,-0.012608,0.033035,0.240637,0.872533,-0.022373,-0.894906,-0.211145,0.017149,-0.000440,-0.017588,-0.168163,1.078200,-0.027646,-1.105846,-0.362974,0.016501,-0.000423,-0.016925,0.251308,-0.317384,0.008138,0.325522,0.869680,-1.173681,0.030094,1.203776,-1.097341,-0.147575,0.003784,0.151359,-0.469308,-0.863931,0.022152,0.886083,0.435557,-0.353277,0.009058,0.362335,-1.328668,-0.864557,0.022168,0.886725,0.109704,-0.109006,0.002795,0.111801,-0.038145,1.535288,-0.039366,-1.574654,-0.531775,2.618221,-5.880842,-0.896821,0.000000,0.000000,0.000000,0.000000,0.000000,0.000000,-2.338583,6.390903,-1.053116,0.000041,0.000000,0.000000,244.334734,214.213379,1
3.288000,-0.013957,0.039685,0.240682,0.299208,-0.007672,-0.306880,-0.000812,0.192385,-0.004933,-0.197318,-0.254895,-0.170778,0.004379,0.175157,0.136558,0.236123,-0.006054,-0.242178,0.199535,-0.272669,0.006992,0.279660,0.862581,-1.190343,0.030522,1.220864,-0.822015,0.031317,-0.000803,-0.032120,-0.617762,-0.786484,0.020166,0.806651,0.419813,-0.567118,0.014541,0.581659,-1.139088,-0.970080,0.024874,0.994954,0.351974,-0.051403,0.001318,0.052721,-0.094246,2.727940,-0.069947,-2.797888,-1.321541,2.449450,-5.419939,-0.337517,0.000000,0.000000,0.000000,0.000000,0.000000,0.000000,-2.208833,6.250983,-1.308882,0.000064,0.000000,0.000000,244.360499,214.225389,1
3.298000,-0.014185,0.040070,0.237510,0.523274,-0.013417,-0.536691,-0.005326,0.124410,-0.003190,-0.127600,-0.169373,0.562508,-0.014423,-0.576931,-0.140119,0.226248,-0.005801,-0.232050,0.382964,-0.288563,0.007399,0.295962,1.096165,-1.153295,0.029572,1.182866,-1.232754,0.018838,-0.000483,-0.019321,-0.503507,-0.712296,0.018264,0.730560,0.483735,-0.705674,0.018094,0.723768,-1.388516,-1.133761,0.029071,1.162832,0.388921,-0.054761,0.001404,0.056165,-0.037040,2.813688,-0.072146,-2.885834,-1.281052,2.750919,-6.127841,-0.381180,0.000000,0.000000,0.000000,0.000000,0.000000,0.000000,-2.223396,6.871629,-1.615510,0.000075,0.000000,0.000000,244.435461,214.249268,1
3.302000,-0.008308,0.031177,0.250589,-0.061161,0.001568,0.062729,0.655950,0.183518,-0.004706,-0.188223,-0.196961,-0.246355,0.006317,0.252672,0.169474,-0.194386,0.004984,0.199370,0.136407,-0.818758,0.020994,0.839752,0.664158,-1.326371,0.034010,1.360380,-0.759898,-0.460558,0.011809,0.472367,-0.034831,-1.403055,0.035976,1.439030,0.708770,-0.821039,0.021052,0.842092,-1.104365,-0.252953,0.006486,0.259439,-0.079627,0.030585,-0.000784,-0.031370,-0.122234,1.947417,-0.049934,-1.997351,-0.920168,1.963484,-5.685653,-0.676240,0.000000,0.000000,0.000000,0.000000,0.000000,0.000000,-2.096197,6.754876,-1.019969,0.000056,0.000000,0.000000,244.457734,214.255535,1
3.312000,-0.008348,0.031229,0.248532,-0.061161,0.001568,0.062729,0.582428,0.183518,-0.004706,-0.188223,-0.171306,-0.246355,0.006317,0.252672,0.116650,-0.194386,0.004984,0.199370,0.169774,-0.818758,0.020994,0.839752,0.850937,-1.326371,0.034010,1.360380,-1.131460,-0.460558,0.011809,0.472367,-0.028161,-1.403055,0.035976,1.439030,0.823614,-0.821039,0.021052,0.842092,-1.424170,-0.252953,0.006486,0.259439,-0.081772,0.030585,-0.000784,-0.031370,-0.075616,1.947417,-0.049934,-1.997351,-0.876248,2.235190,-6.457158,-0.769604,0.000000,0.000000,0.000000,0.000000,0.000000,0.000000,-2.291260,7.395109,-1.127409,0.000066,0.000000,0.000000,244.523309,214.265649,1
3.314000,-0.005685,0.028061,0.239621,0.400179,-0.010261,-0.410440,0.111103,-0.008969,0.000230,0.009199,-0.056545,0.562412,-0.014421,-0.576833,0.023138,-0.048080,0.001233,0.049313,0.451144,-0.475799,0.012200,0.487999,1.062921,-0.965513,0.024757,0.990269,-1.361697,-0.317169,0.008133,0.325301,-0.072804,-0.875142,0.022440,0.897581,0.740463,-0.712799,0.018277,0.731076,-1.502209,-0.508372,0.013035,0.521407,-0.056718,0.071121,-0.001824,-0.072944,-0.093270,1.547810,-0.039687,-1.587497,-0.430027,2.657973,-6.268810,-0.776938,0.000000,0.000000,0.000000,0.000000,0.000000,0.000000,-2.255958,7.514005,-1.634311,0.000045,0.000000,0.000000,244.532218,214.264320,1
3.324000,-0.005764,0.028059,0.236971,0.400179,-0.010261,-0.410440,0.053837,-0.008969,0.000230,0.009199,-0.051407,0.562412,-0.014421,-0.576833,-0.064401,-0.048080,0.001233,0.049313,0.479527,-0.475799,0.012200,0.487999,1.204324,-0.965513,0.024757,0.990269,-1.666396,-0.317169,0.008133,0.325301,-0.120969,-0.875142,0.022440,0.897581,0.750659,-0.712799,0.018277,0.731076,-1.703626,-0.508372,0.013035,0.521407,-0.033040,0.071121,-0.001824,-0.072944,-0.076151,1.547810,-0.039687,-1.587497,-0.526659,2.826974,-6.776870,-0.883967,0.000000,0.000000,0.000000,0.000000,0.000000,0.000000,-2.357856,7.741385,-1.672120,0.000051,0.000000,0.000000,244.583605,214.256211,1
3.328000,0.003357,0.011587,0.251403,0.080926,-0.002075,-0.083001,0.112463,0.003870,-0.000099,-0.003969,-0.062003,-0.033184,0.000851,0.034035,0.024092,0.079592,-0.002041,-0.081633,0.728925,-0.658045,0.016873,0.674918,1.000112,-0.795607,0.020400,0.816007,-1.292845,-0.066814,0.001713,0.068527,0.781419,-0.897316,0.023008,0.920324,1.002400,-0.635138,0.016286,0.651424,-1.097890,0.430804,-0.011046,-0.441850,-0.866947,-0.044501,0.001141,0.045643,-0.068120,-1.014077,0.026002,1.040079,0.464728,2.980783,-5.589710,-0.950886,0.000000,0.000000,0.000000,0.000000,0.000000,0.000000,-1.562610,8.396494,-1.547173,0.000044,0.000000,0.000000,244.601048,214.258917,1
3.338000,0.004240,0.010628,0.249080,0.080926,-0.002075,-0.083001,0.059602,0.003870,-0.000099,-0.003969,-0.046788,-0.033184,0.000851,0.034035,0.017883,0.079592,-0.002041,-0.081633,0.607949,-0.658045,0.016873,0.674918,1.112292,-0.795607,0.020400,0.816007,-1.547198,-0.066814,0.001713,0.068527,0.590508,-0.897316,0.023008,0.920324,1.070051,-0.635138,0.016286,0.651424,-1.361946,0.430804,-0.011046,-0.441850,-0.933928,-0.044501,0.001141,0.045643,-0.074492,-1.014077,0.026002,1.040079,0.497405,3.125661,-6.074733,-1.143775,0.000000,0.000000,0.000000,0.000000,0.000000,0.000000,-1.802802,8.860495,-1.455430,0.000049,0.000000,0.000000,244.650192,214.263908,1
3.340000,-0.011100,0.031345,0.233209,0.794924,-0.020383,-0.815307,-0.009455,-0.052353,0.001342,0.053696,-0.079181,2.285864,-0.058612,-2.344476,-0.707718,0.122166,-0.003132,-0.125299,0.310465,-0.284629,0.007298,0.291927,1.025441,-0.729269,0.018699,0.747968,-1.882964,-0.079829,0.002047,0.081876,-0.288445,-0.332900,0.008536,0.341435,0.356873,-0.975288,0.025007,1.000295,-1.592680,-0.553203,0.014185,0.567387,-0.124100,0.035580,-0.000912,-0.036492,-0.035473,0.810567,-0.020784,-0.831351,-0.053884,2.868332,-6.807427,-0.804217,0.000000,0.000000,0.000000,0.000000,0.000000,0.000000,-2.383420,7.516115,-1.470754,0.000053,0.000000,0.000000,244.660738,214.261899,1
3.350000,-0.011616,0.031306,0.230102,0.794924,-0.020383,-0.815307,-0.026074,-0.052353,0.001342,0.053696,-0.058386,2.285864,-0.058612,-2.344476,-0.876586,0.122166,-0.003132,-0.125299,0.338742,-0.284629,0.007298,0.291927,1.137056,-0.729269,0.018699,0.747968,-2.115573,-0.079829,0.002047,0.081876,-0.336346,-0.332900,0.008536,0.341435,0.373298,-0.975288,0.025007,1.000295,-1.785506,-0.553203,0.014185,0.567387,-0.078241,0.035580,-0.000912,-0.036492,-0.036740,0.810567,-0.020784,-0.831351,-0.144998,2.980652,-7.144974,-0.873271,0.000000,0.000000,0.000000,0.000000,0.000000,0.000000,-2.481747,7.791676,-1.535075,0.000061,0.000000,0.000000,244.722174,214.253616,1
3.352000,-0.005180,0.025360,0.240759,-0.135395,0.003472,0.138866,0.307234,-0.005284,0.000135,0.005419,-0.044156,0.621088,-0.015925,-0.637013,-0.289902,0.100956,-0.002589,-0.103544,0.246099,-0.554982,0.014230,0.569213,0.877455,-0.434195,0.011133,0.445328,-1.552416,-0.104905,0.002690,0.107595,-0.256473,-0.453128,0.011619,0.464747,0.302713,-0.903437,0.023165,0.926602,-1.217522,0.030448,-0.000781,-0.031228,-0.359673,-0.005945,0.000152,0.006098,-0.059844,-2.133237,0.054698,2.187935,0.877877,2.640707,-5.791386,-1.079103,0.000000,0.000000,0.000000,0.000000,0.000000,0.000000,-2.238584,6.965353,-0.962185,0.000047,0.000000,0.000000,244.731519,214.255469,1
3.362000,-0.005163,0.024905,0.238004,-0.135395,0.003472,0.138866,0.328277,-0.005284,0.000135,0.005419,-0.046941,0.621088,-0.015925,-0.637013,-0.223992,0.100956,-0.002589,-0.103544,0.300234,-0.554982,0.014230,0.569213,1.028171,-0.434195,0.011133,0.445328,-1.807509,-0.104905,0.002690,0.107595,-0.275462,-0.453128,0.011619,0.464747,0.383006,-0.903437,0.023165,0.926602,-1.469046,0.030448,-0.000781,-0.031228,-0.367107,-0.005945,0.000152,0.006098,-0.056540,-2.133237,0.054698,2.187935,0.978708,2.830643,-6.252529,-1.205114,0.000000,0.000000,0.000000,0.000000,0.000000,0.000000,-2.379139,7.555739,-1.077633,0.000053,0.000000,0.000000,244.784837,214.264237,1
3.364000,-0.009686,0.031551,0.230399,1.209522,-0.031013,-1.240535,-0.126446,-0.024334,0.000624,0.024958,-0.073016,2.152607,-0.055195,-2.207802,-0.554549,0.264611,-0.006785,-0.271396,0.237600,-0.228716,0.005865,0.234580,1.241727,-0.867183,0.022235,0.889419,-2.056883,0.054177,-0.001389,-0.055566,-0.511174,-0.413743,0.010609,0.424352,0.460063,-0.853256,0.021878,0.875135,-1.765956,-0.091291,0.002341,0.093632,-0.379406,-0.002067,0.000053,0.002120,-0.060620,1.754987,-0.045000,-1.799987,-0.347349,2.978152,-7.163035,-0.856167,0.000000,0.000000,0.000000,0.000000,0.000000,0.000000,-2.534271,7.775042,-1.603953,0.000060,0.000000,0.000000,244.796834,214.262326,1
3.374000,-0.006724,0.027470,0.229338,1.289648,-0.033068,-1.322716,-0.244292,-0.031659,0.000812,0.032471,-0.069022,2.487177,-0.063774,-2.550951,-0.860708,0.304719,-0.007813,-0.312533,0.243144,-0.165103,0.004233,0.169337,1.324890,-0.859753,0.022045,0.881798,-2.258875,0.080556,-0.002066,-0.082621,-0.528959,-0.322091,0.008259,0.330350,0.484214,-0.917106,0.023516,0.940622,-1.909111,-0.207809,0.005328,0.213138,-0.456726,-0.003134,0.000080,0.003215,-0.061225,1.958611,-0.050221,-2.008832,-0.576142,3.179401,-7.408840,-1.100854,0.000000,0.000000,0.000000,0.000000,0.000000,0.000000,-2.594558,8.272790,-1.548387,0.000081,0.000000,0.000000,244.877509,214.263734,1
3.378000,-0.011955,0.032744,0.230013,0.325607,-0.008349,-0.333956,0.111213,-0.034120,0.000875,0.034995,-0.043958,1.677764,-0.043020,-1.720784,-0.522791,0.097651,-0.002504,-0.100155,0.223196,0.161561,-0.004143,-0.165704,1.000385,-1.646602,0.042221,1.688823,-1.919102,0.234396,-0.006010,-0.240406,-0.685755,0.410438,-0.010524,-0.420962,0.000422,-2.050065,0.052566,2.102631,-1.350933,0.347880,-0.008920,-0.356800,-0.753549,-0.000490,0.000013,0.000502,-0.030934,0.774103,-0.019849,-0.793952,-0.059677,2.901239,-7.460657,-0.954384,0.000000,0.000000,0.000000,0.000000,0.000000,0.000000,-2.551533,7.520639,-1.523072,0.000077,0.000000,0.000000,244.908266,214.244022,1
3.388000,-0.012526,0.032966,0.226994,0.325607,-0.008349,-0.333956,0.095866,-0.034120,0.000875,0.034995,-0.036221,1.677764,-0.043020,-1.720784,-0.615579,0.097651,-0.002504,-0.100155,0.248964,0.161561,-0.004143,-0.165704,1.073113,-1.646602,0.042221,1.688823,-2.038628,0.234396,-0.006010,-0.240406,-0.768288,0.410438,-0.010524,-0.420962,-0.015917,-2.050065,0.052566,2.102631,-1.466892,0.347880,-0.008920,-0.356800,-0.791195,-0.000490,0.000013,0.000502,-0.026893,0.774103,-0.019849,-0.793952,-0.137843,2.966528,-7.621605,-0.970664,0.021680,0.012235,-0.004054,0.000000,0.000000,0.000000,-2.623104,7.584381,-1.520731,0.000084,0.000000,0.000000,244.992323,214.192814,1
3.390000,-0.000743,0.021265,0.242057,-0.159012,0.004077,0.163090,0.921305,0.044968,-0.001153,-0.046121,-0.106397,-1.753007,0.044949,1.797956,0.745374,-0.180030,0.004616,0.184646,0.342890,0.469634,-0.012042,-0.481676,0.504805,-2.954556,0.075758,3.030314,-0.460134,0.636909,-0.016331,-0.653240,-0.590511,1.300005,-0.033333,-1.333339,-0.354840,-3.539383,0.090753,3.630137,-0.125011,2.287958,-0.058666,-2.346624,-1.977543,0.023039,-0.000591,-0.023630,-0.077991,-2.900544,0.074373,2.974917,1.334062,2.411056,-5.791594,-1.144971,0.000000,0.000000,0.000000,0.000000,0.000000,0.000000,-2.308186,6.915111,-0.971369,0.000131,0.000000,0.000000,245.018563,214.210689,1
3.400000,-0.000328,0.020698,0.240532,-0.159012,0.004077,0.163090,0.733990,0.044968,-0.001153,-0.046121,-0.100135,-1.753007,0.044949,1.797956,0.803901,-0.180030,0.004616,0.184646,0.290996,0.469634,-0.012042,-0.481676,0.603560,-2.954556,0.075758,3.030314,-0.596964,0.636909,-0.016331,-0.653240,-0.750204,1.300005,-0.033333,-1.333339,-0.322522,-3.539383,0.090753,3.630137,-0.274777,2.287958,-0.058666,-2.346624,-2.232561,0.023039,-0.000591,-0.023630,-0.068498,-2.900544,0.074373,2.974917,1.400253,2.586457,-6.258463,-1.275567,0.000000,0.000000,0.000000,-0.109214,-0.205120,0.027755,-2.448814,7.563791,-1.105284,0.000150,0.000000,0.000000,245.169032,214.299214,1
3.408000,-0.007456,0.031924,0.228307,-0.547908,0.014049,0.561957,0.868133,0.025701,-0.000659,-0.026360,-0.073591,0.776317,-0.019906,-0.796222,-0.137679,-0.264184,0.006774,0.270958,0.402958,0.911884,-0.023382,-0.935266,0.724320,-2.502969,0.064179,2.567148,-0.989913,0.549769,-0.014097,-0.563865,-1.219408,2.066792,-0.052995,-2.119787,-1.012387,-3.720565,0.095399,3.815964,-0.351473,0.587205,-0.015057,-0.602262,-1.157282,0.008280,-0.000212,-0.008492,0.180035,0.010118,-0.000259,-0.010377,-0.277353,2.242257,-6.708145,-1.309232,1.852727,4.509644,1.498336,-0.115048,-0.164387,0.032485,-2.464601,5.676611,-0.745504,0.000088,0.000000,0.000000,245.239460,214.296660,1
3.418000,-0.008013,0.032023,0.226175,-0.547908,0.014049,0.561957,0.823492,0.025701,-0.000659,-0.026360,-0.104520,0.776317,-0.019906,-0.796222,-0.236861,-0.264184,0.006774,0.270958,0.390458,0.911884,-0.023382,-0.935266,0.745696,-2.502969,0.064179,2.567148,-1.196949,0.549769,-0.014097,-0.563865,-1.270799,2.066792,-0.052995,-2.119787,-1.160254,-3.720565,0.095399,3.815964,-0.375708,0.587205,-0.015057,-0.602262,-1.223644,0.008280,-0.000212,-0.008492,0.257670,0.010118,-0.000259,-0.010377,-0.734454,2.262078,-7.115838,-1.482510,1.807344,4.480336,1.530847,-0.735262,-1.082160,0.235054,-2.433680,5.382920,-0.632091,0.000099,0.000000,0.000000,245.338326,214.291405,1
3.424000,-0.010619,0.030390,0.226094,-0.516848,0.013253,0.530101,0.878381,0.090339,-0.002316,-0.092656,-0.315142,0.387265,-0.009930,-0.397194,-0.341978,-0.367060,0.009412,0.376472,0.568520,0.773346,-0.019829,-0.793175,0.799529,-2.589697,0.066402,2.656100,-1.010493,0.412370,-0.010574,-0.422943,-1.034929,1.924383,-0.049343,-1.973726,-0.694455,-3.849692,0.098710,3.948402,-0.698898,0.620568,-0.015912,-0.636480,-0.989185,0.006798,-0.000174,-0.006972,-0.023259,-0.000301,0.000008,0.000309,0.098133,2.783065,-6.677617,-0.911571,2.379273,4.372156,1.234270,-3.280036,-4.914902,0.852053,-2.459220,7.339783,-1.508306,0.000094,0.000000,0.000000,245.394489,214.274636,1
3.434000,-0.011220,0.030462,0.223973,-0.516848,0.013253,0.530101,0.803476,0.090339,-0.002316,-0.092656,-0.166640,0.387265,-0.009930,-0.397194,-1.354332,-0.367060,0.009412,0.376472,0.654512,0.773346,-0.019829,-0.793175,0.851078,-2.589697,0.066402,2.656100,-1.166364,0.412370,-0.010574,-0.422943,-0.963545,1.924383,-0.049343,-1.973726,-0.805217,-3.849692,0.098710,3.948402,-0.684809,0.620568,-0.015912,-0.636480,-0.873019,0.006798,-0.000174,-0.006972,0.245882,-0.000301,0.000008,0.000309,-0.452534,2.729468,-6.721694,-0.969482,2.850664,5.559029,1.670302,-3.101751,-5.409465,1.337192,-2.342872,6.704123,-1.311875,0.000103,0.000000,0.000000,245.497059,214.247630,1
3.440000,-0.009137,0.025660,0.224835,-0.436149,0.011183,0.447333,1.085788,0.491996,-0.012615,-0.504612,-0.037351,-0.592533,0.015193,0.607726,-1.655957,-0.441165,0.011312,0.452477,0.931477,0.699695,-0.017941,-0.717636,0.805182,-2.721963,0.069794,2.791757,-0.857029,0.351253,-0.009006,-0.360259,-0.761625,1.834085,-0.047028,-1.881113,-0.841435,-3.936732,0.100942,4.037674,-0.361792,0.712582,-0.018271,-0.730853,-0.884350,0.105054,-0.002694,-0.107748,-0.001006,-0.352788,0.009046,0.361833,0.060302,2.733805,-5.733963,-0.667894,3.681763,6.103050,1.393207,-2.863693,-5.806653,1.635811,-2.241604,6.960847,-1.293371,0.000089,0.000000,0.000000,245.550394,214.235713,1
3.450000,-0.009736,0.025659,0.223218,-0.436149,0.011183,0.447333,1.097150,0.491996,-0.012615,-0.504612,0.018307,-0.592533,0.015193,0.607726,-1.929306,-0.441165,0.011312,0.452477,0.900904,0.699695,-0.017941,-0.717636,0.777704,-2.721963,0.069794,2.791757,-0.838696,0.351253,-0.009006,-0.360259,-0.749491,1.834085,-0.047028,-1.881113,-0.848785,-3.936732,0.100942,4.037674,-0.403911,0.712582,-0.018271,-0.730853,-0.736134,0.105054,-0.002694,-0.107748,0.385209,-0.352788,0.009046,0.361833,-0.537607,2.375000,-5.667957,-0.911947,3.183805,5.960970,1.647230,-2.889166,-5.956840,1.717153,-2.264141,6.422603,-1.035238,0.000093,0.000000,0.000000,245.642906,214.209262,1
3.456000,-0.015517,0.022362,0.219368,-0.458042,0.011745,0.469787,1.250416,0.648328,-0.016624,-0.664952,-0.049053,-1.438108,0.036875,1.474982,-1.498982,-0.487054,0.012489,0.499543,1.068818,0.588564,-0.015091,-0.603656,0.586502,-2.833043,0.072642,2.905686,-0.234903,0.290127,-0.007439,-0.297566,-0.509705,1.668275,-0.042776,-1.711052,-0.523983,-3.965447,0.101678,4.067125,-0.636802,0.550866,-0.014125,-0.564991,-0.541723,0.321193,-0.008236,-0.329429,0.068847,-1.382849,0.035458,1.418307,0.247988,2.165079,-4.758844,-0.658278,4.997149,8.399790,2.522768,-2.384553,-5.423308,1.861321,-2.103336,6.936568,-1.357688,0.000087,0.000000,0.000000,245.695228,214.191261,1
3.466000,-0.016608,0.022607,0.218032,-0.458042,0.011745,0.469787,1.154877,0.648328,-0.016624,-0.664952,-0.185394,-1.438108,0.036875,1.474982,-1.489430,-0.487054,0.012489,0.499543,0.957615,0.588564,-0.015091,-0.603656,0.488981,-2.833043,0.072642,2.905686,-0.312773,0.290127,-0.007439,-0.297566,-0.544195,1.668275,-0.042776,-1.711052,-0.705112,-3.965447,0.101678,4.067125,-0.546024,0.550866,-0.014125,-0.564991,-0.504262,0.321193,-0.008236,-0.329429,0.466564,-1.382849,0.035458,1.418307,-0.606044,1.833586,-5.040294,-1.073821,4.278632,7.757824,2.587347,-2.686008,-5.560659,1.729780,-2.111093,5.698784,-0.804686,0.000094,0.000000,0.000000,245.789551,214.152887,1
3.472000,-0.007297,0.028101,0.227120,-0.551465,0.014140,0.565605,0.490596,0.913933,-0.023434,-0.937367,-0.060323,-2.234838,0.057304,2.292142,-1.040567,-0.586712,0.015044,0.601756,0.340383,0.388974,-0.009974,-0.398947,0.203339,-2.828317,0.072521,2.900838,0.102908,0.445675,-0.011428,-0.457103,-0.779976,0.536367,-0.013753,-0.550120,-0.593211,-1.827293,0.046854,1.874147,-0.141392,0.514483,-0.013192,-0.527675,-0.774129,0.565788,-0.014507,-0.580295,0.637092,-2.439794,0.062559,2.502353,-0.862071,1.410004,-4.455029,-1.007213,3.702193,7.722833,2.302514,-3.263660,-5.290508,0.931714,-1.537935,2.431355,0.160770,0.000072,0.000000,0.000000,245.832673,214.132911,1
3.482000,-0.007984,0.028284,0.226390,-0.551465,0.014140,0.565605,0.490303,0.913933,-0.023434,-0.937367,-0.095107,-2.234838,0.057304,2.292142,-1.057570,-0.586712,0.015044,0.601756,0.341376,0.388974,-0.009974,-0.398947,0.211710,-2.828317,0.072521,2.900838,-0.066924,0.445675,-0.011428,-0.457103,-0.693013,0.536367,-0.013753,-0.550120,-0.608428,-1.827293,0.046854,1.874147,-0.175587,0.514483,-0.013192,-0.527675,-0.701348,0.565788,-0.014507,-0.580295,0.529354,-2.439794,0.062559,2.502353,-0.863553,1.383592,-4.711895,-1.145161,3.634366,7.314304,2.108579,-3.293978,-5.225515,0.865700,-1.465978,2.507352,0.060322,0.000071,0.000000,0.000000,245.903606,214.093847,1
3.490000,-0.014503,0.028430,0.227227,-0.893830,0.022919,0.916749,-0.113926,2.757526,-0.070706,-2.828232,-0.144429,-5.482252,0.140571,5.622823,-0.515850,-0.886808,0.022739,0.909546,1.010310,0.663394,-0.017010,-0.680404,-0.349136,-3.404580,0.087297,3.491877,1.555443,0.693030,-0.017770,-0.710800,-0.122041,2.253630,-0.057785,-2.311415,-1.272561,-4.242498,0.108782,4.351280,2.248160,0.556548,-0.014270,-0.570818,0.110425,2.033963,-0.052153,-2.086116,-0.479350,-6.384947,0.163717,6.548664,-0.091499,-0.019075,-1.099164,-0.631129,5.311985,9.053847,1.780463,-5.943010,-7.539191,1.069962,-0.087667,0.054500,0.047046,0.000245,0.000000,0.000000,246.099399,214.230964,1
3.500000,-0.015424,0.028657,0.226832,-0.893830,0.022919,0.916749,-0.161505,2.757526,-0.070706,-2.828232,-0.135043,-5.482252,0.140571,5.622823,-0.569333,-0.886808,0.022739,0.909546,0.712697,0.663394,-0.017010,-0.680404,-0.464124,-3.404580,0.087297,3.491877,1.415772,0.693030,-0.017770,-0.710800,-0.025374,2.253630,-0.057785,-2.311415,-1.304367,-4.242498,0.108782,4.351280,2.086371,0.556548,-0.014270,-0.570818,0.146949,2.033963,-0.052153,-2.086116,-0.553685,-6.384947,0.163717,6.548664,-0.148302,-0.007810,-1.779022,-1.020353,5.279690,8.853338,1.692392,-5.916188,-7.479961,1.031199,0.063559,0.305562,-0.218284,0.000240,0.000000,0.000000,246.339003,214.382481,1
3.508000,0.002225,0.034358,0.272328,-1.468822,0.037662,1.506484,0.129528,2.829100,-0.072541,-2.901641,-0.809049,-5.670194,0.145390,5.815584,0.950364,-8.541487,0.219012,8.760499,9.156959,-4.988955,0.127922,5.116877,2.486781,10.833110,-0.277772,-11.110882,-5.589356,0.706558,-0.018117,-0.724675,-2.497186,-2.161527,0.055424,2.216951,0.920320,11.042758,-0.283148,-11.325905,-5.610431,-0.442825,0.011354,0.454180,0.156260,2.738785,-0.070225,-2.809010,-1.535324,-7.280285,0.186674,7.466959,2.377704,0.000000,0.000000,0.000000,3.261539,5.179564,0.046812,-4.143329,-4.744278,0.792402,0.000000,0.000000,0.000000,0.002526,0.000000,0.000000,248.360183,216.403661,1
3.518000,0.003546,0.034673,0.274968,-1.468822,0.037662,1.506484,0.305808,2.829100,-0.072541,-2.901641,-0.655183,-5.670194,0.145390,5.815584,0.788050,-8.541487,0.219012,8.760499,9.146330,-4.988955,0.127922,5.116877,2.391010,10.833110,-0.277772,-11.110882,-5.379064,0.706558,-0.018117,-0.724675,-1.703822,-2.161527,0.055424,2.216951,0.932386,11.042758,-0.283148,-11.325905,-5.550972,-0.442825,0.011354,0.454180,0.419240,2.738785,-0.070225,-2.809010,-1.349299,-7.280285,0.186674,7.466959,2.060463,0.000000,0.000000,0.000000,3.831604,6.284272,0.114400,-4.370296,-5.069894,0.880800,0.000000,0.000000,0.000000,0.002446,0.000000,0.000000,250.806277,218.849755,1
3.522000,0.004925,0.040785,0.245142,-1.173825,0.030098,1.203923,-0.064388,-0.335399,0.008600,0.343999,0.660516,0.269715,-0.006916,-0.276631,-0.576856,2.042790,-0.052379,-2.095169,-1.922724,0.039382,-0.001010,-0.040392,-0.778862,-8.978695,0.230223,9.208918,5.788519,-0.834649,0.021401,0.856050,0.721214,0.827568,-0.021220,-0.848788,-0.835060,-0.707035,0.018129,0.725165,0.524809,-1.199241,0.030750,1.229991,0.569969,-0.252371,0.006471,0.258842,0.475224,0.182267,-0.004674,-0.186941,-1.137510,12.488927,-19.468829,-1.583854,1.557141,6.287634,1.820997,-4.055272,-1.657216,-1.409422,0.000000,0.000000,0.000000,0.000606,0.000000,0.000000,251.048572,219.091429,1
3.532000,0.005156,0.041246,0.243397,-1.173825,0.030098,1.203923,-0.469421,-0.335399,0.008600,0.343999,0.880759,0.269715,-0.006916,-0.276631,-0.744340,2.042790,-0.052379,-2.095169,-0.530137,0.039382,-0.001010,-0.040392,0.130068,-8.978695,0.230223,9.208918,1.627417,-0.834649,0.021401,0.856050,0.524076,0.827568,-0.021220,-0.848788,-0.523461,-0.707035,0.018129,0.725165,0.365748,-1.199241,0.030750,1.229991,0.121317,-0.252371,0.006471,0.258842,0.675040,0.182267,-0.004674,-0.186941,-1.323858,9.083691,-20.624246,-5.639055,0.740298,7.495487,2.961887,-4.896275,-1.009164,-2.279322,0.000000,0.000000,0.000000,0.000189,0.000000,0.000000,251.237635,219.269085,1
3.534000,-0.006727,0.022757,0.287838,0.450740,-0.011557,-0.462297,0.583367,-0.576238,0.014775,0.591014,-0.257782,-0.949907,0.024357,0.974264,0.267896,-2.851204,0.073108,2.924312,1.851864,-0.211350,0.005419,0.216769,-0.054851,12.539296,-0.321520,-12.860817,-6.373929,0.816546,-0.020937,-0.837483,-0.689138,-0.273303,0.007008,0.280311,-0.078242,-1.937046,0.049668,1.986714,1.119567,0.922417,-0.023652,-0.946069,-0.760792,-0.384359,0.009855,0.394214,0.299971,-1.997725,0.051224,2.048949,0.592706,0.000000,0.000000,0.000000,2.425303,5.004932,0.844683,-1.197639,-3.884845,1.407943,0.000000,0.000000,0.000000,0.000930,0.000000,0.000000,251.423555,219.453182,1
3.544000,-0.005856,0.022768,0.287848,0.450740,-0.011557,-0.462297,0.470069,-0.576238,0.014775,0.591014,-0.036233,-0.949907,0.024357,0.974264,-0.305205,-2.851204,0.073108,2.924312,2.042624,-0.211350,0.005419,0.216769,-0.020297,12.539296,-0.321520,-12.860817,-6.308430,0.816546,-0.020937,-0.837483,-0.607569,-0.273303,0.007008,0.280311,-0.017356,-1.937046,0.049668,1.986714,1.003134,0.922417,-0.023652,-0.946069,-0.870764,-0.384359,0.009855,0.394214,0.455900,-1.997725,0.051224,2.048949,0.180541,0.000000,0.000000,0.000000,2.933412,6.220251,1.084255,-2.587194,-4.866188,1.229023,0.000000,0.000000,0.000000,0.000915,0.000000,0.000000,252.338809,220.357529,1
3.548000,-0.005808,0.032889,0.235212,-0.159095,0.004079,0.163174,-0.332004,-0.269344,0.006906,0.276251,0.887632,-0.670297,0.017187,0.687484,-1.376977,-0.128447,0.003294,0.131740,-0.032021,-0.066536,0.001706,0.068243,-0.030816,1.593384,-0.040856,-1.634240,-0.746129,0.502239,-0.012878,-0.515117,0.014891,-0.042271,0.001084,0.043355,-0.029616,0.811759,-0.020814,-0.832574,-0.235843,-0.002081,0.000053,0.002134,0.426393,-0.207342,0.005316,0.212658,0.217014,-1.004184,0.025748,1.029932,-1.215304,0.000000,0.000000,0.000000,3.394191,6.421485,1.413276,-3.702807,-5.183388,0.448836,0.000000,0.000000,0.000000,0.000040,0.000000,0.000000,252.354712,220.355290,1
3.558000,-0.006684,0.032507,0.230359,-0.223824,0.005739,0.229563,-0.245352,-0.259773,0.006661,0.266434,1.064780,-0.585496,0.015013,0.600509,-1.781154,-0.113457,0.002909,0.116366,-0.106988,-0.041909,0.001075,0.042983,-0.039854,1.074376,-0.027548,-1.101924,-0.428487,0.346010,-0.008872,-0.354882,0.071838,-0.012668,0.000325,0.012992,-0.042270,0.519378,-0.013317,-0.532695,-0.092767,-0.085937,0.002204,0.088140,0.602092,-0.190109,0.004875,0.194983,0.261335,-0.905786,0.023225,0.929011,-1.554182,0.001080,-0.028767,-0.012529,3.638506,6.803303,1.541353,-3.965001,-5.747592,0.574234,0.000000,0.000000,0.000000,0.000035,0.000000,0.000000,252.389905,220.338283,1
3.562000,-0.012348,0.018705,0.246294,-0.177528,0.004552,0.182080,-0.163048,-0.405875,0.010407,0.416282,0.843204,-0.842677,0.021607,0.864284,-1.258530,-0.678683,0.017402,0.696085,-0.038760,-0.008638,0.000221,0.008859,-0.045292,1.677640,-0.043016,-1.720656,-0.592624,0.040350,-0.001035,-0.041384,0.103741,-0.004638,0.000119,0.004757,-0.025412,0.809701,-0.020762,-0.830463,-0.213850,0.009031,-0.000232,-0.009263,0.364705,-0.378086,0.009695,0.387780,0.298800,-1.126470,0.028884,1.155354,-1.029378,0.000000,0.000000,0.000000,3.265380,6.320430,1.387772,-3.530847,-5.554246,0.519916,0.000000,0.000000,0.000000,0.000040,0.000000,0.000000,252.405929,220.335572,1
3.572000,-0.012768,0.018271,0.243988,-0.177528,0.004552,0.182080,-0.134037,-0.405875,0.010407,0.416282,0.986983,-0.842677,0.021607,0.864284,-1.550420,-0.678683,0.017402,0.696085,0.001301,-0.008638,0.000221,0.008859,-0.033798,1.677640,-0.043016,-1.720656,-0.657688,0.040350,-0.001035,-0.041384,0.192245,-0.004638,0.000119,0.004757,-0.018670,0.809701,-0.020762,-0.830463,-0.228689,0.009031,-0.000232,-0.009263,0.451468,-0.378086,0.009695,0.387780,0.364832,-1.126470,0.028884,1.155354,-1.294913,0.000000,0.000000,0.000000,3.500762,6.808076,1.532657,-3.786935,-6.093996,0.618584,0.000000,0.000000,0.000000,0.000047,0.000000,0.000000,252.453408,220.325590,1
3.574000,-0.007585,0.027505,0.237039,-0.160553,0.004117,0.164670,-0.253608,-0.257457,0.006601,0.264059,1.083178,-0.985250,0.025263,1.010513,-1.654845,-0.931060,0.023873,0.954933,0.052523,-0.006098,0.000156,0.006255,-0.048058,1.774882,-0.045510,-1.820392,-0.481519,0.101087,-0.002592,-0.103679,0.295914,0.002062,-0.000053,-0.002115,-0.061305,1.985936,-0.050921,-2.036857,-0.522751,0.051326,-0.001316,-0.052642,0.417779,-0.474424,0.012165,0.486589,0.499334,-0.879214,0.022544,0.901758,-1.543879,0.000000,0.000000,0.000000,3.668744,7.135774,1.508963,-4.026806,-6.071881,0.809224,0.000000,0.000000,0.000000,0.000057,0.000000,0.000000,252.464767,220.324313,1
3.584000,-0.007783,0.027563,0.234118,-0.160553,0.004117,0.164670,-0.248989,-0.257457,0.006601,0.264059,1.196305,-0.985250,0.025263,1.010513,-1.899775,-0.931060,0.023873,0.954933,0.112240,-0.006098,0.000156,0.006255,-0.043967,1.774882,-0.045510,-1.820392,-0.632669,0.101087,-0.002592,-0.103679,0.349272,0.002062,-0.000053,-0.002115,-0.049835,1.985936,-0.050921,-2.036857,-0.688112,0.051326,-0.001316,-0.052642,0.502804,-0.474424,0.012165,0.486589,0.510801,-0.879214,0.022544,0.901758,-1.745292,0.000000,0.000000,0.000000,3.800878,7.337612,1.546659,-4.212105,-6.424160,0.897930,0.000000,0.000000,0.000000,0.000068,0.000000,0.000000,252.532993,220.320588,1
3.586000,-0.014572,0.015551,0.239573,0.070302,-0.001803,-0.072105,-0.069194,-0.493759,0.012660,0.506420,1.032114,-1.111134,0.028491,1.139624,-1.668280,-0.718395,0.018420,0.736816,-0.006529,-0.005364,0.000138,0.005502,-0.040136,1.264155,-0.032414,-1.296569,-0.355321,0.106086,-0.002720,-0.108806,0.215380,0.006170,-0.000158,-0.006329,-0.037401,1.266920,-0.032485,-1.299406,-0.440863,0.299087,-0.007669,-0.306756,0.410278,-0.826384,0.021189,0.847573,0.557333,-0.855857,0.021945,0.877802,-1.488366,0.000000,0.000000,0.000000,3.847588,6.506019,1.634811,-3.852332,-6.439736,0.517811,0.000000,0.000000,0.000000,0.000054,0.000000,0.000000,252.543785,220.317931,1
3.596000,-0.015235,0.014858,0.236708,0.070302,-0.001803,-0.072105,-0.094462,-0.493759,0.012660,0.506420,1.154692,-1.111134,0.028491,1.139624,-1.913917,-0.718395,0.018420,0.736816,0.001991,-0.005364,0.000138,0.005502,-0.040240,1.264155,-0.032414,-1.296569,-0.423224,0.106086,-0.002720,-0.108806,0.231968,0.006170,-0.000158,-0.006329,-0.023063,1.266920,-0.032485,-1.299406,-0.455594,0.299087,-0.007669,-0.306756,0.455407,-0.826384,0.021189,0.847573,0.586424,-0.855857,0.021945,0.877802,-1.683513,0.000000,0.000000,0.000000,3.984563,6.743681,1.741594,-4.065235,-6.816183,0.533647,0.000000,0.000000,0.000000,0.000061,0.000000,0.000000,252.604335,220.302000,1
3.600000,-0.005340,0.032660,0.238157,0.177340,-0.004547,-0.181887,-0.411936,-0.760687,0.019505,0.780192,0.917255,-0.838053,0.021489,0.859542,-1.370241,0.094333,-0.002419,-0.096752,-0.342380,-0.003131,0.000080,0.003212,-0.015824,0.054864,-0.001407,-0.056271,0.013956,-0.336151,0.008619,0.344771,0.523791,-0.002757,0.000071,0.002827,-0.049638,-1.738498,0.044577,1.783074,0.702066,0.411388,-0.010548,-0.421936,0.101574,-0.948513,0.024321,0.972834,0.509948,-0.873139,0.022388,0.895528,-1.296154,0.000000,0.000000,0.000000,3.474931,6.415550,0.964848,-3.571405,-5.357571,0.978579,0.000000,0.000000,0.000000,0.000051,0.000000,0.000000,252.624873,220.303479,1
3.610000,-0.005218,0.033181,0.235415,0.177340,-0.004547,-0.181887,-0.452737,-0.760687,0.019505,0.780192,1.071402,-0.838053,0.021489,0.859542,-1.633844,0.094333,-0.002419,-0.096752,-0.348230,-0.003131,0.000080,0.003212,-0.025225,0.054864,-0.001407,-0.056271,0.008770,-0.336151,0.008619,0.344771,0.578627,-0.002757,0.000071,0.002827,-0.045454,-1.738498,0.044577,1.783074,0.787381,0.411388,-0.010548,-0.421936,0.131928,-0.948513,0.024321,0.972834,0.595667,-0.873139,0.022388,0.895528,-1.549190,0.000000,0.000000,0.000000,3.701352,6.958968,1.088792,-3.860501,-5.811742,1.097350,0.000000,0.000000,0.000000,0.000060,0.000000,0.000000,252.684703,220.306347,1
3.612000,-0.003256,0.033074,0.233184,-0.113544,0.002911,0.116455,-0.273516,-0.236685,0.006069,0.242754,1.156617,-0.728989,0.018692,0.747681,-1.988533,-0.955829,0.024508,0.980338,0.042788,-0.052614,0.001349,0.053963,-0.069546,2.258753,-0.057917,-2.316670,-0.557256,0.711971,-0.018256,-0.730227,0.136116,-0.035631,0.000914,0.036544,-0.057197,1.150013,-0.029488,-1.179500,-0.026029,0.137127,-0.003516,-0.140644,0.319398,-0.325650,0.008350,0.334000,0.463940,-0.957500,0.024551,0.982052,-1.558159,0.000000,0.000000,0.000000,3.709279,7.452185,1.353083,-4.178513,-6.219086,1.090941,0.000000,0.000000,0.000000,0.000050,0.000000,0.000000,252.694700,220.303548,1
3.622000,-0.000134,0.036793,0.229338,-0.039304,0.001008,0.040311,-0.425074,-0.321092,0.008233,0.329325,1.342350,-0.778610,0.019964,0.798574,-2.136087,-0.913700,0.023428,0.937128,0.099104,-0.050403,0.001292,0.051695,-0.056988,2.084735,-0.053455,-2.138190,-0.753861,0.652772,-0.016738,-0.669510,0.071379,-0.022733,0.000583,0.023316,-0.046101,1.073248,-0.027519,-1.100767,-0.223573,0.200465,-0.005140,-0.205605,0.338008,-0.440125,0.011285,0.451410,0.530802,-0.939196,0.024082,0.963278,-1.746730,-0.001810,-0.006394,-0.004839,3.809820,7.754092,1.211604,-4.317022,-6.348786,1.269475,0.000000,0.000000,0.000000,0.000062,0.000000,0.000000,252.756294,220.294605,1
3.624000,-0.010512,0.016566,0.242532,0.776342,-0.019906,-0.796249,-0.163234,0.149121,-0.003824,-0.152944,0.829077,-2.632376,0.067497,2.699873,-1.515949,1.630212,-0.041800,-1.672013,-0.978744,0.026284,-0.000674,-0.026958,-0.073947,-0.754189,0.019338,0.773527,0.270601,-0.138514,0.003552,0.142066,0.483186,0.014210,-0.000364,-0.014575,-0.043429,-2.256627,0.057862,2.314490,0.927296,0.178156,-0.004568,-0.182724,0.091362,0.732404,-0.018780,-0.751184,0.066807,-3.110491,0.079756,3.190247,-0.525750,0.000000,0.000000,0.000000,3.900484,7.202349,2.085949,-4.077959,-7.285223,0.447982,0.000000,0.000000,0.000000,0.000102,0.000000,0.000000,252.776608,220.291064,1
3.634000,-0.010873,0.015204,0.240924,0.777084,-0.019925,-0.797009,-0.259736,0.141780,-0.003635,-0.145415,0.913354,-2.637516,0.067629,2.705145,-1.648376,1.588548,-0.040732,-1.629280,-1.296474,0.025441,-0.000652,-0.026094,-0.069193,-0.631957,0.016204,0.648161,0.250742,-0.136585,0.003502,0.140087,0.451776,0.013572,-0.000348,-0.013920,-0.037432,-2.258881,0.057920,2.316801,1.040724,0.183375,-0.004702,-0.188077,0.077383,0.732001,-0.018769,-0.750770,0.038772,-3.134773,0.080379,3.215152,-0.556119,0.000000,0.000000,0.000000,4.034601,7.349501,2.154554,-4.204782,-7.496824,0.399814,0.000000,0.000000,0.000000,0.000114,0.000000,0.000000,252.890430,220.276414,1
3.636000,-0.000853,0.038004,0.230776,0.267993,-0.006872,-0.274865,-0.434997,0.757081,-0.019412,-0.776493,0.823497,-2.622291,0.067238,2.689529,-1.399071,0.113181,-0.002902,-0.116083,-0.619713,0.087143,-0.002234,-0.089377,-0.114575,2.184059,-0.056002,-2.240060,-0.694711,-0.618462,0.015858,0.634320,1.102390,0.006233,-0.000160,-0.006393,-0.062635,0.076640,-0.001965,-0.078605,0.411802,-0.384284,0.009853,0.394137,0.684112,1.516743,-0.038891,-1.555634,-0.402893,-3.357933,0.086101,3.444033,-0.778268,0.266145,-1.058400,-0.326224,3.556316,7.374805,1.211479,-4.190492,-6.599732,1.579503,0.000000,0.000000,0.000000,0.000105,0.000000,0.000000,252.911368,220.268892,1
3.646000,-0.000668,0.038799,0.228356,0.267993,-0.006872,-0.274865,-0.474524,0.757081,-0.019412,-0.776493,0.896786,-2.622291,0.067238,2.689529,-1.462602,0.113181,-0.002902,-0.116083,-0.558195,0.087143,-0.002234,-0.089377,-0.161000,2.184059,-0.056002,-2.240060,-1.020925,-0.618462,0.015858,0.634320,1.136660,0.006233,-0.000160,-0.006393,-0.051231,0.076640,-0.001965,-0.078605,0.221065,-0.384284,0.009853,0.394137,0.761318,1.516743,-0.038891,-1.555634,-0.415152,-3.357933,0.086101,3.444033,-0.858451,1.466203,-3.853455,-0.645212,3.638365,7.760443,1.335297,-4.360091,-6.518879,1.458828,0.000000,0.000000,0.000000,0.000118,0.000000,0.000000,253.029045,220.234490,1
3.648000,-0.012096,0.028875,0.228343,0.070089,-0.001797,-0.071886,-0.397219,0.876432,-0.022473,-0.898905,0.647488,-2.620052,0.067181,2.687233,-1.293642,0.394456,-0.010114,-0.404570,-0.797477,0.023665,-0.000607,-0.024272,-0.095443,1.226146,-0.031440,-1.257585,-0.422216,-0.600762,0.015404,0.616166,1.207601,0.008932,-0.000229,-0.009161,-0.078556,0.262530,-0.006732,-0.269262,0.346606,-0.640991,0.016436,0.657427,1.029742,1.821587,-0.046707,-1.868294,-0.952523,-3.615051,0.092694,3.707744,-0.396706,0.484795,-1.101826,-0.160944,3.313315,6.225777,1.319312,-4.037519,-6.396859,0.930762,-0.173159,0.059501,0.078585,0.000097,0.000000,0.000000,253.048462,220.231417,1
3.658000,-0.009565,0.029642,0.227929,0.131359,-0.003368,-0.134727,-0.386043,0.829322,-0.021265,-0.850587,0.769352,-2.634732,0.067557,2.702289,-1.356679,0.347458,-0.008909,-0.356367,-0.805623,0.022247,-0.000570,-0.022817,-0.085317,1.313433,-0.033678,-1.347111,-0.492570,-0.558260,0.014314,0.572575,1.171553,0.008888,-0.000228,-0.009116,-0.054470,0.328385,-0.008420,-0.336806,0.148873,-0.573437,0.014704,0.588140,1.082441,1.744960,-0.044743,-1.789703,-0.814484,-3.583665,0.091889,3.675554,-0.541421,0.520659,-1.202806,-0.187818,3.568152,6.915215,1.452453,-4.114686,-6.574338,1.074548,-0.105567,0.071987,0.027649,0.000101,0.000000,0.000000,253.149771,220.205512,1
3.664000,-0.010049,0.028774,0.227349,0.137551,-0.003527,-0.141078,-0.210194,0.706328,-0.018111,-0.724439,0.669711,-2.630912,0.067459,2.698372,-0.824159,0.558728,-0.014326,-0.573054,-0.914530,0.179822,-0.004611,-0.184432,-0.293286,0.359637,-0.009221,-0.368858,-0.212010,-0.771461,0.019781,0.791243,1.244833,0.011256,-0.000289,-0.011545,-0.064803,0.034900,-0.000895,-0.035795,0.176361,-0.643756,0.016507,0.660262,1.273108,1.823802,-0.046764,-1.870566,-0.419658,-3.822986,0.098025,3.921011,-1.005255,3.031564,-5.006062,0.065758,3.599199,7.431219,1.790390,-4.043638,-5.907203,0.727697,-0.254084,0.399858,-0.051071,0.000100,0.000000,0.000000,253.209497,220.185354,1
3.674000,-0.010553,0.028858,0.225123,0.137551,-0.003527,-0.141078,-0.435945,0.706328,-0.018111,-0.724439,0.786345,-2.630912,0.067459,2.698372,-1.027574,0.558728,-0.014326,-0.573054,-0.666256,0.179822,-0.004611,-0.184432,-0.166899,0.359637,-0.009221,-0.368858,-1.172854,-0.771461,0.019781,0.791243,1.099640,0.011256,-0.000289,-0.011545,-0.020689,0.034900,-0.000895,-0.035795,0.092881,-0.643756,0.016507,0.660262,1.145550,1.823802,-0.046764,-1.870566,-0.567983,-3.822986,0.098025,3.921011,-0.924730,2.132765,-5.472977,-0.914556,3.350962,7.268428,1.894414,-4.323132,-5.940897,0.545689,-0.513636,1.050404,-0.231384,0.000106,0.000000,0.000000,253.315172,220.151596,1
3.678000,-0.003141,0.030781,0.229252,0.350515,-0.008988,-0.359503,-0.712620,0.516391,-0.013241,-0.529632,0.697767,-2.780050,0.071283,2.851334,-0.590800,0.409729,-0.010506,-0.420235,-0.831239,1.006315,-0.025803,-1.032118,0.003661,-1.903381,0.048805,1.952185,-1.256037,-0.994909,0.025510,1.020419,1.100007,0.007929,-0.000203,-0.008133,-0.025862,-0.033232,0.000852,0.034084,0.142012,-0.530022,0.013590,0.543612,0.840621,1.770220,-0.045390,-1.815610,-0.814456,-4.084425,0.104729,4.189154,0.028727,2.041628,-6.709615,-1.617963,3.096190,7.114109,1.692587,-3.816661,-4.554157,0.285871,-0.058367,0.063836,0.008111,0.000083,0.000000,0.000000,253.348368,220.148713,1
3.688000,-0.003235,0.030790,0.227995,0.350515,-0.008988,-0.359503,-0.838428,0.516391,-0.013241,-0.529632,0.771376,-2.780050,0.071283,2.851334,-0.539227,0.409729,-0.010506,-0.420235,-0.983619,1.006315,-0.025803,-1.032118,0.124460,-1.903381,0.048805,1.952185,-1.495011,-0.994909,0.025510,1.020419,1.099240,0.007929,-0.000203,-0.008133,-0.026466,-0.033232,0.000852,0.034084,0.083348,-0.530022,0.013590,0.543612,0.730284,1.770220,-0.045390,-1.815610,-0.636118,-4.084425,0.104729,4.189154,-0.175235,1.827510,-6.364579,-1.635377,3.099157,7.520067,1.933711,-3.728059,-4.417914,0.255459,-0.263676,0.288831,0.036650,0.000091,0.000000,0.000000,253.439554,220.125356,1
3.696000,-0.019196,0.032507,0.240056,-0.116577,0.002989,0.119566,-0.199180,0.224681,-0.005761,-0.230442,0.563028,-3.160335,0.081034,3.241369,1.254371,-0.212500,0.005449,0.217948,-0.124613,1.166645,-0.029914,-1.196559,0.805390,-4.461485,0.114397,4.575882,0.997809,-1.453147,0.037260,1.490407,0.487770,-0.027569,0.000707,0.028276,0.036017,-0.173904,0.004459,0.178363,0.094147,-0.835461,0.021422,0.856883,1.961715,0.844393,-0.021651,-0.866044,0.038331,-3.487976,0.089435,3.577411,1.957629,1.429052,-3.705847,-0.387755,0.000000,0.000000,0.000000,-2.420088,-1.738788,-0.597891,-0.842544,1.290708,0.000833,0.000192,0.000000,0.000000,253.593460,220.260420,1
3.706000,-0.020651,0.032673,0.237964,-0.116577,0.002989,0.119566,-0.085680,0.224681,-0.005761,-0.230442,0.760654,-3.160335,0.081034,3.241369,0.838893,-0.212500,0.005449,0.217948,-0.030152,1.166645,-0.029914,-1.196559,0.914239,-4.461485,0.114397,4.575882,0.799858,-1.453147,0.037260,1.490407,0.582975,-0.027569,0.000707,0.028276,0.094039,-0.173904,0.004459,0.178363,0.058365,-0.835461,0.021422,0.856883,1.582731,0.844393,-0.021651,-0.866044,-0.082370,-3.487976,0.089435,3.577411,1.847264,2.136353,-4.401551,-0.123893,0.000000,0.000000,0.000000,-1.871912,-2.535268,0.248888,-6.181822,16.755583,-3.465070,0.000166,0.000000,0.000000,253.759292,220.400531,1
3.712000,-0.012183,0.031286,0.229607,-0.021474,0.000551,0.022025,0.688974,-1.004467,0.025756,1.030223,-0.011374,-3.844772,0.098584,3.943356,1.373390,-0.110811,0.002841,0.113652,0.747977,0.289557,-0.007425,-0.296981,0.624838,-5.313885,0.136253,5.450139,0.216575,-1.594507,0.040885,1.635392,0.808340,-1.046916,0.026844,1.073760,1.640373,-1.597150,0.040953,1.638103,-1.630785,-1.668970,0.042794,1.711764,0.183849,-0.199836,0.005124,0.204960,-0.057051,1.315948,-0.033742,-1.349691,-0.272875,3.116301,-6.100395,-0.435944,0.000000,0.000000,0.000000,-0.079554,-1.663330,0.897500,-2.785872,9.079928,-2.331585,0.000133,0.000000,0.000000,253.839350,220.446025,1
3.722000,-0.012889,0.031582,0.228201,-0.030910,0.000793,0.031702,0.616705,-1.046704,0.026839,1.073542,-0.003812,-3.861440,0.099011,3.960452,1.400175,-0.120308,0.003085,0.123393,0.748023,0.243829,-0.006252,-0.250081,0.566789,-5.320906,0.136433,5.457340,0.233215,-1.606497,0.041192,1.647689,0.792825,-1.094825,0.028072,1.122898,1.485519,-1.605150,0.041158,1.646307,-1.431616,-1.529111,0.039208,1.568319,0.317232,-0.192099,0.004926,0.197025,-0.034582,1.240056,-0.031796,-1.271853,-0.355347,3.132687,-6.116160,-0.478191,0.000000,0.000000,0.000000,-0.066158,-1.883758,1.042040,-2.850709,8.701388,-2.035482,0.000134,0.000000,0.000000,253.972983,220.529468,1
3.728000,-0.017859,0.032770,0.243260,3.283778,-0.084199,-3.367978,-1.152043,-9.459429,0.242549,9.701979,4.396910,3.047327,-0.078137,-3.125463,-1.022995,-0.983190,0.025210,1.008400,1.330673,0.200471,-0.005140,-0.205612,0.276385,-5.315613,0.136298,5.451911,0.591373,-1.985009,0.050898,2.035906,0.744112,-0.851105,0.021823,0.872928,0.433228,-3.148816,0.080739,3.229555,-0.533174,-3.504552,0.089860,3.594412,1.544489,-0.318562,0.008168,0.326731,-0.045704,5.460699,-0.140018,-5.600717,-2.779317,2.430213,-6.362678,-0.768962,0.000000,0.000000,0.000000,0.000000,0.000000,0.000000,-2.554649,6.731363,-1.117585,0.000791,0.000000,0.000000,254.447623,220.982583,1
3.738000,-0.019016,0.032673,0.243404,3.283778,-0.084199,-3.367978,-1.561882,-9.459429,0.242549,9.701979,4.454042,3.047327,-0.078137,-3.125463,-1.222267,-0.983190,0.025210,1.008400,1.416474,0.200471,-0.005140,-0.205612,0.376845,-5.315613,0.136298,5.451911,0.413551,-1.985009,0.050898,2.035906,0.754361,-0.851105,0.021823,0.872928,0.462578,-3.148816,0.080739,3.229555,-0.669824,-3.504552,0.089860,3.594412,1.936014,-0.318562,0.008168,0.326731,-0.000994,5.460699,-0.140018,-5.600717,-2.682757,2.667347,-7.124744,-0.899438,0.000000,0.000000,0.000000,0.000000,0.000000,0.000000,-2.648821,7.286682,-1.301236,0.000821,0.000000,0.000000,255.269037,221.759176,1
3.740000,-0.014748,0.027936,0.246533,0.670481,-0.017192,-0.687673,-0.246727,-3.620890,0.092843,3.713733,1.263950,-0.638329,0.016367,0.654696,0.444357,0.027101,-0.000695,-0.027796,0.889475,-0.164417,0.004216,0.168632,0.348312,-3.002941,0.076998,3.079939,0.360435,-0.534483,0.013705,0.548188,0.317287,-0.796579,0.020425,0.817004,0.448302,-1.720204,0.044108,1.764312,-0.496895,-1.398302,0.035854,1.434156,0.170217,0.105070,-0.002694,-0.107764,-0.209172,2.777852,-0.071227,-2.849079,-1.137163,2.420200,-4.531623,-0.332956,0.000000,0.000000,0.000000,0.000000,0.000000,0.000000,-1.658285,6.145209,-1.443837,0.000113,0.000000,0.000000,255.291580,221.778114,1
3.750000,-0.015250,0.027862,0.245940,0.670481,-0.017192,-0.687673,-0.218404,-3.620890,0.092843,3.713733,1.433510,-0.638329,0.016367,0.654696,0.315566,0.027101,-0.000695,-0.027796,0.838837,-0.164417,0.004216,0.168632,0.480471,-3.002941,0.076998,3.079939,0.119760,-0.534483,0.013705,0.548188,0.235505,-0.796579,0.020425,0.817004,0.554252,-1.720204,0.044108,1.764312,-0.793572,-1.398302,0.035854,1.434156,0.298415,0.105070,-0.002694,-0.107764,-0.145525,2.777852,-0.071227,-2.849079,-1.199866,2.726545,-5.289079,-0.464006,0.000000,0.000000,0.000000,0.000000,0.000000,0.000000,-1.856086,6.879891,-1.622268,0.000120,0.000000,0.000000,255.411559,221.869624,1
3.754000,-0.012922,0.027513,0.237899,1.775796,-0.045533,-1.821329,-1.027426,-3.621326,0.092855,3.714181,1.227670,1.416624,-0.036324,-1.452948,-0.613890,-0.465318,0.011931,0.477249,0.844527,-0.566063,0.014514,0.580578,0.678832,-2.314252,0.059340,2.373591,-0.306445,-0.858766,0.022020,0.880786,0.005540,-0.967883,0.024818,0.992700,0.349928,-1.746322,0.044777,1.791099,-0.850310,-0.764500,0.019603,0.784102,0.053691,0.075846,-0.001945,-0.077790,-0.206346,1.516024,-0.038872,-1.554896,-0.810179,2.377781,-5.303717,-0.746764,0.000000,0.000000,0.000000,0.000000,0.000000,0.000000,-2.301091,6.208371,-1.097030,0.000120,0.000000,0.000000,255.459721,221.899784,1
3.764000,-0.013239,0.027512,0.236410,1.767108,-0.045310,-1.812419,-1.043442,-3.614843,0.092688,3.707532,1.387097,1.394919,-0.035767,-1.430686,-0.600261,-0.458249,0.011750,0.469999,0.892804,-0.563127,0.014439,0.577566,0.847232,-2.314355,0.059342,2.373697,-0.579860,-0.852403,0.021856,0.874260,-0.013536,-0.966097,0.024772,0.990869,0.439132,-1.745092,0.044746,1.789838,-1.099593,-0.769457,0.019730,0.789187,0.078983,0.078068,-0.002002,-0.080070,-0.139995,1.535063,-0.039361,-1.574424,-0.717219,2.653038,-5.985054,-0.870625,0.000000,0.000000,0.000000,0.000000,0.000000,0.000000,-2.535789,6.779735,-1.190925,0.000138,0.000000,0.000000,255.597679,221.970615,1
3.766000,-0.011962,0.027433,0.242874,1.604601,-0.041144,-1.645745,-0.309665,-2.540905,0.065151,2.606056,0.814310,2.113323,-0.054188,-2.167511,-0.525967,-0.429385,0.011010,0.440394,0.545330,-0.349354,0.008958,0.358311,0.711870,-1.904756,0.048840,1.953596,-0.718748,-0.752971,0.019307,0.772278,-0.022427,-0.792010,0.020308,0.812318,0.483650,-1.397767,0.035840,1.433607,-1.076183,-1.291283,0.033110,1.324392,0.241494,0.175046,-0.004488,-0.179534,-0.178723,2.372896,-0.060843,-2.433740,-0.837402,2.398570,-5.970937,-0.895720,0.000000,0.000000,0.000000,0.000000,0.000000,0.000000,-2.552969,6.962150,-1.130339,0.000100,0.000000,0.000000,255.617708,221.978786,1
3.776000,-0.012275,0.027338,0.241017,1.604601,-0.041144,-1.645745,-0.452835,-2.540905,0.065151,2.606056,0.924684,2.113323,-0.054188,-2.167511,-0.754593,-0.429385,0.011010,0.440394,0.599427,-0.349354,0.008958,0.358311,0.874857,-1.904756,0.048840,1.953596,-1.033871,-0.752971,0.019307,0.772278,-0.020858,-0.792010,0.020308,0.812318,0.544739,-1.397767,0.035840,1.433607,-1.317855,-1.291283,0.033110,1.324392,0.335286,0.175046,-0.004488,-0.179534,-0.139388,2.372896,-0.060843,-2.433740,-0.948006,2.690844,-6.626252,-0.983200,0.000000,0.000000,0.000000,0.000000,0.000000,0.000000,-2.689600,7.402249,-1.228356,0.000125,0.000000,0.000000,255.742828,222.025403,1
3.780000,-0.004202,0.027543,0.238118,-1.573304,0.040341,1.613645,1.270017,0.744857,-0.019099,-0.763956,-0.555102,-2.885727,0.073993,2.959720,1.147130,0.259639,-0.006657,-0.266296,0.194523,-0.554893,0.014228,0.569121,0.774112,-0.617333,0.015829,0.633162,-0.821781,0.104712,-0.002685,-0.107397,-0.448458,-0.637182,0.016338,0.653520,0.370791,-0.778802,0.019969,0.798771,-1.043432,0.526212,-0.013493,-0.539705,-0.677515,0.283597,-0.007272,-0.290868,-0.305877,-0.241916,0.006203,0.248119,0.010598,2.573402,-4.543275,-0.424038,0.000000,0.000000,0.000000,0.000000,0.000000,0.000000,-2.103297,6.071452,-1.021643,0.000085,0.000000,0.000000,255.776678,222.048008,1
3.790000,-0.004125,0.027500,0.235716,-1.573304,0.040341,1.613645,1.407901,0.744857,-0.019099,-0.763956,-0.501043,-2.885727,0.073993,2.959720,1.284552,0.259639,-0.006657,-0.266296,0.246862,-0.554893,0.014228,0.569121,0.966786,-0.617333,0.015829,0.633162,-1.169169,0.104712,-0.002685,-0.107397,-0.449066,-0.637182,0.016338,0.653520,0.447053,-0.778802,0.019969,0.798771,-1.303241,0.526212,-0.013493,-0.539705,-0.705640,0.283597,-0.007272,-0.290868,-0.245141,-0.241916,0.006203,0.248119,0.039916,2.834693,-5.274801,-0.609743,0.000000,0.000000,0.000000,0.000000,0.000000,0.000000,-2.277406,6.706919,-1.170857,0.000097,0.000000,0.000000,255.873240,222.107630,1
3.792000,-0.008562,0.029435,0.242293,1.332210,-0.034159,-1.366370,0.016162,-0.078463,0.002012,0.080475,-0.029691,2.329404,-0.059728,-2.389132,-0.133390,0.073736,-0.001891,-0.075627,0.397718,-0.304522,0.007808,0.312331,0.904231,-1.151525,0.029526,1.181051,-1.014522,-0.111664,0.002863,0.114527,-0.250906,-0.691087,0.017720,0.708808,0.459854,-0.827114,0.021208,0.848322,-1.105589,-0.061634,0.001580,0.063214,-0.126919,0.015169,-0.000389,-0.015558,-0.092824,2.374986,-0.060897,-2.435883,-0.387598,2.587154,-5.834079,-0.760352,0.000000,0.000000,0.000000,0.000000,0.000000,0.000000,-2.276890,6.666357,-1.195502,0.000041,0.000000,0.000000,255.881440,222.106921,1
3.802000,-0.008665,0.029513,0.239973,1.332210,-0.034159,-1.366370,-0.200125,-0.078463,0.002012,0.080475,-0.058670,2.329404,-0.059728,-2.389132,-0.620098,0.073736,-0.001891,-0.075627,0.342877,-0.304522,0.007808,0.312331,1.065303,-1.151525,0.029526,1.181051,-1.352690,-0.111664,0.002863,0.114527,-0.358409,-0.691087,0.017720,0.708808,0.525914,-0.827114,0.021208,0.848322,-1.388680,-0.061634,0.001580,0.063214,-0.246003,0.015169,-0.000389,-0.015558,-0.080831,2.374986,-0.060897,-2.435883,-0.740154,2.794576,-6.451547,-0.896606,0.000000,0.000000,0.000000,0.000000,0.000000,0.000000,-2.445517,7.228807,-1.326132,0.000071,0.000000,0.000000,255.952715,222.120938,1
3.804000,-0.004146,0.021616,0.242541,0.771123,-0.019772,-0.790896,-0.020391,-0.032762,0.000840,0.033602,-0.052778,2.085406,-0.053472,-2.138878,-0.541505,0.178055,-0.004566,-0.182621,0.238000,-0.295268,0.007571,0.302838,0.865769,-0.607087,0.015566,0.622654,-1.294923,0.008166,-0.000209,-0.008375,-0.273635,-0.328295,0.008418,0.336712,0.353953,-0.884851,0.022688,0.907540,-1.080634,-0.391503,0.010039,0.401541,-0.058149,-0.001372,0.000035,0.001407,-0.030758,0.244800,-0.006277,-0.251077,0.045071,2.634719,-5.601083,-0.871108,0.000000,0.000000,0.000000,0.000000,0.000000,0.000000,-2.160739,7.071849,-0.931390,0.000034,0.000000,0.000000,255.959565,222.120320,1
3.814000,-0.003885,0.021140,0.240099,0.771123,-0.019772,-0.790896,-0.058554,-0.032762,0.000840,0.033602,-0.051136,2.085406,-0.053472,-2.138878,-0.749697,0.178055,-0.004566,-0.182621,0.246937,-0.295268,0.007571,0.302838,1.027155,-0.607087,0.015566,0.622654,-1.612852,0.008166,-0.000209,-0.008375,-0.314219,-0.328295,0.008418,0.336712,0.430770,-0.884851,0.022688,0.907540,-1.351624,-0.391503,0.010039,0.401541,-0.059319,-0.001372,0.000035,0.001407,-0.033759,0.244800,-0.006277,-0.251077,0.021210,2.848101,-6.169884,-1.023495,0.000000,0.000000,0.000000,0.000000,0.000000,0.000000,-2.295567,7.627354,-1.023686,0.000044,0.000000,0.000000,256.003720,222.118336,1
3.818000,-0.006996,0.024972,0.235622,0.973894,-0.024972,-0.998865,-0.096057,-0.090873,0.002330,0.093203,-0.054030,2.623767,-0.067276,-2.691043,-0.935804,0.222461,-0.005704,-0.228165,0.306514,-0.149360,0.003830,0.153189,1.091907,-0.744368,0.019086,0.763454,-1.603364,0.012429,-0.000319,-0.012747,-0.497262,-0.258341,0.006624,0.264965,0.354312,-0.932197,0.023902,0.956099,-1.454048,-0.644800,0.016533,0.661333,0.016780,0.002339,-0.000060,-0.002399,-0.053774,1.443966,-0.037025,-1.480991,-0.351977,2.898201,-6.329911,-0.929748,0.000000,0.000000,0.000000,0.000000,0.000000,0.000000,-2.344959,7.481230,-1.340716,0.000061,0.000000,0.000000,256.028134,222.121236,1
3.828000,-0.007114,0.024775,0.232709,0.973894,-0.024972,-0.998865,-0.151358,-0.090873,0.002330,0.093203,-0.043107,2.623767,-0.067276,-2.691043,-1.076675,0.222461,-0.005704,-0.228165,0.327611,-0.149360,0.003830,0.153189,1.226897,-0.744368,0.019086,0.763454,-1.873261,0.012429,-0.000319,-0.012747,-0.556638,-0.258341,0.006624,0.264965,0.372848,-0.932197,0.023902,0.956099,-1.661435,-0.644800,0.016533,0.661333,0.012190,0.002339,-0.000060,-0.002399,-0.040472,1.443966,-0.037025,-1.480991,-0.461074,3.022436,-6.729281,-1.048512,0.000000,0.000000,0.000000,0.000000,0.000000,0.000000,-2.437769,7.768610,-1.397404,0.000071,0.000000,0.000000,256.099442,222.130596,1
3.832000,-0.007665,0.026054,0.241029,-0.067765,0.001738,0.069502,0.124325,-0.001543,0.000040,0.001583,-0.046780,0.241550,-0.006194,-0.247744,-0.186915,0.207660,-0.005325,-0.212985,0.186968,-0.508681,0.013043,0.521724,0.857311,-0.670970,0.017204,0.688175,-1.404541,-0.014287,0.000366,0.014654,-0.197461,-0.540707,0.013864,0.554571,0.416048,-0.975695,0.025018,1.000713,-1.138065,0.271837,-0.006970,-0.278808,-0.542264,-0.005225,0.000134,0.005359,-0.014700,-1.416087,0.036310,1.452397,0.589609,2.734788,-5.722693,-0.765373,0.000000,0.000000,0.000000,0.000000,0.000000,0.000000,-2.369041,6.998693,-1.218847,0.000039,0.000000,0.000000,256.114997,222.128965,1
3.842000,-0.007628,0.025838,0.238484,-0.067765,0.001738,0.069502,0.166285,-0.001543,0.000040,0.001583,-0.050157,0.241550,-0.006194,-0.247744,-0.101826,0.207660,-0.005325,-0.212985,0.204497,-0.508681,0.013043,0.521724,1.011971,-0.670970,0.017204,0.688175,-1.680462,-0.014287,0.000366,0.014654,-0.244876,-0.540707,0.013864,0.554571,0.494355,-0.975695,0.025018,1.000713,-1.387989,0.271837,-0.006970,-0.278808,-0.587210,-0.005225,0.000134,0.005359,-0.020285,-1.416087,0.036310,1.452397,0.650359,2.933111,-6.240709,-0.883870,0.000000,0.000000,0.000000,0.000000,0.000000,0.000000,-2.539952,7.544111,-1.328190,0.000045,0.000000,0.000000,256.160397,222.122509,1
3.844000,-0.006945,0.026641,0.242630,0.149558,-0.003835,-0.153393,0.128190,-0.043401,0.001113,0.044514,-0.024099,0.451570,-0.011579,-0.463149,-0.090692,0.221044,-0.005668,-0.226712,0.126736,-0.386115,0.009900,0.396015,0.926920,-0.562927,0.014434,0.577361,-1.623128,-0.003634,0.000093,0.003727,-0.342349,-0.439709,0.011275,0.450984,0.365533,-0.814822,0.020893,0.835715,-1.282616,-0.013909,0.000357,0.014265,-0.112398,-0.003828,0.000098,0.003926,-0.020935,-0.680317,0.017444,0.697762,0.333673,2.768778,-6.159657,-0.617540,0.000000,0.000000,0.000000,0.000000,0.000000,0.000000,-2.491996,6.866682,-1.455042,0.000029,0.000000,0.000000,256.166133,222.120000,1
3.854000,-0.007257,0.026867,0.239915,0.149558,-0.003835,-0.153393,0.122124,-0.043401,0.001113,0.044514,-0.024883,0.451570,-0.011579,-0.463149,-0.086339,0.221044,-0.005668,-0.226712,0.123501,-0.386115,0.009900,0.396015,1.060278,-0.562927,0.014434,0.577361,-1.881277,-0.003634,0.000093,0.003727,-0.415101,-0.439709,0.011275,0.450984,0.418683,-0.814822,0.020893,0.835715,-1.515482,-0.013909,0.000357,0.014265,-0.201250,-0.003828,0.000098,0.003926,-0.017162,-0.680317,0.017444,0.697762,0.327017,2.932855,-6.632211,-0.698495,0.000000,0.000000,0.000000,0.000000,0.000000,0.000000,-2.642244,7.298328,-1.574111,0.000033,0.000000,0.000000,256.198952,222.104719,1
3.858000,-0.009408,0.026130,0.231445,1.004375,-0.025753,-1.030128,-0.096697,-0.117451,0.003012,0.120462,-0.062250,2.224266,-0.057032,-2.281298,-0.700800,0.191432,-0.004909,-0.196341,0.243020,-0.291979,0.007487,0.299466,1.159036,-0.818016,0.020975,0.838991,-1.961176,-0.040536,0.001039,0.041576,-0.446684,-0.474372,0.012163,0.486536,0.438908,-0.868817,0.022277,0.891095,-1.682515,-0.116955,0.002999,0.119954,-0.281615,-0.001540,0.000039,0.001580,-0.045180,1.056810,-0.027098,-1.083908,-0.137893,2.946741,-6.930273,-0.919304,0.000000,0.000000,0.000000,0.000000,0.000000,0.000000,-2.574803,7.563028,-1.496687,0.000057,0.000000,0.000000,256.221595,222.101343,1
3.868000,-0.008788,0.025432,0.229959,1.032218,-0.026467,-1.058685,-0.166838,-0.117308,0.003008,0.120316,-0.048588,2.227780,-0.057123,-2.284902,-0.842586,0.202549,-0.005194,-0.207742,0.263702,-0.288265,0.007391,0.295656,1.262541,-0.830492,0.021295,0.851787,-2.141992,-0.032709,0.000839,0.033548,-0.488365,-0.474743,0.012173,0.486916,0.470319,-0.879378,0.022548,0.901926,-1.843257,-0.139604,0.003580,0.143183,-0.337547,-0.001203,0.000031,0.001234,-0.040365,1.177847,-0.030201,-1.208048,-0.291764,3.080369,-7.201393,-0.987874,0.000000,0.000000,0.000000,0.000000,0.000000,0.000000,-2.645417,7.856288,-1.540760,0.000067,0.000000,0.000000,256.288285,222.095785,1
3.878000,-0.009917,0.030917,0.238554,-1.254878,0.032176,1.287054,1.062505,0.225428,-0.005780,-0.231208,-0.148082,-0.245285,0.006289,0.251574,0.035432,-0.227355,0.005830,0.233185,0.250552,0.321044,-0.008232,-0.329276,0.806451,-2.355777,0.060405,2.416182,-1.435676,0.330237,-0.008468,-0.338705,-0.611594,1.037837,-0.026611,-1.064448,-0.177741,-3.153185,0.080851,3.234036,-0.923962,1.537616,-0.039426,-1.577042,-1.269309,0.002735,-0.000070,-0.002805,-0.022548,-2.281145,0.058491,2.339636,1.071469,2.756180,-7.437383,-1.364761,0.000000,0.000000,0.000000,0.000000,0.000000,0.000000,-2.456463,7.778646,-1.571542,0.000131,0.000000,0.000000,256.419251,222.092301,1
3.880000,-0.007090,0.023611,0.233802,0.085651,-0.002196,-0.087847,0.988780,0.010004,-0.000257,-0.010260,-0.109076,2.584099,-0.066259,-2.650358,-0.042982,-0.368972,0.009461,0.378432,0.466655,0.880177,-0.022569,-0.902746,0.711405,-2.508634,0.064324,2.572958,-1.321616,0.272187,-0.006979,-0.279166,-0.609200,1.700011,-0.043590,-1.743601,-0.560951,-3.385077,0.086797,3.471874,-0.530071,0.251367,-0.006445,-0.257812,-1.372629,0.003339,-0.000086,-0.003425,-0.058963,0.822193,-0.021082,-0.843275,0.545961,2.752675,-7.120600,-1.285347,0.000000,0.000000,0.000000,0.000000,0.000000,0.000000,-2.415823,7.013052,-1.198597,0.000082,0.000000,0.000000,256.435699,222.083028,1
3.890000,-0.007311,0.023386,0.231619,0.085651,-0.002196,-0.087847,0.820983,0.010004,-0.000257,-0.010260,-0.114398,2.584099,-0.066259,-2.650358,-0.633768,-0.368972,0.009461,0.378432,0.491964,0.880177,-0.022569,-0.902746,0.797319,-2.508634,0.064324,2.572958,-1.456665,0.272187,-0.006979,-0.279166,-0.680252,1.700011,-0.043590,-1.743601,-0.588312,-3.385077,0.086797,3.471874,-0.614126,0.251367,-0.006445,-0.257812,-1.232108,0.003339,-0.000086,-0.003425,-0.071290,0.822193,-0.021082,-0.843275,0.137845,2.908692,-7.374518,-1.303389,0.000543,0.000234,-0.000191,-0.014587,-0.031564,0.009065,-2.497696,7.502410,-1.355788,0.000102,0.000000,0.000000,256.537588,222.049152,1
3.892000,-0.006756,0.023784,0.231954,-0.315071,0.008079,0.323150,1.027644,0.175523,-0.004501,-0.180023,-0.109733,1.206666,-0.030940,-1.237606,-0.182966,-0.287751,0.007378,0.295129,0.525715,0.853444,-0.021883,-0.875328,0.695291,-2.396981,0.061461,2.458442,-1.278432,0.409407,-0.010498,-0.419905,-0.741429,1.785071,-0.045771,-1.830842,-0.793068,-3.397555,0.087117,3.484671,-0.345435,0.488295,-0.012520,-0.500815,-1.429013,0.007954,-0.000204,-0.008158,-0.065839,0.365834,-0.009380,-0.375214,0.327941,2.810191,-6.794811,-1.097064,0.008137,0.002694,-0.003361,-0.106982,-0.164123,0.023131,-2.293390,6.714846,-1.189665,0.000083,0.000000,0.000000,256.554171,222.045421,1
3.902000,-0.007032,0.023564,0.229693,-0.315071,0.008079,0.323150,0.919371,0.175523,-0.004501,-0.180023,-0.121554,1.206666,-0.030940,-1.237606,-0.348968,-0.287751,0.007378,0.295129,0.559326,0.853444,-0.021883,-0.875328,0.800429,-2.396981,0.061461,2.458442,-1.396092,0.409407,-0.010498,-0.419905,-0.805948,1.785071,-0.045771,-1.830842,-0.743947,-3.397555,0.087117,3.484671,-0.507516,0.488295,-0.012520,-0.500815,-1.309288,0.007954,-0.000204,-0.008158,-0.053306,0.365834,-0.009380,-0.375214,0.155227,2.931660,-7.029616,-1.128246,0.119756,0.038674,-0.049778,-0.429006,-0.796368,0.182350,-2.394503,7.389796,-1.419566,0.000092,0.000000,0.000000,256.646493,222.018550,1
3.906000,-0.007235,0.022742,0.229961,-0.717442,0.018396,0.735838,1.053986,0.314377,-0.008061,-0.322438,-0.255039,0.109810,-0.002816,-0.112626,0.007408,-0.189294,0.004854,0.194147,0.364381,0.874742,-0.022429,-0.897172,0.655399,-2.443851,0.062663,2.506513,-1.090212,0.592941,-0.015204,-0.608145,-0.960477,2.003057,-0.051360,-2.054417,-0.662438,-3.674006,0.094205,3.768211,-0.559448,0.740477,-0.018987,-0.759464,-1.273373,0.011640,-0.000298,-0.011938,-0.061658,-0.111252,0.002853,0.114105,0.258392,2.838724,-6.511822,-1.003569,0.074265,0.021656,-0.033304,-1.248510,-1.592276,0.072021,-2.322783,7.617453,-1.525620,0.000093,0.000000,0.000000,256.683694,222.012316,1
3.916000,-0.007513,0.022487,0.227696,-0.717442,0.018396,0.735838,0.903664,0.314377,-0.008061,-0.322438,-0.395130,0.109810,-0.002816,-0.112626,-0.228347,-0.189294,0.004854,0.194147,0.492082,0.874742,-0.022429,-0.897172,0.764454,-2.443851,0.062663,2.506513,-1.243179,0.592941,-0.015204,-0.608145,-0.941608,2.003057,-0.051360,-2.054417,-0.691661,-3.674006,0.094205,3.768211,-0.648769,0.740477,-0.018987,-0.759464,-1.211160,0.011640,-0.000298,-0.011938,-0.038843,-0.111252,0.002853,0.114105,0.144834,3.217092,-6.653470,-0.796804,0.267036,0.101286,-0.105255,-3.903702,-5.341875,0.397098,-2.234313,7.892301,-1.727413,0.000101,0.000000,0.000000,256.784601,221.988290,1
3.920000,-0.006143,0.025984,0.232419,-0.805224,0.020647,0.825871,1.212797,0.341138,-0.008747,-0.349885,-0.211416,-0.659514,0.016911,0.676425,0.329926,-0.259172,0.006645,0.265817,0.403881,0.891369,-0.022856,-0.914225,0.581092,-2.515063,0.064489,2.579552,-1.025992,0.589214,-0.015108,-0.604322,-1.103079,2.193766,-0.056250,-2.250017,-1.071388,-3.979430,0.102037,4.081466,-0.038170,0.878309,-0.022521,-0.900830,-1.275419,0.010861,-0.000278,-0.011140,-0.057771,-0.014329,0.000367,0.014696,0.161481,2.720641,-6.563443,-1.000653,0.048080,0.014949,-0.019124,-0.286044,-0.375101,0.031826,-2.561354,7.456412,-1.381852,0.000090,0.000000,0.000000,256.820477,221.997497,1
3.930000,-0.006483,0.025946,0.230315,-0.805224,0.020647,0.825871,1.170590,0.341138,-0.008747,-0.349885,-0.257745,-0.659514,0.016911,0.676425,0.254270,-0.259172,0.006645,0.265817,0.480112,0.891369,-0.022856,-0.914225,0.703217,-2.515063,0.064489,2.579552,-1.198263,0.589214,-0.015108,-0.604322,-1.113661,2.193766,-0.056250,-2.250017,-0.977465,-3.979430,0.102037,4.081466,-0.341369,0.878309,-0.022521,-0.900830,-1.278801,0.010861,-0.000278,-0.011140,-0.040848,-0.014329,0.000367,0.014696,0.092452,2.924487,-6.900551,-1.007800,0.182858,0.060626,-0.069750,-1.335481,-1.952523,0.288554,-2.539037,7.866491,-1.601703,0.000105,0.000000,0.000000,256.925575,222.000052,1
3.938000,-0.008685,0.023337,0.227518,-0.639014,0.016385,0.655399,1.165041,0.633023,-0.016231,-0.649255,-0.043589,-1.091677,0.027992,1.119669,-1.476928,-0.493434,0.012652,0.506086,1.021630,0.787088,-0.020182,-0.807270,0.770414,-2.639226,0.067672,2.706898,-0.673212,0.353246,-0.009058,-0.362303,-0.688516,1.979943,-0.050768,-2.030711,-0.733644,-3.908251,0.100212,4.008462,-0.454115,0.890382,-0.022830,-0.913212,-1.028136,0.070222,-0.001801,-0.072023,-0.014982,-0.003836,0.000098,0.003935,0.051035,2.978066,-5.330091,-0.248216,0.999694,0.872463,-0.069367,-2.967789,-5.923674,1.600237,-1.953791,7.568018,-1.862512,0.000099,0.000000,0.000000,257.004828,221.984613,1
3.948000,-0.009216,0.023406,0.225873,-0.639014,0.016385,0.655399,1.292285,0.633023,-0.016231,-0.649255,0.042414,-1.091677,0.027992,1.119669,-1.710882,-0.493434,0.012652,0.506086,1.107770,0.787088,-0.020182,-0.807270,0.827226,-2.639226,0.067672,2.706898,-0.666707,0.353246,-0.009058,-0.362303,-0.621164,1.979943,-0.050768,-2.030711,-0.698552,-3.908251,0.100212,4.008462,-0.494134,0.890382,-0.022830,-0.913212,-0.890029,0.070222,-0.001801,-0.072023,-0.007174,-0.003836,0.000098,0.003935,0.024157,2.694390,-5.246807,-0.415058,4.197170,6.087185,1.094893,-2.870807,-5.794178,1.597132,-2.079005,7.358972,-1.682121,0.000103,0.000000,0.000000,257.107437,221.959295,1
3.952000,-0.012414,0.025041,0.223518,-0.707220,0.018134,0.725354,1.304909,0.521570,-0.013374,-0.534944,-0.042565,-1.403557,0.035989,1.439546,-1.606233,-0.584219,0.014980,0.599199,1.096376,0.691427,-0.017729,-0.709156,0.746988,-2.825578,0.072451,2.898029,-0.464710,0.206527,-0.005296,-0.211822,-0.661354,1.741991,-0.044666,-1.786657,-0.826540,-3.917419,0.100447,4.017866,-0.279860,0.972261,-0.024930,-0.997191,-0.813628,0.058098,-0.001490,-0.059588,0.084071,-0.040808,0.001046,0.041854,0.017461,2.360094,-4.966257,-0.487636,4.646953,7.393895,1.707366,-2.701613,-5.667432,1.618143,-2.177219,6.441300,-1.278519,0.000094,0.000000,0.000000,257.144931,221.954243,1
3.962000,-0.013303,0.025433,0.222123,-0.707220,0.018134,0.725354,1.260562,0.521570,-0.013374,-0.534944,-0.106014,-1.403557,0.035989,1.439546,-1.600356,-0.584219,0.014980,0.599199,1.022762,0.691427,-0.017729,-0.709156,0.694091,-2.825578,0.072451,2.898029,-0.464275,0.206527,-0.005296,-0.211822,-0.672883,1.741991,-0.044666,-1.786657,-0.868575,-3.917419,0.100447,4.017866,-0.305883,0.972261,-0.024930,-0.997191,-0.700034,0.058098,-0.001490,-0.059588,0.596890,-0.040808,0.001046,0.041854,-0.765842,1.999238,-5.093060,-0.827787,4.019515,7.032554,1.903683,-2.849003,-5.686080,1.524251,-2.264250,5.757461,-0.898403,0.000094,0.000000,0.000000,257.239075,221.939625,1
3.968000,-0.008517,0.028699,0.229682,-1.273263,0.032648,1.305911,0.354578,2.416868,-0.061971,-2.478839,-0.824372,-5.271182,0.135159,5.406341,1.474480,-1.364776,0.034994,1.399770,0.364684,0.122080,-0.003130,-0.125211,-0.248050,-2.855253,0.073212,2.928465,1.447283,0.194155,-0.004978,-0.199133,-0.444145,2.123356,-0.054445,-2.177801,-0.951159,-4.383107,0.112387,4.495494,1.787988,-0.017032,0.000437,0.017469,-0.347143,1.683937,-0.043178,-1.727115,0.414501,-6.145464,0.157576,6.303040,-0.050105,-0.162198,-1.343406,-0.831583,3.666286,7.302503,1.837548,-2.548108,-3.684876,0.567927,-1.172437,4.373227,-1.533896,0.000265,0.000000,0.000000,257.398036,222.086133,1
3.978000,-0.009400,0.028566,0.231052,-1.273263,0.032648,1.305911,0.468778,2.416868,-0.061971,-2.478839,-0.926699,-5.271182,0.135159,5.406341,1.195274,-1.364776,0.034994,1.399770,0.527534,0.122080,-0.003130,-0.125211,-0.335374,-2.855253,0.073212,2.928465,1.117763,0.194155,-0.004978,-0.199133,-0.167168,2.123356,-0.054445,-2.177801,-0.933351,-4.383107,0.112387,4.495494,1.232074,-0.017032,0.000437,0.017469,-0.142118,1.683937,-0.043178,-1.727115,-0.057101,-6.145464,0.157576,6.303040,0.251179,-0.158563,-1.967376,-1.150602,2.615711,4.240858,0.761512,-2.898851,-4.438003,0.790302,-0.983528,4.278986,-1.626932,0.000227,0.000000,0.000000,257.625177,222.313224,1
3.986000,-0.011382,0.034939,0.258403,-0.646059,0.016566,0.662625,0.601966,2.233188,-0.057261,-2.290449,-1.476800,-4.419139,0.113311,4.532450,1.413218,-6.933451,0.177781,7.111232,7.676152,-6.678627,0.171247,6.849874,3.421391,2.672484,-0.068525,-2.741009,-1.542526,0.286200,-0.007338,-0.293539,-3.261546,1.527615,-0.039170,-1.566784,-0.359477,-2.882288,0.073905,2.956193,0.768619,0.128415,-0.003293,-0.131708,1.061074,2.589648,-0.066401,-2.656049,-2.095481,-6.404878,0.164228,6.569106,2.127460,0.000000,0.000000,0.000000,2.597838,1.935407,-0.954181,-1.539085,-3.361989,0.958058,0.000000,0.000000,0.000000,0.001159,0.000000,0.000000,258.552470,223.238281,1
3.996000,-0.011323,0.036423,0.260835,-0.646059,0.016566,0.662625,0.532771,2.233188,-0.057261,-2.290449,-1.260354,-4.419139,0.113311,4.532450,1.088328,-6.933451,0.177781,7.111232,7.473979,-6.678627,0.171247,6.849874,3.312621,2.672484,-0.068525,-2.741009,-1.283913,0.286200,-0.007338,-0.293539,-2.341388,1.527615,-0.039170,-1.566784,-0.493828,-2.882288,0.073905,2.956193,1.130714,0.128415,-0.003293,-0.131708,1.057363,2.589648,-0.066401,-2.656049,-1.941837,-6.404878,0.164228,6.569106,1.862695,0.000000,0.000000,0.000000,2.988628,3.454339,-0.563329,-2.075926,-4.131688,1.080554,0.000000,0.000000,0.000000,0.001099,0.000000,0.000000,259.651158,224.334184,1
4.000000,-0.008118,0.027878,0.263177,0.200406,-0.005139,-0.205545,-1.864104,0.416597,-0.010682,-0.427279,0.030238,-1.804935,0.046280,1.851215,0.477275,7.540480,-0.193346,-7.733825,-1.916497,1.540734,-0.039506,-1.580240,0.210599,-5.122908,0.131357,5.254265,1.799709,-7.740552,0.198476,7.939028,5.919241,0.633885,-0.016253,-0.650139,-0.367609,-12.241610,0.313887,12.555497,6.738788,0.241921,-0.006203,-0.248124,-1.022146,0.057772,-0.001481,-0.059253,-0.168793,-1.342357,0.034419,1.376777,0.735022,0.000000,0.000000,0.000000,-0.012432,0.023497,0.019358,-2.895045,-0.979777,-1.291678,0.000000,0.000000,0.000000,0.001590,0.000000,0.000000,260.287185,224.967445,1
4.010000,-0.010475,0.028511,0.249647,-0.205741,0.005275,0.211016,-0.476978,1.160211,-0.029749,-1.189960,0.208225,-2.497559,0.064040,2.561599,0.012130,-0.247754,0.006353,0.254107,-0.828309,-0.509451,0.013063,0.522513,0.112068,-0.736251,0.018878,0.755129,0.883337,-0.243600,0.006246,0.249846,1.695233,0.790847,-0.020278,-0.811125,-0.454076,-1.012129,0.025952,1.038081,1.564317,0.177307,-0.004546,-0.181853,0.132287,0.602836,-0.015457,-0.618293,0.005849,-2.156514,0.055295,2.211809,-0.347306,0.000000,0.000000,0.000000,3.210527,6.754080,1.646462,-3.470838,-4.539134,0.040161,0.000000,0.000000,0.000000,0.000045,0.000000,0.000000,260.332457,224.985622,1
4.016000,-0.004087,0.032537,0.242494,-0.182643,0.004683,0.187326,-0.280708,-0.182234,0.004673,0.186906,0.618434,-0.449998,0.011538,0.461536,-1.100088,-2.601012,0.066693,2.667705,0.731685,-0.783076,0.020079,0.803155,0.085639,3.353112,-0.085977,-3.439090,-0.973035,1.153094,-0.029567,-1.182661,-0.261962,-0.013258,0.000340,0.013598,-0.042812,1.215066,-0.031156,-1.246222,-0.296531,0.006495,-0.000167,-0.006662,0.218579,0.396703,-0.010172,-0.406875,0.090075,-1.774530,0.045501,1.820031,-0.847852,0.000000,0.000000,0.000000,3.463423,6.767007,1.190048,-3.254333,-4.632936,0.649411,0.000000,0.000000,0.000000,0.000083,0.000000,0.000000,260.382282,225.009741,1
4.026000,-0.003976,0.033009,0.240498,-0.182643,0.004683,0.187326,-0.219881,-0.182234,0.004673,0.186906,0.770606,-0.449998,0.011538,0.461536,-1.485228,-2.601012,0.066693,2.667705,1.128244,-0.783076,0.020079,0.803155,0.128099,3.353112,-0.085977,-3.439090,-1.299494,1.153094,-0.029567,-1.182661,-0.234121,-0.013258,0.000340,0.013598,-0.049534,1.215066,-0.031156,-1.246222,-0.373826,0.006495,-0.000167,-0.006662,0.325480,0.396703,-0.010172,-0.406875,0.090107,-1.774530,0.045501,1.820031,-1.055892,0.000000,0.000000,0.000000,3.684017,7.151970,1.233620,-3.638612,-5.308126,0.819658,0.000000,0.000000,0.000000,0.000112,0.000000,0.000000,260.493847,225.067548,1
4.028000,-0.010074,0.026797,0.238262,-1.247895,0.031997,1.279892,0.327202,-0.093486,0.002397,0.095883,0.406066,-0.152064,0.003899,0.155964,-0.891506,2.539410,-0.065113,-2.604523,-2.229011,0.231232,-0.005929,-0.237161,-0.204612,-4.012364,0.102881,4.115245,1.778475,-0.925148,0.023722,0.948870,1.049435,0.060997,-0.001564,-0.062561,-0.073284,-1.140030,0.029232,1.169261,0.464462,-1.112179,0.028517,1.140696,0.855673,0.192667,-0.004940,-0.197608,0.010357,-0.830129,0.021285,0.851414,-0.818904,0.000000,0.000000,0.000000,2.625157,5.479215,1.514288,-2.975339,-3.745406,-0.067746,0.000000,0.000000,0.000000,0.000170,0.000000,0.000000,260.527824,225.098171,1
4.038000,-0.010671,0.026400,0.235866,-1.247895,0.031997,1.279892,0.375394,-0.093486,0.002397,0.095883,0.578598,-0.152064,0.003899,0.155964,-1.271676,2.539410,-0.065113,-2.604523,-2.302147,0.231232,-0.005929,-0.237161,-0.190002,-4.012364,0.102881,4.115245,1.893052,-0.925148,0.023722,0.948870,1.127947,0.060997,-0.001564,-0.062561,-0.071605,-1.140030,0.029232,1.169261,0.504849,-1.112179,0.028517,1.140696,0.954780,0.192667,-0.004940,-0.197608,0.082674,-0.830129,0.021285,0.851414,-1.097771,1.936772,-2.288978,0.884762,2.916648,6.105661,1.722905,-3.465184,-4.515638,-0.009053,-0.035559,0.002357,0.023227,0.000183,0.000000,0.000000,260.710532,225.257893,1
4.040000,-0.006529,0.026792,0.237831,-0.106638,0.002734,0.109372,-0.382309,-0.282039,0.007232,0.289270,0.918651,-0.756880,0.019407,0.776287,-1.204041,-1.251372,0.032086,1.283458,0.233559,-0.113602,0.002913,0.116515,-0.052656,2.597092,-0.066592,-2.663684,-0.884983,0.801491,-0.020551,-0.822042,-0.030377,-0.025503,0.000654,0.026157,-0.039848,1.681107,-0.043105,-1.724212,-0.488804,0.114804,-0.002944,-0.117748,0.471825,-0.233825,0.005996,0.239821,0.175027,-1.159777,0.029738,1.189515,-1.022875,0.000000,0.000000,0.000000,3.310780,6.334791,1.188647,-3.532886,-5.169431,0.598991,0.000000,0.000000,0.000000,0.000061,0.000000,0.000000,260.722709,225.261047,1
4.050000,-0.006612,0.026903,0.235341,-0.106638,0.002734,0.109372,-0.376483,-0.282039,0.007232,0.289270,1.082025,-0.756880,0.019407,0.776287,-1.536657,-1.251372,0.032086,1.283458,0.351696,-0.113602,0.002913,0.116515,-0.044111,2.597092,-0.066592,-2.663684,-1.045928,0.801491,-0.020551,-0.822042,-0.024694,-0.025503,0.000654,0.026157,-0.033430,1.681107,-0.043105,-1.724212,-0.593500,0.114804,-0.002944,-0.117748,0.538744,-0.233825,0.005996,0.239821,0.246265,-1.159777,0.029738,1.189515,-1.301485,0.000000,0.000000,0.000000,3.524794,6.868691,1.343681,-3.803961,-5.719244,0.743049,0.000000,0.000000,0.000000,0.000075,0.000000,0.000000,260.797757,225.279061,1
4.052000,-0.009026,0.020383,0.247739,-0.064873,0.001663,0.066537,-0.341035,-0.524558,0.013450,0.538009,0.771900,-0.804444,0.020627,0.825071,-0.907249,0.184353,-0.004727,-0.189080,-0.185020,-0.001113,0.000029,0.001142,-0.017901,-0.229413,0.005882,0.235295,0.027481,0.000429,-0.000011,-0.000440,0.216258,0.006777,-0.000174,-0.006951,-0.018106,-0.020627,0.000529,0.021156,-0.020608,0.191013,-0.004898,-0.195911,0.170601,-0.680177,0.017440,0.697618,0.344420,-0.928522,0.023808,0.952330,-0.789818,0.000000,0.000000,0.000000,2.914339,5.875823,1.302304,-3.252575,-4.835017,0.503700,0.000000,0.000000,0.000000,0.000023,0.000000,0.000000,260.802266,225.277340,1
4.062000,-0.009087,0.020187,0.245685,-0.064873,0.001663,0.066537,-0.342452,-0.524558,0.013450,0.538009,0.957607,-0.804444,0.020627,0.825071,-1.246300,0.184353,-0.004727,-0.189080,-0.233158,-0.001113,0.000029,0.001142,-0.019697,-0.229413,0.005882,0.235295,0.041778,0.000429,-0.000011,-0.000440,0.253939,0.006777,-0.000174,-0.006951,-0.015849,-0.020627,0.000529,0.021156,-0.002775,0.191013,-0.004898,-0.195911,0.227971,-0.680177,0.017440,0.697618,0.464455,-0.928522,0.023808,0.952330,-1.121476,0.000000,0.000000,0.000000,3.203121,6.563562,1.505751,-3.580146,-5.499709,0.652080,0.000000,0.000000,0.000000,0.000031,0.000000,0.000000,260.832838,225.264633,1
4.066000,-0.005010,0.028580,0.239049,-0.116490,0.002987,0.119477,-0.255990,-0.270894,0.006946,0.277840,1.040873,-0.915697,0.023479,0.939177,-1.573684,-1.183220,0.030339,1.213559,0.158056,-0.009294,0.000238,0.009532,-0.049732,2.411166,-0.061825,-2.472991,-0.599928,0.305840,-0.007842,-0.313682,0.215423,0.008230,-0.000211,-0.008441,-0.047256,1.758097,-0.045079,-1.803176,-0.318477,0.107181,-0.002748,-0.109929,0.382326,-0.466909,0.011972,0.478881,0.468080,-0.934960,0.023973,0.958933,-1.448610,0.000000,0.000000,0.000000,3.604701,7.069987,1.332331,-3.894362,-5.972986,0.898317,0.000000,0.000000,0.000000,0.000058,0.000000,0.000000,260.855922,225.263656,1
4.076000,-0.005018,0.028843,0.236258,-0.116490,0.002987,0.119477,-0.252980,-0.270894,0.006946,0.277840,1.170935,-0.915697,0.023479,0.939177,-1.850527,-1.183220,0.030339,1.213559,0.256347,-0.009294,0.000238,0.009532,-0.055376,2.411166,-0.061825,-2.472991,-0.859359,0.305840,-0.007842,-0.313682,0.231474,0.008230,-0.000211,-0.008441,-0.047652,1.758097,-0.045079,-1.803176,-0.529328,0.107181,-0.002748,-0.109929,0.454719,-0.466909,0.011972,0.478881,0.491281,-0.934960,0.023973,0.958933,-1.659692,0.000000,0.000000,0.000000,3.751693,7.360308,1.391980,-4.113266,-6.355281,0.994581,0.000000,0.000000,0.000000,0.000074,0.000000,0.000000,260.930268,225.268345,1
4.078000,-0.005719,0.024296,0.239842,-0.074111,0.001900,0.076011,-0.231646,-0.552027,0.014155,0.566181,0.919342,-0.635417,0.016293,0.651710,-1.448421,0.165472,-0.004243,-0.169715,-0.225790,-0.004054,0.000104,0.004158,-0.020428,-0.024776,0.000635,0.025412,-0.023422,-0.009511,0.000244,0.009755,0.147182,-0.002277,0.000058,0.002335,-0.021879,-1.059055,0.027155,1.086210,0.414835,0.151408,-0.003882,-0.155291,0.209774,-0.583856,0.014971,0.598827,0.408683,-0.917609,0.023528,0.941138,-1.085133,0.000000,0.000000,0.000000,3.076128,6.398554,1.396992,-3.280768,-5.455422,0.408415,0.000000,0.000000,0.000000,0.000033,0.000000,0.000000,260.936812,225.266824,1
4.088000,-0.005718,0.024042,0.237782,-0.044656,0.001145,0.045801,-0.262822,-0.572634,0.014683,0.587317,1.065215,-0.651880,0.016715,0.668595,-1.702407,0.060338,-0.001547,-0.061885,-0.158399,-0.005178,0.000133,0.005311,-0.034538,0.366350,-0.009394,-0.375744,-0.092355,0.017805,-0.000457,-0.018262,0.161039,-0.004358,0.000112,0.004470,-0.023353,-1.128228,0.028929,1.157157,0.479025,0.181408,-0.004651,-0.186059,0.275751,-0.581537,0.014911,0.596448,0.453902,-0.978164,0.025081,1.003245,-1.300651,0.000000,0.000000,0.000000,3.266563,6.863511,1.528270,-3.471770,-5.938457,0.481678,0.000000,0.000000,0.000000,0.000040,0.000000,0.000000,260.976860,225.256679,1
4.092000,-0.011387,0.018134,0.239159,0.068275,-0.001751,-0.070026,-0.258805,-0.525708,0.013480,0.539188,1.084850,-0.787306,0.020187,0.807493,-1.683325,-0.444590,0.011400,0.455989,-0.032823,-0.083959,0.002153,0.086111,-0.024977,0.667958,-0.017127,-0.685085,-0.094678,0.169329,-0.004342,-0.173671,0.211591,0.062765,-0.001609,-0.064374,-0.027278,0.171570,-0.004399,-0.175969,0.022870,0.280828,-0.007201,-0.288029,0.231237,-0.725696,0.018608,0.744303,0.549877,-0.738495,0.018936,0.757431,-1.450159,0.000000,0.000000,0.000000,3.748511,6.648652,1.383726,-3.948566,-5.928005,0.751836,0.000000,0.000000,0.000000,0.000037,0.000000,0.000000,260.991504,225.250666,1
4.102000,-0.011641,0.018023,0.236293,0.068275,-0.001751,-0.070026,-0.268290,-0.525708,0.013480,0.539188,1.216481,-0.787306,0.020187,0.807493,-1.930135,-0.444590,0.011400,0.455989,-0.013875,-0.083959,0.002153,0.086111,-0.022699,0.667958,-0.017127,-0.685085,-0.148201,0.169329,-0.004342,-0.173671,0.232548,0.062765,-0.001609,-0.064374,-0.037463,0.171570,-0.004399,-0.175969,0.012102,0.280828,-0.007201,-0.288029,0.288805,-0.725696,0.018608,0.744303,0.598754,-0.738495,0.018936,0.757431,-1.669549,0.000000,0.000000,0.000000,3.932788,6.994115,1.482899,-4.175304,-6.314229,0.823080,0.000000,0.000000,0.000000,0.000042,0.000000,0.000000,261.033319,225.233338,1
4.104000,-0.004966,0.027564,0.236333,-0.140011,0.003590,0.143601,-0.277076,-0.299860,0.007689,0.307549,1.081331,-0.494939,0.012691,0.507629,-1.901350,-0.563061,0.014437,0.577499,-0.128554,-0.110907,0.002844,0.113750,-0.026647,1.555510,-0.039885,-1.595395,-0.141632,0.505201,-0.012954,-0.518155,0.234118,-0.005709,0.000146,0.005855,0.001900,0.255111,-0.006541,-0.261653,0.382837,0.099507,-0.002551,-0.102058,0.222466,-0.260945,0.006691,0.267636,0.400715,-0.899631,0.023067,0.922699,-1.379366,0.000000,0.000000,0.000000,3.461683,7.098487,1.420106,-3.884451,-5.966500,0.858336,0.000000,0.000000,0.000000,0.000033,0.000000,0.000000,261.039849,225.229471,1
4.114000,-0.005008,0.027760,0.233338,-0.140011,0.003590,0.143601,-0.262172,-0.299860,0.007689,0.307549,1.195800,-0.494939,0.012691,0.507629,-2.137938,-0.563061,0.014437,0.577499,-0.029260,-0.110907,0.002844,0.113750,-0.045249,1.555510,-0.039885,-1.595395,-0.411027,0.505201,-0.012954,-0.518155,0.197305,-0.005709,0.000146,0.005855,-0.024622,0.255111,-0.006541,-0.261653,0.195270,0.099507,-0.002551,-0.102058,0.306266,-0.260945,0.006691,0.267636,0.438692,-0.899631,0.023067,0.922699,-1.596291,0.000000,0.000000,0.000000,3.640939,7.462108,1.499722,-4.104778,-6.309170,0.925757,0.000000,0.000000,0.000000,0.000039,0.000000,0.000000,261.079284,225.212855,1
4.116000,-0.003896,0.027971,0.234193,0.075027,-0.001924,-0.076951,-0.386237,0.081255,-0.002083,-0.083338,1.156031,-1.468146,0.037645,1.505790,-1.938469,-0.491943,0.012614,0.504556,-0.096233,-0.019523,0.000501,0.020024,-0.065975,1.826847,-0.046842,-1.873689,-0.432592,0.243539,-0.006245,-0.249784,0.429519,0.040307,-0.001034,-0.041341,-0.052734,1.269243,-0.032545,-1.301787,-0.160709,0.034661,-0.000889,-0.035549,0.317545,0.202129,-0.005183,-0.207312,0.311129,-1.739736,0.044609,1.784345,-1.428779,0.000000,0.000000,0.000000,3.828705,7.892723,1.574418,-4.342235,-6.815134,1.170388,0.000000,0.000000,0.000000,0.000068,0.000000,0.000000,261.092982,225.203363,1
4.126000,-0.003903,0.028284,0.231225,0.075027,-0.001924,-0.076951,-0.393867,0.081255,-0.002083,-0.083338,1.229964,-1.468146,0.037645,1.505790,-2.090652,-0.491943,0.012614,0.504556,-0.027228,-0.019523,0.000501,0.020024,-0.055572,1.826847,-0.046842,-1.873689,-0.622672,0.243539,-0.006245,-0.249784,0.430368,0.040307,-0.001034,-0.041341,-0.051778,1.269243,-0.032545,-1.301787,-0.314937,0.034661,-0.000889,-0.035549,0.411417,0.202129,-0.005183,-0.207312,0.282122,-1.739736,0.044609,1.784345,-1.551105,0.000000,0.000000,0.000000,3.914540,7.980685,1.562837,-4.447847,-6.983641,1.223678,0.000000,0.000000,0.000000,0.000078,0.000000,0.000000,261.171211,225.157316,1
4.128000,-0.005443,0.028206,0.231572,0.018351,-0.000471,-0.018821,-0.261107,0.414017,-0.010616,-0.424633,0.967659,-1.877794,0.048149,1.925942,-1.794739,-0.355225,0.009108,0.364334,-0.267180,-0.023477,0.000602,0.024079,-0.043176,1.829708,-0.046916,-1.876624,-0.376937,-0.178070,0.004566,0.182636,0.960761,0.010965,-0.000281,-0.011246,-0.042378,0.496124,-0.012721,-0.508845,0.114604,-0.262407,0.006728,0.269135,0.608255,0.835839,-0.021432,-0.857270,-0.057719,-2.425843,0.062201,2.488044,-1.165034,0.000000,0.000000,0.000000,3.691991,7.336437,1.418367,-4.153001,-6.761135,1.171750,0.000000,0.000000,0.000000,0.000080,0.000000,0.000000,261.187260,225.145673,1
4.138000,-0.005635,0.028489,0.228766,0.018351,-0.000471,-0.018821,-0.268144,0.414017,-0.010616,-0.424633,1.036660,-1.877794,0.048149,1.925942,-1.904344,-0.355225,0.009108,0.364334,-0.195988,-0.023477,0.000602,0.024079,-0.047873,1.829708,-0.046916,-1.876624,-0.588774,-0.178070,0.004566,0.182636,0.916965,0.010965,-0.000281,-0.011246,-0.040993,0.496124,-0.012721,-0.508845,0.025563,-0.262407,0.006728,0.269135,0.704761,0.835839,-0.021432,-0.857270,-0.070193,-2.425843,0.062201,2.488044,-1.282587,0.000762,-0.009200,-0.004154,3.795769,7.581146,1.485583,-4.272833,-6.910748,1.197208,0.000000,0.000000,0.000000,0.000089,0.000000,0.000000,261.276383,225.087105,1
4.142000,-0.006530,0.025514,0.232926,0.198673,-0.005094,-0.203767,-0.548923,0.850201,-0.021800,-0.872001,0.642051,-2.666646,0.068376,2.735022,-1.035607,0.686607,-0.017605,-0.704212,-1.292100,0.022931,-0.000588,-0.023519,-0.048958,0.859093,-0.022028,-0.881121,0.135447,-0.839878,0.021535,0.861413,1.850606,0.009421,-0.000242,-0.009663,0.029600,-0.416894,0.010690,0.427584,0.840100,-0.545713,0.013993,0.559706,0.743282,1.925751,-0.049378,-1.975129,-0.904310,-3.857382,0.098907,3.956289,0.043697,0.025091,-0.040678,0.000491,3.319443,6.916961,1.544927,-3.769221,-5.986425,0.884389,-0.152005,0.081527,0.065790,0.000089,0.000000,0.000000,261.311835,225.094463,1
4.152000,-0.006795,0.025683,0.230919,0.198673,-0.005094,-0.203767,-0.547537,0.850201,-0.021800,-0.872001,0.723873,-2.666646,0.068376,2.735022,-1.135427,0.686607,-0.017605,-0.704212,-1.199515,0.022931,-0.000588,-0.023519,-0.055826,0.859093,-0.022028,-0.881121,-0.091569,-0.839878,0.021535,0.861413,1.714427,0.009421,-0.000242,-0.009663,-0.037347,-0.416894,0.010690,0.427584,0.493102,-0.545713,0.013993,0.559706,0.836937,1.925751,-0.049378,-1.975129,-0.788409,-3.857382,0.098907,3.956289,-0.269829,0.306761,-0.547116,-0.018825,3.493051,7.473372,1.742010,-3.950285,-6.300386,0.948671,-0.538305,0.289710,0.233574,0.000096,0.000000,0.000000,261.407397,225.093941,1
4.156000,-0.013493,0.019864,0.232009,0.167513,-0.004295,-0.171809,-0.149784,0.986640,-0.025298,-1.011938,0.562317,-2.587140,0.066337,2.653477,-0.847823,0.209411,-0.005370,-0.214781,-0.919382,0.218740,-0.005609,-0.224349,-0.211327,1.246243,-0.031955,-1.278198,-0.232867,-0.340665,0.008735,0.349400,0.952341,0.011075,-0.000284,-0.011359,-0.144954,0.401913,-0.010305,-0.412219,0.129843,-0.585540,0.015014,0.600554,0.866419,2.141705,-0.054916,-2.196620,0.094000,-3.907402,0.100190,4.007592,-1.467946,0.000000,0.000000,0.000000,4.178195,9.119738,2.603024,-4.276597,-7.149281,0.861254,-0.513905,0.775089,-0.092349,0.000104,0.000000,0.000000,261.448935,225.063786,1
4.166000,-0.014381,0.019608,0.229663,0.167513,-0.004295,-0.171809,-0.197623,0.986640,-0.025298,-1.011938,0.702518,-2.587140,0.066337,2.653477,-1.359099,0.209411,-0.005370,-0.214781,-0.841943,0.218740,-0.005609,-0.224349,-0.223700,1.246243,-0.031955,-1.278198,-0.374372,-0.340665,0.008735,0.349400,0.920140,0.011075,-0.000284,-0.011359,-0.107022,0.401913,-0.010305,-0.412219,-0.074997,-0.585540,0.015014,0.600554,0.936886,2.141705,-0.054916,-2.196620,-0.268428,-3.907402,0.100190,4.007592,-1.276283,0.000000,0.000000,0.000000,4.102748,7.910698,1.961847,-4.275775,-7.736201,1.164785,-1.263328,4.865507,-1.533158,0.000117,0.000000,0.000000,261.565750,224.991960,1
4.170000,-0.009790,0.021930,0.226554,0.336877,-0.008638,-0.345515,-0.544247,0.649137,-0.016645,-0.665781,0.832726,-2.776500,0.071192,2.847693,-1.336649,0.237291,-0.006084,-0.243375,-0.716560,0.201758,-0.005173,-0.206931,-0.287509,0.916445,-0.023499,-0.939943,-0.490794,-0.637701,0.016351,0.654052,1.185203,0.065320,-0.001675,-0.066995,-0.035367,0.207621,-0.005324,-0.212945,0.070186,-0.493177,0.012646,0.505822,0.989990,1.786984,-0.045820,-1.832804,-0.824968,-3.950000,0.101282,4.051282,-0.535850,1.953307,-4.615070,-0.807030,3.446983,6.866773,1.632974,-4.066433,-6.667740,0.969719,-0.641054,0.979309,-0.096881,0.000102,0.000000,0.000000,261.606630,224.980467,1
4.180000,-0.010364,0.021877,0.224286,0.336877,-0.008638,-0.345515,-0.602074,0.649137,-0.016645,-0.665781,0.915328,-2.776500,0.071192,2.847693,-1.371977,0.237291,-0.006084,-0.243375,-0.685898,0.201758,-0.005173,-0.206931,-0.090816,0.916445,-0.023499,-0.939943,-1.412467,-0.637701,0.016351,0.654052,1.014470,0.065320,-0.001675,-0.066995,-0.014863,0.207621,-0.005324,-0.212945,-0.013195,-0.493177,0.012646,0.505822,0.999473,1.786984,-0.045820,-1.832804,-0.793598,-3.950000,0.101282,4.051282,-0.618753,1.735347,-4.998268,-1.208794,3.507787,6.833132,1.588552,-3.947764,-6.516894,0.960058,-2.151439,6.157162,-1.591544,0.000114,0.000000,0.000000,261.720349,224.953724,1
4.186000,-0.007100,0.022506,0.228281,0.453750,-0.011635,-0.465384,-0.464043,0.675500,-0.017321,-0.692821,0.638689,-2.991529,0.076706,3.068235,-1.138521,0.346933,-0.008896,-0.355829,-0.775847,1.054828,-0.027047,-1.081874,-0.553958,-1.589403,0.040754,1.630157,0.496362,-0.816545,0.020937,0.837482,1.151563,0.087426,-0.002242,-0.089668,-0.063431,-0.592027,0.015180,0.607207,0.272319,-0.472453,0.012114,0.484567,1.056110,1.825067,-0.046797,-1.871864,-0.998216,-4.027445,0.103268,4.130713,-0.171376,3.322492,-6.901822,-1.104549,3.471798,6.631625,1.337820,-3.970872,-6.272701,0.823547,-0.592272,0.604737,0.070429,0.000101,0.000000,0.000000,261.780709,224.958359,1
4.196000,-0.007500,0.022432,0.226435,0.453750,-0.011635,-0.465384,-0.600618,0.675500,-0.017321,-0.692821,0.752353,-2.991529,0.076706,3.068235,-1.155214,0.346933,-0.008896,-0.355829,-0.633653,1.054828,-0.027047,-1.081874,-0.338875,-1.589403,0.040754,1.630157,-0.725099,-0.816545,0.020937,0.837482,0.949609,0.087426,-0.002242,-0.089668,-0.029474,-0.592027,0.015180,0.607207,0.178726,-0.472453,0.012114,0.484567,0.954014,1.825067,-0.046797,-1.871864,-0.860991,-4.027445,0.103268,4.130713,-0.351968,2.673164,-7.059155,-1.752432,3.454991,6.782802,1.461255,-3.958397,-6.030663,0.684331,-2.387970,6.090797,-1.328552,0.000106,0.000000,0.000000,261.886245,224.929863,1
4.200000,-0.015040,0.028332,0.226431,0.439080,-0.011258,-0.450339,-0.181463,0.074115,-0.001900,-0.076015,-0.239393,-3.089028,0.079206,3.168234,1.238181,0.396397,-0.010164,-0.406561,-0.161130,2.577725,-0.066096,-2.643820,0.637435,-6.088679,0.156120,6.244799,-0.956194,-0.726904,0.018639,0.745543,0.214029,1.005144,-0.025773,-1.030917,1.404671,-5.286361,0.135548,5.421909,-1.807423,-0.882910,0.022639,0.905549,1.468752,1.802272,-0.046212,-1.848484,-0.079846,-4.521297,0.115931,4.637228,2.700460,4.313569,-9.454145,-1.545774,0.000000,0.000000,0.000000,-0.859244,-3.206101,1.485945,-4.375492,14.709571,-4.412596,0.000372,0.000000,0.000000,262.034854,224.927239,1
4.210000,-0.016488,0.028814,0.226339,0.439080,-0.011258,-0.450339,0.008009,0.074115,-0.001900,-0.076015,-0.275513,-3.089028,0.079206,3.168234,0.691422,0.396397,-0.010164,-0.406561,-0.025600,2.577725,-0.066096,-2.643820,0.323510,-6.088679,0.156120,6.244799,-0.801672,-0.726904,0.018639,0.745543,0.228595,1.005144,-0.025773,-1.030917,0.948433,-5.286361,0.135548,5.421909,-1.647366,-0.882910,0.022639,0.905549,0.884881,1.802272,-0.046212,-1.848484,-0.529449,-4.521297,0.115931,4.637228,2.539104,4.059093,-8.966026,-1.406046,0.000000,0.000000,0.000000,-0.959224,-3.533982,1.646177,-3.804445,12.122226,-3.526937,0.000317,0.000000,0.000000,262.352070,224.928958,1
4.216000,-0.003047,0.020061,0.245778,0.016285,-0.000418,-0.016702,-1.205923,-0.300253,0.007699,0.307952,0.207846,-3.384644,0.086786,3.471430,1.768732,-0.013496,0.000346,0.013842,1.462723,2.070928,-0.053101,-2.124029,-0.019776,-6.212477,0.159294,6.371771,0.432785,-1.017914,0.026100,1.044014,1.476610,0.278742,-0.007147,-0.285889,0.260976,-4.838422,0.124062,4.962484,0.065359,-2.685537,0.068860,2.754397,0.728041,-0.453606,0.011631,0.465237,0.064780,1.775870,-0.045535,-1.821405,-0.388574,3.876351,-6.330514,-0.022555,0.000000,0.000000,0.000000,0.000000,0.000000,0.000000,-1.629162,7.360856,-1.835153,0.000137,0.000000,0.000000,262.434437,225.010429,1
4.226000,-0.003499,0.019442,0.246997,0.016285,-0.000418,-0.016702,-0.714824,-0.300253,0.007699,0.307952,0.104435,-3.384644,0.086786,3.471430,1.719973,-0.013496,0.000346,0.013842,1.456439,2.070928,-0.053101,-2.124029,-0.055189,-6.212477,0.159294,6.371771,0.503354,-1.017914,0.026100,1.044014,1.400931,0.278742,-0.007147,-0.285889,0.217197,-4.838422,0.124062,4.962484,0.063380,-2.685537,0.068860,2.754397,1.010844,-0.453606,0.011631,0.465237,0.025751,1.775870,-0.045535,-1.821405,-0.557982,3.839976,-6.415073,-0.089446,0.000000,0.000000,0.000000,0.000000,0.000000,0.000000,-1.870541,7.702935,-1.759513,0.000150,0.000000,0.000000,262.584550,225.159300,1
4.230000,-0.012474,0.026695,0.240732,0.000696,-0.000018,-0.000714,0.242287,0.094649,-0.002427,-0.097076,-0.064548,0.108133,-0.002773,-0.110905,-0.556340,0.142468,-0.003653,-0.146121,0.215165,-0.473614,0.012144,0.485758,0.398243,-0.872057,0.022360,0.894417,-0.752430,0.072922,-0.001870,-0.074791,-0.199007,-0.390404,0.010010,0.400414,-0.062929,-1.168979,0.029974,1.198953,-0.468381,0.205126,-0.005260,-0.210385,-0.064423,0.231182,-0.005928,-0.237110,-0.093276,0.124650,-0.003196,-0.127846,-0.829799,1.889614,-4.037674,-0.538984,0.000000,0.000000,0.000000,0.000000,0.000000,0.000000,-1.744426,4.612407,-0.658205,0.000017,0.000000,0.000000,262.591387,225.155807,1
4.240000,-0.014115,0.027040,0.246998,0.112109,-0.002875,-0.114984,0.717411,-0.290965,0.007461,0.298426,0.029333,2.548091,-0.065336,-2.613427,-1.209855,-0.017464,0.000448,0.017912,0.139533,-0.403552,0.010347,0.413900,0.309165,-1.673754,0.042917,1.716670,-0.288657,-0.132383,0.003394,0.135777,-0.378969,-0.529262,0.013571,0.542833,0.074583,-1.693084,0.043412,1.736496,-0.542480,-1.276941,0.032742,1.309683,0.399615,-0.599985,0.015384,0.615369,0.061565,4.076708,-0.104531,-4.181239,-2.546152,1.892021,-4.687058,-0.686239,0.000000,0.000000,0.000000,0.000000,0.000000,0.000000,-2.133875,5.660366,-0.839474,0.000161,0.000000,0.000000,262.752591,225.285581,1
4.244000,-0.005905,0.022964,0.244238,0.414724,-0.010634,-0.425358,0.807242,0.286706,-0.007351,-0.294057,-0.146934,0.226254,-0.005801,-0.232056,-0.067100,-0.255496,0.006551,0.262047,0.484940,-0.395170,0.010133,0.405303,0.505662,-1.149492,0.029474,1.178966,-0.239855,-0.324763,0.008327,0.333091,-0.023462,-0.564561,0.014476,0.579037,0.245015,-1.081130,0.027721,1.108852,-0.372392,0.217547,-0.005578,-0.223125,-1.157791,0.200392,-0.005138,-0.205531,-0.374884,-0.044798,0.001149,0.045947,0.200768,1.967577,-3.882000,-0.458678,0.000000,0.000000,0.000000,0.000000,0.000000,0.000000,-1.933083,5.531325,-0.857325,0.000019,0.000000,0.000000,262.760288,225.284903,1
4.254000,-0.005649,0.022827,0.242843,0.414724,-0.010634,-0.425358,0.509951,0.286706,-0.007351,-0.294057,-0.161462,0.226254,-0.005801,-0.232056,-0.045963,-0.255496,0.006551,0.262047,0.505857,-0.395170,0.010133,0.405303,0.712419,-1.149492,0.029474,1.178966,-0.610548,-0.324763,0.008327,0.333091,-0.032888,-0.564561,0.014476,0.579037,0.405189,-1.081130,0.027721,1.108852,-0.727578,0.217547,-0.005578,-0.223125,-0.972001,0.200392,-0.005138,-0.205531,-0.265147,-0.044798,0.001149,0.045947,0.118417,2.325601,-4.815715,-0.664540,0.000000,0.000000,0.000000,0.000000,0.000000,0.000000,-2.164542,6.477902,-1.085626,0.000027,0.000000,0.000000,262.787741,225.277267,1
4.256000,-0.015272,0.029749,0.247621,1.087464,-0.027884,-1.115347,0.139330,0.254433,-0.006524,-0.260957,-0.063327,0.236291,-0.006059,-0.242350,-0.011202,-0.143690,0.003684,0.147375,0.429810,-0.367887,0.009433,0.377320,0.487570,-1.586290,0.040674,1.626964,-0.604806,-0.351303,0.009008,0.360311,0.107582,-0.858163,0.022004,0.880168,0.310624,-1.134453,0.029089,1.163542,-0.703643,-1.552333,0.039803,1.592136,0.476615,0.942257,-0.024160,-0.966418,-0.538944,0.411281,-0.010546,-0.421827,-0.101467,2.325233,-5.167153,-0.226157,0.000000,0.000000,0.000000,0.000000,0.000000,0.000000,-2.082865,5.668222,-1.406954,0.000039,0.000000,0.000000,262.795460,225.277153,1
4.266000,-0.016047,0.030483,0.246063,1.087464,-0.027884,-1.115347,-0.056832,0.254433,-0.006524,-0.260957,-0.102042,0.236291,-0.006059,-0.242350,-0.015328,-0.143690,0.003684,0.147375,0.370780,-0.367887,0.009433,0.377320,0.642937,-1.586290,0.040674,1.626964,-0.892268,-0.351303,0.009008,0.360311,0.018101,-0.858163,0.022004,0.880168,0.446062,-1.134453,0.029089,1.163542,-1.026932,-1.552333,0.039803,1.592136,0.584039,0.942257,-0.024160,-0.966418,-0.512184,0.411281,-0.010546,-0.421827,-0.060491,2.609872,-5.892167,-0.269198,0.000000,0.000000,0.000000,0.000000,0.000000,0.000000,-2.611577,6.464542,-1.481217,0.000049,0.000000,0.000000,262.844330,225.273092,1
4.270000,-0.006842,0.020738,0.239305,1.483296,-0.038033,-1.521329,-0.565846,0.399663,-0.010248,-0.409911,-0.186573,0.360678,-0.009248,-0.369926,-0.091587,0.127689,-0.003274,-0.130963,0.409142,-0.167428,0.004293,0.171721,0.760718,-1.432163,0.036722,1.468886,-0.706619,-0.123619,0.003170,0.126789,-0.363189,-0.541112,0.013875,0.554987,0.265195,-1.233074,0.031617,1.264691,-0.814951,-1.229124,0.031516,1.260640,0.322107,0.692559,-0.017758,-0.710317,-0.367088,0.358281,-0.009187,-0.367467,-0.066145,2.502079,-5.166235,-0.584060,0.000000,0.000000,0.000000,0.000000,0.000000,0.000000,-2.189129,6.548134,-1.108217,0.000041,0.000000,0.000000,262.860764,225.272180,1
4.280000,-0.006731,0.020475,0.237343,1.483296,-0.038033,-1.521329,-0.669513,0.399663,-0.010248,-0.409911,-0.217541,0.360678,-0.009248,-0.369926,-0.060052,0.127689,-0.003274,-0.130963,0.425447,-0.167428,0.004293,0.171721,0.924659,-1.432163,0.036722,1.468886,-1.006551,-0.123619,0.003170,0.126789,-0.401698,-0.541112,0.013875,0.554987,0.374506,-1.233074,0.031617,1.264691,-1.124148,-1.229124,0.031516,1.260640,0.371193,0.692559,-0.017758,-0.710317,-0.376003,0.358281,-0.009187,-0.367467,-0.041889,2.722664,-5.840743,-0.752016,0.000000,0.000000,0.000000,0.000000,0.000000,0.000000,-2.325707,7.193159,-1.281592,0.000053,0.000000,0.000000,262.913302,225.264581,1
4.282000,-0.005823,0.022475,0.245171,1.021583,-0.026194,-1.047777,-0.661785,0.340471,-0.008730,-0.349201,-0.209290,0.317192,-0.008133,-0.325325,-0.066307,0.121735,-0.003121,-0.124856,0.257119,-0.169868,0.004356,0.174224,0.584224,-1.094257,0.028058,1.122315,-0.754872,-0.088774,0.002276,0.091050,-0.148026,-0.379616,0.009734,0.389350,0.298948,-1.112888,0.028536,1.141424,-0.746655,-0.926576,0.023758,0.950334,0.370384,0.406812,-0.010431,-0.417243,-0.270727,0.252603,-0.006477,-0.259080,-0.030476,2.474385,-4.983383,-0.532236,0.000000,0.000000,0.000000,0.000000,0.000000,0.000000,-2.127662,6.493152,-1.068488,0.000032,0.000000,0.000000,262.919750,225.264049,1
4.292000,-0.005682,0.022251,0.243379,1.021583,-0.026194,-1.047777,-0.607284,0.340471,-0.008730,-0.349201,-0.210130,0.317192,-0.008133,-0.325325,-0.046935,0.121735,-0.003121,-0.124856,0.282691,-0.169868,0.004356,0.174224,0.763410,-1.094257,0.028058,1.122315,-1.103597,-0.088774,0.002276,0.091050,-0.171701,-0.379616,0.009734,0.389350,0.396851,-1.112888,0.028536,1.141424,-1.047036,-0.926576,0.023758,0.950334,0.322415,0.406812,-0.010431,-0.417243,-0.253641,0.252603,-0.006477,-0.259080,-0.015992,2.725501,-5.708644,-0.699553,0.000000,0.000000,0.000000,0.000000,0.000000,0.000000,-2.312191,7.154505,-1.201956,0.000039,0.000000,0.000000,262.958885,225.253491,1
4.294000,-0.003480,0.015869,0.239370,1.134373,-0.029086,-1.163459,-0.375181,0.321824,-0.008252,-0.330076,-0.161282,0.317494,-0.008141,-0.325635,-0.029473,0.047277,-0.001212,-0.048490,0.498826,-0.200044,0.005129,0.205174,0.901007,-1.120430,0.028729,1.149159,-0.949185,-0.153015,0.003923,0.156938,-0.260376,-0.466439,0.011960,0.478399,0.440878,-1.002252,0.025699,1.027951,-1.162531,-1.050513,0.026936,1.077449,0.218248,0.432329,-0.011085,-0.443414,-0.238710,0.268163,-0.006876,-0.275038,-0.020508,2.826259,-5.397047,-0.880020,0.000000,0.000000,0.000000,0.000000,0.000000,0.000000,-2.315951,7.209463,-0.900142,0.000036,0.000000,0.000000,262.966070,225.251273,1
4.304000,-0.003167,0.015133,0.236965,1.134373,-0.029086,-1.163459,-0.427747,0.321824,-0.008252,-0.330076,-0.189927,0.317494,-0.008141,-0.325635,-0.025475,0.047277,-0.001212,-0.048490,0.530472,-0.200044,0.005129,0.205174,1.068094,-1.120430,0.028729,1.149159,-1.277522,-0.153015,0.003923,0.156938,-0.287942,-0.466439,0.011960,0.478399,0.492984,-1.002252,0.025699,1.027951,-1.403313,-1.050513,0.026936,1.077449,0.222503,0.432329,-0.011085,-0.443414,-0.251017,0.268163,-0.006876,-0.275038,-0.014218,3.025766,-5.980666,-1.079648,0.000000,0.000000,0.000000,0.000000,0.000000,0.000000,-2.427608,7.670165,-0.969268,0.000044,0.000000,0.000000,263.009671,225.235244,1
4.308000,-0.008525,0.021842,0.238318,1.440055,-0.036924,-1.476980,-0.523075,0.453840,-0.011637,-0.465477,-0.239388,0.441443,-0.011319,-0.452762,-0.059099,0.018457,-0.000473,-0.018930,0.373182,-0.122252,0.003135,0.125387,0.892715,-1.154446,0.029601,1.184048,-1.339576,-0.221635,0.005683,0.227318,-0.242873,-0.351801,0.009021,0.360821,0.374300,-1.159631,0.029734,1.189365,-1.272925,-1.227188,0.031466,1.258654,0.292970,0.339687,-0.008710,-0.348397,-0.180098,0.265951,-0.006819,-0.272770,-0.012051,2.880790,-6.241660,-0.875850,0.000000,0.000000,0.000000,0.000000,0.000000,0.000000,-2.502119,7.357917,-1.212242,0.000048,0.000000,0.000000,263.028691,225.228964,1
4.318000,-0.008661,0.021850,0.236353,1.440051,-0.036924,-1.476975,-0.601288,0.449581,-0.011528,-0.461109,-0.262782,0.436507,-0.011192,-0.447699,-0.060641,0.057942,-0.001486,-0.059428,0.357889,-0.101978,0.002615,0.104593,1.021602,-1.159691,0.029736,1.189427,-1.619515,-0.187303,0.004803,0.192106,-0.316594,-0.333621,0.008554,0.342175,0.402973,-1.168624,0.029965,1.198589,-1.481496,-1.288831,0.033047,1.321878,0.407081,0.382433,-0.009806,-0.392239,-0.218827,0.286375,-0.007343,-0.293718,-0.011531,3.041922,-6.708944,-0.992062,0.000000,0.000000,0.000000,0.000000,0.000000,0.000000,-2.617339,7.716957,-1.284832,0.000057,0.000000,0.000000,263.085616,225.210208,1
4.328000,-0.013227,0.029751,0.244873,0.889488,-0.022807,-0.912296,-0.367229,-0.150395,0.003856,0.154251,-0.092068,2.893337,-0.074188,-2.967525,-1.091248,0.208030,-0.005334,-0.213364,0.126951,-0.225578,0.005784,0.231362,0.680913,-1.169440,0.029986,1.199426,-1.305256,-0.084569,0.002168,0.086737,-0.119351,-0.400189,0.010261,0.410450,0.361829,-1.337814,0.034303,1.372117,-1.133626,-0.812456,0.020832,0.833288,0.115677,0.260801,-0.006687,-0.267488,-0.121531,0.191356,-0.004907,-0.196263,0.001277,2.948580,-6.279414,-0.532394,0.000000,0.000000,0.000000,0.000000,0.000000,0.000000,-2.646418,7.117541,-1.440089,0.000072,0.000000,0.000000,263.157428,225.218562,1
4.330000,-0.000303,0.014351,0.238043,0.242729,-0.006224,-0.248953,0.087432,-0.034513,0.000885,0.035398,-0.027087,0.755012,-0.019359,-0.774371,-0.170454,0.098875,-0.002535,-0.101410,0.445177,-0.295180,0.007569,0.302749,1.185527,-0.625649,0.016042,0.641691,-1.531213,-0.069833,0.001791,0.071624,-0.293361,-0.419383,0.010753,0.430137,0.540654,-0.680876,0.017458,0.698335,-1.419288,-0.360435,0.009242,0.369677,-0.248088,0.114032,-0.002924,-0.116956,-0.059068,0.045762,-0.001173,-0.046935,0.024459,3.068760,-5.888317,-1.060786,0.000000,0.000000,0.000000,0.000000,0.000000,0.000000,-2.421201,7.640547,-1.019069,0.000029,0.000000,0.000000,263.163200,225.215712,1
4.340000,0.000147,0.013584,0.235083,0.242729,-0.006224,-0.248953,0.057815,-0.034513,0.000885,0.035398,-0.032293,0.755012,-0.019359,-0.774371,-0.210302,0.098875,-0.002535,-0.101410,0.474674,-0.295180,0.007569,0.302749,1.328868,-0.625649,0.016042,0.641691,-1.797952,-0.069833,0.001791,0.071624,-0.335627,-0.419383,0.010753,0.430137,0.578332,-0.680876,0.017458,0.698335,-1.627348,-0.360435,0.009242,0.369677,-0.222232,0.114032,-0.002924,-0.116956,-0.080262,0.045762,-0.001173,-0.046935,0.016063,3.219597,-6.299519,-1.217311,0.000000,0.000000,0.000000,0.000022,-0.000992,0.000584,-2.524995,7.995326,-1.054358,0.000033,0.000000,0.000000,263.196041,225.199337,1
4.344000,-0.009737,0.019531,0.232060,0.303157,-0.007773,-0.310931,0.079075,-0.038750,0.000994,0.039743,-0.038152,1.291594,-0.033118,-1.324711,-0.375878,0.087566,-0.002245,-0.089812,0.432420,-0.281842,0.007227,0.289069,1.119736,-0.742798,0.019046,0.761844,-1.860692,-0.111427,0.002857,0.114284,-0.344934,-0.408557,0.010476,0.419033,0.392052,-0.851420,0.021831,0.873251,-1.672759,-0.487568,0.012502,0.500070,-0.168009,0.124956,-0.003204,-0.128160,-0.067217,0.071641,-0.001837,-0.073478,0.023670,3.113318,-6.614074,-0.965875,0.000000,0.000000,0.000000,0.000000,0.000000,0.000000,-2.559782,7.531628,-1.437748,0.000041,0.000000,0.000000,263.212293,225.191041,1
4.354000,-0.010076,0.019207,0.228826,0.303157,-0.007773,-0.310931,0.060877,-0.038750,0.000994,0.039743,-0.035842,1.291594,-0.033118,-1.324711,-0.448908,0.087566,-0.002245,-0.089812,0.473652,-0.281842,0.007227,0.289069,1.232165,-0.742798,0.019046,0.761844,-2.075165,-0.111427,0.002857,0.114284,-0.392504,-0.408557,0.010476,0.419033,0.405421,-0.851420,0.021831,0.873251,-1.859280,-0.487568,0.012502,0.500070,-0.119672,0.124956,-0.003204,-0.128160,-0.085893,0.071641,-0.001837,-0.073478,0.014641,3.232367,-6.914375,-1.045467,0.000000,0.000000,0.000000,-0.004777,-0.076844,0.045076,-2.646809,7.773036,-1.488807,0.000045,0.000000,0.000000,263.257342,225.168626,1
4.364000,-0.011137,0.025884,0.236112,0.277924,-0.007126,-0.285051,0.132241,-0.008426,0.000216,0.008642,-0.031852,0.777975,-0.019948,-0.797924,-0.213933,-0.058582,0.001502,0.060084,0.290209,-0.653106,0.016746,0.669852,1.123028,-0.812120,0.020824,0.832944,-1.831978,-0.242993,0.006231,0.249223,-0.294096,-0.794715,0.020377,0.815092,0.520689,-0.857523,0.021988,0.879511,-1.603058,-0.005500,0.000141,0.005641,-0.309257,-0.139952,0.003589,0.143540,-0.014760,-0.078325,0.002008,0.080334,0.051667,2.996827,-6.756632,-0.834832,0.000000,0.000000,0.000000,0.000000,0.000000,0.000000,-2.834192,7.282688,-1.373389,0.000044,0.000000,0.000000,263.301542,225.151806,1
4.366000,0.046250,-0.006774,0.229115,0.101699,-0.002608,-0.104307,0.199392,-0.003366,0.000086,0.003452,-0.055143,1.486052,-0.038104,-1.524156,-0.434432,-0.084397,0.002164,0.086561,0.471467,-0.053543,0.001373,0.054916,1.289791,-1.145432,0.029370,1.174803,-1.717154,0.065103,-0.001669,-0.066772,-0.399427,0.280832,-0.007201,-0.288033,0.340857,-1.667254,0.042750,1.710004,-1.392278,0.206572,-0.005297,-0.211868,-0.574777,-0.108566,0.002784,0.111349,-0.012050,-0.520758,0.013353,0.534110,0.289836,3.192697,-6.692650,-1.011534,0.000000,0.000000,0.000000,0.121594,-0.547536,0.410368,-2.404248,7.874369,-1.483873,0.000056,0.000000,0.000000,263.312733,225.144923,1
4.376000,0.044554,-0.002585,0.228162,0.166706,-0.004275,-0.170981,0.107955,-0.003329,0.000085,0.003414,-0.052135,1.663637,-0.042657,-1.706295,-0.600884,-0.065713,0.001685,0.067397,0.438534,-0.069222,0.001775,0.070997,1.368667,-1.083833,0.027791,1.111624,-1.961817,0.083044,-0.002129,-0.085173,-0.505410,0.329267,-0.008443,-0.337710,0.242184,-1.719735,0.044096,1.763830,-1.452485,0.276267,-0.007084,-0.283350,-0.729621,-0.108930,0.002793,0.111723,-0.011780,-0.769962,0.019743,0.789705,0.418712,3.272136,-7.063325,-1.082792,0.000000,0.000000,0.000000,0.000000,0.000000,0.000000,-2.490557,7.825558,-1.542367,0.000066,0.000000,0.000000,263.378503,225.113803,1
4.380000,0.058342,0.008809,0.232876,-0.331115,0.008490,0.339605,0.535603,0.002447,-0.000063,-0.002509,-0.048391,1.117845,-0.028663,-1.146508,-0.317308,-0.159836,0.004098,0.163935,0.139040,0.374037,-0.009591,-0.383628,1.356401,-1.691160,0.043363,1.734523,-1.995112,0.199656,-0.005119,-0.204776,-0.587462,0.854948,-0.021922,-0.876870,0.085779,-2.359287,0.060495,2.419782,-0.723891,0.614992,-0.015769,-0.630761,-0.942717,-0.069819,0.001790,0.071610,-0.028560,-0.991113,0.025413,1.016526,0.582689,3.118904,-7.484536,-0.772187,0.708537,0.422763,-0.138644,0.000000,0.000000,0.000000,-2.611613,7.359757,-1.690042,0.000077,0.000000,0.000000,263.409245,225.098067,1
4.390000,0.059298,0.009117,0.230334,-0.331115,0.008490,0.339605,0.560781,0.002447,-0.000063,-0.002509,-0.051878,1.117845,-0.028663,-1.146508,-0.370009,-0.159836,0.004098,0.163935,0.125919,0.374037,-0.009591,-0.383628,1.393473,-1.691160,0.043363,1.734523,-2.090803,0.199656,-0.005119,-0.204776,-0.696927,0.854948,-0.021922,-0.876870,0.040382,-2.359287,0.060495,2.419782,-0.827856,0.614992,-0.015769,-0.630761,-0.883261,-0.069819,0.001790,0.071610,-0.029326,-0.991113,0.025413,1.016526,0.458429,3.057230,-7.609723,-0.885316,1.264789,1.560803,0.228624,-0.007565,-0.007421,-0.001822,-2.779582,7.103972,-1.446978,0.000080,0.000000,0.000000,263.489277,225.054061,1
4.394000,0.069011,0.008005,0.231257,-0.838772,0.021507,0.860279,1.153136,-0.033938,0.000870,0.034808,0.044509,-0.875936,0.022460,0.898396,0.465706,0.421811,-0.010816,-0.432626,0.093230,1.109695,-0.028454,-1.138148,0.938631,-2.791719,0.071583,2.863301,-0.641758,0.856003,-0.021949,-0.877952,-1.053879,0.659895,-0.016920,-0.676815,0.065013,-1.744382,0.044728,1.789109,-0.621297,0.460141,-0.011798,-0.471940,-1.323886,-0.073763,0.001891,0.075655,-0.051036,-0.488361,0.012522,0.500883,0.608747,3.126558,-5.650134,-0.459384,0.031514,0.037777,0.005341,-0.555466,-0.497179,-0.166054,-2.154800,6.820186,-1.644031,0.000074,0.000000,0.000000,263.518767,225.050706,1
4.404000,0.098614,0.035797,0.243982,-1.384579,0.035502,1.420081,1.585551,-0.022356,0.000573,0.022929,0.007301,-1.776377,0.045548,1.821925,0.896284,-0.165257,0.004237,0.169495,-0.069958,1.172796,-0.030072,-1.202868,1.522303,-3.425382,0.087830,3.513212,-0.681705,0.386855,-0.009919,-0.396774,-1.136212,0.522408,-0.013395,-0.535803,0.440308,-1.880661,0.048222,1.928883,-0.205869,1.115537,-0.028604,-1.144140,-1.202579,-0.055473,0.001422,0.056896,-0.020584,-1.512658,0.038786,1.551444,0.797864,2.837376,-6.889683,-0.713833,0.581635,0.866244,0.122993,0.000000,0.000000,0.000000,-2.660378,6.738077,-1.793927,0.000118,0.000000,0.000000,263.636982,225.071478,1
4.410000,0.066590,0.006675,0.228498,-1.024624,0.026272,1.050896,0.954275,0.055487,-0.001423,-0.056910,-0.131060,-0.900997,0.023102,0.924100,0.244810,0.267012,-0.006846,-0.273858,0.258531,1.195729,-0.030660,-1.226388,0.819391,-2.534965,0.064999,2.599964,-0.777822,0.921222,-0.023621,-0.944843,-1.094946,1.644900,-0.042177,-1.687077,-0.474564,-2.795494,0.071679,2.867173,-0.373863,0.729806,-0.018713,-0.748519,-1.312808,-0.050629,0.001298,0.051927,-0.036491,-0.597522,0.015321,0.612843,0.427674,3.531393,-5.653900,-0.268334,0.304784,0.275446,0.001076,-5.121407,-6.338660,-0.414814,-1.929153,6.534807,-1.518280,0.000085,0.000000,0.000000,263.687911,225.072346,1
4.420000,0.067097,0.006211,0.226622,-1.024624,0.026272,1.050896,0.700794,0.055487,-0.001423,-0.056910,0.084312,-0.900997,0.023102,0.924100,-1.021254,0.267012,-0.006846,-0.273858,0.422320,1.195729,-0.030660,-1.226388,0.929577,-2.534965,0.064999,2.599964,-0.868127,0.921222,-0.023621,-0.944843,-0.987477,1.644900,-0.042177,-1.687077,-0.424347,-2.795494,0.071679,2.867173,-0.508571,0.729806,-0.018713,-0.748519,-1.097080,-0.050629,0.001298,0.051927,-0.011557,-0.597522,0.015321,0.612843,0.325836,3.842371,-5.548057,-0.000682,0.659453,0.719439,0.072968,-4.090905,-6.645292,0.663159,-1.730023,7.013601,-1.887379,0.000093,0.000000,0.000000,263.781175,225.047208,1
4.426000,0.071447,0.010624,0.226910,-0.962708,0.024685,0.987393,0.978153,0.001247,-0.000032,-0.001279,0.201578,-1.028465,0.026371,1.054835,-1.147599,-0.289545,0.007424,0.296970,0.727038,1.015235,-0.026032,-1.041267,1.021752,-2.971355,0.076189,3.047544,-0.570286,0.332793,-0.008533,-0.341326,-0.844364,1.116535,-0.028629,-1.145164,-0.325758,-2.683951,0.068819,2.752770,-0.482561,0.727909,-0.018664,-0.746573,-1.028176,-0.034165,0.000876,0.035041,0.032256,-0.620220,0.015903,0.636123,0.210764,3.347023,-5.501719,-0.180796,1.599450,2.089741,0.384702,-3.333083,-5.798337,0.830107,-2.015003,6.169931,-1.452559,0.000081,0.000000,0.000000,263.829696,225.031636,1
4.436000,0.071739,0.010469,0.225215,-0.962708,0.024685,0.987393,1.086584,0.001247,-0.000032,-0.001279,0.350252,-1.028465,0.026371,1.054835,-1.532210,-0.289545,0.007424,0.296970,0.821694,1.015235,-0.026032,-1.041267,1.075600,-2.971355,0.076189,3.047544,-0.583095,0.332793,-0.008533,-0.341326,-0.769541,1.116535,-0.028629,-1.145164,-0.275857,-2.683951,0.068819,2.752770,-0.569357,0.727909,-0.018664,-0.746573,-0.769629,-0.034165,0.000876,0.035041,0.185836,-0.620220,0.015903,0.636123,0.128405,3.020538,-5.447060,-0.397114,4.288316,7.995801,2.327957,-3.277556,-5.831691,0.911877,-2.232326,6.054442,-1.223939,0.000086,0.000000,0.000000,263.916088,224.996409,1
4.442000,0.085338,0.003300,0.227152,-0.632245,0.016211,0.648457,1.202854,1.369072,-0.035104,-1.404176,0.266194,-2.813298,0.072136,2.885434,-1.101591,-0.256262,0.006571,0.262833,0.914884,1.181172,-0.030286,-1.211458,0.610152,-2.751103,0.070541,2.821644,0.103140,0.556582,-0.014271,-0.570853,-0.389440,2.017246,-0.051724,-2.068970,-0.536595,-3.515444,0.090140,3.605584,0.453839,0.916458,-0.023499,-0.939957,-0.854878,0.129734,-0.003327,-0.133060,-0.023824,-0.880570,0.022579,0.903149,0.462485,2.979717,-3.637488,0.106479,0.458545,0.338197,-0.046893,-2.568061,-5.354976,0.876185,-1.442751,6.107875,-1.475136,0.000098,0.000000,0.000000,263.974866,225.003688,1
4.452000,0.085915,0.003410,0.226491,-0.632245,0.016211,0.648457,1.213777,1.369072,-0.035104,-1.404176,0.222932,-2.813298,0.072136,2.885434,-0.989753,-0.256262,0.006571,0.262833,0.925324,1.181172,-0.030286,-1.211458,0.690677,-2.751103,0.070541,2.821644,0.041953,0.556582,-0.014271,-0.570853,-0.399110,2.017246,-0.051724,-2.068970,-0.424922,-3.515444,0.090140,3.605584,0.270887,0.916458,-0.023499,-0.939957,-0.868868,0.129734,-0.003327,-0.133060,-0.025299,-0.880570,0.022579,0.903149,0.406577,2.937696,-3.832175,-0.030435,1.012657,0.813199,-0.066848,-2.470244,-5.157524,0.853296,-1.661919,7.026329,-1.698222,0.000084,0.000000,0.000000,264.059118,225.007828,1
4.458000,0.076260,0.010290,0.222121,-0.735838,0.018868,0.754706,1.109813,1.627173,-0.041722,-1.668895,0.008773,-2.761592,0.070810,2.832402,-1.684866,-0.358096,0.009182,0.367278,0.814510,1.436823,-0.036842,-1.473664,0.622909,-2.778256,0.071237,2.849493,-0.356297,0.498017,-0.012770,-0.510787,-0.696448,2.231257,-0.057212,-2.288469,-0.869982,-3.385567,0.086809,3.472376,0.172079,0.989971,-0.025384,-1.015354,-0.573386,0.193963,-0.004973,-0.198936,0.399264,-0.657081,0.016848,0.673930,-0.310689,2.261994,-3.846665,-0.221857,3.103507,5.679250,1.568614,-3.541764,-6.937970,1.430336,-1.888048,5.083853,-0.875999,0.000117,0.000000,0.000000,264.129150,224.993753,1
4.468000,0.077931,0.011529,0.225126,-0.791897,0.020305,0.812202,1.080019,1.438603,-0.036887,-1.475490,-0.075973,-2.692392,0.069036,2.761427,-1.265832,-0.411172,0.010543,0.421715,0.767088,1.347124,-0.034542,-1.381666,0.496388,-2.869978,0.073589,2.943567,-0.110523,0.439718,-0.011275,-0.450993,-0.657195,2.091156,-0.053619,-2.144775,-0.817224,-3.399215,0.087159,3.486374,0.163608,1.024135,-0.026260,-1.050394,-0.522067,0.192940,-0.004947,-0.197888,0.581926,-0.712746,0.018276,0.731022,-0.618347,2.262093,-4.361150,-0.492112,3.120062,5.711321,1.570458,-3.215070,-5.999029,1.008368,-1.850947,4.732937,-0.724846,0.000096,0.000000,0.000000,264.224696,224.987822,1
4.476000,0.125719,0.022685,0.233729,-0.171545,0.004399,0.175943,0.041320,1.049682,-0.026915,-1.076597,0.545822,-4.765375,0.122189,4.887564,-1.534228,-0.216495,0.005551,0.222046,0.696153,0.357010,-0.009154,-0.366164,-0.168704,-3.672122,0.094157,3.766279,1.126170,0.764341,-0.019598,-0.783939,1.021349,-0.085942,0.002204,0.088145,-0.424642,-1.787772,0.045840,1.833613,1.381404,0.449375,-0.011522,-0.460898,-0.482885,0.900727,-0.023096,-0.923823,0.206481,-6.016937,0.154280,6.171217,0.147112,-0.037458,-0.773458,-0.403126,4.248525,9.214524,2.875106,-5.819911,-8.254566,2.166848,-0.003448,0.002730,0.002862,0.000172,0.000000,0.000000,264.362645,224.979929,1
4.486000,0.127827,0.023809,0.233790,-0.171545,0.004399,0.175943,-0.093914,1.049682,-0.026915,-1.076597,0.474060,-4.765375,0.122189,4.887564,-1.298618,-0.216495,0.005551,0.222046,0.272558,0.357010,-0.009154,-0.366164,-0.296305,-3.672122,0.094157,3.766279,1.336125,0.764341,-0.019598,-0.783939,0.707805,-0.085942,0.002204,0.088145,-0.253249,-1.787772,0.045840,1.833613,1.099836,0.449375,-0.011522,-0.460898,-0.506891,0.900727,-0.023096,-0.923823,0.190256,-6.016937,0.154280,6.171217,0.028991,-0.074004,-1.361962,-0.711081,4.321714,8.987205,2.632459,-5.565819,-7.722230,1.995621,-0.000294,0.000221,0.000255,0.000153,0.000000,0.000000,264.515218,224.979964,1
4.492000,0.094931,0.013228,0.254171,0.048847,-0.001252,-0.050100,-1.113653,2.002918,-0.051357,-2.054275,0.190486,-3.753237,0.096237,3.849473,-0.150934,-3.074319,0.078829,3.153148,4.829367,-4.164616,0.106785,4.271401,2.101375,4.635284,-0.118853,-4.754138,-3.749190,2.346567,-0.060168,-2.406735,-1.496050,-0.847484,0.021730,0.869214,0.095349,2.082422,-0.053395,-2.135817,-1.181038,0.565183,-0.014492,-0.579675,-0.875885,1.586193,-0.040672,-1.626864,-0.109804,-4.221858,0.108253,4.330111,0.248971,0.000000,0.000000,0.000000,2.444751,7.036320,1.960836,-4.566924,-5.321941,-0.289034,0.000000,0.000000,0.000000,0.000510,0.000000,0.000000,264.821376,225.274453,1
4.502000,0.095240,0.013417,0.254965,0.048847,-0.001252,-0.050100,-1.107445,2.002918,-0.051357,-2.054275,0.249966,-3.753237,0.096237,3.849473,-0.309652,-3.074319,0.078829,3.153148,4.303022,-4.164616,0.106785,4.271401,1.933796,4.635284,-0.118853,-4.754138,-2.893853,2.346567,-0.060168,-2.406735,-1.486595,-0.847484,0.021730,0.869214,0.106852,2.082422,-0.053395,-2.135817,-1.021553,0.565183,-0.014492,-0.579675,-0.803009,1.586193,-0.040672,-1.626864,-0.129629,-4.221858,0.108253,4.330111,0.133664,0.000000,0.000000,0.000000,2.794501,7.481522,1.955677,-4.565426,-5.622670,-0.112306,0.000000,0.000000,0.000000,0.000445,0.000000,0.000000,265.265921,225.684889,1
4.506000,0.101917,0.016054,0.241346,-0.126002,0.003231,0.129233,0.154040,0.600200,-0.015390,-0.615589,0.278458,-2.382589,0.061092,2.443681,-0.492382,-0.690681,0.017710,0.708391,-0.055450,0.449476,-0.011525,-0.461001,-0.610200,-0.594624,0.015247,0.609871,-0.140160,0.502546,-0.012886,-0.515432,0.261148,0.270031,-0.006924,-0.276955,-0.350720,0.130281,-0.003341,-0.133621,0.087014,0.249130,-0.006388,-0.255518,0.377383,0.286734,-0.007352,-0.294086,0.080114,-2.572562,0.065963,2.638525,-0.393952,0.000000,0.000000,0.000000,3.226282,6.202528,1.386398,-2.994928,-5.358478,0.769802,0.000000,0.000000,0.000000,0.000032,0.000000,0.000000,265.278735,225.675262,1
4.516000,0.102377,0.016271,0.240298,-0.126002,0.003231,0.129233,0.035767,0.600200,-0.015390,-0.615589,0.412861,-2.382589,0.061092,2.443681,-0.791657,-0.690681,0.017710,0.708391,0.000881,0.449476,-0.011525,-0.461001,-0.505188,-0.594624,0.015247,0.609871,0.063166,0.502546,-0.012886,-0.515432,0.104815,0.270031,-0.006924,-0.276955,-0.269928,0.130281,-0.003341,-0.133621,0.052337,0.249130,-0.006388,-0.255518,0.314428,0.286734,-0.007352,-0.294086,0.101473,-2.572562,0.065963,2.638525,-0.572364,0.000000,0.000000,0.000000,3.431936,6.604073,1.475686,-3.681765,-5.908644,0.588841,0.000000,0.000000,0.000000,0.000042,0.000000,0.000000,265.320950,225.640075,1
4.522000,0.103249,0.014235,0.244779,-0.097688,0.002505,0.100193,-0.037630,0.225698,-0.005787,-0.231485,0.588080,-1.550311,0.039752,1.590062,-0.876346,-0.363524,0.009321,0.372845,-0.769686,0.503008,-0.012898,-0.515906,-0.605385,-1.079592,0.027682,1.107273,1.013846,0.546412,-0.014011,-0.560422,0.430928,0.309552,-0.007937,-0.317489,-0.321052,0.113369,-0.002907,-0.116276,0.051122,0.117856,-0.003022,-0.120878,0.138109,0.086549,-0.002219,-0.088768,0.381043,-1.758797,0.045097,1.803894,-0.746213,0.000000,0.000000,0.000000,3.319677,6.761348,1.763718,-3.274472,-5.577452,0.415377,0.000000,0.000000,0.000000,0.000050,0.000000,0.000000,265.350957,225.628510,1
4.532000,0.103444,0.012891,0.246436,-0.139506,0.003577,0.143083,0.009957,0.199999,-0.005128,-0.205127,0.674693,-1.360169,0.034876,1.395045,-1.177242,-0.296963,0.007614,0.304577,-0.573050,0.774286,-0.019853,-0.794140,-0.611552,-2.412419,0.061857,2.474276,1.277422,-0.026885,0.000689,0.027575,0.655472,0.239758,-0.006148,-0.245906,-0.255295,-0.016127,0.000414,0.016541,0.040174,0.031416,-0.000806,-0.032222,0.125839,0.127932,-0.003280,-0.131213,0.425323,-1.626776,0.041712,1.668488,-0.895700,0.000000,0.000000,0.000000,3.406456,7.057196,1.935576,-3.354710,-6.013390,0.486333,0.000000,0.000000,0.000000,0.000072,0.000000,0.000000,265.423346,225.630707,1
4.536000,0.108782,0.015099,0.240183,-0.036709,0.000941,0.037650,-0.132368,0.142970,-0.003666,-0.146636,0.829228,-1.839076,0.047156,1.886232,-1.115541,-0.311566,0.007989,0.319555,-0.265241,0.004131,-0.000106,-0.004237,-0.193465,1.042868,-0.026740,-1.069609,-0.175586,1.321815,-0.033893,-1.355708,-0.164041,0.462758,-0.011866,-0.474623,-0.331811,0.382397,-0.009805,-0.392202,0.000653,0.256918,-0.006588,-0.263505,0.366479,-0.094504,0.002423,0.096927,0.375645,-1.977239,0.050698,2.027937,-0.995954,0.000000,0.000000,0.000000,3.591860,7.009215,1.659612,-3.820649,-6.185536,0.468543,0.000000,0.000000,0.000000,0.000050,0.000000,0.000000,265.443494,225.615398,1
4.546000,0.109164,0.015193,0.238116,-0.036709,0.000941,0.037650,-0.175102,0.142970,-0.003666,-0.146636,0.933260,-1.839076,0.047156,1.886232,-1.411732,-0.311566,0.007989,0.319555,-0.212142,0.004131,-0.000106,-0.004237,-0.137398,1.042868,-0.026740,-1.069609,-0.291482,1.321815,-0.033893,-1.355708,-0.262747,0.462758,-0.011866,-0.474623,-0.316004,0.382397,-0.009805,-0.392202,-0.005891,0.256918,-0.006588,-0.263505,0.383905,-0.094504,0.002423,0.096927,0.360745,-1.977239,0.050698,2.027937,-1.175581,0.000000,0.000000,0.000000,3.719641,7.232965,1.708315,-4.058740,-6.646533,0.553409,0.000000,0.000000,0.000000,0.000062,0.000000,0.000000,265.505645,225.570364,1
4.550000,0.120693,0.016197,0.244970,0.139954,-0.003589,-0.143542,-0.289378,-0.275867,0.007074,0.282941,1.013667,-1.455888,0.037330,1.493219,-1.207726,-0.421020,0.010795,0.431815,-0.267932,-0.059335,0.001521,0.060856,-0.094580,1.927678,-0.049428,-1.977105,-0.720980,1.012885,-0.025971,-1.038856,-0.139456,0.235681,-0.006043,-0.241724,-0.250429,0.352927,-0.009049,-0.361977,-0.014595,0.377446,-0.009678,-0.387125,0.180484,-0.389762,0.009994,0.399756,0.515254,-1.740571,0.044630,1.785201,-0.949360,0.000000,0.000000,0.000000,3.495446,6.785981,1.672796,-3.667141,-6.174007,0.353011,0.000000,0.000000,0.000000,0.000059,0.000000,0.000000,265.529085,225.564288,1
4.560000,0.121343,0.016130,0.242939,0.139954,-0.003589,-0.143542,-0.294955,-0.275867,0.007074,0.282941,1.116902,-1.455888,0.037330,1.493219,-1.507621,-0.421020,0.010795,0.431815,-0.159004,-0.059335,0.001521,0.060856,-0.068934,1.927678,-0.049428,-1.977105,-0.779682,1.012885,-0.025971,-1.038856,-0.147912,0.235681,-0.006043,-0.241724,-0.212445,0.352927,-0.009049,-0.361977,-0.010666,0.377446,-0.009678,-0.387125,0.230140,-0.389762,0.009994,0.399756,0.513347,-1.740571,0.044630,1.785201,-1.155923,0.000000,0.000000,0.000000,3.647622,7.076745,1.747125,-3.895987,-6.651117,0.436475,0.000000,0.000000,0.000000,0.000068,0.000000,0.000000,265.596991,225.542660,1
4.562000,0.131223,0.017652,0.242405,0.136739,-0.003506,-0.140246,-0.386917,-0.295117,0.007567,0.302684,1.240519,-1.164078,0.029848,1.193926,-1.389465,-0.399045,0.010232,0.409277,-0.138694,-0.045376,0.001163,0.046539,-0.063238,2.345669,-0.060145,-2.405814,-0.875895,0.871194,-0.022338,-0.893532,-0.019146,0.053315,-0.001367,-0.054682,-0.107630,0.346441,-0.008883,-0.355324,0.005569,0.354071,-0.009079,-0.363149,0.167654,-0.355695,0.009120,0.364815,0.571478,-1.524186,0.039082,1.563268,-0.950169,0.000000,0.000000,0.000000,3.591152,6.821144,1.402507,-3.919228,-5.781011,0.555200,0.000000,0.000000,0.000000,0.000060,0.000000,0.000000,265.609062,225.541664,1
4.572000,0.132497,0.017908,0.240148,0.136739,-0.003506,-0.140246,-0.389059,-0.295117,0.007567,0.302684,1.343124,-1.164078,0.029848,1.193926,-1.660977,-0.399045,0.010232,0.409277,-0.064349,-0.045376,0.001163,0.046539,-0.048246,2.345669,-0.060145,-2.405814,-0.971760,0.871194,-0.022338,-0.893532,-0.014974,0.053315,-0.001367,-0.054682,-0.088726,0.346441,-0.008883,-0.355324,-0.000838,0.354071,-0.009079,-0.363149,0.224675,-0.355695,0.009120,0.364815,0.577537,-1.524186,0.039082,1.563268,-1.159304,0.000000,0.000000,0.000000,3.758878,7.152637,1.459090,-4.137893,-6.197360,0.674759,0.000000,0.000000,0.000000,0.000069,0.000000,0.000000,265.678400,225.532890,1
4.576000,0.138053,0.025270,0.235526,0.108471,-0.002781,-0.111252,-0.524451,-0.260676,0.006684,0.267360,1.332928,-0.981005,0.025154,1.006159,-1.533484,-0.470870,0.012074,0.482944,-0.011209,-0.033632,0.000862,0.034494,-0.039728,2.063672,-0.052915,-2.116586,-0.809309,0.703576,-0.018040,-0.721616,-0.007060,-0.020288,0.000520,0.020808,-0.037501,0.326689,-0.008377,-0.335066,0.001314,0.316109,-0.008105,-0.324215,0.312455,-0.359074,0.009207,0.368281,0.499318,-1.232775,0.031610,1.264385,-1.233845,0.000000,0.000000,0.000000,3.307185,6.814734,1.392303,-3.885564,-5.863563,0.617560,0.000000,0.000000,0.000000,0.000055,0.000000,0.000000,265.700516,225.529307,1
4.586000,0.139139,0.025910,0.232841,0.108471,-0.002781,-0.111252,-0.548063,-0.260676,0.006684,0.267360,1.420037,-0.981005,0.025154,1.006159,-1.760223,-0.470870,0.012074,0.482944,-0.003431,-0.033632,0.000862,0.034494,-0.040212,2.063672,-0.052915,-2.116586,-0.863821,0.703576,-0.018040,-0.721616,-0.002224,-0.020288,0.000520,0.020808,-0.031522,0.326689,-0.008377,-0.335066,-0.002970,0.316109,-0.008105,-0.324215,0.360906,-0.359074,0.009207,0.368281,0.493863,-1.232775,0.031610,1.264385,-1.438334,0.000000,0.000000,0.000000,3.426355,7.103982,1.443472,-4.045327,-6.198909,0.742868,0.000000,0.000000,0.000000,0.000062,0.000000,0.000000,265.762154,225.516738,1
4.590000,0.138155,0.015804,0.233741,0.073697,-0.001890,-0.075587,-0.289614,-0.046867,0.001202,0.048069,1.409051,-0.935893,0.023997,0.959890,-2.044276,-0.413248,0.010596,0.423844,0.011181,-0.036735,0.000942,0.037677,-0.060061,2.958071,-0.075848,-3.033919,-1.113764,1.097658,-0.028145,-1.125803,-0.062876,0.002107,-0.000054,-0.002161,-0.030848,1.133627,-0.029067,-1.162694,-0.220615,0.294128,-0.007542,-0.301670,0.356540,-0.080580,0.002066,0.082646,0.483693,-1.332561,0.034168,1.366729,-1.330874,0.000000,0.000000,0.000000,3.612902,7.269953,1.572724,-4.220088,-6.595768,0.739767,0.000000,0.000000,0.000000,0.000077,0.000000,0.000000,265.793081,225.516537,1
4.600000,0.138994,0.016005,0.230824,0.073697,-0.001890,-0.075587,-0.321359,-0.046867,0.001202,0.048069,1.471829,-0.935893,0.023997,0.959890,-2.220367,-0.413248,0.010596,0.423844,0.007415,-0.036735,0.000942,0.037677,-0.046960,2.958071,-0.075848,-3.033919,-1.247625,1.097658,-0.028145,-1.125803,-0.094811,0.002107,-0.000054,-0.002161,-0.029592,1.133627,-0.029067,-1.162694,-0.305822,0.294128,-0.007542,-0.301670,0.404368,-0.080580,0.002066,0.082646,0.460110,-1.332561,0.034168,1.366729,-1.496829,0.000000,0.000000,0.000000,3.712483,7.427241,1.589177,-4.324096,-6.793316,0.809264,0.000000,0.000000,0.000000,0.000087,0.000000,0.000000,265.879927,225.517367,1
4.604000,0.139024,0.015622,0.230655,0.050685,-0.001300,-0.051984,-0.299335,-0.103181,0.002646,0.105826,1.408159,-0.992979,0.025461,1.018440,-2.182320,-0.697455,0.017883,0.715338,0.011311,-0.033155,0.000850,0.034005,-0.056638,3.202854,-0.082124,-3.284979,-1.291763,1.017439,-0.026088,-1.043527,-0.044240,-0.001734,0.000044,0.001778,-0.024870,0.989064,-0.025361,-1.014425,-0.223459,0.293529,-0.007526,-0.301055,0.413577,-0.166944,0.004281,0.171224,0.428900,-1.377757,0.035327,1.413084,-1.469472,0.000000,0.000000,0.000000,3.790708,7.226600,1.543547,-4.338840,-6.753436,0.782863,0.000000,0.000000,0.000000,0.000092,0.000000,0.000000,265.916679,225.518714,1
4.614000,0.139659,0.015870,0.227516,0.050685,-0.001300,-0.051984,-0.333687,-0.103181,0.002646,0.105826,1.460831,-0.992979,0.025461,1.018440,-2.320284,-0.697455,0.017883,0.715338,0.010257,-0.033155,0.000850,0.034005,-0.049413,3.202854,-0.082124,-3.284979,-1.393969,1.017439,-0.026088,-1.043527,-0.058048,-0.001734,0.000044,0.001778,-0.026122,0.989064,-0.025361,-1.014425,-0.267173,0.293529,-0.007526,-0.301055,0.465627,-0.166944,0.004281,0.171224,0.406846,-1.377757,0.035327,1.413084,-1.625916,0.000000,0.000000,0.000000,3.877254,7.366507,1.563181,-4.421991,-6.895484,0.834983,0.000000,0.000000,0.000000,0.000100,0.000000,0.000000,266.016301,225.522286,1
4.618000,0.153062,0.004065,0.234416,-0.030052,0.000771,0.030823,-0.074143,-0.052163,0.001338,0.053501,1.508244,-1.535509,0.039372,1.574881,-1.877908,-0.346037,0.008873,0.354909,-0.049892,-0.013065,0.000335,0.013401,-0.054235,0.552410,-0.014164,-0.566574,-0.039839,-0.479520,0.012295,0.491815,0.655515,-0.010559,0.000271,0.010829,-0.031481,-1.013634,0.025991,1.039624,0.589877,-0.113673,0.002915,0.116588,0.676900,0.013418,-0.000344,-0.013762,0.442439,-1.787733,0.045839,1.833573,-1.037968,0.000000,0.000000,0.000000,3.614087,7.020574,1.860746,-4.086231,-6.797139,0.501907,0.000000,0.000000,0.000000,0.000060,0.000000,0.000000,266.040324,225.507206,1
4.628000,0.153971,0.003507,0.231675,-0.030052,0.000771,0.030823,-0.047469,-0.052163,0.001338,0.053501,1.556561,-1.535509,0.039372,1.574881,-2.001736,-0.346037,0.008873,0.354909,-0.031429,-0.013065,0.000335,0.013401,-0.053632,0.552410,-0.014164,-0.566574,-0.084053,-0.479520,0.012295,0.491815,0.769292,-0.010559,0.000271,0.010829,-0.022699,-1.013634,0.025991,1.039624,0.547866,-0.113673,0.002915,0.116588,0.791687,0.013418,-0.000344,-0.013762,0.412726,-1.787733,0.045839,1.833573,-1.183430,0.000000,0.000000,0.000000,3.728832,7.160810,1.887944,-4.187472,-6.999228,0.539068,0.000000,0.000000,0.000000,0.000065,0.000000,0.000000,266.105452,225.465501,1
4.632000,0.153111,0.015211,0.223184,0.248147,-0.006363,-0.254510,-0.500558,0.322856,-0.008278,-0.331134,1.427785,-1.926081,0.049387,1.975467,-1.849786,0.037506,-0.000962,-0.038468,-0.222562,-0.013536,0.000347,0.013883,-0.059110,1.434896,-0.036792,-1.471689,-0.488433,-0.106721,0.002736,0.109457,0.679882,-0.007988,0.000205,0.008192,-0.025358,-0.091252,0.002340,0.093592,0.141191,0.062634,-0.001606,-0.064240,0.665968,0.359728,-0.009224,-0.368952,0.109285,-2.015947,0.051691,2.067638,-1.251235,-0.190797,-1.086825,-0.745925,3.614912,7.083650,1.620432,-4.298258,-6.728179,0.904869,-0.214197,0.657856,-0.220289,0.000077,0.000000,0.000000,266.136414,225.442077,1
4.642000,0.153694,0.015543,0.220133,0.248147,-0.006363,-0.254510,-0.519355,0.322856,-0.008278,-0.331134,1.459368,-1.926081,0.049387,1.975467,-1.915025,0.037506,-0.000962,-0.038468,-0.393507,-0.013536,0.000347,0.013883,-0.076226,1.434896,-0.036792,-1.471689,-0.747044,-0.106721,0.002736,0.109457,0.649912,-0.007988,0.000205,0.008192,-0.016180,-0.091252,0.002340,0.093592,0.079072,0.062634,-0.001606,-0.064240,0.730263,0.359728,-0.009224,-0.368952,0.076768,-2.015947,0.051691,2.067638,-1.371333,1.536398,-4.766714,-1.016984,3.659369,7.151972,1.625923,-4.367185,-6.624100,0.822748,-0.357319,1.499277,-0.603395,0.000085,0.000000,0.000000,266.221449,225.383548,1
4.646000,0.172031,0.018967,0.227700,0.010278,-0.000264,-0.010541,-0.390182,0.695346,-0.017829,-0.713176,1.225452,-2.395629,0.061426,2.457056,-1.463332,0.373287,-0.009571,-0.382858,-0.601160,-0.002668,0.000068,0.002737,-0.041478,0.992977,-0.025461,-1.018438,-0.284967,-0.328796,0.008431,0.337227,1.114493,-0.007058,0.000181,0.007239,-0.061372,0.016980,-0.000435,-0.017416,0.378033,-0.413707,0.010608,0.424315,0.834935,1.063189,-0.027261,-1.090451,-0.200617,-2.888179,0.074056,2.962235,-0.611006,0.368928,-0.996948,-0.175956,3.245300,6.729854,1.302560,-4.348451,-6.345294,0.940625,0.000000,0.000000,0.000000,0.000078,0.000000,0.000000,266.252488,225.364296,1
4.656000,0.174185,0.019496,0.225061,-0.323810,0.008303,0.332113,-0.211586,0.997123,-0.025567,-1.022691,1.213626,-2.088096,0.053541,2.141637,-1.693769,0.350256,-0.008981,-0.359237,-0.491641,-0.002455,0.000063,0.002518,-0.123536,1.229343,-0.031522,-1.260864,-0.605052,-0.043373,0.001112,0.044485,0.927481,-0.009867,0.000253,0.010120,-0.055916,0.452511,-0.011603,-0.464114,0.132219,-0.747917,0.019177,0.767094,1.053400,1.613336,-0.041368,-1.654703,-0.365426,-3.018990,0.077410,3.096400,-0.652746,1.034522,-2.535366,-0.391870,3.319829,7.487934,1.588169,-4.573296,-6.253925,0.807230,0.000000,0.000000,0.000000,0.000094,0.000000,0.000000,266.346646,225.318008,1
4.662000,0.174463,0.017755,0.220700,-0.654416,0.016780,0.671196,-0.262019,1.266930,-0.032485,-1.299416,1.185995,-1.835398,0.047061,1.882459,-1.495706,0.577018,-0.014795,-0.591813,-0.538160,0.004000,-0.000103,-0.004102,0.090609,0.716698,-0.018377,-0.735075,-1.862385,0.030321,-0.000777,-0.031099,0.747785,-0.020532,0.000526,0.021058,-0.032101,0.499381,-0.012805,-0.512186,0.133468,-1.173275,0.030084,1.203359,1.282707,2.291250,-0.058750,-2.350000,-0.746157,-3.388422,0.086883,3.475304,-0.370168,2.766232,-6.758456,-0.968503,2.638470,7.212261,2.015344,-4.675162,-5.129247,-0.010318,0.006705,0.095596,-0.059768,0.000109,0.000000,0.000000,266.412023,225.312445,1
4.672000,0.175187,0.018034,0.218501,-0.654416,0.016780,0.671196,-0.341922,1.266930,-0.032485,-1.299416,1.207836,-1.835398,0.047061,1.882459,-1.394390,0.577018,-0.014795,-0.591813,-0.679056,0.004000,-0.000103,-0.004102,0.327762,0.716698,-0.018377,-0.735075,-2.581824,0.030321,-0.000777,-0.031099,0.639660,-0.020532,0.000526,0.021058,-0.026625,0.499381,-0.012805,-0.512186,0.030292,-1.173275,0.030084,1.203359,1.244554,2.291250,-0.058750,-2.350000,-0.668455,-3.388422,0.086883,3.475304,-0.487569,2.527750,-6.664253,-1.184305,2.636091,7.536122,2.196878,-4.523829,-4.808349,-0.096072,0.008115,0.199478,-0.122875,0.000115,0.000000,0.000000,266.527262,225.304571,1
4.678000,0.174504,0.011364,0.222975,-0.512042,0.013129,0.525171,-0.159892,1.262528,-0.032373,-1.294900,1.086526,-1.941355,0.049778,1.991134,-1.426275,0.387333,-0.009932,-0.397265,-0.457971,0.541575,-0.013887,-0.555462,-0.005178,-0.321906,0.008254,0.330160,-1.549017,-0.191704,0.004915,0.196619,0.714405,-0.022419,0.000575,0.022993,-0.006463,0.127574,-0.003271,-0.130845,0.081934,-1.120585,0.028733,1.149318,1.316190,2.400870,-0.061561,-2.462431,-0.628113,-3.599544,0.092296,3.691840,-0.568958,2.989747,-7.512367,-1.032319,2.791607,7.286132,2.150947,-4.663454,-5.325119,-0.149791,0.037775,0.346124,-0.219543,0.000103,0.000000,0.000000,266.589291,225.283157,1
4.688000,0.174882,0.011298,0.220948,-0.512042,0.013129,0.525171,-0.286977,1.262528,-0.032373,-1.294900,1.108061,-1.941355,0.049778,1.991134,-1.379402,0.387333,-0.009932,-0.397265,-0.598215,0.541575,-0.013887,-0.555462,0.236841,-0.321906,0.008254,0.330160,-2.290636,-0.191704,0.004915,0.196619,0.682477,-0.022419,0.000575,0.022993,-0.002599,0.127574,-0.003271,-0.130845,0.040977,-1.120585,0.028733,1.149318,1.237710,2.400870,-0.061561,-2.462431,-0.656289,-3.599544,0.092296,3.691840,-0.537904,2.670293,-7.292463,-1.267596,2.707772,7.290435,2.231048,-4.463586,-4.985619,-0.211991,0.020297,0.658418,-0.390792,0.000106,0.000000,0.000000,266.695508,225.245149,1
4.696000,0.194059,0.011556,0.229895,-0.077843,0.001996,0.079839,-0.358133,0.803782,-0.020610,-0.824391,0.936037,-2.433011,0.062385,2.495396,-0.913287,0.397465,-0.010191,-0.407656,-0.495046,0.998091,-0.025592,-1.023683,0.111759,-2.567367,0.065830,2.633196,-1.069470,-0.897791,0.023020,0.920811,1.102362,-0.045774,0.001174,0.046948,0.039335,-0.061330,0.001573,0.062902,0.169827,-0.858931,0.022024,0.880955,0.884409,2.130694,-0.054633,-2.185327,-0.676443,-4.215630,0.108093,4.323724,0.359156,2.989646,-8.913734,-1.706048,2.812826,7.218072,1.673082,-4.292000,-4.359317,-0.073520,-0.010919,0.012081,0.000727,0.000110,0.000000,0.000000,266.783904,225.237388,1
4.706000,0.195261,0.011442,0.228975,-0.077843,0.001996,0.079839,-0.501140,0.803782,-0.020610,-0.824391,0.966725,-2.433011,0.062385,2.495396,-0.797458,0.397465,-0.010191,-0.407656,-0.677718,0.998091,-0.025592,-1.023683,0.408569,-2.567367,0.065830,2.633196,-1.727228,-0.897791,0.023020,0.920811,1.070105,-0.045774,0.001174,0.046948,0.005178,-0.061330,0.001573,0.062902,0.101804,-0.858931,0.022024,0.880955,0.737526,2.130694,-0.054633,-2.185327,-0.517561,-4.215630,0.108093,4.323724,0.208231,2.630696,-8.369340,-1.799396,2.785194,7.569254,1.881074,-4.119855,-4.035061,-0.146394,-0.060068,0.064628,0.005317,0.000117,0.000000,0.000000,266.901331,225.198949,1
4.712000,0.185055,0.003256,0.227552,0.277309,-0.007110,-0.284419,-0.806785,1.478399,-0.037908,-1.516307,0.751533,-3.395173,0.087056,3.482229,-0.589905,0.586609,-0.015041,-0.601651,-1.001317,1.304968,-0.033461,-1.338429,0.057375,-2.862570,0.073399,2.935970,-1.315150,-1.308701,0.033556,1.342257,0.801227,-0.093815,0.002406,0.096220,0.141637,-0.023707,0.000608,0.024315,0.026901,-0.564618,0.014477,0.579095,0.470377,1.534013,-0.039334,-1.573347,-0.812373,-2.786043,0.071437,2.857480,0.371230,2.633227,-6.140984,-0.930291,2.109054,4.138891,0.845925,-3.436548,-4.786876,0.423120,-3.178414,5.685788,-0.822436,0.000117,0.000000,0.000000,266.971319,225.183356,1
4.722000,0.185031,0.002590,0.226882,0.277309,-0.007110,-0.284419,-0.584350,1.478399,-0.037908,-1.516307,0.709882,-3.395173,0.087056,3.482229,-0.435838,0.586609,-0.015041,-0.601651,-0.792355,1.304968,-0.033461,-1.338429,0.036743,-2.862570,0.073399,2.935970,-1.151881,-1.308701,0.033556,1.342257,0.653787,-0.093815,0.002406,0.096220,0.540215,-0.023707,0.000608,0.024315,-0.463003,-0.564618,0.014477,0.579095,0.651725,1.534013,-0.039334,-1.573347,-0.667195,-2.786043,0.071437,2.857480,0.213092,2.579781,-6.020464,-0.920083,2.401712,4.425603,0.807861,-3.013599,-4.663692,0.623076,-2.413188,5.669064,-1.288367,0.000096,0.000000,0.000000,267.067768,225.159077,1
4.728000,0.192490,-0.006527,0.229441,0.815243,-0.020904,-0.836147,-1.404904,1.448133,-0.037132,-1.485265,-0.881759,-3.674602,0.094221,3.768823,1.853561,1.040516,-0.026680,-1.067196,0.145326,1.550066,-0.039745,-1.589811,0.541861,-3.410595,0.087451,3.498046,-0.586806,-1.822239,0.046724,1.868963,0.230531,0.142555,-0.003655,-0.146211,1.163686,-0.078223,0.002006,0.080229,-1.711228,-0.169408,0.004344,0.173752,0.221293,1.818730,-0.046634,-1.865364,-0.747272,-3.409356,0.087419,3.496775,1.552950,3.697608,-6.810152,-0.256617,4.522980,9.883224,2.609472,0.054787,-0.374433,0.287168,-4.047869,7.719810,-1.858078,0.000201,0.000000,0.000000,267.188610,225.239399,1
4.738000,0.192215,-0.007519,0.228026,0.815243,-0.020904,-0.836147,-1.168074,1.448133,-0.037132,-1.485265,-0.888693,-3.674602,0.094221,3.768823,1.671874,1.040516,-0.026680,-1.067196,-0.004769,1.550066,-0.039745,-1.589811,0.365099,-3.410595,0.087451,3.498046,-0.857679,-1.822239,0.046724,1.868963,0.140229,0.142555,-0.003655,-0.146211,0.857560,-0.078223,0.002006,0.080229,-1.766043,-0.169408,0.004344,0.173752,0.268789,1.818730,-0.046634,-1.865364,-0.350261,-3.409356,0.087419,3.496775,0.526140,3.502531,-7.447461,-0.794608,3.216174,7.912603,2.433384,0.096322,-1.247591,0.910888,-4.132819,6.112242,-0.882362,0.000153,0.000000,0.000000,267.341134,225.314968,1
4.746000,0.195371,-0.009884,0.240921,1.837213,-0.047108,-1.884321,-1.753142,-0.009482,0.000243,0.009725,-0.308691,0.897065,-0.023002,-0.920067,-2.230435,0.757703,-0.019428,-0.777131,1.303620,2.577150,-0.066081,-2.643231,0.656801,-3.170369,0.081292,3.251661,-0.972729,-1.371651,0.035171,1.406822,1.171275,1.790368,-0.045907,-1.836275,0.721537,-2.206944,0.056588,2.263533,-1.298185,-0.583897,0.014972,0.598868,-0.569897,2.628105,-0.067387,-2.695492,-1.588583,-2.659090,0.068182,2.727272,1.751326,5.211301,-6.893996,0.871617,0.000000,0.000000,0.000000,0.000000,0.000000,0.000000,-3.067351,10.424251,-3.329963,0.000266,0.000000,0.000000,267.553787,225.359304,1
4.756000,0.195249,-0.011100,0.239799,1.837213,-0.047108,-1.884321,-1.711884,-0.009482,0.000243,0.009725,-0.343895,0.897065,-0.023002,-0.920067,-1.208778,0.757703,-0.019428,-0.777131,1.202629,2.577150,-0.066081,-2.643231,0.579610,-3.170369,0.081292,3.251661,-1.129332,-1.371651,0.035171,1.406822,1.012950,1.790368,-0.045907,-1.836275,0.489209,-2.206944,0.056588,2.263533,-1.269836,-0.583897,0.014972,0.598868,-0.531106,2.628105,-0.067387,-2.695492,-1.559128,-2.659090,0.068182,2.727272,1.549428,5.101474,-7.101402,0.656855,0.055105,0.043767,-0.014579,0.000000,0.000000,0.000000,-3.101592,9.635179,-2.865832,0.000244,0.000000,0.000000,267.798028,225.398887,1
4.760000,0.196494,0.001316,0.231734,-5.756788,0.147610,5.904398,4.206487,0.662076,-0.016976,-0.679053,-0.733996,-11.555019,0.296283,11.851301,5.671600,5.297515,-0.135834,-5.433349,-0.963763,2.451322,-0.062854,-2.514177,0.490654,-1.554092,0.039849,1.593940,-0.680140,3.648224,-0.093544,-3.741768,-1.614058,2.209537,-0.056655,-2.266191,0.228992,-1.961505,0.050295,2.011800,-1.287041,-1.746619,0.044785,1.791404,-0.124478,1.719728,-0.044096,-1.763824,-1.226941,9.778834,-0.250739,-10.029574,-4.978352,5.574364,-4.531849,2.054642,0.000000,0.000000,0.000000,-7.059932,-5.046799,-2.055980,-0.757969,9.146077,-3.471484,0.001616,0.000000,0.000000,268.444311,225.999979,1
4.770000,0.196246,0.001796,0.229886,-5.756788,0.147610,5.904398,3.188448,0.662076,-0.016976,-0.679053,-0.895169,-11.555019,0.296283,11.851301,4.673890,5.297515,-0.135834,-5.433349,-1.080522,2.451322,-0.062854,-2.514177,0.458502,-1.554092,0.039849,1.593940,-0.785099,3.648224,-0.093544,-3.741768,-1.837343,2.209537,-0.056655,-2.266191,0.063822,-1.961505,0.050295,2.011800,-1.353473,-1.746619,0.044785,1.791404,0.158394,1.719728,-0.044096,-1.763824,-1.158160,9.778834,-0.250739,-10.029574,-4.874234,7.110491,-4.754629,3.205378,0.000000,0.000000,0.000000,-24.546785,-17.293014,-7.358192,0.136579,8.423750,-3.795047,0.001441,0.000000,0.000000,269.884870,227.335104,1
4.776000,0.207576,-0.005253,0.240551,0.359623,-0.009221,-0.368844,0.357901,0.091246,-0.002340,-0.093586,-0.182456,0.068322,-0.001752,-0.070073,0.544711,0.503331,-0.012906,-0.516237,0.214800,0.211404,-0.005421,-0.216825,0.776472,-1.933355,0.049573,1.982928,-0.479779,-0.327967,0.008409,0.336376,-0.397634,-0.359468,0.009217,0.368685,0.523584,-1.322911,0.033921,1.356832,-0.932240,-0.480763,0.012327,0.493090,-0.210858,1.458310,-0.037393,-1.495703,-1.113467,1.458276,-0.037392,-1.495668,-1.032647,3.001537,-5.386915,-0.284586,0.000000,0.000000,0.000000,0.000000,0.000000,0.000000,-2.502691,6.612428,-1.291835,0.000063,0.000000,0.000000,269.922811,227.338204,1
4.786000,0.208205,-0.005577,0.238816,0.359623,-0.009221,-0.368844,0.224968,0.091246,-0.002340,-0.093586,-0.127429,0.068322,-0.001752,-0.070073,0.289495,0.503331,-0.012906,-0.516237,0.225621,0.211404,-0.005421,-0.216825,0.895091,-1.933355,0.049573,1.982928,-0.796339,-0.327967,0.008409,0.336376,-0.444510,-0.359468,0.009217,0.368685,0.520482,-1.322911,0.033921,1.356832,-1.134611,-0.480763,0.012327,0.493090,-0.119100,1.458310,-0.037393,-1.495703,-0.998897,1.458276,-0.037392,-1.495668,-0.787459,3.219276,-6.066128,-0.469139,0.000000,0.000000,0.000000,0.000000,0.000000,0.000000,-2.642386,7.035531,-1.381099,0.000066,0.000000,0.000000,269.988973,227.329554,1
4.790000,0.216021,-0.004049,0.238312,1.010204,-0.025903,-1.036107,-0.060450,-0.111988,0.002871,0.114860,-0.107994,2.293337,-0.058804,-2.352140,-1.100110,0.126108,-0.003234,-0.129341,0.156779,-0.131676,0.003376,0.135053,0.894002,-1.270219,0.032570,1.302788,-1.186372,-0.339698,0.008710,0.348408,-0.210477,-0.221483,0.005679,0.227162,0.451461,-1.465687,0.037582,1.503268,-0.900571,-0.542221,0.013903,0.556124,-0.022853,0.582534,-0.014937,-0.597471,-0.426679,-0.178236,0.004570,0.182806,0.211256,2.951689,-6.039098,-0.067157,0.000000,0.000000,0.000000,0.000000,0.000000,0.000000,-2.777541,6.581657,-1.807604,0.000062,0.000000,0.000000,270.013714,227.330150,1
4.800000,0.216413,-0.003809,0.236262,1.010204,-0.025903,-1.036107,-0.135809,-0.111988,0.002871,0.114860,-0.076485,2.293337,-0.058804,-2.352140,-1.063599,0.126108,-0.003234,-0.129341,0.171898,-0.131676,0.003376,0.135053,0.994712,-1.270219,0.032570,1.302788,-1.483454,-0.339698,0.008710,0.348408,-0.247863,-0.221483,0.005679,0.227162,0.455181,-1.465687,0.037582,1.503268,-1.118841,-0.542221,0.013903,0.556124,-0.003183,0.582534,-0.014937,-0.597471,-0.376272,-0.178236,0.004570,0.182806,0.127486,3.156902,-6.610138,-0.138103,0.000000,0.000000,0.000000,0.000000,0.000000,0.000000,-2.933656,6.920343,-1.908009,0.000069,0.000000,0.000000,270.082334,227.324096,1
4.804000,0.218306,0.001041,0.237663,1.155424,-0.029626,-1.185050,-0.132968,-0.075465,0.001935,0.077400,-0.085317,1.497763,-0.038404,-1.536168,-0.307166,0.307892,-0.007895,-0.315786,0.326382,-0.104481,0.002679,0.107160,1.273503,-1.309997,0.033590,1.343586,-1.371322,-0.052402,0.001344,0.053745,-0.353399,-0.422958,0.010845,0.433803,0.637144,-1.114124,0.028567,1.142691,-1.241330,-0.345826,0.008867,0.354694,-0.143130,0.952225,-0.024416,-0.976641,-0.366470,0.231303,-0.005931,-0.237234,-0.005533,3.322486,-6.457911,-0.335915,0.000000,0.000000,0.000000,0.000000,0.000000,0.000000,-2.574692,7.097106,-1.770487,0.000048,0.000000,0.000000,270.101702,227.315940,1
4.814000,0.218937,0.001219,0.235182,1.155424,-0.029626,-1.185050,-0.254501,-0.075465,0.001935,0.077400,-0.059635,1.497763,-0.038404,-1.536168,-0.481913,0.307892,-0.007895,-0.315786,0.278818,-0.104481,0.002679,0.107160,1.348720,-1.309997,0.033590,1.343586,-1.626216,-0.052402,0.001344,0.053745,-0.460167,-0.422958,0.010845,0.433803,0.608624,-1.114124,0.028567,1.142691,-1.445749,-0.345826,0.008867,0.354694,-0.171862,0.952225,-0.024416,-0.976641,-0.441283,0.231303,-0.005931,-0.237234,-0.010719,3.436020,-6.884881,-0.455219,0.000000,0.000000,0.000000,0.000000,0.000000,0.000000,-2.707119,7.303021,-1.798005,0.000059,0.000000,0.000000,270.160695,227.294626,1
4.818000,0.223040,-0.001849,0.231587,0.848669,-0.021761,-0.870430,-0.146156,-0.047743,0.001224,0.048967,-0.061665,0.583773,-0.014969,-0.598742,-0.132416,0.448760,-0.011507,-0.460267,0.383283,-0.212141,0.005440,0.217581,1.330635,-1.327826,0.034047,1.361872,-1.265870,0.098244,-0.002519,-0.100763,-0.543712,-0.687416,0.017626,0.705042,0.602747,-0.986377,0.025292,1.011669,-1.328706,-0.543849,0.013945,0.557794,-0.006939,1.305074,-0.033463,-1.338538,-0.583038,0.405886,-0.010407,-0.416293,-0.014216,3.271043,-6.189503,-0.058034,0.000000,0.000000,0.000000,0.000000,0.000000,0.000000,-2.455356,6.683852,-1.893868,0.000050,0.000000,0.000000,270.180749,227.288669,1
4.828000,0.223646,-0.001758,0.228887,0.848669,-0.021761,-0.870430,-0.187136,-0.047743,0.001224,0.048967,-0.051534,0.583773,-0.014969,-0.598742,-0.147355,0.448760,-0.011507,-0.460267,0.344340,-0.212141,0.005440,0.217581,1.420527,-1.327826,0.034047,1.361872,-1.520668,0.098244,-0.002519,-0.100763,-0.652974,-0.687416,0.017626,0.705042,0.588759,-0.986377,0.025292,1.011669,-1.545772,-0.543849,0.013945,0.557794,-0.000300,1.305074,-0.033463,-1.338538,-0.633942,0.405886,-0.010407,-0.416293,-0.018396,3.374086,-6.640588,-0.186217,0.000000,0.000000,0.000000,0.000000,0.000000,0.000000,-2.584379,6.926615,-1.949679,0.000057,0.000000,0.000000,270.237682,227.269683,1
4.834000,0.236132,-0.006780,0.235690,1.402694,-0.035967,-1.438660,-0.172372,-0.039572,0.001015,0.040587,-0.052861,2.947903,-0.075587,-3.023490,-0.748669,0.226620,-0.005811,-0.232430,0.219120,0.134685,-0.003453,-0.138139,1.423405,-1.065917,0.027331,1.093249,-1.962996,-0.029701,0.000762,0.030463,-0.413713,-0.065339,0.001675,0.067015,0.560242,-1.140003,0.029231,1.169234,-1.380378,-0.875211,0.022441,0.897652,-0.251461,0.620390,-0.015907,-0.636298,-0.161344,0.257744,-0.006609,-0.264353,0.010365,3.528458,-7.100710,-0.636051,0.000000,0.000000,0.000000,0.000000,0.000000,0.000000,-2.759773,7.649170,-1.724932,0.000069,0.000000,0.000000,270.279097,227.260089,1
4.844000,0.236990,-0.007021,0.232799,1.402694,-0.035967,-1.438660,-0.312534,-0.039572,0.001015,0.040587,-0.061779,2.947903,-0.075587,-3.023490,-1.071764,0.226620,-0.005811,-0.232430,0.206025,0.134685,-0.003453,-0.138139,1.476849,-1.065917,0.027331,1.093249,-2.157589,-0.029701,0.000762,0.030463,-0.491951,-0.065339,0.001675,0.067015,0.520824,-1.140003,0.029231,1.169234,-1.542934,-0.875211,0.022441,0.897652,-0.105894,0.620390,-0.015907,-0.636298,-0.259746,0.257744,-0.006609,-0.264353,-0.006957,3.614999,-7.336724,-0.710568,0.000000,0.000000,0.000000,0.000000,0.000000,0.000000,-2.858746,7.814662,-1.734270,0.000084,0.000000,0.000000,270.363291,227.253737,1
4.848000,0.243127,-0.013775,0.231945,0.880838,-0.022586,-0.903423,-0.099441,-0.027479,0.000705,0.028183,-0.037017,1.799502,-0.046141,-1.845643,-0.590192,0.318465,-0.008166,-0.326631,0.438852,-0.197908,0.005075,0.202983,1.437090,-0.996631,0.025555,1.022186,-1.714257,0.066677,-0.001710,-0.068387,-0.332719,-0.391503,0.010039,0.401542,0.586306,-1.157746,0.029686,1.187432,-1.359337,-0.685262,0.017571,0.702833,-0.264997,0.418426,-0.010729,-0.429155,-0.128459,0.195702,-0.005018,-0.200720,0.016831,3.673822,-6.345165,-0.541841,0.000000,0.000000,0.000000,0.000000,0.000000,0.000000,-2.643958,7.426137,-1.595539,0.000055,0.000000,0.000000,270.385229,227.246072,1
4.858000,0.244198,-0.014364,0.229024,0.880838,-0.022586,-0.903423,-0.148917,-0.027479,0.000705,0.028183,-0.037079,1.799502,-0.046141,-1.845643,-0.691501,0.318465,-0.008166,-0.326631,0.425032,-0.197908,0.005075,0.202983,1.507261,-0.996631,0.025555,1.022186,-1.913922,0.066677,-0.001710,-0.068387,-0.412610,-0.391503,0.010039,0.401542,0.577590,-1.157746,0.029686,1.187432,-1.564441,-0.685262,0.017571,0.702833,-0.167332,0.418426,-0.010729,-0.429155,-0.191674,0.195702,-0.005018,-0.200720,0.002796,3.768019,-6.643250,-0.669583,0.000000,0.000000,0.000000,0.000000,0.000000,0.000000,-2.762875,7.681062,-1.615359,0.000061,0.000000,0.000000,270.446542,227.225942,1
4.862000,0.258366,-0.012548,0.235890,0.579826,-0.014867,-0.594694,-0.004533,-0.022687,0.000582,0.023269,-0.037483,1.455049,-0.037309,-1.492358,-0.373334,0.209749,-0.005378,-0.215127,0.207327,-0.119741,0.003070,0.122811,1.541876,-0.621400,0.015933,0.637334,-2.092677,0.013263,-0.000340,-0.013603,-0.396617,-0.133440,0.003422,0.136862,0.573512,-1.021240,0.026186,1.047426,-1.222165,-0.270262,0.006930,0.277192,-0.474484,-0.198951,0.005101,0.204053,0.006551,-0.033666,0.000863,0.034529,0.120820,3.358622,-6.749503,-0.620445,0.000000,0.000000,0.000000,0.000000,0.000000,0.000000,-2.520949,7.482107,-1.659788,0.000036,0.000000,0.000000,270.461060,227.218133,1
4.872000,0.259702,-0.012865,0.232947,0.579826,-0.014867,-0.594694,-0.006392,-0.022687,0.000582,0.023269,-0.035965,1.455049,-0.037309,-1.492358,-0.492728,0.209749,-0.005378,-0.215127,0.212439,-0.119741,0.003070,0.122811,1.608718,-0.621400,0.015933,0.637334,-2.261575,0.013263,-0.000340,-0.013603,-0.466683,-0.133440,0.003422,0.136862,0.571392,-1.021240,0.026186,1.047426,-1.414142,-0.270262,0.006930,0.277192,-0.425151,-0.198951,0.005101,0.204053,-0.003845,-0.033666,0.000863,0.034529,0.069551,3.442206,-6.982452,-0.704019,0.000000,0.000000,0.000000,0.000000,0.000000,0.000000,-2.637744,7.740015,-1.688273,0.000041,0.000000,0.000000,270.502174,227.197492,1
4.878000,0.266305,-0.017800,0.231182,-0.044378,0.001138,0.045516,0.219289,-0.013060,0.000335,0.013395,-0.046821,1.645444,-0.042191,-1.687635,-0.611822,0.066225,-0.001698,-0.067923,0.493262,0.205240,-0.005263,-0.210503,1.519869,-1.479270,0.037930,1.517200,-1.846782,0.254663,-0.006530,-0.261193,-0.505363,0.485235,-0.012442,-0.497677,0.292955,-2.042501,0.052372,2.094873,-1.056224,0.402604,-0.010323,-0.412927,-0.659988,-0.458701,0.011762,0.470462,0.072975,-0.113618,0.002913,0.116532,0.146142,3.592806,-6.854477,-1.181685,0.000000,0.000000,0.000000,0.000000,0.000000,0.000000,-2.560181,7.997903,-1.474413,0.000070,0.000000,0.000000,270.544251,227.173396,1
4.888000,0.267774,-0.018664,0.228267,-0.044378,0.001138,0.045516,0.232229,-0.013060,0.000335,0.013395,-0.054349,1.645444,-0.042191,-1.687635,-0.661081,0.066225,-0.001698,-0.067923,0.483282,0.205240,-0.005263,-0.210503,1.561272,-1.479270,0.037930,1.517200,-1.942635,0.254663,-0.006530,-0.261193,-0.622347,0.485235,-0.012442,-0.497677,0.247214,-2.042501,0.052372,2.094873,-1.188782,0.402604,-0.010323,-0.412927,-0.784613,-0.458701,0.011762,0.470462,0.037016,-0.113618,0.002913,0.116532,0.103189,3.619101,-6.938769,-1.270218,0.000000,0.000000,0.000000,0.001068,-0.210569,0.137480,-2.637284,8.147665,-1.446522,0.000076,0.000000,0.000000,270.619902,227.130588,1
4.892000,0.259513,-0.008606,0.232944,-0.472444,0.012114,0.484558,0.548915,-0.013668,0.000350,0.014018,-0.041848,2.828841,-0.072534,-2.901375,-1.216501,0.335035,-0.008591,-0.343626,0.084267,0.892146,-0.022876,-0.915021,0.978278,-1.510758,0.038737,1.549496,-1.915951,0.844289,-0.021648,-0.865938,-0.957423,1.972445,-0.050576,-2.023021,-0.638561,-3.206039,0.082206,3.288245,-0.390892,0.725310,-0.018598,-0.743908,-1.232694,-0.237835,0.006098,0.243934,0.143832,-3.114387,0.079856,3.194243,1.482265,3.361302,-6.976828,-0.380851,0.002748,-0.000955,-0.001940,0.000000,0.000000,0.000000,-2.397436,6.684509,-1.746586,0.000168,0.000000,0.000000,270.687030,227.156286,1
4.902000,0.259823,-0.008442,0.230468,-0.472444,0.012114,0.484558,0.605148,-0.013668,0.000350,0.014018,-0.030274,2.828841,-0.072534,-2.901375,-1.253740,0.335035,-0.008591,-0.343626,0.049191,0.892146,-0.022876,-0.915021,1.008092,-1.510758,0.038737,1.549496,-1.983039,0.844289,-0.021648,-0.865938,-1.080282,1.972445,-0.050576,-2.023021,-0.651342,-3.206039,0.082206,3.288245,-0.546618,0.725310,-0.018598,-0.743908,-1.261786,-0.237835,0.006098,0.243934,0.069687,-3.114387,0.079856,3.194243,1.554352,3.370782,-7.105881,-0.434352,0.295413,-0.120091,-0.217969,0.000000,0.000000,0.000000,-2.552243,7.096359,-1.863865,0.000179,0.000000,0.000000,270.866175,227.219233,1
4.906000,0.282951,-0.003459,0.236729,0.489192,-0.012543,-0.501736,0.520216,0.059294,-0.001520,-0.060815,-0.059754,2.104325,-0.053957,-2.158282,-0.619817,0.605895,-0.015536,-0.621431,-0.022464,1.218806,-0.031251,-1.250058,1.138211,-2.165091,0.055515,2.220606,-1.472826,1.218455,-0.031242,-1.249697,-1.270519,2.208853,-0.056637,-2.265490,-0.774762,-3.637636,0.093273,3.730909,0.258843,0.363771,-0.009327,-0.373099,-1.198412,-0.140113,0.003593,0.143706,0.086303,-0.674133,0.017285,0.691418,0.705110,3.087066,-6.474073,-0.942387,0.000000,0.000000,0.000000,0.000000,0.000000,0.000000,-2.367352,6.726588,-1.525411,0.000116,0.000000,0.000000,270.912437,227.225860,1
4.916000,0.284398,-0.003393,0.234684,0.489192,-0.012543,-0.501736,0.296137,0.059294,-0.001520,-0.060815,-0.058480,2.104325,-0.053957,-2.158282,-0.770038,0.605895,-0.015536,-0.621431,-0.090477,1.218806,-0.031251,-1.250058,1.193479,-2.165091,0.055515,2.220606,-1.552147,1.218455,-0.031242,-1.249697,-1.427770,2.208853,-0.056637,-2.265490,-0.720308,-3.637636,0.093273,3.730909,0.011072,0.363771,-0.009327,-0.373099,-1.173237,-0.140113,0.003593,0.143706,0.013928,-0.674133,0.017285,0.691418,0.526849,3.157278,-6.696278,-1.023082,0.000000,0.000000,0.000000,0.000000,0.000000,0.000000,-2.527097,7.318552,-1.690199,0.000111,0.000000,0.000000,271.023141,227.234819,1
4.924000,0.282756,-0.015391,0.227929,0.041070,-0.001053,-0.042123,0.543302,0.092000,-0.002359,-0.094359,-0.115276,2.396291,-0.061443,-2.457734,-1.137633,-0.094752,0.002430,0.097182,0.390948,1.119575,-0.028707,-1.148282,1.182654,-2.499602,0.064092,2.563695,-1.130109,0.574950,-0.014742,-0.589692,-1.181819,1.857656,-0.047632,-1.905288,-0.449855,-3.402105,0.087233,3.489339,-0.546408,0.158616,-0.004067,-0.162683,-0.907802,-0.119899,0.003074,0.122973,-0.003849,0.096290,-0.002469,-0.098759,0.121708,3.433677,-6.282753,-0.844996,0.000000,0.000000,0.000000,-1.483833,-3.565200,0.883603,-2.654357,7.614547,-1.502640,0.000107,0.000000,0.000000,271.109091,227.221614,1
4.934000,0.283797,-0.016011,0.225657,0.041070,-0.001053,-0.042123,0.739756,0.092000,-0.002359,-0.094359,0.218729,2.396291,-0.061443,-2.457734,-2.042141,-0.094752,0.002430,0.097182,0.468696,1.119575,-0.028707,-1.148282,1.250849,-2.499602,0.064092,2.563695,-1.217582,0.574950,-0.014742,-0.589692,-1.156698,1.857656,-0.047632,-1.905288,-0.472217,-3.402105,0.087233,3.489339,-0.624859,0.158616,-0.004067,-0.162683,-0.809986,-0.119899,0.003074,0.122973,-0.005068,0.096290,-0.002469,-0.098759,0.067035,3.494047,-6.197972,-0.790398,0.000000,0.000000,0.000000,-1.599967,-4.127681,1.148023,-2.550370,7.749305,-1.627631,0.000136,0.000000,0.000000,271.244845,227.221423,1
4.940000,0.305238,-0.021118,0.229564,-0.014653,0.000376,0.015028,1.248544,1.070469,-0.027448,-1.097917,0.636447,-0.876707,0.022480,0.899187,-2.103152,-0.062719,0.001608,0.064327,0.716340,0.952684,-0.024428,-0.977112,1.052361,-2.464585,0.063194,2.527780,-0.074610,0.765171,-0.019620,-0.784791,-0.996479,2.226752,-0.057096,-2.283848,-0.812512,-4.177720,0.107121,4.284841,0.687520,0.634327,-0.016265,-0.650592,-0.871721,-0.097351,0.002496,0.099847,0.022965,-0.076264,0.001955,0.078220,0.113773,2.682703,-2.818162,0.152967,0.000000,0.000000,0.000000,-2.663284,-6.013916,1.519229,-1.504050,5.921736,-1.158296,0.000100,0.000000,0.000000,271.305046,227.235943,1
4.950000,0.306996,-0.021529,0.228629,-0.014653,0.000376,0.015028,1.328114,1.070469,-0.027448,-1.097917,0.725636,-0.876707,0.022480,0.899187,-2.256291,-0.062719,0.001608,0.064327,0.729061,0.952684,-0.024428,-0.977112,1.031147,-2.464585,0.063194,2.527780,0.015326,0.765171,-0.019620,-0.784791,-0.950678,2.226752,-0.057096,-2.283848,-0.695236,-4.177720,0.107121,4.284841,0.525972,0.634327,-0.016265,-0.650592,-0.868880,-0.097351,0.002496,0.099847,-0.001093,-0.076264,0.001955,0.078220,0.067398,2.855373,-3.222851,0.004747,0.000000,0.000000,0.000000,-2.437773,-5.645790,1.452570,-1.490116,6.472921,-1.381187,0.000091,0.000000,0.000000,271.396016,227.250249,1
4.956000,0.292615,-0.010066,0.227769,-0.139044,0.003565,0.142609,0.900565,1.737519,-0.044552,-1.782071,0.096806,-1.430856,0.036689,1.467545,-1.403440,-0.173556,0.004450,0.178007,0.669083,1.445950,-0.037076,-1.483026,0.643555,-2.495385,0.063984,2.559369,-0.261359,0.679909,-0.017434,-0.697343,-0.743322,2.671692,-0.068505,-2.740197,-0.744777,-4.017232,0.103006,4.120238,0.334763,0.731343,-0.018752,-0.750096,-0.787556,-0.074102,0.001900,0.076002,0.022109,-0.028401,0.000728,0.029129,0.028440,2.904939,-4.021541,0.143052,0.423639,0.547451,0.058153,-1.999181,-4.915124,1.239765,-1.873645,6.410145,-1.555599,0.000086,0.000000,0.000000,271.447824,227.255792,1
4.966000,0.292792,-0.009590,0.226949,-0.139044,0.003565,0.142609,0.926023,1.737519,-0.044552,-1.782071,0.040734,-1.430856,0.036689,1.467545,-1.364384,-0.173556,0.004450,0.178007,0.674808,1.445950,-0.037076,-1.483026,0.675445,-2.495385,0.063984,2.559369,-0.336595,0.679909,-0.017434,-0.697343,-0.741386,2.671692,-0.068505,-2.740197,-0.731902,-4.017232,0.103006,4.120238,0.250485,0.731343,-0.018752,-0.750096,-0.790330,-0.074102,0.001900,0.076002,0.009792,-0.028401,0.000728,0.029129,0.016063,2.871792,-4.212823,0.032404,0.656568,0.875014,0.107366,-1.914868,-4.732456,1.211935,-1.936699,6.731597,-1.673510,0.000083,0.000000,0.000000,271.531213,227.260420,1
4.974000,0.299399,-0.014240,0.228526,-0.650459,0.016678,0.667137,0.985012,1.238547,-0.031758,-1.270305,0.483915,-2.422553,0.062117,2.484669,-0.546514,-0.656388,0.016830,0.673218,0.742358,0.958935,-0.024588,-0.983523,0.842826,-2.932033,0.075180,3.007213,0.513015,0.228934,-0.005870,-0.234805,-0.804442,2.151936,-0.055178,-2.207114,-0.950828,-4.290598,0.110015,4.400613,1.599196,1.228007,-0.031487,-1.259494,-0.879861,-0.031247,0.000801,0.032048,0.047960,0.007478,-0.000192,-0.007670,0.016612,2.580897,-3.856949,-0.064713,0.392072,0.430823,0.061014,-2.225127,-3.755504,0.176548,-2.640455,9.614570,-2.677983,0.000159,0.000000,0.000000,271.658701,227.343081,1
4.984000,0.299420,-0.013876,0.226814,-0.650459,0.016678,0.667137,1.128420,1.238547,-0.031758,-1.270305,0.402605,-2.422553,0.062117,2.484669,-0.546809,-0.656388,0.016830,0.673218,0.877003,0.958935,-0.024588,-0.983523,1.052184,-2.932033,0.075180,3.007213,0.171369,0.228934,-0.005870,-0.234805,-0.731567,2.151936,-0.055178,-2.207114,-0.506511,-4.290598,0.110015,4.400613,0.810144,1.228007,-0.031487,-1.259494,-0.966889,-0.031247,0.000801,0.032048,0.003831,0.007478,-0.000192,-0.007670,0.010185,2.847678,-4.675050,-0.284293,1.487353,1.479291,0.140960,-1.894524,-4.232631,0.725866,-3.043574,12.221996,-3.740775,0.000108,0.000000,0.000000,271.767064,227.393344,1
4.990000,0.303310,-0.010478,0.227477,-1.446530,0.037091,1.483620,-0.407120,1.020117,-0.026157,-1.046273,0.931667,-2.994618,0.076785,3.071403,-1.130346,-1.413611,0.036246,1.449858,-0.922639,0.715831,-0.018355,-0.734186,-0.570510,-3.406748,0.087353,3.494101,1.541853,-0.112871,0.002894,0.115766,1.345815,0.234436,-0.006011,-0.240448,-0.813807,-1.098800,0.028174,1.126975,2.212997,1.786343,-0.045804,-1.832146,-0.338708,-0.010101,0.000259,0.010360,1.131713,-0.106211,0.002723,0.108934,-1.811482,0.000000,0.000000,0.000000,5.200320,7.714329,1.188151,-4.507711,-6.592928,-0.176153,-6.400953,10.599477,-0.318533,0.000159,0.000000,0.000000,271.862281,227.409534,1
5.000000,0.310313,-0.005095,0.234466,-0.982483,0.025192,1.007675,-0.246389,2.102853,-0.053919,-2.156772,0.471273,-3.713222,0.095211,3.808433,-0.440631,-1.057501,0.027115,1.084617,-0.042607,0.868132,-0.022260,-0.890392,-0.457052,-2.458659,0.063043,2.521702,1.330784,0.247070,-0.006335,-0.253405,0.799481,0.837000,-0.021462,-0.858461,-0.561776,-0.928700,0.023813,0.952513,0.878370,1.426227,-0.036570,-1.462797,-0.298414,-0.002208,0.000057,0.002264,0.940377,-0.032270,0.000827,0.033097,-1.529756,0.000000,0.000000,0.000000,3.610096,6.994299,1.486303,-4.663203,-6.050130,-0.829377,0.000000,0.000000,0.000000,0.000088,0.000000,0.000000,271.949907,227.432315,1
5.006000,0.325989,0.002735,0.247977,-3.205593,0.082195,3.287788,0.334335,-0.864772,0.022174,0.886945,1.959679,-1.395944,0.035793,1.431737,-0.075039,-3.550341,0.091034,3.641376,0.798423,-0.619946,0.015896,0.635843,-0.361302,5.410476,-0.138730,-5.549206,-1.934367,6.021718,-0.154403,-6.176121,-2.134387,-0.372965,0.009563,0.382528,-0.068747,18.191785,-0.466456,-18.658241,-7.974425,-3.153531,0.080860,3.234391,3.547989,-0.180473,0.004628,0.185101,0.619746,-3.644438,0.093447,3.737885,-2.250219,0.000000,0.000000,0.000000,0.939154,4.966360,3.586485,-4.991433,-5.005460,-0.481061,0.000000,0.000000,0.000000,0.001988,0.000000,0.000000,273.142796,228.519909,1
5.016000,0.328068,0.001694,0.245648,-3.205593,0.082195,3.287788,0.653215,-0.864772,0.022174,0.886945,2.180724,-1.395944,0.035793,1.431737,-0.533210,-3.550341,0.091034,3.641376,1.514237,-0.619946,0.015896,0.635843,-0.148692,5.410476,-0.138730,-5.549206,-2.302637,6.021718,-0.154403,-6.176121,-3.055289,-0.372965,0.009563,0.382528,-0.053537,18.191785,-0.466456,-18.658241,-8.532775,-3.153531,0.080860,3.234391,3.674121,-0.180473,0.004628,0.185101,0.037243,-3.644438,0.093447,3.737885,-1.694615,0.000000,0.000000,0.000000,1.949693,3.763900,1.975085,-4.774862,-5.349662,-0.157705,0.000000,0.000000,0.000000,0.002196,0.000000,0.000000,275.338327,230.571186,1
5.022000,0.310506,-0.013839,0.238747,0.780259,-0.020007,-0.800266,-0.494868,-0.410970,0.010538,0.421507,0.533335,-1.209438,0.031011,1.240449,-0.091861,0.297606,-0.007631,-0.305237,-0.749465,0.051426,-0.001319,-0.052745,-0.122623,-0.770887,0.019766,0.790654,0.577484,-0.433304,0.011110,0.444414,0.649927,0.279688,-0.007171,-0.286859,-0.456604,-1.250914,0.032075,1.282988,0.616151,0.974467,-0.024986,-0.999453,-0.290059,-1.153479,0.029576,1.183056,0.875994,-0.110385,0.002830,0.113215,-1.154404,0.000000,0.000000,0.000000,2.291420,5.163379,1.881261,-2.127730,-4.143615,-0.071231,0.000000,0.000000,0.000000,0.000041,0.000000,0.000000,275.362890,230.592814,1
5.032000,0.309925,-0.014419,0.236737,0.780259,-0.020007,-0.800266,-0.546215,-0.410970,0.010538,0.421507,0.684640,-1.209438,0.031011,1.240449,-0.594507,0.297606,-0.007631,-0.305237,-0.703201,0.051426,-0.001319,-0.052745,-0.092289,-0.770887,0.019766,0.790654,0.436486,-0.433304,0.011110,0.444414,0.620422,0.279688,-0.007171,-0.286859,-0.322568,-1.250914,0.032075,1.282988,0.594307,0.974467,-0.024986,-0.999453,-0.298133,-1.153479,0.029576,1.183056,0.856513,-0.110385,0.002830,0.113215,-1.412921,0.000000,0.000000,0.000000,2.492125,5.500773,2.013163,-2.625169,-5.208039,-0.062064,0.000000,0.000000,0.000000,0.000046,0.000000,0.000000,275.409188,230.621163,1
5.036000,0.333204,-0.012327,0.241085,0.060086,-0.001541,-0.061627,-0.284480,-0.010589,0.000272,0.010861,1.176378,-0.713452,0.018294,0.731745,-1.131986,-0.840140,0.021542,0.861682,0.001088,-0.009578,0.000246,0.009824,-0.037079,2.056870,-0.052740,-2.109610,-0.361544,0.576801,-0.014790,-0.591591,0.007329,0.000225,-0.000006,-0.000231,-0.020328,1.297269,-0.033263,-1.330533,-0.206404,0.241262,-0.006186,-0.247449,0.429502,-0.171728,0.004403,0.176131,0.409080,-0.764512,0.019603,0.784115,-0.695965,0.000000,0.000000,0.000000,2.920495,5.770226,1.198280,-3.394297,-5.091719,0.411701,0.000000,0.000000,0.000000,0.000026,0.000000,0.000000,275.419690,230.619785,1
5.046000,0.364297,0.014135,0.243785,-0.105719,0.002711,0.108429,-0.424661,-0.173676,0.004453,0.178129,1.355286,-0.804423,0.020626,0.825050,-0.968474,-0.975328,0.025008,1.000336,0.297659,-0.008212,0.000211,0.008423,-0.066176,2.982427,-0.076472,-3.058899,-1.348694,0.574537,-0.014732,-0.589269,0.068090,-0.010142,0.000260,0.010402,-0.042703,0.546388,-0.014010,-0.560398,-0.039525,0.047028,-0.001206,-0.048234,0.246426,-0.186145,0.004773,0.190918,0.792808,-1.151507,0.029526,1.181033,-0.693665,0.000000,0.000000,0.000000,3.167588,7.137005,1.058050,-3.922525,-4.733366,0.839823,0.000000,0.000000,0.000000,0.000066,0.000000,0.000000,275.485246,230.650994,1
5.050000,0.340243,-0.010689,0.243006,0.069620,-0.001785,-0.071405,-0.103119,-0.094023,0.002411,0.096434,1.134349,-0.686690,0.017607,0.704297,-1.545196,-0.745029,0.019103,0.764133,0.029762,-0.007769,0.000199,0.007968,-0.046637,1.918133,-0.049183,-1.967316,-0.686940,0.340178,-0.008723,-0.348900,0.045991,-0.002505,0.000064,0.002570,-0.016004,0.804720,-0.020634,-0.825354,-0.199408,0.252619,-0.006477,-0.259096,0.247916,-0.235547,0.006040,0.241587,0.512547,-0.824270,0.021135,0.845405,-0.944383,0.000000,0.000000,0.000000,3.270233,6.373702,1.265324,-3.705120,-5.711616,0.585865,0.000000,0.000000,0.000000,0.000037,0.000000,0.000000,275.500232,230.650242,1
5.060000,0.341300,-0.010564,0.240678,0.069620,-0.001785,-0.071405,-0.109733,-0.094023,0.002411,0.096434,1.244648,-0.686690,0.017607,0.704297,-1.821821,-0.745029,0.019103,0.764133,0.048906,-0.007769,0.000199,0.007968,-0.043437,1.918133,-0.049183,-1.967316,-0.769111,0.340178,-0.008723,-0.348900,0.064941,-0.002505,0.000064,0.002570,-0.021650,0.804720,-0.020634,-0.825354,-0.215391,0.252619,-0.006477,-0.259096,0.285537,-0.235547,0.006040,0.241587,0.556563,-0.824270,0.021135,0.845405,-1.216606,0.000000,0.000000,0.000000,3.486320,6.837507,1.363051,-3.942352,-6.149934,0.691651,0.000000,0.000000,0.000000,0.000044,0.000000,0.000000,275.544225,230.646061,1
5.064000,0.354302,0.000739,0.237814,-0.100118,0.002567,0.102685,-0.370714,-0.044415,0.001139,0.045554,1.414937,-0.646488,0.016577,0.663065,-1.668071,-0.868629,0.022273,0.890901,0.130624,-0.009397,0.000241,0.009638,-0.052564,2.835493,-0.072705,-2.908198,-1.145536,0.313119,-0.008029,-0.321148,0.151270,-0.017785,0.000456,0.018241,-0.024247,0.421056,-0.010796,-0.431852,-0.010304,0.074461,-0.001909,-0.076371,0.504253,-0.012830,0.000329,0.013159,0.379917,-1.114560,0.028578,1.143138,-1.077413,0.000000,0.000000,0.000000,3.060943,6.812731,1.282304,-3.802954,-5.750904,0.740350,0.000000,0.000000,0.000000,0.000060,0.000000,0.000000,275.568167,230.650292,1
5.074000,0.347714,-0.004133,0.234021,-0.326144,0.008363,0.334506,-0.040472,0.293975,-0.007538,-0.301513,1.357794,-0.601430,0.015421,0.616851,-2.205205,-1.328656,0.034068,1.362724,0.292884,-0.010645,0.000273,0.010918,-0.077129,4.305277,-0.110392,-4.415668,-1.632711,0.791437,-0.020293,-0.811730,0.130888,-0.022320,0.000572,0.022893,-0.042608,1.144222,-0.029339,-1.173561,-0.174056,-0.149969,0.003845,0.153815,0.656834,0.458999,-0.011769,-0.470768,0.276888,-1.314183,0.033697,1.347880,-1.265549,0.000000,0.000000,0.000000,3.482222,7.504212,1.581323,-4.246121,-6.492243,0.795516,0.000000,0.000000,0.000000,0.000116,0.000000,0.000000,275.684580,230.692157,1
5.078000,0.349856,-0.013719,0.236497,-0.191126,0.004901,0.196027,-0.040306,0.022168,-0.000568,-0.022736,1.341335,-0.599510,0.015372,0.614882,-1.969193,-0.789832,0.020252,0.810084,0.066439,-0.012311,0.000316,0.012627,-0.048223,2.428179,-0.062261,-2.490440,-0.845627,0.534905,-0.013716,-0.548621,0.117753,-0.019961,0.000512,0.020473,-0.007446,0.559055,-0.014335,-0.573390,0.039494,-0.012228,0.000314,0.012542,0.551624,0.082486,-0.002115,-0.084601,0.402081,-1.102014,0.028257,1.130271,-1.130455,0.000000,0.000000,0.000000,3.264558,6.737269,1.862931,-3.902669,-6.321732,0.234021,0.000000,0.000000,0.000000,0.000048,0.000000,0.000000,275.703843,230.690228,1
5.088000,0.350486,-0.014139,0.233714,-0.191126,0.004901,0.196027,-0.032248,0.022168,-0.000568,-0.022736,1.413212,-0.599510,0.015372,0.614882,-2.189364,-0.789832,0.020252,0.810084,0.073745,-0.012311,0.000316,0.012627,-0.041932,2.428179,-0.062261,-2.490440,-0.978610,0.534905,-0.013716,-0.548621,0.079928,-0.019961,0.000512,0.020473,-0.013668,0.559055,-0.014335,-0.573390,-0.028537,-0.012228,0.000314,0.012542,0.624247,0.082486,-0.002115,-0.084601,0.390967,-1.102014,0.028257,1.130271,-1.334034,0.000000,0.000000,0.000000,3.416157,6.974493,1.927102,-4.035589,-6.639489,0.298711,0.000000,0.000000,0.000000,0.000055,0.000000,0.000000,275.758756,230.685737,1
5.092000,0.360513,-0.004409,0.232960,-0.263407,0.006754,0.270161,-0.103309,0.294345,-0.007547,-0.301892,1.427248,-0.801100,0.020541,0.821641,-2.188540,-1.544087,0.039592,1.583679,0.248490,-0.010328,0.000265,0.010593,-0.062398,4.746501,-0.121705,-4.868206,-1.258241,1.184720,-0.030377,-1.215097,0.136550,-0.016450,0.000422,0.016871,-0.018357,1.860569,-0.047707,-1.908276,-0.039529,-0.024622,0.000631,0.025253,0.602437,0.280762,-0.007199,-0.287961,0.333559,-1.267809,0.032508,1.300317,-1.282642,0.000000,0.000000,0.000000,3.561812,7.368244,1.607355,-4.332219,-6.676237,0.793991,0.000000,0.000000,0.000000,0.000108,0.000000,0.000000,275.801945,230.695424,1
5.102000,0.361462,-0.004101,0.229908,-0.263407,0.006754,0.270161,-0.092123,0.294345,-0.007547,-0.301892,1.481560,-0.801100,0.020541,0.821641,-2.366530,-1.544087,0.039592,1.583679,0.397575,-0.010328,0.000265,0.010593,-0.090460,4.746501,-0.121705,-4.868206,-1.798268,1.184720,-0.030377,-1.215097,-0.003492,-0.016450,0.000422,0.016871,-0.047453,1.860569,-0.047707,-1.908276,-0.408562,-0.024622,0.000631,0.025253,0.680590,0.280762,-0.007199,-0.287961,0.313476,-1.267809,0.032508,1.300317,-1.474960,0.000000,0.000000,0.000000,3.708969,7.574230,1.612715,-4.429729,-6.841884,0.858214,0.000000,0.000000,0.000000,0.000146,0.000000,0.000000,275.948061,230.753010,1
5.106000,0.367702,-0.003482,0.230861,-0.397060,0.010181,0.407241,-0.072042,0.374757,-0.009609,-0.384366,1.438108,-0.808005,0.020718,0.828723,-2.328850,-1.709441,0.043832,1.753273,0.272986,-0.009777,0.000251,0.010028,-0.070719,5.220781,-0.133866,-5.354647,-1.418792,0.732743,-0.018788,-0.751531,0.129604,-0.019874,0.000510,0.020384,-0.012077,1.887158,-0.048389,-1.935547,0.000862,-0.160535,0.004116,0.164652,0.640100,0.393623,-0.010093,-0.403716,0.269348,-1.342617,0.034426,1.377043,-1.290067,0.000000,0.000000,0.000000,3.560602,7.412293,1.622694,-4.242873,-6.828028,0.989134,0.000000,0.000000,0.000000,0.000127,0.000000,0.000000,275.998775,230.767745,1
5.116000,0.366582,-0.002300,0.227382,-0.185515,0.004757,0.190271,-0.262404,-0.113656,0.002914,0.116570,1.438474,-0.479866,0.012304,0.492170,-2.252784,-0.633385,0.016241,0.649626,0.012918,-0.013624,0.000349,0.013973,-0.035356,2.617199,-0.067108,-2.684307,-1.113683,0.661988,-0.016974,-0.678962,0.076865,-0.033034,0.000847,0.033881,-0.008235,-0.525915,0.013485,0.539400,0.351880,0.021266,-0.000545,-0.021811,0.533639,0.043377,-0.001112,-0.044489,0.326236,-1.213124,0.031106,1.244230,-1.437849,0.000000,0.000000,0.000000,3.421006,7.135431,1.638423,-4.227424,-6.357913,0.589696,0.000000,0.000000,0.000000,0.000064,0.000000,0.000000,276.062597,230.771030,1
5.120000,0.375009,-0.003758,0.230314,-0.235269,0.006033,0.241301,-0.109004,0.462932,-0.011870,-0.474802,1.351719,-1.301510,0.033372,1.334882,-2.007012,-0.362305,0.009290,0.371595,-0.022520,-0.005743,0.000147,0.005890,-0.048273,2.801196,-0.071826,-2.873021,-0.916148,-0.217551,0.005578,0.223129,0.655753,-0.032047,0.000822,0.032869,-0.019700,-0.300608,0.007708,0.308316,0.512947,-0.328197,0.008415,0.336612,0.711224,0.788247,-0.020211,-0.808459,0.085414,-2.035989,0.052205,2.088194,-0.949791,0.000000,0.000000,0.000000,3.270768,7.330814,1.775952,-4.138546,-6.648455,0.852788,0.000000,0.000000,0.000000,0.000086,0.000000,0.000000,276.096936,230.762098,1
5.130000,0.376027,-0.003544,0.227515,-0.235269,0.006033,0.241301,-0.085132,0.462932,-0.011870,-0.474802,1.392342,-1.301510,0.033372,1.334882,-2.118472,-0.362305,0.009290,0.371595,-0.012166,-0.005743,0.000147,0.005890,-0.049509,2.801196,-0.071826,-2.873021,-1.115360,-0.217551,0.005578,0.223129,0.733037,-0.032047,0.000822,0.032869,-0.033716,-0.300608,0.007708,0.308316,0.322664,-0.328197,0.008415,0.336612,0.834104,0.788247,-0.020211,-0.808459,0.047784,-2.035989,0.052205,2.088194,-1.107410,0.000000,0.000000,0.000000,3.390442,7.502424,1.782595,-4.200242,-6.779125,0.918523,0.000000,0.000000,0.000000,0.000096,0.000000,0.000000,276.193085,230.740915,1
5.134000,0.372480,-0.021402,0.234717,-0.038054,0.000976,0.039030,-0.025691,0.550665,-0.014120,-0.564785,1.261923,-1.851492,0.047474,1.898966,-1.864059,0.256663,-0.006581,-0.263244,-0.418493,-0.001955,0.000050,0.002006,-0.038935,1.927695,-0.049428,-1.977123,-0.732817,-0.804122,0.020619,0.824740,1.103441,-0.038746,0.000993,0.039739,-0.008216,-1.584526,0.040629,1.625155,0.847716,-0.416740,0.010686,0.427426,0.868390,1.053977,-0.027025,-1.081002,-0.150515,-2.614163,0.067030,2.681193,-0.556955,0.000000,0.000000,0.000000,3.263614,6.218534,1.862783,-3.802743,-6.921150,0.442150,-0.290134,0.161529,0.075704,0.000101,0.000000,0.000000,276.233596,230.735449,1
5.144000,0.372839,-0.022484,0.233085,-0.018464,0.000473,0.018937,-0.013260,0.532619,-0.013657,-0.546276,1.293954,-1.846984,0.047359,1.894343,-1.928840,0.218745,-0.005609,-0.224354,-0.444049,-0.001429,0.000037,0.001465,-0.033839,2.148600,-0.055092,-2.203692,-0.896712,-0.828617,0.021247,0.849864,1.102825,-0.041233,0.001057,0.042290,-0.014653,-1.776145,0.045542,1.821687,0.859644,-0.397686,0.010197,0.407883,0.950740,1.051977,-0.026974,-1.078951,-0.156251,-2.640897,0.067715,2.708613,-0.674260,0.000000,0.000000,0.000000,3.468455,6.463322,1.926735,-3.730846,-7.073931,0.537313,-0.912942,0.917530,0.011801,0.000113,0.000000,0.000000,276.346829,230.724923,1
5.148000,0.400142,0.009032,0.227323,-0.116319,0.002983,0.119301,-0.515389,0.896962,-0.022999,-0.919961,0.953002,-2.603040,0.066745,2.669784,-0.643060,-0.516319,0.013239,0.529558,-0.726627,0.009754,-0.000250,-0.010004,0.952856,1.367308,-0.035059,-1.402368,-2.081412,-0.636985,0.016333,0.653318,1.393848,-0.011256,0.000289,0.011545,-0.055235,0.223989,-0.005743,-0.229732,0.351431,-0.570819,0.014636,0.585455,0.431355,1.261756,-0.032353,-1.294108,-0.132391,-3.075005,0.078846,3.153851,0.025128,0.631266,-3.421412,-1.034207,2.725836,7.442453,1.495827,-3.569502,-4.318631,0.617149,0.000000,0.000000,0.000000,0.000075,0.000000,0.000000,276.376683,230.729730,1
5.158000,0.401639,0.009771,0.225904,-0.116319,0.002983,0.119301,-0.469104,0.896962,-0.022999,-0.919961,0.927513,-2.603040,0.066745,2.669784,-0.592758,-0.516319,0.013239,0.529558,-0.706197,0.009754,-0.000250,-0.010004,0.949839,1.367308,-0.035059,-1.402368,-2.158988,-0.636985,0.016333,0.653318,1.369954,-0.011256,0.000289,0.011545,-0.051350,0.223989,-0.005743,-0.229732,0.183199,-0.570819,0.014636,0.585455,0.518544,1.261756,-0.032353,-1.294108,-0.059763,-3.075005,0.078846,3.153851,-0.180037,0.610332,-3.528565,-1.097499,2.837381,7.801887,1.544929,-3.640927,-4.449955,0.699162,0.000000,0.000000,0.000000,0.000078,0.000000,0.000000,276.454576,230.737909,1
5.164000,0.391961,-0.008086,0.226490,-0.347729,0.008916,0.356645,-0.052837,1.366009,-0.035026,-1.401035,0.906146,-2.232387,0.057241,2.289628,-1.142151,-0.273373,0.007010,0.280382,-0.310865,0.092442,-0.002370,-0.094812,-0.181565,1.056238,-0.027083,-1.083321,-0.562974,-0.182722,0.004685,0.187407,1.238392,-0.012825,0.000329,0.013154,-0.045465,0.646855,-0.016586,-0.663441,-0.022250,-0.970299,0.024879,0.995179,1.462125,2.233936,-0.057280,-2.291217,-0.827498,-3.357984,0.086102,3.444086,-0.215844,0.837200,-3.342059,-1.062581,3.040846,6.750440,1.578811,-3.978730,-5.614685,0.511141,0.000111,0.001390,-0.000832,0.000090,0.000000,0.000000,276.508334,230.734851,1
5.174000,0.383848,-0.019595,0.225373,-0.391063,0.010027,0.401090,0.215553,1.191753,-0.030558,-1.222311,0.742625,-2.489021,0.063821,2.552842,-1.407743,-0.240127,0.006157,0.246284,-0.213823,0.122237,-0.003134,-0.125371,-0.138996,0.213384,-0.005471,-0.218856,0.005020,-0.711176,0.018235,0.729411,1.453136,-0.013461,0.000345,0.013806,0.274582,-0.162436,0.004165,0.166601,-0.694603,-1.047162,0.026850,1.074012,1.489435,2.005907,-0.051434,-2.057340,-0.949320,-3.488290,0.089443,3.577734,-0.211436,0.000000,0.000000,0.000000,3.002975,4.752719,0.978344,-3.357209,-7.029613,0.987776,-0.614460,4.277681,-1.758395,0.000101,0.000000,0.000000,276.609812,230.727781,1
5.178000,0.401856,-0.006806,0.226652,-0.271530,0.006962,0.278492,-0.023857,1.316933,-0.033768,-1.350700,1.001534,-2.297146,0.058901,2.356047,-1.023682,-0.164024,0.004206,0.168229,-0.360310,0.431804,-0.011072,-0.442876,-0.404442,0.209239,-0.005365,-0.214604,-0.211616,-0.357210,0.009159,0.366369,1.055050,-0.015141,0.000388,0.015529,-0.037764,0.184394,-0.004728,-0.189123,0.072204,-0.968816,0.024841,0.993657,1.498940,2.337564,-0.059938,-2.397501,-0.554547,-3.613305,0.092649,3.705954,-0.478563,3.098174,-6.835050,-0.798481,3.161999,7.561374,1.792027,-4.225819,-5.492117,0.447501,0.000000,0.000000,0.000000,0.000090,0.000000,0.000000,276.646010,230.719022,1
5.188000,0.402742,-0.006471,0.224618,-0.271530,0.006962,0.278492,-0.153395,1.316933,-0.033768,-1.350700,1.082985,-2.297146,0.058901,2.356047,-1.120199,-0.164024,0.004206,0.168229,-0.376395,0.431804,-0.011072,-0.442876,0.079523,0.209239,-0.005365,-0.214604,-1.686152,-0.357210,0.009159,0.366369,0.917688,-0.015141,0.000388,0.015529,-0.009843,0.184394,-0.004728,-0.189123,0.038886,-0.968816,0.024841,0.993657,1.410620,2.337564,-0.059938,-2.397501,-0.585759,-3.613305,0.092649,3.705954,-0.512951,2.565450,-7.274705,-1.617010,2.957662,7.681452,2.002819,-4.342311,-5.278672,0.262622,-0.000125,0.002167,-0.001154,0.000097,0.000000,0.000000,276.742569,230.692546,1
5.196000,0.403777,-0.023501,0.227001,0.178377,-0.004574,-0.182950,-0.528434,1.259291,-0.032290,-1.291581,0.716734,-2.689386,0.068959,2.758344,-0.007796,0.243803,-0.006251,-0.250055,-0.762845,1.313989,-0.033692,-1.347681,0.363519,-2.084272,0.053443,2.137715,-1.481088,-0.899332,0.023060,0.922392,0.830731,-0.027646,0.000709,0.028355,0.139505,0.014644,-0.000375,-0.015019,0.043431,-0.674973,0.017307,0.692280,0.949834,2.354524,-0.060372,-2.414896,-0.828098,-3.945813,0.101175,4.046988,0.689078,2.150168,-6.141525,-1.446608,2.208780,5.240205,1.557231,-3.180297,-3.333177,-0.318590,-0.570641,1.206321,-0.317915,0.000111,0.000000,0.000000,276.831430,230.707744,1
5.206000,0.404039,-0.024576,0.226438,0.178377,-0.004574,-0.182950,-0.553960,1.259291,-0.032290,-1.291581,0.754807,-2.689386,0.068959,2.758344,-0.040537,0.243803,-0.006251,-0.250055,-0.814663,1.313989,-0.033692,-1.347681,0.331489,-2.084272,0.053443,2.137715,-1.429229,-0.899332,0.023060,0.922392,0.817485,-0.027646,0.000709,0.028355,0.140575,0.014644,-0.000375,-0.015019,0.019234,-0.674973,0.017307,0.692280,0.906377,2.354524,-0.060372,-2.414896,-0.732342,-3.945813,0.101175,4.046988,0.526874,1.973898,-5.617752,-1.269131,2.392735,5.399143,1.542683,-3.000889,-3.591620,-0.077749,-2.112116,5.885150,-1.933450,0.000102,0.000000,0.000000,276.933233,230.717767,1
5.212000,0.407250,-0.015633,0.235967,1.471665,-0.037735,-1.509400,-1.518056,1.148668,-0.029453,-1.178122,-1.003302,-1.620335,0.041547,1.661882,0.913373,1.444924,-0.037049,-1.481973,-1.499878,2.505489,-0.064243,-2.569732,0.383244,-3.646056,0.093489,3.739545,-1.339002,-1.184784,0.030379,1.215163,-0.861122,1.048201,-0.026877,-1.075078,0.855961,-0.852242,0.021852,0.874095,-1.213427,0.810434,-0.020780,-0.831215,-0.704691,2.528088,-0.064823,-2.592910,-1.463006,-3.394218,0.087031,3.481249,1.963789,3.859391,-7.791676,-1.102203,0.000000,0.000000,0.000000,-0.339480,-0.054745,-0.219231,-5.046054,10.274292,-1.997836,0.000274,0.000000,0.000000,277.097928,230.774229,1
5.222000,0.407155,-0.016328,0.234390,1.471665,-0.037735,-1.509400,-1.174691,1.148668,-0.029453,-1.178122,-0.774883,-1.620335,0.041547,1.661882,0.749362,1.444924,-0.037049,-1.481973,-1.169087,2.505489,-0.064243,-2.569732,0.322394,-3.646056,0.093489,3.739545,-1.443669,-1.184784,0.030379,1.215163,-0.634863,1.048201,-0.026877,-1.075078,0.785183,-0.852242,0.021852,0.874095,-1.476547,0.810434,-0.020780,-0.831215,-0.829576,2.528088,-0.064823,-2.592910,-1.431411,-3.394218,0.087031,3.481249,1.810003,4.360716,-7.751251,-0.711824,0.000000,0.000000,0.000000,-2.839876,-4.104604,0.247809,-4.665336,9.448619,-1.802736,0.000255,0.000000,0.000000,277.352922,230.846555,1
5.226000,0.421200,-0.033685,0.243256,5.278905,-0.135357,-5.414262,-4.165227,-2.703016,0.069308,2.772324,0.713059,10.699923,-0.274357,-10.974280,-5.615577,-1.241284,0.031828,1.273112,1.295855,0.457976,-0.011743,-0.469719,0.547182,-3.841601,0.098503,3.940104,-0.796311,-3.345392,0.085779,3.431171,1.390407,0.229739,-0.005891,-0.235630,0.318978,-3.768805,0.096636,3.865441,-0.285598,-1.183501,0.030346,1.213847,-0.929141,0.691502,-0.017731,-0.709233,-0.668683,-0.953064,0.024438,0.977502,1.141741,3.260619,-7.732500,-0.214574,0.000000,0.000000,0.000000,0.000000,0.000000,0.000000,-3.339577,7.548990,-1.719179,0.000999,0.000000,0.000000,277.752393,231.200414,1
5.236000,0.421425,-0.034973,0.243422,5.278905,-0.135357,-5.414262,-4.273922,-2.703016,0.069308,2.772324,0.804625,10.699923,-0.274357,-10.974280,-5.399188,-1.241284,0.031828,1.273112,1.574641,0.457976,-0.011743,-0.469719,0.590924,-3.841601,0.098503,3.940104,-0.884396,-3.345392,0.085779,3.431171,1.587330,0.229739,-0.005891,-0.235630,0.286504,-3.768805,0.096636,3.865441,-0.321128,-1.183501,0.030346,1.213847,-0.344763,0.691502,-0.017731,-0.709233,-0.527164,-0.953064,0.024438,0.977502,0.774744,3.391668,-7.876172,-0.190115,0.000000,0.000000,0.000000,0.000000,0.000000,0.000000,-3.435676,7.688758,-1.672208,0.000987,0.000000,0.000000,278.739340,232.077572,1
5.240000,0.414823,-0.023302,0.237155,0.360617,-0.009247,-0.369863,-0.375579,0.378570,-0.009707,-0.388277,-0.561653,-0.646203,0.016569,0.662772,-0.003891,0.921791,-0.023636,-0.945427,0.142920,0.181884,-0.004664,-0.186548,0.506274,-1.773872,0.045484,1.819356,-0.883421,-0.300929,0.007716,0.308645,-0.138626,0.196597,-0.005041,-0.201638,0.144704,-2.078248,0.053288,2.131536,-0.649703,-0.313474,0.008038,0.321512,-0.101203,0.624843,-0.016022,-0.640865,-0.430909,-0.247653,0.006350,0.254003,0.010917,3.453106,-5.508185,-0.186410,0.000000,0.000000,0.000000,0.000000,0.000000,0.000000,-2.655291,6.253527,-1.303725,0.000040,0.000000,0.000000,278.755199,232.066801,1
5.250000,0.415147,-0.023651,0.235849,0.360617,-0.009247,-0.369863,-0.208390,0.378570,-0.009707,-0.388277,-0.422405,-0.646203,0.016569,0.662772,0.120914,0.921791,-0.023636,-0.945427,0.130732,0.181884,-0.004664,-0.186548,0.595236,-1.773872,0.045484,1.819356,-1.067476,-0.300929,0.007716,0.308645,-0.203340,0.196597,-0.005041,-0.201638,0.167564,-2.078248,0.053288,2.131536,-0.803672,-0.313474,0.008038,0.321512,-0.091145,0.624843,-0.016022,-0.640865,-0.394254,-0.247653,0.006350,0.254003,0.055802,3.638091,-5.944878,-0.290549,0.000000,0.000000,0.000000,0.000000,0.000000,0.000000,-2.842760,6.733660,-1.410102,0.000046,0.000000,0.000000,278.801236,232.032525,1
5.254000,0.440615,-0.022834,0.251644,0.116533,-0.002988,-0.119521,0.000835,0.276043,-0.007078,-0.283121,-0.482461,0.483792,-0.012405,-0.496197,0.143404,1.068733,-0.027403,-1.096136,0.369808,-0.373731,0.009583,0.383314,0.888492,-0.681248,0.017468,0.698716,-0.216605,0.945091,-0.024233,-0.969324,-0.287506,-0.033915,0.000870,0.034784,0.167525,-1.890400,0.048472,1.938872,0.320188,-1.819235,0.046647,1.865882,0.742869,0.236736,-0.006070,-0.242807,-0.319650,4.186206,-0.107339,-4.293545,-2.091861,2.539892,-3.264049,0.660654,0.000000,0.000000,0.000000,0.000000,0.000000,0.000000,-0.930456,5.192463,-1.585771,0.000125,0.000000,0.000000,278.851059,232.077324,1
5.264000,0.445278,-0.023416,0.250402,0.554956,-0.014230,-0.569185,-0.261637,0.158331,-0.004060,-0.162391,-0.259553,1.830743,-0.046942,-1.877685,-0.714819,1.024886,-0.026279,-1.051165,0.398572,-0.518805,0.013303,0.532108,1.136909,-0.824661,0.021145,0.845806,-0.380432,0.910306,-0.023341,-0.933647,-0.456486,-0.134115,0.003439,0.137554,0.300260,-2.169115,0.055618,2.224733,-0.018121,-1.950670,0.050017,2.000687,0.665220,0.189299,-0.004854,-0.194153,-0.224482,4.354873,-0.111663,-4.466536,-1.990398,2.775637,-4.183117,0.425800,0.000000,0.000000,0.000000,0.000000,0.000000,0.000000,-1.057364,6.332818,-1.902487,0.000137,0.000000,0.000000,278.987574,232.198217,1
5.270000,0.433981,-0.024300,0.239708,0.182344,-0.004675,-0.187019,-0.000895,-0.032203,0.000826,0.033029,-0.149559,1.822362,-0.046727,-1.869089,-0.601904,0.141022,-0.003616,-0.144638,0.208031,0.111496,-0.002859,-0.114355,0.993253,-0.706127,0.018106,0.724233,-1.225010,0.025571,-0.000656,-0.026226,-0.370428,0.124725,-0.003198,-0.127923,0.305918,-1.075653,0.027581,1.103234,-0.765793,-0.642007,0.016462,0.658469,-0.020215,-0.049099,0.001259,0.050358,-0.022718,1.004720,-0.025762,-1.030482,-0.208287,2.914930,-5.297446,-0.385332,0.000000,0.000000,0.000000,0.000000,0.000000,0.000000,-2.371397,6.429839,-1.392066,0.000033,0.000000,0.000000,279.007276,232.194709,1
5.280000,0.434856,-0.024482,0.237587,0.182344,-0.004675,-0.187019,0.012349,-0.032203,0.000826,0.033029,-0.090678,1.822362,-0.046727,-1.869089,-0.716192,0.141022,-0.003616,-0.144638,0.218570,0.111496,-0.002859,-0.114355,1.115984,-0.706127,0.018106,0.724233,-1.536759,0.025571,-0.000656,-0.026226,-0.410592,0.124725,-0.003198,-0.127923,0.337467,-1.075653,0.027581,1.103234,-1.024957,-0.642007,0.016462,0.658469,-0.003837,-0.049099,0.001259,0.050358,-0.022288,1.004720,-0.025762,-1.030482,-0.277352,3.147999,-5.879881,-0.517856,0.000000,0.000000,0.000000,0.000000,0.000000,0.000000,-2.535385,6.909255,-1.501776,0.000041,0.000000,0.000000,279.048179,232.186510,1
5.286000,0.443786,-0.027827,0.239527,0.648737,-0.016634,-0.665371,-0.039827,-0.043486,0.001115,0.044601,-0.074252,2.765337,-0.070906,-2.836243,-1.196592,0.172846,-0.004432,-0.177278,0.263553,0.048378,-0.001240,-0.049618,1.010068,-0.899541,0.023065,0.922606,-1.156306,0.039360,-0.001009,-0.040369,-0.346597,0.009867,-0.000253,-0.010120,0.361169,-1.212477,0.031089,1.243566,-0.857780,-0.398751,0.010224,0.408975,-0.007477,-0.034611,0.000887,0.035498,-0.020126,1.111211,-0.028493,-1.139704,-0.375318,3.127292,-5.347363,-0.480356,0.000000,0.000000,0.000000,0.000000,0.000000,0.000000,-2.488002,6.622878,-1.365542,0.000061,0.000000,0.000000,279.084798,232.196236,1
5.296000,0.444802,-0.028286,0.237365,0.648737,-0.016634,-0.665371,-0.046913,-0.043486,0.001115,0.044601,-0.054495,2.765337,-0.070906,-2.836243,-1.246453,0.172846,-0.004432,-0.177278,0.274405,0.048378,-0.001240,-0.049618,1.124755,-0.899541,0.023065,0.922606,-1.459057,0.039360,-0.001009,-0.040369,-0.393432,0.009867,-0.000253,-0.010120,0.377020,-1.212477,0.031089,1.243566,-1.111380,-0.398751,0.010224,0.408975,-0.023127,-0.034611,0.000887,0.035498,-0.022416,1.111211,-0.028493,-1.139704,-0.382429,3.337645,-5.899912,-0.647162,0.000000,0.000000,0.000000,0.000000,0.000000,0.000000,-2.649385,7.050949,-1.440027,0.000069,0.000000,0.000000,279.153472,232.207926,1
5.298000,0.444480,-0.028062,0.237235,0.406364,-0.010420,-0.416783,-0.000752,-0.044580,0.001143,0.045723,-0.058777,2.414652,-0.061914,-2.476566,-1.002396,0.173558,-0.004450,-0.178008,0.252421,0.026411,-0.000677,-0.027088,1.194698,-0.795923,0.020408,0.816331,-1.546640,0.038680,-0.000992,-0.039671,-0.451455,0.023026,-0.000590,-0.023617,0.372500,-1.167645,0.029940,1.197585,-1.060487,-0.405612,0.010400,0.416012,-0.021174,-0.032635,0.000837,0.033472,-0.016924,0.798769,-0.020481,-0.819250,-0.176631,3.213359,-6.010894,-0.464464,0.000000,0.000000,0.000000,0.000000,0.000000,0.000000,-2.599073,6.950454,-1.581197,0.000053,0.000000,0.000000,279.164024,232.207955,1
5.308000,0.445359,-0.028259,0.234777,0.405886,-0.010407,-0.416293,0.003520,-0.044539,0.001142,0.045681,-0.047623,2.389156,-0.061260,-2.450416,-1.042015,0.178879,-0.004587,-0.183465,0.258864,0.030099,-0.000772,-0.030870,1.295465,-0.794016,0.020359,0.814376,-1.814301,0.043612,-0.001118,-0.044730,-0.509082,0.025934,-0.000665,-0.026599,0.375238,-1.164154,0.029850,1.194004,-1.279385,-0.400873,0.010279,0.411152,-0.045793,-0.032383,0.000830,0.033213,-0.018335,0.809871,-0.020766,-0.830637,-0.206666,3.357887,-6.433109,-0.589351,0.000000,0.000000,0.000000,0.000000,0.000000,0.000000,-2.727281,7.264582,-1.636851,0.000059,0.000000,0.000000,279.222759,232.204177,1
5.312000,0.451632,-0.026675,0.236828,0.261576,-0.006707,-0.268283,0.055013,-0.030334,0.000778,0.031111,-0.051313,3.054986,-0.078333,-3.133319,-1.318190,0.083409,-0.002139,-0.085547,0.260726,-0.088178,0.002261,0.090439,1.215863,-0.800904,0.020536,0.821440,-1.535307,-0.071528,0.001834,0.073362,-0.379133,-0.029993,0.000769,0.030762,0.391004,-1.336161,0.034261,1.370422,-0.989399,-0.465053,0.011924,0.476978,-0.035618,-0.034067,0.000874,0.034940,-0.019485,0.229218,-0.005877,-0.235095,-0.001980,3.218257,-6.031578,-0.504043,0.000000,0.000000,0.000000,0.000000,0.000000,0.000000,-2.671047,6.853579,-1.518799,0.000070,0.000000,0.000000,279.250575,232.210383,1
5.322000,0.452570,-0.026846,0.234376,0.261576,-0.006707,-0.268283,0.042149,-0.030334,0.000778,0.031111,-0.044773,3.054986,-0.078333,-3.133319,-1.370993,0.083409,-0.002139,-0.085547,0.277167,-0.088178,0.002261,0.090439,1.320521,-0.800904,0.020536,0.821440,-1.802341,-0.071528,0.001834,0.073362,-0.425662,-0.029993,0.000769,0.030762,0.391797,-1.336161,0.034261,1.370422,-1.205016,-0.465053,0.011924,0.476978,-0.027413,-0.034067,0.000874,0.034940,-0.020933,0.229218,-0.005877,-0.235095,-0.002558,3.377076,-6.463763,-0.620481,0.000000,0.000000,0.000000,0.000000,0.000000,0.000000,-2.803037,7.189671,-1.589756,0.000076,0.000000,0.000000,279.326986,232.222528,1
5.326000,0.462045,-0.032996,0.238085,0.334594,-0.008579,-0.343173,0.043926,-0.022072,0.000566,0.022637,-0.050165,2.928982,-0.075102,-3.004084,-1.202178,0.041669,-0.001068,-0.042737,0.396100,-0.127964,0.003281,0.131245,1.330054,-0.784915,0.020126,0.805041,-1.651540,-0.134593,0.003451,0.138044,-0.353739,-0.133780,0.003430,0.137210,0.405114,-1.241155,0.031824,1.272979,-1.084135,-0.537587,0.013784,0.551371,-0.081548,-0.029274,0.000751,0.030024,-0.011750,0.131314,-0.003367,-0.134681,0.022907,3.209753,-6.252786,-0.484704,0.000000,0.000000,0.000000,0.000000,0.000000,0.000000,-2.526658,6.943721,-1.511070,0.000067,0.000000,0.000000,279.353713,232.226534,1
5.336000,0.463104,-0.033365,0.235486,0.334594,-0.008579,-0.343173,0.019125,-0.022072,0.000566,0.022637,-0.044404,2.928982,-0.075102,-3.004084,-1.283530,0.041669,-0.001068,-0.042737,0.407452,-0.127964,0.003281,0.131245,1.422556,-0.784915,0.020126,0.805041,-1.888131,-0.134593,0.003451,0.138044,-0.406126,-0.133780,0.003430,0.137210,0.408391,-1.241155,0.031824,1.272979,-1.299416,-0.537587,0.013784,0.551371,-0.042786,-0.029274,0.000751,0.030024,-0.016680,0.131314,-0.003367,-0.134681,0.013337,3.331266,-6.625848,-0.600157,0.000000,0.000000,0.000000,0.000000,0.000000,0.000000,-2.641663,7.275652,-1.578627,0.000074,0.000000,0.000000,279.427509,232.234709,1
5.340000,0.471946,-0.034415,0.234578,0.283756,-0.007276,-0.291032,0.012270,-0.018632,0.000478,0.019109,-0.031338,2.877486,-0.073782,-2.951268,-0.862819,0.263756,-0.006763,-0.270519,0.165134,0.246052,-0.006309,-0.252361,1.418646,-0.442553,0.011348,0.453901,-2.121358,0.096036,-0.002462,-0.098498,-0.458120,0.418653,-0.010735,-0.429388,0.332446,-1.156481,0.029653,1.186134,-1.103852,-0.550905,0.014126,0.565031,-0.257291,-0.205568,0.005271,0.210839,-0.016151,0.025042,-0.000642,-0.025685,0.300836,3.489172,-6.487666,-0.669947,0.000000,0.000000,0.000000,0.000000,0.000000,0.000000,-2.660090,7.460368,-1.551428,0.000056,0.000000,0.000000,279.449789,232.233162,1
5.350000,0.473153,-0.034895,0.231650,0.283756,-0.007276,-0.291032,0.014540,-0.018632,0.000478,0.019109,-0.046480,2.877486,-0.073782,-2.951268,-1.109282,0.263756,-0.006763,-0.270519,0.167317,0.246052,-0.006309,-0.252361,1.488761,-0.442553,0.011348,0.453901,-2.312154,0.096036,-0.002462,-0.098498,-0.525198,0.418653,-0.010735,-0.429388,0.324350,-1.156481,0.029653,1.186134,-1.301086,-0.550905,0.014126,0.565031,-0.201108,-0.205568,0.005271,0.210839,-0.022289,0.025042,-0.000642,-0.025685,0.162079,3.607242,-6.733201,-0.747218,0.000000,0.000000,0.000000,0.000000,0.000000,0.000000,-2.767432,7.731374,-1.586584,0.000066,0.000000,0.000000,279.515850,232.233611,1
5.354000,0.478300,-0.032589,0.232819,0.413316,-0.010598,-0.423913,0.067111,-0.014644,0.000375,0.015019,-0.033670,2.649638,-0.067939,-2.717577,-0.735296,0.249759,-0.006404,-0.256163,0.196908,0.240684,-0.006171,-0.246856,1.488369,-0.433316,0.011111,0.444427,-2.188815,0.070408,-0.001805,-0.072214,-0.514901,0.366958,-0.009409,-0.376367,0.323616,-1.061246,0.027211,1.088457,-1.180813,-0.520819,0.013354,0.534173,-0.315107,-0.134716,0.003454,0.138170,-0.033680,-0.001170,0.000030,0.001200,0.251645,3.537202,-6.589761,-0.645156,0.000000,0.000000,0.000000,0.000000,0.000000,0.000000,-2.698329,7.363021,-1.577216,0.000050,0.000000,0.000000,279.535991,232.229756,1
5.364000,0.481533,-0.032813,0.231653,-0.065212,0.001672,0.066884,0.206108,-0.016036,0.000411,0.016448,-0.038468,1.929545,-0.049476,-1.979021,-0.808205,0.025825,-0.000662,-0.026488,0.179809,-0.004354,0.000112,0.004466,1.507641,-0.133836,0.003432,0.137268,-2.370657,-0.095032,0.002437,0.097468,-0.494252,0.313599,-0.008041,-0.321640,0.297278,-1.016624,0.026067,1.042692,-1.222753,0.350406,-0.008985,-0.359391,-0.575665,-0.191352,0.004906,0.196259,-0.029059,-0.321060,0.008232,0.329292,0.267472,3.358431,-6.487844,-0.665934,0.000000,0.000000,0.000000,0.000000,0.000000,0.000000,-2.864919,7.229514,-1.415193,0.000037,0.000000,0.000000,279.572693,232.231352,1
5.368000,0.483126,-0.029518,0.231122,-0.253794,0.006508,0.260301,0.295245,-0.008013,0.000205,0.008218,-0.038117,1.805257,-0.046289,-1.851545,-0.670943,-0.078537,0.002014,0.080550,0.354070,0.344401,-0.008831,-0.353232,1.468531,-1.018097,0.026105,1.044202,-2.065511,0.070527,-0.001808,-0.072335,-0.552409,0.723894,-0.018561,-0.742456,0.099246,-1.767839,0.045329,1.813168,-0.976986,0.633916,-0.016254,-0.650171,-0.819685,-0.142391,0.003651,0.146042,-0.036909,-0.278999,0.007154,0.286153,0.272186,3.361967,-6.891056,-0.739703,0.003384,0.002232,-0.000455,0.000000,0.000000,0.000000,-2.590517,7.269120,-1.667362,0.000065,0.000000,0.000000,279.598792,232.221241,1
5.378000,0.484062,-0.029698,0.228206,-0.253794,0.006508,0.260301,0.373536,-0.008013,0.000205,0.008218,-0.039660,1.805257,-0.046289,-1.851545,-0.724771,-0.078537,0.002014,0.080550,0.365748,0.344401,-0.008831,-0.353232,1.522394,-1.018097,0.026105,1.044202,-2.188005,0.070527,-0.001808,-0.072335,-0.637338,0.723894,-0.018561,-0.742456,0.064820,-1.767839,0.045329,1.813168,-1.128641,0.633916,-0.016254,-0.650171,-0.927043,-0.142391,0.003651,0.146042,-0.028072,-0.278999,0.007154,0.286153,0.195394,3.398473,-7.041177,-0.812270,0.175697,0.113468,-0.025112,0.000000,0.000000,0.000000,-2.685430,7.455104,-1.688771,0.000071,0.000000,0.000000,279.669741,232.193760,1
5.382000,0.488810,-0.023226,0.232193,-0.231731,0.005942,0.237673,0.575584,-0.003586,0.000092,0.003678,-0.058413,2.065913,-0.052972,-2.118885,-0.668829,-0.290745,0.007455,0.298199,0.334774,0.527519,-0.013526,-0.541045,1.427883,-2.024952,0.051922,2.076873,-1.936036,0.067156,-0.001722,-0.068878,-0.478749,0.783327,-0.020085,-0.803412,0.056728,-2.386249,0.061186,2.447435,-0.625060,0.481226,-0.012339,-0.493565,-1.126521,-0.774640,0.019863,0.794502,0.106760,-0.096709,0.002480,0.099189,0.190462,3.588000,-7.484468,-0.588354,0.000000,0.000000,0.000000,0.000000,0.000000,0.000000,-2.883970,7.143030,-1.949321,0.000087,0.000000,0.000000,279.704603,232.177670,1
5.392000,0.489782,-0.022916,0.229631,-0.231731,0.005942,0.237673,0.597232,-0.003586,0.000092,0.003678,-0.046045,2.065913,-0.052972,-2.118885,-0.786847,-0.290745,0.007455,0.298199,0.338443,0.527519,-0.013526,-0.541045,1.477496,-2.024952,0.051922,2.076873,-2.010814,0.067156,-0.001722,-0.068878,-0.578732,0.783327,-0.020085,-0.803412,0.045378,-2.386249,0.061186,2.447435,-0.758560,0.481226,-0.012339,-0.493565,-1.107554,-0.774640,0.019863,0.794502,0.147982,-0.096709,0.002480,0.099189,0.115753,3.613347,-7.591631,-0.627593,0.005684,0.003082,-0.001200,0.000000,0.000000,0.000000,-3.023214,7.432538,-2.024334,0.000095,0.000000,0.000000,279.799547,232.135239,1
5.396000,0.501067,-0.043021,0.228760,-0.664065,0.017027,0.681093,0.665726,0.004991,-0.000128,-0.005119,-0.079042,0.887143,-0.022747,-0.909890,-0.417035,0.375193,-0.009620,-0.384813,0.409268,1.268042,-0.032514,-1.300556,1.113331,-1.934701,0.049608,1.984309,-1.570031,0.927413,-0.023780,-0.951193,-0.817580,2.143223,-0.054954,-2.198177,-0.553447,-3.153630,0.080862,3.234493,-0.308641,0.383126,-0.009824,-0.392949,-1.278568,-0.224035,0.005744,0.229780,0.146263,-0.030773,0.000789,0.031562,0.272903,3.800275,-6.247381,-0.864091,0.000000,0.000000,0.000000,-0.600432,-1.291484,0.227558,-2.230017,7.272101,-1.402180,0.000091,0.000000,0.000000,279.835912,232.125851,1
5.406000,0.502367,-0.044066,0.226309,-0.664065,0.017027,0.681093,0.642039,0.004991,-0.000128,-0.005119,-0.193814,0.887143,-0.022747,-0.909890,-0.561560,0.375193,-0.009620,-0.384813,0.389312,1.268042,-0.032514,-1.300556,1.158745,-1.934701,0.049608,1.984309,-1.609448,0.927413,-0.023780,-0.951193,-0.923080,2.143223,-0.054954,-2.198177,-0.537556,-3.153630,0.080862,3.234493,-0.462588,0.383126,-0.009824,-0.392949,-1.216513,-0.224035,0.005744,0.229780,0.049463,-0.030773,0.000789,0.031562,0.155422,4.045431,-6.145061,-0.687683,0.000000,0.000000,0.000000,-3.420574,-6.016800,0.461247,-2.271441,7.833278,-1.574916,0.000098,0.000000,0.000000,279.934412,232.097416,1
5.410000,0.504286,-0.041652,0.225366,-0.840778,0.021558,0.862337,0.826715,0.049417,-0.001267,-0.050684,-0.234694,-0.139155,0.003568,0.142723,-0.065996,0.361156,-0.009260,-0.370417,0.343112,1.422973,-0.036486,-1.459459,0.957952,-2.014655,0.051658,2.066313,-1.104013,1.060213,-0.027185,-1.087398,-1.156156,2.577780,-0.066097,-2.643877,-0.659068,-3.561264,0.091314,3.652579,-0.429788,0.583059,-0.014950,-0.598009,-1.202915,-0.146175,0.003748,0.149924,0.100613,-0.068140,0.001747,0.069887,0.308736,3.799734,-5.681399,-0.363083,0.017651,0.016521,0.001151,-4.256880,-6.882605,0.362436,-2.030842,7.366240,-1.763712,0.000099,0.000000,0.000000,279.973876,232.093796,1
5.420000,0.505076,-0.042420,0.223296,-0.840778,0.021558,0.862337,0.795447,0.049417,-0.001267,-0.050684,-0.033477,-0.139155,0.003568,0.142723,-1.473961,0.361156,-0.009260,-0.370417,0.467322,1.422973,-0.036486,-1.459459,1.022726,-2.014655,0.051658,2.066313,-1.163970,1.060213,-0.027185,-1.087398,-1.094406,2.577780,-0.066097,-2.643877,-0.709630,-3.561264,0.091314,3.652579,-0.444936,0.583059,-0.014950,-0.598009,-1.079342,-0.146175,0.003748,0.149924,0.052870,-0.068140,0.001747,0.069887,0.170891,4.012235,-5.447980,-0.103114,0.073712,0.081272,0.011612,-3.759771,-7.204855,1.049355,-1.808747,7.670860,-2.056653,0.000103,0.000000,0.000000,280.077132,232.078924,1
5.426000,0.521037,-0.032045,0.229212,-0.483465,0.012397,0.495862,0.658482,1.268126,-0.032516,-1.300642,-0.599727,-2.260181,0.057953,2.318134,0.472638,0.121472,-0.003115,-0.124587,0.072296,1.232028,-0.031590,-1.263618,1.035043,-2.195601,0.056297,2.251899,-1.158090,0.996494,-0.025551,-1.022045,-1.399471,2.592137,-0.066465,-2.658602,-0.967048,-3.909571,0.100245,4.009817,0.396562,0.900047,-0.023078,-0.923125,-1.245050,-0.294458,0.007550,0.302008,0.143576,-0.102822,0.002636,0.105459,0.257099,3.727290,-5.641343,-0.302360,0.333178,0.490419,0.086989,-5.780736,-8.392412,0.053012,-2.323208,6.650556,-1.472204,0.000129,0.000000,0.000000,280.154762,232.109456,1
5.436000,0.522476,-0.032092,0.227746,-0.483465,0.012397,0.495862,0.546475,1.268126,-0.032516,-1.300642,-0.002417,-2.260181,0.057953,2.318134,-1.131408,0.121472,-0.003115,-0.124587,0.271749,1.232028,-0.031590,-1.263618,1.131962,-2.195601,0.056297,2.251899,-1.178338,0.996494,-0.025551,-1.022045,-1.212954,2.592137,-0.066465,-2.658602,-0.859122,-3.909571,0.100245,4.009817,0.227168,0.900047,-0.023078,-0.923125,-1.070198,-0.294458,0.007550,0.302008,0.172864,-0.102822,0.002636,0.105459,0.139914,3.935111,-5.248632,0.015140,0.626773,0.888818,0.133600,-4.694118,-8.724313,1.324227,-1.974370,6.713600,-1.790269,0.000125,0.000000,0.000000,280.279803,232.099687,1
5.444000,0.508637,-0.034152,0.227109,-0.539650,0.013837,0.553487,1.051102,1.670769,-0.042840,-1.713610,0.005003,-2.657088,0.068130,2.725218,-1.524729,-0.052897,0.001356,0.054254,0.725379,1.363292,-0.034956,-1.398249,0.775161,-2.176061,0.055796,2.231858,-0.462177,0.828449,-0.021242,-0.849691,-0.880010,2.759769,-0.070763,-2.830533,-0.924972,-3.922150,0.100568,4.022717,0.295019,0.769247,-0.019724,-0.788971,-0.926278,-0.117231,0.003006,0.120237,0.055631,-0.217006,0.005564,0.222570,0.114062,3.181468,-3.790859,0.413424,0.401424,0.526464,0.079743,-2.882284,-6.581834,1.309222,-1.835044,6.766482,-1.977332,0.000122,0.000000,0.000000,280.377530,232.096948,1
5.454000,0.508671,-0.033840,0.226058,-0.539650,0.013837,0.553487,1.138905,1.670769,-0.042840,-1.713610,-0.025086,-2.657088,0.068130,2.725218,-1.445046,-0.052897,0.001356,0.054254,0.785942,1.363292,-0.034956,-1.398249,0.790208,-2.176061,0.055796,2.231858,-0.424723,0.828449,-0.021242,-0.849691,-0.822819,2.759769,-0.070763,-2.830533,-0.842092,-3.922150,0.100568,4.022717,0.165316,0.769247,-0.019724,-0.788971,-0.880485,-0.117231,0.003006,0.120237,0.045344,-0.217006,0.005564,0.222570,0.072999,3.102568,-3.793470,0.362889,0.727634,0.970345,0.158060,-2.683426,-6.237867,1.296088,-1.865577,7.158362,-2.167115,0.000112,0.000000,0.000000,280.489240,232.088840,1
5.460000,0.512092,-0.038472,0.221851,-0.633960,0.016255,0.650215,1.282957,1.211778,-0.031071,-1.242850,0.057171,-2.580306,0.066162,2.646467,-1.354274,-0.187140,0.004798,0.191938,0.851807,1.116635,-0.028632,-1.145267,0.802812,-2.422356,0.062112,2.484467,-0.108753,0.650778,-0.016687,-0.667465,-0.765583,2.293815,-0.058816,-2.352631,-0.601076,-3.832961,0.098281,3.931242,-0.109852,0.711010,-0.018231,-0.729241,-0.718354,-0.100599,0.002579,0.103179,0.158878,0.014664,-0.000376,-0.015040,0.008096,2.726974,-3.842014,-0.052782,3.338217,6.043386,1.793759,-2.729693,-6.127126,1.361218,-1.892404,6.821206,-1.829551,0.000087,0.000000,0.000000,280.541679,232.077958,1
5.470000,0.511925,-0.038133,0.220759,-0.633960,0.016255,0.650215,1.252197,1.211778,-0.031071,-1.242850,-0.081175,-2.580306,0.066162,2.646467,-1.296535,-0.187140,0.004798,0.191938,0.811787,1.116635,-0.028632,-1.145267,0.749048,-2.422356,0.062112,2.484467,-0.190173,0.650778,-0.016687,-0.667465,-0.763930,2.293815,-0.058816,-2.352631,-0.721243,-3.832961,0.098281,3.931242,-0.111951,0.711010,-0.018231,-0.729241,-0.652038,-0.100599,0.002579,0.103179,0.581373,0.014664,-0.000376,-0.015040,-0.572516,2.467429,-4.125089,-0.391281,2.834504,5.588467,1.811672,-2.916540,-6.201233,1.259184,-1.867083,5.833366,-1.369631,0.000090,0.000000,0.000000,280.631912,232.064158,1
5.476000,0.513783,-0.036465,0.223550,-0.839856,0.021535,0.861391,1.282449,0.858286,-0.022007,-0.880293,-0.113944,-2.487392,0.063779,2.551171,-1.176706,-0.411169,0.010543,0.421711,0.908037,1.009424,-0.025883,-1.035307,0.674256,-2.778287,0.071238,2.849525,-0.179714,0.430972,-0.011051,-0.442023,-0.625851,1.913452,-0.049063,-1.962515,-0.757022,-3.690872,0.094638,3.785509,0.010384,0.708678,-0.018171,-0.726849,-0.527126,0.062633,-0.001606,-0.064239,0.604281,-0.514658,0.013196,0.527854,-0.593873,2.376030,-4.444301,-0.572542,3.136465,6.588870,1.973423,-2.772579,-5.972363,1.165051,-2.075934,5.096484,-0.883248,0.000083,0.000000,0.000000,280.681935,232.059407,1
5.486000,0.520574,-0.033015,0.223678,-0.843465,0.021627,0.865092,1.124884,0.836519,-0.021449,-0.857968,-0.103092,-2.518110,0.064567,2.582677,-1.172418,-0.418926,0.010742,0.429668,0.730113,0.952989,-0.024436,-0.977424,0.656796,-2.738826,0.070226,2.809052,-0.294475,0.420507,-0.010782,-0.431289,-0.664807,1.907363,-0.048907,-1.956270,-0.827585,-3.746242,0.096057,3.842299,0.157846,0.700669,-0.017966,-0.718635,-0.570920,0.014674,-0.000376,-0.015050,0.753859,-0.481478,0.012346,0.493824,-0.911681,2.312620,-4.584849,-0.695169,2.703361,5.736813,1.649658,-2.924498,-5.926669,0.998230,-1.917929,4.642908,-0.789203,0.000093,0.000000,0.000000,280.774500,232.052798,1
5.494000,0.548224,-0.020056,0.224969,-0.899139,0.023055,0.922194,-0.185067,1.815974,-0.046563,-1.862538,0.129670,-4.976804,0.127610,5.104415,0.829049,-0.919172,0.023569,0.942740,0.034413,1.152086,-0.029541,-1.181627,-0.068829,-4.067472,0.104294,4.171766,0.429772,0.243828,-0.006252,-0.250080,-0.345757,1.693204,-0.043415,-1.736619,-0.225195,-3.762229,0.096467,3.858696,1.900050,-0.118603,0.003041,0.121644,0.694813,1.973887,-0.050612,-2.024500,-0.432627,-7.173421,0.183934,7.357355,0.217705,2.280247,-7.457464,-2.751162,3.238562,6.628547,2.642587,-3.743216,-3.711562,-0.470706,0.000000,0.000000,0.000000,0.000169,0.000000,0.000000,280.909876,232.181579,1
5.504000,0.549170,-0.019483,0.225952,-0.899139,0.023055,0.922194,-0.219555,1.815974,-0.046563,-1.862538,0.075498,-4.976804,0.127610,5.104415,0.909829,-0.919172,0.023569,0.942740,-0.025644,1.152086,-0.029541,-1.181627,0.159380,-4.067472,0.104294,4.171766,-0.330859,0.243828,-0.006252,-0.250080,-0.136474,1.693204,-0.043415,-1.736619,-0.495612,-3.762229,0.096467,3.858696,1.934208,-0.118603,0.003041,0.121644,0.660598,1.973887,-0.050612,-2.024500,-0.596171,-7.173421,0.183934,7.357355,0.540068,2.241114,-7.318249,-2.686465,2.011493,4.007735,1.502878,-3.633691,-3.344525,-0.622175,0.000000,0.000000,0.000000,0.000202,0.000000,0.000000,281.111867,232.344853,1
5.512000,0.538247,-0.022058,0.272613,-0.287604,0.007374,0.294978,-1.545621,2.137088,-0.054797,-2.191885,-0.739816,-4.184614,0.107298,4.291912,1.528107,-0.137411,0.003523,0.140934,1.121387,2.118751,-0.054327,-2.173078,-0.851188,-4.624147,0.118568,4.742715,2.695866,4.181575,-0.107220,-4.288795,-4.068483,-0.431909,0.011075,0.442983,0.093566,3.525746,-0.090404,-3.616150,-2.034484,0.839594,-0.021528,-0.861123,-2.311803,2.041186,-0.052338,-2.093524,-0.603568,-6.574797,0.168585,6.743381,2.416184,0.000000,0.000000,0.000000,1.240860,5.523647,1.729188,-2.925573,-2.404137,-1.002055,0.000000,0.000000,0.000000,0.000678,0.000000,0.000000,281.654462,232.880154,1
5.522000,0.538725,-0.021553,0.274975,-0.287604,0.007374,0.294978,-1.251296,2.137088,-0.054797,-2.191885,-0.652554,-4.184614,0.107298,4.291912,1.208144,-0.137411,0.003523,0.140934,0.847531,2.118751,-0.054327,-2.173078,-0.898131,-4.624147,0.118568,4.742715,2.458637,4.181575,-0.107220,-4.288795,-3.810326,-0.431909,0.011075,0.442983,0.060444,3.525746,-0.090404,-3.616150,-1.816219,0.839594,-0.021528,-0.861123,-1.995176,2.041186,-0.052338,-2.093524,-0.533468,-6.574797,0.168585,6.743381,2.055164,0.000000,0.000000,0.000000,1.909732,6.570598,1.793792,-3.312207,-3.448363,-0.786541,0.000000,0.000000,0.000000,0.000603,0.000000,0.000000,282.257926,233.476235,1
5.526000,0.548582,-0.033052,0.251355,-0.060551,0.001553,0.062103,-0.039039,0.292828,-0.007508,-0.300336,1.005797,-0.207733,0.005326,0.213059,-1.559763,-1.178417,0.030216,1.208633,0.258129,-0.679460,0.017422,0.696882,0.058848,3.186320,-0.081701,-3.268020,-2.488613,0.761335,-0.019521,-0.780857,0.268262,-0.060466,0.001550,0.062016,-0.447337,1.079764,-0.027686,-1.107450,-0.184325,-0.058229,0.001493,0.059722,-0.163806,0.651801,-0.016713,-0.668514,0.563391,-1.062479,0.027243,1.089722,-0.629657,0.000000,0.000000,0.000000,2.285385,7.707393,1.964489,-3.175673,-5.397458,0.370995,0.000000,0.000000,0.000000,0.000106,0.000000,0.000000,282.300472,233.503208,1
5.536000,0.549858,-0.033150,0.249565,-0.060551,0.001553,0.062103,-0.026608,0.292828,-0.007508,-0.300336,1.116302,-0.207733,0.005326,0.213059,-1.907998,-1.178417,0.030216,1.208633,0.393436,-0.679460,0.017422,0.696882,0.086900,3.186320,-0.081701,-3.268020,-1.953566,0.761335,-0.019521,-0.780857,0.152694,-0.060466,0.001550,0.062016,-0.271351,1.079764,-0.027686,-1.107450,-0.300306,-0.058229,0.001493,0.059722,-0.102208,0.651801,-0.016713,-0.668514,0.577253,-1.062479,0.027243,1.089722,-0.870445,0.000000,0.000000,0.000000,2.554445,8.001325,1.906216,-3.218139,-5.957178,0.622741,0.000000,0.000000,0.000000,0.000095,0.000000,0.000000,282.395202,233.553537,1
5.540000,0.555796,-0.029878,0.235665,-0.253640,0.006504,0.260144,-0.131656,-0.171541,0.004398,0.175940,1.171849,-0.499777,0.012815,0.512592,-1.354510,0.072771,-0.001866,-0.074637,-0.235094,0.067949,-0.001742,-0.069691,-0.076627,-1.054642,0.027042,1.081684,0.339406,-0.355717,0.009121,0.364838,0.504302,0.092185,-0.002364,-0.094548,-0.306304,-0.562213,0.014416,0.576629,0.329559,-0.230572,0.005912,0.236484,0.552715,-0.201399,0.005164,0.206563,0.545554,-0.561336,0.014393,0.575729,-1.226113,0.000000,0.000000,0.000000,2.870058,6.144691,1.923385,-3.343713,-5.054332,-0.064419,0.000000,0.000000,0.000000,0.000027,0.000000,0.000000,282.405910,233.552770,1
5.550000,0.556405,-0.029996,0.233050,-0.253640,0.006504,0.260144,-0.104575,-0.171541,0.004398,0.175940,1.258205,-0.499777,0.012815,0.512592,-1.640521,0.072771,-0.001866,-0.074637,-0.226176,0.067949,-0.001742,-0.069691,-0.095762,-1.054642,0.027042,1.081684,0.410421,-0.355717,0.009121,0.364838,0.611690,0.092185,-0.002364,-0.094548,-0.207340,-0.562213,0.014416,0.576629,0.277941,-0.230572,0.005912,0.236484,0.649430,-0.201399,0.005164,0.206563,0.516796,-0.561336,0.014393,0.575729,-1.442608,0.000000,0.000000,0.000000,3.029368,6.376965,1.981097,-3.581823,-5.616194,0.047037,0.000000,0.000000,0.000000,0.000031,0.000000,0.000000,282.436419,233.549305,1
5.556000,0.551614,-0.028259,0.233977,0.083366,-0.002138,-0.085503,-0.429320,-0.182093,0.004669,0.186762,1.249421,-0.821228,0.021057,0.842285,-1.778230,-0.109046,0.002796,0.111842,-0.086931,-0.116378,0.002984,0.119362,-0.057980,1.775205,-0.045518,-1.820723,-0.558087,0.762201,-0.019544,-0.781745,0.003959,-0.058641,0.001504,0.060145,-0.071950,1.010891,-0.025920,-1.036812,-0.239497,0.187826,-0.004816,-0.192642,0.294248,-0.250030,0.006411,0.256442,0.465509,-0.967186,0.024800,0.991985,-1.364399,0.000000,0.000000,0.000000,3.213288,6.766578,1.705499,-3.819275,-6.073334,0.372671,0.000000,0.000000,0.000000,0.000046,0.000000,0.000000,282.463934,233.541637,1
5.566000,0.552117,-0.028153,0.231111,0.083366,-0.002138,-0.085503,-0.447812,-0.182093,0.004669,0.186762,1.328340,-0.821228,0.021057,0.842285,-2.009277,-0.109046,0.002796,0.111842,-0.112753,-0.116378,0.002984,0.119362,-0.043247,1.775205,-0.045518,-1.820723,-0.674457,0.762201,-0.019544,-0.781745,-0.003127,-0.058641,0.001504,0.060145,-0.044397,1.010891,-0.025920,-1.036812,-0.291098,0.187826,-0.004816,-0.192642,0.352382,-0.250030,0.006411,0.256442,0.451306,-0.967186,0.024800,0.991985,-1.558837,0.000000,0.000000,0.000000,3.343197,6.980340,1.749492,-3.962419,-6.406271,0.463580,0.000000,0.000000,0.000000,0.000053,0.000000,0.000000,282.516548,233.527710,1
5.570000,0.559147,-0.028939,0.233993,0.180649,-0.004632,-0.185281,-0.377481,-0.385005,0.009872,0.394877,1.164799,-0.754935,0.019357,0.774293,-1.751630,-0.437961,0.011230,0.449191,-0.184390,-0.131124,0.003362,0.134486,-0.075664,2.884044,-0.073950,-2.957994,-1.027930,0.431669,-0.011068,-0.442738,0.124564,-0.046624,0.001195,0.047819,-0.060697,-0.777818,0.019944,0.797762,0.386384,0.302846,-0.007765,-0.310611,0.314580,-0.310570,0.007963,0.318534,0.358969,-1.215032,0.031155,1.246187,-1.365595,0.000000,0.000000,0.000000,3.104166,6.372340,1.698243,-3.532919,-6.344240,0.335112,0.000000,0.000000,0.000000,0.000073,0.000000,0.000000,282.545748,233.530455,1
5.580000,0.559308,-0.029036,0.231099,0.180649,-0.004632,-0.185281,-0.394860,-0.385005,0.009872,0.394877,1.235812,-0.754935,0.019357,0.774293,-1.992332,-0.437961,0.011230,0.449191,-0.104521,-0.131124,0.003362,0.134486,-0.052461,2.884044,-0.073950,-2.957994,-1.186712,0.431669,-0.011068,-0.442738,0.097241,-0.046624,0.001195,0.047819,-0.037802,-0.777818,0.019944,0.797762,0.384258,0.302846,-0.007765,-0.310611,0.364764,-0.310570,0.007963,0.318534,0.325993,-1.215032,0.031155,1.246187,-1.558490,0.000000,0.000000,0.000000,3.218728,6.595152,1.771927,-3.685059,-6.703444,0.401583,0.000000,0.000000,0.000000,0.000082,0.000000,0.000000,282.627536,233.538303,1
5.584000,0.570733,-0.033368,0.234896,0.087559,-0.002245,-0.089804,-0.293202,-0.113338,0.002906,0.116244,1.458206,-0.961830,0.024662,0.986492,-1.837446,-0.304797,0.007815,0.312613,0.001540,-0.172864,0.004432,0.177297,-0.051172,2.420356,-0.062060,-2.482416,-0.569648,0.538354,-0.013804,-0.552158,0.183098,-0.025391,0.000651,0.026042,-0.041318,1.743410,-0.044703,-1.788113,-0.188713,0.252830,-0.006483,-0.259313,0.398958,-0.286844,0.007355,0.294199,0.598825,-1.009429,0.025883,1.035312,-1.329658,0.000000,0.000000,0.000000,3.351854,6.951012,1.635030,-3.995321,-6.427150,0.566047,0.000000,0.000000,0.000000,0.000055,0.000000,0.000000,282.649648,233.533184,1
5.594000,0.571577,-0.033445,0.232033,0.087559,-0.002245,-0.089804,-0.320216,-0.113338,0.002906,0.116244,1.532836,-0.961830,0.024662,0.986492,-2.057234,-0.304797,0.007815,0.312613,-0.020877,-0.172864,0.004432,0.177297,-0.056501,2.420356,-0.062060,-2.482416,-0.849111,0.538354,-0.013804,-0.552158,0.130884,-0.025391,0.000651,0.026042,-0.049829,1.743410,-0.044703,-1.788113,-0.460189,0.252830,-0.006483,-0.259313,0.441595,-0.286844,0.007355,0.294199,0.570195,-1.009429,0.025883,1.035312,-1.508908,0.000000,0.000000,0.000000,3.453529,7.142831,1.680173,-4.152472,-6.715711,0.629472,0.000000,0.000000,0.000000,0.000071,0.000000,0.000000,282.720665,233.528275,1
5.598000,0.588945,-0.024179,0.231292,0.157701,-0.004044,-0.161745,-0.545962,-0.314078,0.008053,0.322131,1.604647,-0.732394,0.018779,0.751174,-1.809837,0.002651,-0.000068,-0.002719,-0.149831,-0.103707,0.002659,0.106366,-0.030060,0.806246,-0.020673,-0.826919,-0.211076,0.018450,-0.000473,-0.018923,0.397229,-0.025097,0.000644,0.025741,-0.018773,-0.252757,0.006481,0.259238,0.149040,0.292610,-0.007503,-0.300113,0.364904,-0.448178,0.011492,0.459670,0.599298,-0.810597,0.020785,0.831382,-1.357545,-0.071972,-0.174114,-0.145440,3.052240,6.761809,1.498059,-3.762252,-6.008537,0.449460,0.000000,0.000000,0.000000,0.000037,0.000000,0.000000,282.735477,233.522217,1
5.608000,0.590149,-0.022213,0.229358,0.135616,-0.003477,-0.139093,-0.582409,-0.252496,0.006474,0.258970,1.634490,-0.763264,0.019571,0.782835,-2.007033,-0.217324,0.005572,0.222896,-0.015465,-0.103746,0.002660,0.106406,-0.026304,1.515623,-0.038862,-1.554485,-0.579514,0.185428,-0.004755,-0.190183,0.326054,-0.025288,0.000648,0.025937,-0.024614,-0.008640,0.000222,0.008862,0.068828,0.289734,-0.007429,-0.297163,0.322274,-0.375676,0.009633,0.385309,0.593949,-0.898423,0.023036,0.921460,-1.520290,0.000000,0.000000,0.000000,3.180286,7.181515,1.551706,-3.975228,-6.303343,0.604418,0.000000,0.000000,0.000000,0.000048,0.000000,0.000000,282.783191,233.507196,1
5.614000,0.590000,-0.030194,0.234026,-0.258868,0.006638,0.265505,-0.012329,-0.029963,0.000768,0.030731,1.401805,-0.238601,0.006118,0.244719,-2.205465,-0.489313,0.012546,0.501860,-0.012003,-0.127826,0.003278,0.131104,-0.042464,2.651416,-0.067985,-2.719401,-1.041768,0.062613,-0.001605,-0.064219,0.283175,-0.043903,0.001126,0.045029,-0.012729,-2.003474,0.051371,2.054845,1.064114,-0.145256,0.003725,0.148980,0.625342,0.342269,-0.008776,-0.351046,0.275239,-1.249721,0.032044,1.281766,-1.091745,0.000000,0.000000,0.000000,3.180168,6.896153,1.330869,-3.717717,-6.245878,0.637051,0.000000,0.000000,0.000000,0.000072,0.000000,0.000000,282.826541,233.525715,1
5.624000,0.591028,-0.030171,0.231054,-0.258868,0.006638,0.265505,-0.021174,-0.029963,0.000768,0.030731,1.472475,-0.238601,0.006118,0.244719,-2.402437,-0.489313,0.012546,0.501860,-0.006191,-0.127826,0.003278,0.131104,-0.031457,2.651416,-0.067985,-2.719401,-1.129384,0.062613,-0.001605,-0.064219,0.332221,-0.043903,0.001126,0.045029,-0.014487,-2.003474,0.051371,2.054845,1.037188,-0.145256,0.003725,0.148980,0.680009,0.342269,-0.008776,-0.351046,0.269012,-1.249721,0.032044,1.281766,-1.285456,0.000000,0.000000,0.000000,3.333223,7.202022,1.380545,-3.981271,-6.492094,0.604949,0.000014,0.000027,-0.000032,0.000077,0.000000,0.000000,282.903681,233.555557,1
5.628000,0.604647,-0.032464,0.234851,-0.003842,0.000099,0.003940,-0.173336,0.289289,-0.007418,-0.296707,1.514620,-1.408118,0.036106,1.444224,-1.966932,0.549307,-0.014085,-0.563392,-0.412385,-0.080891,0.002074,0.082965,-0.056066,2.277552,-0.058399,-2.335950,-0.791536,-0.291720,0.007480,0.299200,0.861928,-0.040956,0.001050,0.042007,-0.030386,-1.339390,0.034343,1.373733,0.808677,-0.219566,0.005630,0.225196,0.820116,0.706532,-0.018116,-0.724648,0.045524,-2.221458,0.056960,2.278418,-0.705925,0.000000,0.000000,0.000000,3.182635,6.872696,1.646674,-4.067990,-6.735102,0.616601,0.000000,0.000000,0.000000,0.000086,0.000000,0.000000,282.937972,233.550344,1
5.638000,0.606595,-0.032582,0.233931,0.025067,-0.000643,-0.025710,-0.227120,0.235416,-0.006036,-0.241453,1.570976,-1.415527,0.036296,1.451823,-2.005958,0.520015,-0.013334,-0.533348,-0.521735,-0.077300,0.001982,0.079282,-0.040646,2.488794,-0.063815,-2.552609,-1.038406,-0.331427,0.008498,0.339925,0.849548,-0.043468,0.001115,0.044582,-0.021221,-1.570419,0.040267,1.610686,0.831732,-0.196073,0.005028,0.201101,0.862871,0.669378,-0.017164,-0.686541,0.037192,-2.259356,0.057932,2.317288,-0.796567,0.000000,0.000000,0.000000,3.289304,7.131098,1.704771,-4.066006,-6.804479,0.673792,0.000000,0.000000,0.000000,0.000099,0.000000,0.000000,283.037011,233.546039,1
5.642000,0.601510,-0.038934,0.226005,-0.088599,0.002272,0.090871,-0.100357,0.656175,-0.016825,-0.673000,1.349738,-2.281927,0.058511,2.340438,-1.495139,0.750206,-0.019236,-0.769442,-0.796213,-0.058791,0.001507,0.060299,-0.029826,1.268185,-0.032518,-1.300703,-0.405163,-0.455550,0.011681,0.467231,0.929000,-0.050980,0.001307,0.052287,0.089066,-1.141951,0.029281,1.171232,0.396466,-0.431451,0.011063,0.442513,1.103629,0.697455,-0.017883,-0.715338,-0.080574,-2.266311,0.058111,2.324422,-0.696777,0.000000,0.000000,0.000000,3.224224,5.169037,1.139018,-3.191305,-6.812579,0.686986,-2.098345,8.259997,-2.821782,0.000086,0.000000,0.000000,283.071519,233.532241,1
5.652000,0.601885,-0.039575,0.223609,-0.088599,0.002272,0.090871,0.014654,0.656175,-0.016825,-0.673000,1.254799,-2.281927,0.058511,2.340438,-1.628734,0.750206,-0.019236,-0.769442,-0.786488,-0.058791,0.001507,0.060299,-0.066475,1.268185,-0.032518,-1.300703,-0.483460,-0.455550,0.011681,0.467231,1.081501,-0.050980,0.001307,0.052287,0.488079,-1.141951,0.029281,1.171232,-0.616298,-0.431451,0.011063,0.442513,1.197438,0.697455,-0.017883,-0.715338,-0.260398,-2.266311,0.058111,2.324422,-0.757232,0.000000,0.000000,0.000000,3.180859,4.201338,0.557669,-3.031453,-7.343606,1.061933,-1.839962,7.710574,-2.723855,0.000096,0.000000,0.000000,283.167766,233.485640,1
5.656000,0.610554,-0.024712,0.225384,0.011135,-0.000286,-0.011420,-0.273094,0.809988,-0.020769,-0.830757,1.156223,-2.548755,0.065353,2.614108,-1.534387,0.047428,-0.001216,-0.048644,-0.456783,-0.031484,0.000807,0.032291,0.289492,2.971491,-0.076192,-3.047683,-1.573874,0.131645,-0.003376,-0.135021,0.728134,-0.039005,0.001000,0.040005,-0.036352,0.392164,-0.010055,-0.402219,0.187244,-0.386042,0.009899,0.395940,0.825252,0.950643,-0.024375,-0.975018,-0.115594,-2.685518,0.068859,2.754378,-0.788678,1.175769,-2.794845,-0.224617,3.198465,6.812849,1.416606,-4.400643,-6.489631,0.590953,-0.012201,0.112767,-0.051639,0.000126,0.000000,0.000000,283.218125,233.477448,1
5.666000,0.611285,-0.024301,0.223043,0.011135,-0.000286,-0.011420,-0.345828,0.809988,-0.020769,-0.830757,1.181213,-2.548755,0.065353,2.614108,-1.537296,0.047428,-0.001216,-0.048644,-0.562750,-0.031484,0.000807,0.032291,0.541494,2.971491,-0.076192,-3.047683,-2.205216,0.131645,-0.003376,-0.135021,0.616506,-0.039005,0.001000,0.040005,-0.027873,0.392164,-0.010055,-0.402219,0.084360,-0.386042,0.009899,0.395940,0.824798,0.950643,-0.024375,-0.975018,-0.102564,-2.685518,0.068859,2.754378,-0.910120,1.085823,-3.187533,-0.498010,3.237552,7.053195,1.507799,-4.357418,-6.347647,0.564513,-0.014954,0.283388,-0.140857,0.000148,0.000000,0.000000,283.366337,233.473159,1
5.672000,0.621199,-0.028453,0.225803,-0.050189,0.001287,0.051476,-0.351962,1.255245,-0.032186,-1.287431,1.037527,-2.604077,0.066771,2.670848,-1.065682,0.526328,-0.013496,-0.539824,-0.662275,0.000495,-0.000013,-0.000508,-0.169702,1.269040,-0.032539,-1.301580,-0.711543,-0.323502,0.008295,0.331797,1.003901,-0.030255,0.000776,0.031031,-0.034388,-0.141689,0.003633,0.145322,0.167720,-0.691395,0.017728,0.709123,1.191910,1.873584,-0.048041,-1.921625,-0.711008,-3.296521,0.084526,3.381047,-0.112316,2.422357,-4.938929,-0.302631,2.901234,6.430931,1.389900,-4.155583,-5.621065,0.445935,-0.031917,0.138821,-0.057965,0.000084,0.000000,0.000000,283.416939,233.468789,1
5.682000,0.622151,-0.028087,0.223847,-0.050189,0.001287,0.051476,-0.431624,1.255245,-0.032186,-1.287431,1.114821,-2.604077,0.066771,2.670848,-1.091176,0.526328,-0.013496,-0.539824,-0.709924,0.000495,-0.000013,-0.000508,0.176642,1.269040,-0.032539,-1.301580,-1.764817,-0.323502,0.008295,0.331797,0.882081,-0.030255,0.000776,0.031031,-0.017924,-0.141689,0.003633,0.145322,0.108204,-0.691395,0.017728,0.709123,1.154476,1.873584,-0.048041,-1.921625,-0.618238,-3.296521,0.084526,3.381047,-0.309801,2.113230,-5.329899,-0.824231,2.859035,6.922735,1.679902,-4.256267,-5.477298,0.314398,-0.075744,0.310157,-0.127921,0.000104,0.000000,0.000000,283.521092,233.464544,1
5.688000,0.621136,-0.026093,0.223809,0.066325,-0.001701,-0.068025,-0.446989,1.153644,-0.029581,-1.183225,0.947819,-2.628016,0.067385,2.695401,-0.837701,0.255683,-0.006556,-0.262239,-0.711447,0.262684,-0.006735,-0.269419,0.242231,0.980265,-0.025135,-1.005400,-2.099352,-0.344492,0.008833,0.353325,0.815837,-0.029108,0.000746,0.029854,-0.010246,0.148788,-0.003815,-0.152603,0.047878,-0.613331,0.015726,0.629057,1.182989,1.845942,-0.047332,-1.893274,-0.678374,-3.400191,0.087184,3.487376,-0.278027,1.797669,-5.206566,-1.094889,2.777212,6.405634,1.409371,-3.885029,-5.088696,0.245434,-0.022743,0.147135,-0.068978,0.000091,0.000000,0.000000,283.575490,233.465879,1
5.698000,0.621649,-0.025831,0.222051,0.066325,-0.001701,-0.068025,-0.532570,1.153644,-0.029581,-1.183225,1.003735,-2.628016,0.067385,2.695401,-0.840372,0.255683,-0.006556,-0.262239,-0.851714,0.262684,-0.006735,-0.269419,0.358058,0.980265,-0.025135,-1.005400,-2.388744,-0.344492,0.008833,0.353325,0.753411,-0.029108,0.000746,0.029854,-0.008911,0.148788,-0.003815,-0.152603,0.026249,-0.613331,0.015726,0.629057,1.125501,1.845942,-0.047332,-1.893274,-0.619929,-3.400191,0.087184,3.487376,-0.373651,1.603618,-5.006813,-1.178304,2.799128,6.808325,1.608862,-3.804071,-4.990292,0.254889,-0.058586,0.311307,-0.141516,0.000097,0.000000,0.000000,283.672147,233.465404,1
5.704000,0.619707,-0.029015,0.222870,0.181158,-0.004645,-0.185803,-0.590830,1.009053,-0.025873,-1.034926,0.921064,-2.695589,0.069118,2.764706,-0.857891,0.307062,-0.007873,-0.314935,-0.869195,0.353152,-0.009055,-0.362208,0.361073,0.357634,-0.009170,-0.366804,-2.141086,-0.421002,0.010795,0.431797,0.698885,-0.034654,0.000889,0.035543,-0.009656,0.108338,-0.002778,-0.111116,0.022879,-0.499370,0.012804,0.512174,0.908143,1.714195,-0.043954,-1.758149,-0.592276,-3.492126,0.089542,3.581668,-0.255431,1.444398,-4.719088,-1.043351,2.864191,6.694704,1.608375,-3.679117,-4.930247,0.201104,-0.181973,0.584059,-0.205272,0.000074,0.000000,0.000000,283.716251,233.457025,1
5.714000,0.619804,-0.029041,0.221221,0.181158,-0.004645,-0.185803,-0.640148,1.009053,-0.025873,-1.034926,0.931595,-2.695589,0.069118,2.764706,-0.805641,0.307062,-0.007873,-0.314935,-0.954736,0.353152,-0.009055,-0.362208,0.335725,0.357634,-0.009170,-0.366804,-2.106094,-0.421002,0.010795,0.431797,0.695280,-0.034654,0.000889,0.035543,-0.006369,0.108338,-0.002778,-0.111116,0.011466,-0.499370,0.012804,0.512174,0.885745,1.714195,-0.043954,-1.758149,-0.531385,-3.492126,0.089542,3.581668,-0.380221,1.295240,-4.488745,-1.069158,2.896398,6.923093,1.720356,-3.598125,-4.917850,0.251413,-0.338924,1.056097,-0.373159,0.000076,0.000000,0.000000,283.791818,233.439064,1
5.720000,0.626302,-0.029142,0.215981,0.333203,-0.008544,-0.341746,-0.809857,0.824214,-0.021134,-0.845348,0.983848,-2.975794,0.076302,3.052097,-0.142340,0.414929,-0.010639,-0.425568,-1.156672,0.362974,-0.009307,-0.372281,0.233327,-0.627992,0.016102,0.644094,-1.520757,-0.594032,0.015232,0.609264,0.728428,-0.134283,0.003443,0.137726,0.024831,0.013378,-0.000343,-0.013721,0.023233,-0.373884,0.009587,0.383471,0.855669,1.498047,-0.038411,-1.536458,-0.494294,-3.676968,0.094281,3.771249,-0.071548,1.351610,-4.149362,-1.278271,2.528215,6.289797,1.551966,-3.099349,-4.194557,0.329026,-0.717068,1.384351,-0.452375,0.000049,0.000000,0.000000,283.821257,233.437271,1
5.730000,0.626430,-0.029604,0.214531,0.333203,-0.008544,-0.341746,-0.803950,0.824214,-0.021134,-0.845348,1.019656,-2.975794,0.076302,3.052097,-0.210064,0.414929,-0.010639,-0.425568,-1.169482,0.362974,-0.009307,-0.372281,0.164796,-0.627992,0.016102,0.644094,-1.441495,-0.594032,0.015232,0.609264,0.714856,-0.134283,0.003443,0.137726,0.100631,0.013378,-0.000343,-0.013721,-0.006202,-0.373884,0.009587,0.383471,0.878035,1.498047,-0.038411,-1.536458,-0.475434,-3.676968,0.094281,3.771249,-0.189768,1.390082,-4.417273,-1.417739,2.705127,6.203765,1.377436,-2.919510,-4.510209,0.643704,-3.082184,7.319573,-2.775303,0.000055,0.000000,0.000000,283.876234,233.428076,1
5.738000,0.692182,-0.060681,0.241397,0.627862,-0.016099,-0.643961,0.205123,0.494627,-0.012683,-0.507310,0.529191,-3.983092,0.102131,4.085222,1.055145,0.560694,-0.014377,-0.575071,0.357350,1.326506,-0.034013,-1.360519,1.299233,-5.400874,0.138484,5.539358,0.735967,-0.975170,0.025004,1.000174,-0.336503,0.477545,-0.012245,-0.489790,1.488836,-3.275546,0.083988,3.359535,-0.524570,-0.330728,0.008480,0.339208,-0.298410,1.405501,-0.036038,-1.441540,-0.365495,-4.713654,0.120863,4.834517,2.788496,3.251412,-4.935116,0.290488,0.909456,5.158526,2.416852,-1.242402,-3.359906,1.027304,-2.854435,8.398660,-1.694263,0.000277,0.000000,0.000000,284.097819,233.564814,1
5.748000,0.694954,-0.062233,0.242268,0.627862,-0.016099,-0.643961,0.313323,0.494627,-0.012683,-0.507310,0.509444,-3.983092,0.102131,4.085222,0.741476,0.560694,-0.014377,-0.575071,0.445030,1.326506,-0.034013,-1.360519,1.007529,-5.400874,0.138484,5.539358,0.791644,-0.975170,0.025004,1.000174,-0.211449,0.477545,-0.012245,-0.489790,1.136125,-3.275546,0.083988,3.359535,-0.293584,-0.330728,0.008480,0.339208,-0.421731,1.405501,-0.036038,-1.441540,-0.159766,-4.713654,0.120863,4.834517,2.394107,3.176791,-5.192791,0.030100,1.663120,5.737906,2.048180,-1.537718,-3.953539,1.168148,-2.673514,6.950073,-1.162407,0.000232,0.000000,0.000000,284.329851,233.717161,1
5.756000,0.638646,-0.037761,0.236520,0.881913,-0.022613,-0.904526,-0.798561,1.203458,-0.030858,-1.234316,-0.605829,-3.846002,0.098615,3.944618,2.025956,0.950564,-0.024373,-0.974937,-0.046486,2.303404,-0.059062,-2.362466,-0.183968,-4.803242,0.123160,4.926402,-0.087699,-1.110931,0.028485,1.139417,-0.087044,1.181498,-0.030295,-1.211793,-0.091458,-2.682804,0.068790,2.751594,-0.241874,-0.614430,0.015755,0.630185,1.514723,2.379120,-0.061003,-2.440123,-1.162762,-4.249690,0.108966,4.358657,1.812354,3.620473,-7.174233,-0.452499,0.000000,0.000000,0.000000,-0.011895,-0.070902,0.035474,-3.496455,6.267869,-0.759005,0.000229,0.000000,0.000000,284.513375,233.881537,1
5.766000,0.638311,-0.038177,0.235979,0.881913,-0.022613,-0.904526,-0.648921,1.203458,-0.030858,-1.234316,-0.635814,-3.846002,0.098615,3.944618,1.946324,0.950564,-0.024373,-0.974937,-0.070469,2.303404,-0.059062,-2.362466,-0.097182,-4.803242,0.123160,4.926402,-0.322406,-1.110931,0.028485,1.139417,-0.164206,1.181498,-0.030295,-1.211793,-0.089245,-2.682804,0.068790,2.751594,-0.395955,-0.614430,0.015755,0.630185,1.035195,2.379120,-0.061003,-2.440123,-1.205156,-4.249690,0.108966,4.358657,1.988393,3.767761,-7.490970,-0.487879,0.000000,0.000000,0.000000,-0.113164,-0.585968,0.286967,-3.643512,6.728187,-0.879775,0.000246,0.000000,0.000000,284.759179,234.070043,1
5.772000,0.656154,-0.040828,0.260574,5.210983,-0.133615,-5.344598,-4.715077,-3.378272,0.086622,3.464894,1.401256,8.613354,-0.220855,-8.834209,-4.853098,-0.954192,0.024466,0.978658,1.333842,0.939400,-0.024087,-0.963487,0.156144,-4.179018,0.107154,4.286172,0.818654,-2.260053,0.057950,2.318003,0.912014,0.494813,-0.012688,-0.507500,-0.044617,-3.573897,0.091638,3.665536,0.775955,-2.052654,0.052632,2.105286,1.636553,0.827567,-0.021220,-0.848786,-0.478870,-0.208928,0.005357,0.214285,-0.022692,2.655994,-4.295121,0.118336,0.000000,0.000000,0.000000,0.000000,0.000000,0.000000,-2.708624,5.430600,-0.916514,0.000867,0.000000,0.000000,285.279566,234.588566,1
5.782000,0.656680,-0.041527,0.261526,5.210983,-0.133615,-5.344598,-4.821537,-3.378272,0.086622,3.464894,1.371089,8.613354,-0.220855,-8.834209,-4.495289,-0.954192,0.024466,0.978658,1.436109,0.939400,-0.024087,-0.963487,0.264146,-4.179018,0.107154,4.286172,0.514454,-2.260053,0.057950,2.318003,0.972808,0.494813,-0.012688,-0.507500,0.030425,-3.573897,0.091638,3.665536,0.456387,-2.052654,0.052632,2.105286,1.620961,0.827567,-0.021220,-0.848786,-0.464973,-0.208928,0.005357,0.214285,0.019809,3.185235,-5.658453,-0.106941,0.000000,0.000000,0.000000,0.000000,0.000000,0.000000,-3.068501,6.628714,-1.223875,0.000819,0.000000,0.000000,286.098086,235.401687,1
5.788000,0.658612,-0.040146,0.250691,0.313715,-0.008044,-0.321759,-0.193180,0.582828,-0.014944,-0.597773,-0.494003,-1.858794,0.047661,1.906456,0.402385,0.935868,-0.023997,-0.959864,0.138384,0.467959,-0.011999,-0.479958,0.474588,-2.232766,0.057250,2.290017,0.110747,0.111636,-0.002862,-0.114499,-0.398516,-0.067772,0.001738,0.069509,0.390462,-1.463918,0.037536,1.501454,-0.455146,-0.785167,0.020132,0.805300,0.177111,0.999543,-0.025629,-1.025172,-0.606746,1.682907,-0.043151,-1.726058,-0.555806,3.099061,-4.562055,0.099263,0.000000,0.000000,0.000000,0.000000,0.000000,0.000000,-2.159387,6.304923,-1.234977,0.000042,0.000000,0.000000,286.123400,235.414473,1
5.798000,0.659290,-0.040514,0.249601,0.313715,-0.008044,-0.321759,-0.105097,0.582828,-0.014944,-0.597773,-0.439276,-1.858794,0.047661,1.906456,0.646247,0.935868,-0.023997,-0.959864,0.107993,0.467959,-0.011999,-0.479958,0.606772,-2.232766,0.057250,2.290017,-0.263912,0.111636,-0.002862,-0.114499,-0.458065,-0.067772,0.001738,0.069509,0.431782,-1.463918,0.037536,1.501454,-0.735924,-0.785167,0.020132,0.805300,0.104889,0.999543,-0.025629,-1.025172,-0.570142,1.682907,-0.043151,-1.726058,-0.631374,3.349334,-5.407483,-0.154522,0.000000,0.000000,0.000000,0.000000,0.000000,0.000000,-2.378834,6.945170,-1.348153,0.000055,0.000000,0.000000,286.178138,235.427128,1
5.804000,0.661096,-0.038790,0.239429,0.653325,-0.016752,-0.670077,-0.012623,0.246519,-0.006321,-0.252840,-0.311295,0.226995,-0.005820,-0.232816,0.148033,0.374490,-0.009602,-0.384092,0.136375,0.247058,-0.006335,-0.253393,1.027320,-1.891028,0.048488,1.939516,-1.253958,-0.296086,0.007592,0.303678,-0.485278,-0.134427,0.003447,0.137874,0.493935,-1.406876,0.036074,1.442949,-1.198556,-0.807667,0.020709,0.828376,-0.129228,0.705704,-0.018095,-0.723799,-0.478687,0.721328,-0.018496,-0.739823,-0.053754,3.524161,-6.860732,-0.527876,0.000000,0.000000,0.000000,0.000000,0.000000,0.000000,-2.987879,7.468668,-1.623793,0.000053,0.000000,0.000000,286.209966,235.401798,1
5.814000,0.661580,-0.038974,0.237083,0.653325,-0.016752,-0.670077,-0.017972,0.246519,-0.006321,-0.252840,-0.263184,0.226995,-0.005820,-0.232816,0.077305,0.374490,-0.009602,-0.384092,0.184745,0.247058,-0.006335,-0.253393,1.114666,-1.891028,0.048488,1.939516,-1.499643,-0.296086,0.007592,0.303678,-0.503351,-0.134427,0.003447,0.137874,0.484214,-1.406876,0.036074,1.442949,-1.391186,-0.807667,0.020709,0.828376,-0.036840,0.705704,-0.018095,-0.723799,-0.443732,0.721328,-0.018496,-0.739823,-0.124227,3.660329,-7.237476,-0.623190,0.000000,0.000000,0.000000,0.000000,0.000000,0.000000,-3.082954,7.681444,-1.664129,0.000060,0.000000,0.000000,286.270258,235.352675,1
5.818000,0.670666,-0.039062,0.237979,0.854522,-0.021911,-0.876433,-0.011428,0.021102,-0.000541,-0.021643,-0.096292,2.143431,-0.054960,-2.198391,-0.623982,0.114008,-0.002923,-0.116931,0.202397,-0.070134,0.001798,0.071932,1.280899,-1.565092,0.040131,1.605223,-1.707937,-0.356316,0.009136,0.365452,-0.411484,-0.357077,0.009156,0.366233,0.559631,-1.389848,0.035637,1.425485,-1.319117,-1.087505,0.027885,1.115389,0.043139,0.331013,-0.008488,-0.339500,-0.275366,1.365255,-0.035007,-1.400261,-0.280391,3.554867,-7.287126,-0.600195,0.000000,0.000000,0.000000,0.000000,0.000000,0.000000,-3.069992,7.341268,-1.744347,0.000070,0.000000,0.000000,286.298303,235.342351,1
5.828000,0.671270,-0.039015,0.235368,0.854522,-0.021911,-0.876433,-0.021131,0.021102,-0.000541,-0.021643,-0.077245,2.143431,-0.054960,-2.198391,-0.794030,0.114008,-0.002923,-0.116931,0.246802,-0.070134,0.001798,0.071932,1.345347,-1.565092,0.040131,1.605223,-1.889720,-0.356316,0.009136,0.365452,-0.444194,-0.357077,0.009156,0.366233,0.536701,-1.389848,0.035637,1.425485,-1.489990,-1.087505,0.027885,1.115389,0.088377,0.331013,-0.008488,-0.339500,-0.230465,1.365255,-0.035007,-1.400261,-0.405377,3.654815,-7.531892,-0.651904,0.000000,0.000000,0.000000,0.000000,0.000000,0.000000,-3.152254,7.501206,-1.781274,0.000082,0.000000,0.000000,286.379824,235.316901,1
5.832000,0.696613,-0.033661,0.245837,0.729852,-0.018714,-0.748566,0.286613,-0.018117,0.000465,0.018581,-0.079212,2.652445,-0.068011,-2.720457,-1.037554,-0.203885,0.005228,0.209113,-0.005137,-1.210306,0.031033,1.241339,1.590964,-0.723233,0.018544,0.741777,-1.489372,-0.308078,0.007899,0.315977,-0.205180,-1.273621,0.032657,1.306278,1.045534,-1.081014,0.027718,1.108733,-0.665979,0.409285,-0.010494,-0.419780,-0.732362,-0.263049,0.006745,0.269794,0.003087,-0.923682,0.023684,0.947366,0.261112,2.521228,-6.219016,-0.126923,0.000000,0.000000,0.000000,0.000000,0.000000,0.000000,-2.964292,6.238682,-1.595401,0.000088,0.000000,0.000000,286.415200,235.335276,1
5.842000,0.698392,-0.032428,0.243577,0.729852,-0.018714,-0.748566,0.113773,-0.018117,0.000465,0.018581,-0.063811,2.652445,-0.068011,-2.720457,-1.116668,-0.203885,0.005228,0.209113,-0.008026,-1.210306,0.031033,1.241339,1.715627,-0.723233,0.018544,0.741777,-1.803976,-0.308078,0.007899,0.315977,-0.237353,-1.273621,0.032657,1.306278,1.096958,-1.081014,0.027718,1.108733,-0.915220,0.409285,-0.010494,-0.419780,-0.731289,-0.263049,0.006745,0.269794,0.015206,-0.923682,0.023684,0.947366,0.364586,2.791281,-6.801734,-0.102255,0.000000,0.000000,0.000000,0.000000,0.000000,0.000000,-3.146469,6.711434,-1.766048,0.000098,0.000000,0.000000,286.512929,235.382687,1
5.846000,0.691675,-0.028640,0.243519,0.735212,-0.018852,-0.754064,-0.006130,-0.053645,0.001376,0.055020,-0.063829,2.719878,-0.069740,-2.789619,-0.978332,0.307226,-0.007878,-0.315103,-0.013056,0.228534,-0.005860,-0.234393,1.498628,-0.215986,0.005538,0.221524,-2.124423,0.165057,-0.004232,-0.169290,-0.736733,0.512307,-0.013136,-0.525443,0.198886,-1.090858,0.027971,1.118829,-0.872694,-0.682423,0.017498,0.699921,-0.003573,-0.118500,0.003038,0.121538,-0.014023,-0.297119,0.007618,0.304738,0.311615,2.953128,-6.766013,-0.279229,0.000000,0.000000,0.000000,0.000000,0.000000,0.000000,-2.511242,6.492788,-2.073252,0.000049,0.000000,0.000000,286.532401,235.386875,1
5.856000,0.692586,-0.027821,0.240790,0.735212,-0.018852,-0.754064,-0.008481,-0.053645,0.001376,0.055020,-0.047292,2.719878,-0.069740,-2.789619,-1.113317,0.307226,-0.007878,-0.315103,-0.008765,0.228534,-0.005860,-0.234393,1.583304,-0.215986,0.005538,0.221524,-2.337690,0.165057,-0.004232,-0.169290,-0.806420,0.512307,-0.013136,-0.525443,0.186119,-1.090858,0.027971,1.118829,-1.068917,-0.682423,0.017498,0.699921,0.007551,-0.118500,0.003038,0.121538,-0.017271,-0.297119,0.007618,0.304738,0.221150,3.033272,-7.059889,-0.321955,0.000000,0.000000,0.000000,0.000000,0.000000,0.000000,-2.628927,6.723542,-2.161295,0.000055,0.000000,0.000000,286.587516,235.398242,1
5.860000,0.705581,-0.054590,0.226061,0.576584,-0.014784,-0.591368,-0.042002,-0.049407,0.001267,0.050674,-0.032718,1.911843,-0.049022,-1.960865,-0.789707,0.193117,-0.004952,-0.198069,0.511768,0.182704,-0.004685,-0.187389,1.558619,-0.380856,0.009766,0.390621,-2.116936,0.019199,-0.000492,-0.019691,-0.421671,0.275023,-0.007052,-0.282075,0.348485,-0.918085,0.023541,0.941626,-1.315010,-0.234781,0.006020,0.240801,-0.164665,-0.079016,0.002026,0.081042,-0.013279,-0.589372,0.015112,0.604484,0.315551,3.573266,-6.077608,-0.520001,-0.001114,0.008313,0.005498,0.000000,0.000000,0.000000,-2.545911,7.284758,-1.585108,0.000044,0.000000,0.000000,286.605003,235.394934,1
5.870000,0.706769,-0.055338,0.222770,0.576584,-0.014784,-0.591368,-0.029034,-0.049407,0.001267,0.050674,-0.034666,1.911843,-0.049022,-1.960865,-0.818256,0.193117,-0.004952,-0.198069,0.504822,0.182704,-0.004685,-0.187389,1.615610,-0.380856,0.009766,0.390621,-2.274585,0.019199,-0.000492,-0.019691,-0.518904,0.275023,-0.007052,-0.282075,0.323815,-0.918085,0.023541,0.941626,-1.498810,-0.234781,0.006020,0.240801,-0.221278,-0.079016,0.002026,0.081042,-0.017389,-0.589372,0.015112,0.604484,0.302711,3.641198,-6.297450,-0.634053,-0.021258,0.106439,0.076177,0.000000,0.000000,0.000000,-2.652100,7.484029,-1.582098,0.000047,0.000000,0.000000,286.651655,235.384579,1
5.876000,0.716802,-0.051919,0.233949,-0.283592,0.007272,0.290864,0.298462,-0.031236,0.000801,0.032037,-0.036190,1.623131,-0.041619,-1.664750,-0.580409,-0.301606,0.007733,0.309340,0.235786,0.240510,-0.006167,-0.246676,1.495078,-1.136424,0.029139,1.165563,-1.996608,-0.093427,0.002396,0.095823,-0.626712,0.594692,-0.015249,-0.609941,0.220162,-1.740434,0.044627,1.785060,-0.970132,1.062010,-0.027231,-1.089242,-0.935024,-0.128883,0.003305,0.132188,-0.052645,-0.251551,0.006450,0.258001,0.391153,3.080140,-6.897645,-0.976575,0.000000,0.000000,0.000000,0.000000,0.000000,0.000000,-2.783976,7.312084,-1.441002,0.000069,0.000000,0.000000,286.692908,235.370271,1
5.886000,0.718195,-0.052416,0.231099,-0.283592,0.007272,0.290864,0.404054,-0.031236,0.000801,0.032037,-0.039799,1.623131,-0.041619,-1.664750,-0.632366,-0.301606,0.007733,0.309340,0.297878,0.240510,-0.006167,-0.246676,1.557596,-1.136424,0.029139,1.165563,-2.133048,-0.093427,0.002396,0.095823,-0.668104,0.594692,-0.015249,-0.609941,0.170156,-1.740434,0.044627,1.785060,-1.088015,1.062010,-0.027231,-1.089242,-1.119704,-0.128883,0.003305,0.132188,-0.044038,-0.251551,0.006450,0.258001,0.236167,3.167633,-7.056571,-1.030748,0.000000,0.000000,0.000000,0.000000,0.000000,0.000000,-2.834478,7.466491,-1.459069,0.000075,0.000000,0.000000,286.768213,235.345825,1
5.890000,0.714885,-0.046772,0.228267,0.621068,-0.015925,-0.636993,0.437870,-0.011422,0.000293,0.011715,-0.062982,3.454886,-0.088587,-3.543473,-0.542465,-0.080290,0.002059,0.082349,0.481961,0.979609,-0.025118,-1.004727,1.309901,-2.240778,0.057456,2.298234,-1.751967,0.224428,-0.005755,-0.230182,-0.676912,1.205584,-0.030912,-1.236496,-0.190179,-2.608473,0.066884,2.675357,-0.722980,-0.553454,0.014191,0.567645,-1.095942,-0.006684,0.000171,0.006855,-0.033837,0.287090,-0.007361,-0.294452,0.172656,3.578352,-7.307757,-0.829555,0.000000,0.000000,0.000000,0.002147,-0.009859,0.008132,-2.656896,7.078821,-1.626099,0.000106,0.000000,0.000000,286.810542,235.322318,1
5.900000,0.711656,-0.045682,0.226414,-0.495188,0.012697,0.507885,0.767843,-0.014538,0.000373,0.014911,-0.035601,1.795975,-0.046051,-1.842026,-0.690197,-0.442543,0.011347,0.453891,0.568225,0.616801,-0.015815,-0.632617,1.272267,-1.918837,0.049201,1.968038,-1.818699,0.011698,-0.000300,-0.011998,-0.639636,1.106437,-0.028370,-1.134807,-0.228799,-2.543620,0.065221,2.608841,-0.852547,1.114577,-0.028579,-1.143156,-1.445761,-0.102851,0.002637,0.105488,-0.029461,-0.248753,0.006378,0.255132,0.190602,3.369985,-7.141164,-0.891676,0.537686,0.272731,-0.133708,0.000000,0.000000,0.000000,-2.822389,6.895433,-1.536954,0.000105,0.000000,0.000000,286.915541,235.295078,1
5.906000,0.719261,-0.044832,0.225207,-0.249200,0.006390,0.255590,0.679524,-0.009484,0.000243,0.009727,-0.051158,1.487136,-0.038132,-1.525268,-0.476160,-0.260306,0.006675,0.266981,0.558183,0.912945,-0.023409,-0.936354,1.325981,-2.309676,0.059222,2.368898,-1.640850,0.213067,-0.005463,-0.218530,-0.774326,1.300787,-0.033354,-1.334141,-0.330536,-2.750910,0.070536,2.821447,-0.612657,0.403826,-0.010355,-0.414181,-1.185295,-0.040632,0.001042,0.041673,-0.026709,0.040962,-0.001050,-0.042012,0.096332,3.434821,-6.965972,-0.776474,0.224656,0.211600,0.003295,-0.211670,-0.867266,0.375460,-2.689385,6.947442,-1.575095,0.000090,0.000000,0.000000,286.969618,235.266802,1
5.916000,0.721033,-0.044534,0.222410,-0.260298,0.006674,0.266972,0.676141,-0.010357,0.000266,0.010623,-0.095297,1.462280,-0.037494,-1.499775,-0.789351,-0.268013,0.006872,0.274885,0.562391,0.862154,-0.022107,-0.884260,1.415689,-2.320306,0.059495,2.379801,-1.687071,0.209589,-0.005374,-0.214963,-0.838852,1.250934,-0.032075,-1.283010,-0.262724,-2.761356,0.070804,2.832160,-0.774477,0.435537,-0.011168,-0.446705,-1.059472,-0.041227,0.001057,0.042284,-0.016929,0.035590,-0.000913,-0.036502,0.053847,3.569112,-6.851453,-0.639256,0.552561,0.721984,0.123519,-2.433441,-4.373413,0.634793,-2.755500,7.336263,-1.741040,0.000100,0.000000,0.000000,287.069353,235.217260,1
5.922000,0.727253,-0.045230,0.224381,-0.424330,0.010880,0.435210,0.789074,0.106435,-0.002729,-0.109165,-0.056029,0.776981,-0.019923,-0.796904,-0.158961,-0.320417,0.008216,0.328633,0.542914,0.973999,-0.024974,-0.998973,1.289463,-2.457740,0.063019,2.520759,-1.449465,0.251092,-0.006438,-0.257530,-0.995410,1.488620,-0.038170,-1.526789,-0.504328,-3.019674,0.077428,3.097101,-0.518033,0.619292,-0.015879,-0.635172,-1.039922,-0.042452,0.001089,0.043540,-0.014703,-0.017374,0.000445,0.017819,0.064256,3.080212,-6.970155,-1.171817,2.608404,5.411521,1.701654,-0.254171,-0.608572,0.173290,-2.914183,6.471044,-1.049283,0.000089,0.000000,0.000000,287.122691,235.192034,1
5.932000,0.727929,-0.045638,0.221858,-0.424330,0.010880,0.435210,0.684438,0.106435,-0.002729,-0.109165,-0.166493,0.776981,-0.019923,-0.796904,-0.314856,-0.320417,0.008216,0.328633,0.473453,0.973999,-0.024974,-0.998973,1.267195,-2.457740,0.063019,2.520759,-1.554462,0.251092,-0.006438,-0.257530,-1.090957,1.488620,-0.038170,-1.526789,-0.591760,-3.019674,0.077428,3.097101,-0.655881,0.619292,-0.015879,-0.635172,-0.965290,-0.042452,0.001089,0.043540,0.354826,-0.017374,0.000445,0.017819,-0.537299,2.941994,-7.220058,-1.438529,2.032764,5.054283,1.824901,-0.854405,-2.122826,0.687267,-2.963205,6.045670,-0.776837,0.000098,0.000000,0.000000,287.220299,235.145137,1
5.938000,0.728648,-0.048831,0.220304,-0.352278,0.009033,0.361311,1.057005,0.353945,-0.009076,-0.363021,0.396670,0.287330,-0.007367,-0.294697,-2.211520,-0.303167,0.007774,0.310940,0.771650,1.000955,-0.025666,-1.026621,1.239110,-2.475961,0.063486,2.539447,-1.161396,0.297941,-0.007640,-0.305581,-0.774856,1.581423,-0.040549,-1.621972,-0.423733,-3.121629,0.080042,3.201671,-0.559448,0.675567,-0.017322,-0.692890,-0.907888,-0.057773,0.001481,0.059255,0.007470,-0.035878,0.000920,0.036798,0.041630,3.372181,-5.537801,-0.388054,1.041989,1.357717,0.237124,-2.534469,-5.653131,1.326515,-2.342279,6.969704,-1.647350,0.000090,0.000000,0.000000,287.274210,235.125170,1
5.948000,0.729060,-0.049045,0.218287,-0.352278,0.009033,0.361311,1.165998,0.353945,-0.009076,-0.363021,0.467502,0.287330,-0.007367,-0.294697,-2.416479,-0.303167,0.007774,0.310940,0.815679,1.000955,-0.025666,-1.026621,1.217870,-2.475961,0.063486,2.539447,-1.062737,0.297941,-0.007640,-0.305581,-0.754670,1.581423,-0.040549,-1.621972,-0.407223,-3.121629,0.080042,3.201671,-0.613186,0.675567,-0.017322,-0.692890,-0.786267,-0.057773,0.001481,0.059255,0.077281,-0.035878,0.000920,0.036798,0.017112,3.040524,-5.371397,-0.560082,3.435743,6.412606,1.853351,-2.377695,-5.502174,1.375162,-2.475162,6.726643,-1.420089,0.000089,0.000000,0.000000,287.363312,235.092632,1
5.956000,0.752751,-0.042195,0.226297,-0.381227,0.009775,0.391002,0.752966,1.039055,-0.026642,-1.065697,0.251596,-2.230677,0.057197,2.287874,-1.096529,-0.373827,0.009585,0.383412,0.568744,0.889065,-0.022797,-0.911862,1.243641,-2.933417,0.075216,3.008633,-0.771919,0.400410,-0.010267,-0.410677,-0.996253,1.675905,-0.042972,-1.718877,-0.640017,-3.755223,0.096288,3.851511,0.336886,0.882263,-0.022622,-0.904885,-1.060776,0.074482,-0.001910,-0.076391,0.044755,-1.354667,0.034735,1.389402,0.585717,3.465351,-5.013562,-0.076891,0.218850,0.231732,0.029118,-4.057763,-7.689247,1.805623,-2.003840,5.923235,-1.404480,0.000113,0.000000,0.000000,287.453949,235.083481,1
5.966000,0.754059,-0.041912,0.225119,-0.381227,0.009775,0.391002,0.964460,1.039055,-0.026642,-1.065697,0.558136,-2.230677,0.057197,2.287874,-1.668951,-0.373827,0.009585,0.383412,0.728853,0.889065,-0.022797,-0.911862,1.276753,-2.933417,0.075216,3.008633,-0.612391,0.400410,-0.010267,-0.410677,-0.830619,1.675905,-0.042972,-1.718877,-0.459301,-3.755223,0.096288,3.851511,0.210215,0.882263,-0.022622,-0.904885,-0.957373,0.074482,-0.001910,-0.076391,0.020497,-1.354667,0.034735,1.389402,0.626691,3.294246,-4.676738,-0.034939,0.813707,0.900290,0.126298,-3.573054,-7.102729,1.833814,-2.047770,6.656568,-1.759889,0.000118,0.000000,0.000000,287.571501,235.052606,1
5.974000,0.757406,-0.033725,0.242236,-0.993491,0.025474,1.018965,-0.440390,1.816832,-0.046585,-1.863417,0.151106,-5.070008,0.130000,5.200008,0.414215,-1.024695,0.026274,1.050969,1.404524,0.744468,-0.019089,-0.763557,0.089585,-3.661600,0.093887,3.755487,0.996499,0.106085,-0.002720,-0.108805,1.168566,1.494938,-0.038332,-1.533270,-1.242307,-3.780031,0.096924,3.876955,2.144498,-0.211757,0.005430,0.217186,-0.265143,1.392345,-0.035701,-1.428046,0.310919,-6.420038,0.164616,6.584655,-0.044700,0.000000,0.000000,0.000000,2.981786,9.180265,2.130026,-4.971123,-6.181996,0.199473,-0.652718,0.503342,0.328554,0.000193,0.000000,0.000000,287.726006,235.179562,1
5.984000,0.758453,-0.033271,0.242325,-0.993491,0.025474,1.018965,-0.391589,1.816832,-0.046585,-1.863417,0.203463,-5.070008,0.130000,5.200008,0.170794,-1.024695,0.026274,1.050969,1.216612,0.744468,-0.019089,-0.763557,-0.200520,-3.661600,0.093887,3.755487,1.455794,0.106085,-0.002720,-0.108805,0.958217,1.494938,-0.038332,-1.533270,-1.100357,-3.780031,0.096924,3.876955,1.952488,-0.211757,0.005430,0.217186,-0.112978,1.392345,-0.035701,-1.428046,0.079633,-6.420038,0.164616,6.584655,0.068773,0.000000,0.000000,0.000000,3.470844,8.801656,1.586321,-4.954560,-6.607309,0.493910,-1.167615,0.866005,0.607403,0.000185,0.000000,0.000000,287.911180,235.344323,1
5.990000,0.754778,-0.034945,0.240388,-0.905686,0.023223,0.928908,0.099425,1.292615,-0.033144,-1.325759,0.290200,-2.993226,0.076749,3.069975,-0.699868,-0.503885,0.012920,0.516805,0.927701,0.471012,-0.012077,-0.483090,-0.393798,-0.672170,0.017235,0.689405,-0.143101,1.541048,-0.039514,-1.580562,-1.221318,0.485043,-0.012437,-0.497480,-0.384251,0.911367,-0.023368,-0.934735,-1.540913,-0.186368,0.004779,0.191147,0.413244,1.488704,-0.038172,-1.526876,-0.228173,-5.008962,0.128435,5.137397,-0.182211,0.000000,0.000000,0.000000,3.302576,7.182416,1.519067,-3.807426,-5.717969,0.717770,0.000000,0.000000,0.000000,0.000083,0.000000,0.000000,287.961096,235.351422,1
6.000000,0.755052,-0.034672,0.240112,-0.905686,0.023223,0.928908,0.043474,1.292615,-0.033144,-1.325759,0.270794,-2.993226,0.076749,3.069975,-0.727011,-0.503885,0.012920,0.516805,0.622651,0.471012,-0.012077,-0.483090,-0.376320,-0.672170,0.017235,0.689405,0.069936,1.541048,-0.039514,-1.580562,-1.109128,0.485043,-0.012437,-0.497480,-0.418955,0.911367,-0.023368,-0.934735,-0.859796,-0.186368,0.004779,0.191147,0.457317,1.488704,-0.038172,-1.526876,-0.362288,-5.008962,0.128435,5.137397,-0.140007,0.000000,0.000000,0.000000,3.339083,7.125972,1.462407,-3.985002,-5.909836,0.724943,0.000000,0.000000,0.000000,0.000073,0.000000,0.000000,288.034177,235.358299,1
6.004000,0.750719,-0.042705,0.244787,-0.052426,0.001344,0.053770,-0.087471,-0.013083,0.000335,0.013418,0.466413,-1.451391,0.037215,1.488607,-0.516724,0.987122,-0.025311,-1.012433,-0.522107,0.436589,-0.011195,-0.447784,-0.401180,-0.647032,0.016591,0.663623,0.109738,-1.174943,0.030127,1.205070,0.187306,0.238841,-0.006124,-0.244965,-0.364905,-3.262964,0.083666,3.346630,0.707068,0.254677,-0.006530,-0.261207,0.466968,0.532869,-0.013663,-0.546532,-0.235068,-3.450515,0.088475,3.538990,0.124985,0.000000,0.000000,0.000000,3.025484,5.198033,1.206189,-2.691775,-4.527971,0.211739,0.000000,0.000000,0.000000,0.000049,0.000000,0.000000,288.053919,235.370874,1
6.014000,0.751028,-0.043476,0.243662,-0.052426,0.001344,0.053770,-0.116433,-0.013083,0.000335,0.013418,0.604375,-1.451391,0.037215,1.488607,-0.809552,0.987122,-0.025311,-1.012433,-0.731235,0.436589,-0.011195,-0.447784,-0.333060,-0.647032,0.016591,0.663623,0.183335,-1.174943,0.030127,1.205070,0.529022,0.238841,-0.006124,-0.244965,-0.287516,-3.262964,0.083666,3.346630,1.180360,0.254677,-0.006530,-0.261207,0.501611,0.532869,-0.013663,-0.546532,-0.203751,-3.450515,0.088475,3.538990,-0.083775,0.000000,0.000000,0.000000,3.213716,5.698144,1.402714,-3.036384,-5.240660,0.299451,0.000000,0.000000,0.000000,0.000074,0.000000,0.000000,288.128195,235.412373,1
6.018000,0.763762,-0.036065,0.238652,-0.325677,0.008351,0.334028,-0.124360,0.246437,-0.006319,-0.252756,0.698373,-1.474421,0.037806,1.512227,-0.854329,-0.675824,0.017329,0.693153,0.022787,0.003079,-0.000079,-0.003158,-0.215720,1.722719,-0.044172,-1.766891,-0.486714,0.844896,-0.021664,-0.866560,0.004704,0.067975,-0.001743,-0.069718,-0.125369,0.390607,-0.010016,-0.400623,0.145624,-0.014366,0.000368,0.014734,0.420693,0.365437,-0.009370,-0.374807,0.078525,-2.576150,0.066055,2.642205,-0.470458,0.000000,0.000000,0.000000,3.136649,6.485091,1.478448,-3.533203,-5.097240,0.349605,0.000000,0.000000,0.000000,0.000037,0.000000,0.000000,288.143140,235.404559,1
6.028000,0.761821,-0.036551,0.235615,-0.278056,0.007130,0.285186,-0.088455,-0.034428,0.000883,0.035311,0.833553,-1.440687,0.036941,1.477628,-1.269706,-0.427513,0.010962,0.438475,-0.028153,0.011090,-0.000284,-0.011374,-0.135931,1.413963,-0.036255,-1.450219,-0.490596,0.006152,-0.000158,-0.006310,0.497927,0.043798,-0.001123,-0.044921,-0.104725,-0.919838,0.023586,0.943424,0.528846,0.012262,-0.000314,-0.012576,0.518805,0.058005,-0.001487,-0.059492,0.092822,-2.475824,0.063483,2.539306,-0.770399,0.000000,0.000000,0.000000,3.425848,6.620681,1.585233,-3.787559,-5.912761,0.475885,0.000000,0.000000,0.000000,0.000051,0.000000,0.000000,288.194453,235.378168,1
6.032000,0.771481,-0.039320,0.242045,-0.223966,0.005743,0.229709,-0.129287,0.011468,-0.000294,-0.011763,0.947322,-1.093618,0.028041,1.121659,-1.054798,-0.519011,0.013308,0.532319,-0.134410,0.006063,-0.000155,-0.006219,-0.159578,1.570272,-0.040263,-1.610536,-0.497282,0.497792,-0.012764,-0.510556,0.121220,-0.011452,0.000294,0.011746,-0.062210,0.155316,-0.003982,-0.159299,0.209374,0.017744,-0.000455,-0.018199,0.331148,0.108807,-0.002790,-0.111596,0.365996,-1.958779,0.050225,2.009004,-0.602673,0.000000,0.000000,0.000000,3.009460,6.631344,1.619579,-3.554218,-5.496052,0.324302,0.000000,0.000000,0.000000,0.000035,0.000000,0.000000,288.208257,235.370779,1
6.042000,0.772401,-0.039540,0.241526,-0.135714,0.003480,0.139194,-0.194420,-0.111298,0.002854,0.114152,1.076218,-1.025159,0.026286,1.051445,-1.325767,-0.250873,0.006433,0.257306,-0.182637,0.025502,-0.000654,-0.026156,-0.127051,1.372898,-0.035203,-1.408100,-0.501365,0.476146,-0.012209,-0.488355,0.109913,-0.058058,0.001489,0.059547,-0.043621,-0.545625,0.013990,0.559615,0.363061,0.094575,-0.002425,-0.097000,0.326097,0.047160,-0.001209,-0.048369,0.375581,-1.998939,0.051255,2.050193,-0.741889,0.000000,0.000000,0.000000,3.141114,6.906370,1.713097,-3.709127,-5.965545,0.390262,0.000000,0.000000,0.000000,0.000041,0.000000,0.000000,288.249562,235.350181,1
6.046000,0.782112,-0.037861,0.243677,-0.149606,0.003836,0.153442,-0.151890,-0.081204,0.002082,0.083286,1.099728,-0.975008,0.025000,1.000008,-1.411798,-0.742556,0.019040,0.761596,0.122598,-0.019286,0.000495,0.019781,-0.101326,1.756654,-0.045042,-1.801696,-0.750577,0.488483,-0.012525,-0.501008,-0.004403,-0.006378,0.000164,0.006541,-0.035028,0.646222,-0.016570,-0.662792,-0.114069,0.070541,-0.001809,-0.072350,0.197840,-0.092622,0.002375,0.094997,0.473109,-1.543235,0.039570,1.582806,-0.755776,0.000000,0.000000,0.000000,3.193268,6.689730,1.579020,-3.830431,-5.726731,0.394662,0.000000,0.000000,0.000000,0.000043,0.000000,0.000000,288.266793,235.346229,1
6.056000,0.780393,-0.038391,0.239205,-0.175428,0.004498,0.179927,-0.173005,-0.001953,0.000050,0.002003,1.227650,-0.962322,0.024675,0.986997,-1.716513,-0.761541,0.019527,0.781068,0.165078,-0.028480,0.000730,0.029210,-0.083709,1.723151,-0.044183,-1.767334,-0.759734,0.567531,-0.014552,-0.582083,-0.001262,0.022460,-0.000576,-0.023036,-0.046510,0.939126,-0.024080,-0.963206,-0.261452,0.038280,-0.000982,-0.039261,0.325747,-0.027021,0.000693,0.027714,0.461373,-1.480133,0.037952,1.518086,-1.067032,0.000000,0.000000,0.000000,3.358219,7.090404,1.740170,-4.062900,-6.186603,0.450267,0.000000,0.000000,0.000000,0.000051,0.000000,0.000000,288.317803,235.330031,1
6.058000,0.786767,-0.035135,0.240594,-0.092069,0.002361,0.094430,-0.202366,-0.124790,0.003200,0.127990,1.224286,-0.807809,0.020713,0.828522,-1.529968,-0.578666,0.014838,0.593504,0.079493,-0.048808,0.001251,0.050060,-0.049828,1.416958,-0.036332,-1.453290,-0.543149,0.358641,-0.009196,-0.367837,0.061807,-0.073767,0.001891,0.075659,-0.014335,0.354952,-0.009101,-0.364053,-0.057389,0.085147,-0.002183,-0.087330,0.287072,-0.160724,0.004121,0.164845,0.520549,-1.210434,0.031037,1.241471,-0.899869,0.000000,0.000000,0.000000,3.205997,6.640751,1.536380,-3.840420,-5.666772,0.333238,0.000000,0.000000,0.000000,0.000036,0.000000,0.000000,288.324913,235.327320,1
6.068000,0.787932,-0.035134,0.238307,-0.092069,0.002361,0.094430,-0.191595,-0.124790,0.003200,0.127990,1.319963,-0.807809,0.020713,0.828522,-1.792190,-0.578666,0.014838,0.593504,0.047690,-0.048808,0.001251,0.050060,-0.038965,1.416958,-0.036332,-1.453290,-0.566706,0.358641,-0.009196,-0.367837,0.080903,-0.073767,0.001891,0.075659,-0.011136,0.354952,-0.009101,-0.364053,-0.034787,0.085147,-0.002183,-0.087330,0.353096,-0.160724,0.004121,0.164845,0.537744,-1.210434,0.031037,1.241471,-1.133444,0.000000,0.000000,0.000000,3.400356,7.006241,1.606485,-4.037687,-6.089813,0.448908,0.000000,0.000000,0.000000,0.000041,0.000000,0.000000,288.365869,235.308807,1
6.072000,0.788923,-0.035534,0.235981,-0.136944,0.003511,0.140455,-0.175736,0.045586,-0.001169,-0.046755,1.336487,-0.809274,0.020751,0.830025,-1.894198,-0.802139,0.020568,0.822706,0.034937,-0.074264,0.001904,0.076168,-0.036166,2.167537,-0.055578,-2.223115,-0.725328,0.581089,-0.014900,-0.595988,0.031343,-0.004395,0.000113,0.004507,-0.021859,0.870044,-0.022309,-0.892353,-0.102212,0.051459,-0.001319,-0.052779,0.446309,0.000854,-0.000022,-0.000876,0.448694,-1.189974,0.030512,1.220486,-1.241865,0.000000,0.000000,0.000000,3.376019,7.085521,1.627463,-4.082166,-6.265025,0.626844,0.000000,0.000000,0.000000,0.000050,0.000000,0.000000,288.385681,235.302854,1
6.082000,0.789828,-0.035359,0.233192,-0.136944,0.003511,0.140455,-0.175480,0.045586,-0.001169,-0.046755,1.409689,-0.809274,0.020751,0.830025,-2.098663,-0.802139,0.020568,0.822706,0.060036,-0.074264,0.001904,0.076168,-0.034743,2.167537,-0.055578,-2.223115,-0.852665,0.581089,-0.014900,-0.595988,0.020967,-0.004395,0.000113,0.004507,-0.024324,0.870044,-0.022309,-0.892353,-0.178927,0.051459,-0.001319,-0.052779,0.518157,0.000854,-0.000022,-0.000876,0.433620,-1.189974,0.030512,1.220486,-1.432474,0.000000,0.000000,0.000000,3.508616,7.294675,1.651975,-4.205324,-6.532198,0.720043,0.000000,0.000000,0.000000,0.000057,0.000000,0.000000,288.442966,235.287662,1
6.086000,0.806009,-0.030148,0.239673,-0.026578,0.000681,0.027259,-0.290517,-0.219127,0.005619,0.224745,1.407487,-0.816752,0.020942,0.837695,-1.785489,-0.778362,0.019958,0.798320,0.096746,-0.048786,0.001251,0.050037,-0.047719,2.427178,-0.062235,-2.489413,-0.940531,0.180677,-0.004633,-0.185310,0.282755,-0.019073,0.000489,0.019562,-0.027937,-0.176153,0.004517,0.180670,0.091690,0.152039,-0.003898,-0.155938,0.270346,-0.239928,0.006152,0.246080,0.575878,-1.242294,0.031854,1.274148,-1.097898,0.000000,0.000000,0.000000,3.367823,7.061210,1.369222,-4.041878,-6.023229,0.680107,0.000000,0.000000,0.000000,0.000059,0.000000,0.000000,288.466538,235.287235,1
6.096000,0.807502,-0.029732,0.237047,-0.026578,0.000681,0.027259,-0.280755,-0.219127,0.005619,0.224745,1.485707,-0.816752,0.020942,0.837695,-1.987150,-0.778362,0.019958,0.798320,0.110647,-0.048786,0.001251,0.050037,-0.037092,2.427178,-0.062235,-2.489413,-1.027173,0.180677,-0.004633,-0.185310,0.313140,-0.019073,0.000489,0.019562,-0.032580,-0.176153,0.004517,0.180670,0.088621,0.152039,-0.003898,-0.155938,0.345380,-0.239928,0.006152,0.246080,0.581561,-1.242294,0.031854,1.274148,-1.301487,0.000000,0.000000,0.000000,3.523956,7.364887,1.399469,-4.181652,-6.310157,0.794286,0.000000,0.000000,0.000000,0.000066,0.000000,0.000000,288.532372,235.284170,1
6.100000,0.811294,-0.034518,0.232342,-0.164534,0.004219,0.168752,-0.156686,-0.036364,0.000932,0.037297,1.518936,-0.519155,0.013312,0.532467,-2.023209,-0.500666,0.012838,0.513503,-0.005624,-0.034136,0.000875,0.035012,-0.030249,1.880908,-0.048228,-1.929136,-0.757587,0.137359,-0.003522,-0.140881,0.367294,-0.029272,0.000751,0.030022,0.045288,-1.036525,0.026578,1.063103,0.466645,-0.004710,0.000121,0.004831,0.601816,0.071645,-0.001837,-0.073483,0.424734,-1.106998,0.028385,1.135383,-1.167082,0.000000,0.000000,0.000000,3.345011,6.866789,1.582222,-4.066333,-6.047677,0.491088,0.000000,0.000000,0.000000,0.000045,0.000000,0.000000,288.550509,235.282181,1
6.110000,0.812482,-0.034419,0.229348,-0.164534,0.004219,0.168752,-0.152147,-0.036364,0.000932,0.037297,1.590742,-0.519155,0.013312,0.532467,-2.209034,-0.500666,0.012838,0.513503,-0.007973,-0.034136,0.000875,0.035012,-0.033443,1.880908,-0.048228,-1.929136,-0.788148,0.137359,-0.003522,-0.140881,0.377690,-0.029272,0.000751,0.030022,0.010558,-1.036525,0.026578,1.063103,0.504608,-0.004710,0.000121,0.004831,0.680133,0.071645,-0.001837,-0.073483,0.414580,-1.106998,0.028385,1.135383,-1.357030,0.000000,0.000000,0.000000,3.487311,7.120297,1.624068,-4.177712,-6.312620,0.592094,0.000000,0.000000,0.000000,0.000050,0.000000,0.000000,288.600023,235.275063,1
6.114000,0.811761,-0.029565,0.227885,-0.106159,0.002722,0.108882,-0.240677,0.073377,-0.001881,-0.075258,1.541046,-0.710586,0.018220,0.728806,-2.293215,-1.021362,0.026189,1.047551,0.121707,-0.030880,0.000792,0.031672,-0.063679,3.244480,-0.083192,-3.327672,-1.234130,0.607814,-0.015585,-0.623399,0.265211,-0.022784,0.000584,0.023369,-0.013735,0.322016,-0.008257,-0.330273,0.056163,0.093472,-0.002397,-0.095869,0.490847,0.082947,-0.002127,-0.085074,0.396682,-1.183131,0.030337,1.213468,-1.442536,-0.002852,-0.006724,-0.005915,3.652110,7.389273,1.407735,-4.420136,-6.427997,0.945986,0.000000,0.000000,0.000000,0.000081,0.000000,0.000000,288.632284,235.276677,1
6.124000,0.812831,-0.030890,0.226049,-0.251586,0.006451,0.258037,-0.138173,0.297122,-0.007619,-0.304740,1.564483,-0.685716,0.017582,0.703298,-2.510075,-1.281353,0.032855,1.314208,0.267348,-0.028559,0.000732,0.029292,-0.067482,4.210119,-0.107952,-4.318071,-1.715480,0.900057,-0.023078,-0.923136,0.116622,-0.023538,0.000604,0.024142,-0.019949,0.778371,-0.019958,-0.798329,-0.060997,-0.036098,0.000926,0.037023,0.663274,0.396338,-0.010163,-0.406500,0.266393,-1.354372,0.034727,1.389099,-1.533071,0.000000,0.000000,0.000000,3.747026,7.730181,1.504932,-4.550606,-6.728860,0.996454,0.000000,0.000000,0.000000,0.000125,0.000000,0.000000,288.756863,235.308741,1
6.130000,0.813910,-0.035662,0.227469,-0.226740,0.005814,0.232554,-0.148375,0.357884,-0.009177,-0.367060,1.457375,-0.900691,0.023095,0.923786,-2.369679,-0.721925,0.018511,0.740436,0.013383,-0.022246,0.000570,0.022817,-0.043708,3.467152,-0.088901,-3.556054,-1.504590,0.296419,-0.007600,-0.304020,0.481885,-0.032822,0.000842,0.033663,0.043538,-0.539897,0.013844,0.553741,0.274626,-0.186111,0.004772,0.190884,0.738783,0.649645,-0.016658,-0.666303,0.079490,-1.743402,0.044703,1.788105,-1.266675,0.000000,0.000000,0.000000,3.598551,7.311788,1.704045,-4.474205,-6.718201,0.735045,0.000000,0.000000,0.000000,0.000109,0.000000,0.000000,288.822136,235.311326,1
6.140000,0.814656,-0.035428,0.224200,-0.226740,0.005814,0.232554,-0.154950,0.357884,-0.009177,-0.367060,1.493898,-0.900691,0.023095,0.923786,-2.459604,-0.721925,0.018511,0.740436,0.011847,-0.022246,0.000570,0.022817,-0.045430,3.467152,-0.088901,-3.556054,-1.563041,0.296419,-0.007600,-0.304020,0.439045,-0.032822,0.000842,0.033663,0.007427,-0.539897,0.013844,0.553741,0.286506,-0.186111,0.004772,0.190884,0.825412,0.649645,-0.016658,-0.666303,0.047271,-1.743402,0.044703,1.788105,-1.408761,0.000000,0.000000,0.000000,3.697501,7.446420,1.712904,-4.501550,-6.796667,0.792531,0.000000,0.000000,0.000000,0.000114,0.000000,0.000000,288.936387,235.314746,1
6.144000,0.850892,-0.049323,0.250017,-0.575894,0.014767,0.590661,-0.446006,0.838324,-0.021495,-0.859820,1.114897,-2.574051,0.066001,2.640053,-0.438714,2.758855,-0.070740,-2.829595,-1.802591,0.004513,-0.000116,-0.004628,-0.100033,-3.736918,0.095818,3.832736,1.570431,-2.275196,0.058338,2.333534,2.742650,-0.038024,0.000975,0.038999,0.486416,-3.412540,0.087501,3.500042,1.210618,-1.447575,0.037117,1.484692,0.713133,2.048803,-0.052533,-2.101336,-0.472386,-4.218730,0.108173,4.326902,1.053179,0.000000,0.000000,0.000000,2.255262,5.297835,1.487189,-3.086456,-4.906204,0.284568,-7.864367,9.262101,0.926554,0.000308,0.000000,0.000000,289.059447,235.418764,1
6.154000,0.852776,-0.050463,0.249320,-0.575894,0.014767,0.590661,0.061748,0.838324,-0.021495,-0.859820,1.029898,-2.574051,0.066001,2.640053,-0.546821,2.758855,-0.070740,-2.829595,-1.744357,0.004513,-0.000116,-0.004628,-0.109229,-3.736918,0.095818,3.832736,1.656813,-2.275196,0.058338,2.333534,1.589242,-0.038024,0.000975,0.038999,0.636017,-3.412540,0.087501,3.500042,0.385492,-1.447575,0.037117,1.484692,1.215716,2.048803,-0.052533,-2.101336,-0.535460,-4.218730,0.108173,4.326902,0.791364,0.000000,0.000000,0.000000,2.929635,4.720351,0.732497,-2.587532,-5.487746,0.879238,-3.482517,7.516710,-0.744101,0.000251,0.000000,0.000000,289.310337,235.623070,1
6.158000,0.844566,-0.015239,0.227119,-0.277603,0.007118,0.284721,-0.577534,1.729200,-0.044338,-1.773538,0.657587,-2.150389,0.055138,2.205527,-0.416129,1.203738,-0.030865,-1.234603,-0.862067,-0.066505,0.001705,0.068210,0.500036,-0.273515,0.007013,0.280528,-2.132624,-0.417359,0.010702,0.428061,1.015366,-0.014527,0.000372,0.014899,0.034859,-0.458830,0.011765,0.470595,0.424255,-1.151132,0.029516,1.180648,0.608524,2.872091,-0.073643,-2.945735,-0.220558,-3.534816,0.090636,3.625452,-0.419506,2.094895,-6.499003,-0.763909,2.643398,8.687194,2.069916,-4.237328,-3.494113,-0.516828,0.000000,0.000000,0.000000,0.000075,0.000000,0.000000,289.340213,235.618005,1
6.168000,0.845473,-0.014053,0.225818,-0.277603,0.007118,0.284721,-0.701050,1.729200,-0.044338,-1.773538,0.661316,-2.150389,0.055138,2.205527,-0.490775,1.203738,-0.030865,-1.234603,-1.042583,-0.066505,0.001705,0.068210,0.486325,-0.273515,0.007013,0.280528,-2.339116,-0.417359,0.010702,0.428061,0.961600,-0.014527,0.000372,0.014899,0.000891,-0.458830,0.011765,0.470595,0.322360,-1.151132,0.029516,1.180648,0.531555,2.872091,-0.073643,-2.945735,-0.329725,-3.534816,0.090636,3.625452,-0.383860,1.989863,-6.404734,-0.806284,2.533381,8.522933,2.033392,-4.238958,-3.572624,-0.437272,0.000000,0.000000,0.000000,0.000080,0.000000,0.000000,289.420066,235.607803,1
6.176000,0.844707,-0.033423,0.226099,-0.239969,0.006153,0.246122,-0.465501,1.533652,-0.039324,-1.572976,1.037850,-2.199126,0.056388,2.255514,-1.109004,1.137502,-0.029167,-1.166669,-0.757543,0.127267,-0.003263,-0.130530,0.226256,-0.644598,0.016528,0.661126,-1.913877,-0.613383,0.015728,0.629111,1.061044,-0.017221,0.000442,0.017662,0.011399,-0.500396,0.012831,0.513226,0.277042,-1.124340,0.028829,1.153169,1.081614,2.703500,-0.069321,-2.772821,-0.715600,-3.618734,0.092788,3.711522,-0.224005,3.011842,-7.164972,-0.842153,2.454414,7.217347,2.346171,-4.521448,-4.832716,-0.351202,-0.271318,0.492395,-0.094658,0.000113,0.000000,0.000000,289.510465,235.596208,1
6.186000,0.845174,-0.033343,0.224421,-0.239969,0.006153,0.246122,-0.579056,1.533652,-0.039324,-1.572976,1.059355,-2.199126,0.056388,2.255514,-1.044813,1.137502,-0.029167,-1.166669,-0.903950,0.127267,-0.003263,-0.130530,0.320246,-0.644598,0.016528,0.661126,-2.229900,-0.613383,0.015728,0.629111,0.969214,-0.017221,0.000442,0.017662,0.002507,-0.500396,0.012831,0.513226,0.237497,-1.124340,0.028829,1.153169,1.015241,2.703500,-0.069321,-2.772821,-0.704035,-3.618734,0.092788,3.711522,-0.246818,2.764490,-6.811592,-0.909178,2.442153,7.327972,2.426075,-4.322596,-4.580077,-0.357460,-0.459964,0.959778,-0.229049,0.000115,0.000000,0.000000,289.625533,235.579324,1
6.192000,0.842883,-0.035845,0.221525,0.108586,-0.002784,-0.111371,-0.399542,1.318648,-0.033811,-1.352459,0.805090,-2.536652,0.065042,2.601695,-1.190440,0.865306,-0.022187,-0.887494,-0.612586,1.145119,-0.029362,-1.174481,-0.537254,-2.681105,0.068746,2.749852,-0.346404,-0.745093,0.019105,0.764198,0.792998,-0.003516,0.000090,0.003607,0.021169,-0.963331,0.024701,0.988031,0.555989,-0.821904,0.021074,0.842978,1.221971,2.541044,-0.065155,-2.606199,-1.104996,-3.957522,0.101475,4.058996,-0.039530,4.243545,-9.786470,-1.539758,2.616616,6.561179,2.000005,-4.520427,-5.256597,-0.188273,0.000000,0.000000,0.000000,0.000116,0.000000,0.000000,289.695034,235.585237,1
6.202000,0.842955,-0.035855,0.219959,0.108586,-0.002784,-0.111371,-0.629061,1.318648,-0.033811,-1.352459,0.865598,-2.536652,0.065042,2.601695,-1.077857,0.865306,-0.022187,-0.887494,-0.767426,1.145119,-0.029362,-1.174481,-0.168511,-2.681105,0.068746,2.749852,-1.516027,-0.745093,0.019105,0.764198,0.764432,-0.003516,0.000090,0.003607,0.009825,-0.963331,0.024701,0.988031,0.523863,-0.821904,0.021074,0.842978,1.017352,2.541044,-0.065155,-2.606199,-0.971303,-3.957522,0.101475,4.058996,-0.165962,3.682456,-9.364243,-1.949011,2.526207,6.974729,2.325039,-4.308548,-4.727699,-0.361134,0.000000,0.000000,0.000000,0.000143,0.000000,0.000000,289.837607,235.551461,1
6.208000,0.843401,-0.043822,0.223024,0.476203,-0.012210,-0.488413,-0.605345,1.053113,-0.027003,-1.080116,0.447419,-2.905949,0.074512,2.980461,-0.166799,1.103404,-0.028292,-1.131696,-0.823327,0.859355,-0.022035,-0.881390,-0.195769,-2.742945,0.070332,2.813277,-1.033439,-0.735155,0.018850,0.754005,0.640942,0.091816,-0.002354,-0.094171,0.694086,-1.690741,0.043352,1.734093,-0.812983,-0.526891,0.013510,0.540401,0.709797,2.002218,-0.051339,-2.053557,-1.076211,-3.720578,0.095399,3.815978,0.567838,2.788077,-6.239594,-0.889777,1.994798,3.424321,0.675876,-2.556293,-4.148923,0.544440,-2.308320,6.445308,-2.188959,0.000120,0.000000,0.000000,289.909647,235.559146,1
6.218000,0.843010,-0.044090,0.222637,0.476203,-0.012210,-0.488413,-0.548229,1.053113,-0.027003,-1.080116,0.357598,-2.905949,0.074512,2.980461,-0.170136,1.103404,-0.028292,-1.131696,-0.770678,0.859355,-0.022035,-0.881390,-0.266026,-2.742945,0.070332,2.813277,-0.983387,-0.735155,0.018850,0.754005,0.649119,0.091816,-0.002354,-0.094171,0.598884,-1.690741,0.043352,1.734093,-0.835436,-0.526891,0.013510,0.540401,0.691589,2.002218,-0.051339,-2.053557,-1.061865,-3.720578,0.095399,3.815978,0.456732,2.781618,-6.099132,-0.823130,1.946203,3.583823,0.814280,-2.499517,-4.209222,0.613349,-2.272757,5.999785,-1.961349,0.000113,0.000000,0.000000,290.022907,235.569107,1
6.224000,0.859708,-0.048922,0.232769,0.624500,-0.016013,-0.640513,-0.152656,1.265424,-0.032447,-1.297870,0.133784,-3.279210,0.084082,3.363293,0.188544,0.961757,-0.024660,-0.986417,-0.309264,1.653009,-0.042385,-1.695393,-0.169325,-3.675379,0.094240,3.769619,-0.450043,-0.554817,0.014226,0.569044,0.580354,0.890818,-0.022841,-0.913660,0.133049,-3.501593,0.089784,3.591378,0.201651,-0.524991,0.013461,0.538452,0.708963,1.926874,-0.049407,-1.976281,-0.683511,-3.294759,0.084481,3.379240,1.591112,2.775319,-5.607814,-0.386404,0.003109,0.000043,-0.002464,-1.886172,-3.171981,0.564474,-1.722165,6.033156,-1.757695,0.000115,0.000000,0.000000,290.091784,235.614084,1
6.234000,0.859918,-0.049246,0.233071,0.624500,-0.016013,-0.640513,-0.158513,1.265424,-0.032447,-1.297870,0.115506,-3.279210,0.084082,3.363293,0.191179,0.961757,-0.024660,-0.986417,-0.289692,1.653009,-0.042385,-1.695393,-0.190531,-3.675379,0.094240,3.769619,-0.353276,-0.554817,0.014226,0.569044,0.528013,0.890818,-0.022841,-0.913660,0.132666,-3.501593,0.089784,3.591378,0.145766,-0.524991,0.013461,0.538452,0.473746,1.926874,-0.049407,-1.976281,-0.796325,-3.294759,0.084481,3.379240,1.635919,2.889521,-5.590321,-0.288871,0.037929,0.003354,-0.028254,-1.859607,-3.295807,0.647302,-2.016979,6.788465,-1.911407,0.000111,0.000000,0.000000,290.203155,235.693398,1
6.242000,0.858709,-0.051174,0.245926,1.698549,-0.043553,-1.742102,-0.624361,1.263059,-0.032386,-1.295445,-0.362517,-3.103996,0.079590,3.183586,0.975173,1.877116,-0.048131,-1.925248,-0.624191,2.298163,-0.058927,-2.357090,-0.498770,-4.365079,0.111925,4.477004,0.987712,0.579720,-0.014865,-0.594584,-0.411434,1.571519,-0.040295,-1.611814,-0.008920,-4.636737,0.118891,4.755628,0.495786,-6.631195,0.170031,6.801225,5.822657,-0.922162,0.023645,0.945807,0.167941,10.744746,-0.275506,-11.020252,-5.569709,2.894411,-3.685708,0.229776,0.000000,0.000000,0.000000,-0.726259,-2.560258,0.869069,-2.456879,7.104846,-2.082693,0.001152,0.000000,0.000000,291.124897,236.615139,1
6.252000,0.858595,-0.051000,0.247232,1.698549,-0.043553,-1.742102,-0.658236,1.263059,-0.032386,-1.295445,-0.262774,-3.103996,0.079590,3.183586,0.664067,1.877116,-0.048131,-1.925248,-0.630742,2.298163,-0.058927,-2.357090,-0.431363,-4.365079,0.111925,4.477004,0.799174,0.579720,-0.014865,-0.594584,-0.507783,1.571519,-0.040295,-1.611814,-0.031662,-4.636737,0.118891,4.755628,0.327290,-6.631195,0.170031,6.801225,5.974329,-0.922162,0.023645,0.945807,0.136662,10.744746,-0.275506,-11.020252,-5.374097,3.196986,-4.244571,0.169542,0.000000,0.000000,0.000000,-1.002713,-3.179891,1.038776,-2.695979,7.565587,-2.148956,0.001113,0.000000,0.000000,292.237952,237.728195,1
6.260000,0.873345,-0.060672,0.241168,-1.055545,0.027065,1.082610,1.652586,0.547333,-0.014034,-0.561368,0.615196,-4.630943,0.118742,4.749686,0.515992,-0.953124,0.024439,0.977563,1.626520,0.288820,-0.007406,-0.296225,0.456574,-4.237697,0.108659,4.346356,1.257213,-1.761578,0.045169,1.806747,1.337265,-0.864796,0.022174,0.886970,0.699085,-3.337411,0.085575,3.422985,0.494802,-1.150266,0.029494,1.179760,0.638623,0.498221,-0.012775,-0.510996,-0.376263,0.555378,-0.014240,-0.569618,-0.392751,2.616811,-2.852482,0.387528,0.000000,0.000000,0.000000,-1.552054,-3.689702,1.406773,-1.698605,5.617604,-1.391238,0.000177,0.000000,0.000000,292.379345,237.861898,1
6.270000,0.874630,-0.060948,0.241587,-1.055545,0.027065,1.082610,1.687936,0.547333,-0.014034,-0.561368,0.555456,-4.630943,0.118742,4.749686,0.610180,-0.953124,0.024439,0.977563,1.675384,0.288820,-0.007406,-0.296225,0.595680,-4.237697,0.108659,4.346356,1.043064,-1.761578,0.045169,1.806747,1.372783,-0.864796,0.022174,0.886970,0.820316,-3.337411,0.085575,3.422985,0.300397,-1.150266,0.029494,1.179760,0.623443,0.498221,-0.012775,-0.510996,-0.323970,0.555378,-0.014240,-0.569618,-0.249584,2.792437,-3.484618,0.161756,0.000000,0.000000,0.000000,-1.521221,-3.564218,1.337945,-1.991511,6.699354,-1.657862,0.000167,0.000000,0.000000,292.545990,238.018778,1
6.274000,0.876156,-0.050904,0.240979,-0.623623,0.015990,0.639613,0.904774,0.150698,-0.003864,-0.154562,-0.135261,-4.663268,0.119571,4.782839,2.777550,-0.531248,0.013622,0.544870,0.743252,0.257588,-0.006605,-0.264193,0.613234,-4.376961,0.112230,4.489190,-0.037663,-1.431005,0.036692,1.467698,0.666515,-1.448670,0.037145,1.485816,0.769560,-2.804548,0.071911,2.876459,-0.452045,-1.941337,0.049778,1.991114,0.861413,0.450299,-0.011546,-0.461845,-0.436992,3.849650,-0.098709,-3.948359,-1.307671,2.863520,-6.771122,-0.130415,0.000000,0.000000,0.000000,0.000000,0.000000,0.000000,-2.564465,6.687803,-1.677610,0.000251,0.000000,0.000000,292.646479,238.106216,1
6.284000,0.876710,-0.050933,0.240142,-0.623623,0.015990,0.639613,0.951138,0.150698,-0.003864,-0.154562,-0.122946,-4.663268,0.119571,4.782839,2.536050,-0.531248,0.013622,0.544870,0.796279,0.257588,-0.006605,-0.264193,0.700077,-4.376961,0.112230,4.489190,-0.261198,-1.431005,0.036692,1.467698,0.661377,-1.448670,0.037145,1.485816,0.816891,-2.804548,0.071911,2.876459,-0.693667,-1.941337,0.049778,1.991114,0.947676,0.450299,-0.011546,-0.461845,-0.331622,3.849650,-0.098709,-3.948359,-1.572926,3.051480,-7.299236,-0.175474,0.000000,0.000000,0.000000,0.000000,0.000000,0.000000,-2.735581,7.136474,-1.787866,0.000270,0.000000,0.000000,292.916265,238.308945,1
6.288000,0.885965,-0.055228,0.245688,0.718193,-0.018415,-0.736608,-0.826838,-0.818256,0.020981,0.839237,0.246702,0.126650,-0.003247,-0.129897,-1.854741,-0.779725,0.019993,0.799718,1.306667,0.016376,-0.000420,-0.016796,0.986456,-3.126750,0.080173,3.206923,-0.170901,-1.321179,0.033876,1.355056,0.744623,-1.064617,0.027298,1.091914,0.771529,-2.126458,0.054525,2.180982,-0.450027,-1.235373,0.031676,1.267050,0.572965,0.182833,-0.004688,-0.187521,-0.131232,1.729521,-0.044347,-1.773868,-0.633805,3.256979,-5.972422,-0.116707,0.000000,0.000000,0.000000,0.000000,0.000000,0.000000,-2.200345,6.702434,-1.682142,0.000074,0.000000,0.000000,292.945763,238.326074,1
6.298000,0.887073,-0.055697,0.244676,0.718193,-0.018415,-0.736608,-0.663361,-0.818256,0.020981,0.839237,0.196666,0.126650,-0.003247,-0.129897,-0.914537,-0.779725,0.019993,0.799718,1.335284,0.016376,-0.000420,-0.016796,1.111096,-3.126750,0.080173,3.206923,-0.434833,-1.321179,0.033876,1.355056,0.723975,-1.064617,0.027298,1.091914,0.842224,-2.126458,0.054525,2.180982,-0.715479,-1.235373,0.031676,1.267050,0.554453,0.182833,-0.004688,-0.187521,-0.109073,1.729521,-0.044347,-1.773868,-0.673347,3.371223,-6.527152,-0.304852,0.000000,0.000000,0.000000,0.000000,0.000000,0.000000,-2.407948,7.228286,-1.773782,0.000086,0.000000,0.000000,293.032083,238.352922,1
6.302000,0.895270,-0.061380,0.243943,-0.210025,0.005385,0.215411,0.190764,0.192397,-0.004933,-0.197330,-0.295488,-2.110901,0.054126,2.165027,0.454754,-0.048351,0.001240,0.049591,0.599073,-0.246777,0.006328,0.253105,1.188319,-1.836786,0.047097,1.883883,-0.691371,-0.413416,0.010600,0.424016,0.072603,-1.006736,0.025814,1.032550,1.009917,-1.089774,0.027943,1.117717,-1.052126,-0.082168,0.002107,0.084275,-0.466574,0.156895,-0.004023,-0.160918,-0.141081,0.217227,-0.005570,-0.222797,0.075174,3.184950,-5.747990,-0.253490,0.000000,0.000000,0.000000,0.000000,0.000000,0.000000,-2.259974,7.352713,-1.915066,0.000050,0.000000,0.000000,293.052264,238.352827,1
6.312000,0.896502,-0.061618,0.241894,-0.169088,0.004336,0.173424,0.191092,0.209554,-0.005373,-0.214927,-0.280237,-2.207901,0.056613,2.264514,0.810512,0.043255,-0.001109,-0.044364,0.567353,-0.191490,0.004910,0.196400,1.299574,-1.819365,0.046650,1.866015,-1.026203,-0.331602,0.008503,0.340104,-0.021820,-0.936244,0.024006,0.960250,0.990026,-1.113097,0.028541,1.141638,-1.288851,-0.209583,0.005374,0.214957,-0.343338,0.215434,-0.005524,-0.220958,-0.159858,0.621859,-0.015945,-0.637804,-0.085545,3.480791,-6.382796,-0.364310,0.000000,0.000000,0.000000,0.000000,0.000000,0.000000,-2.667367,7.640994,-1.763510,0.000067,0.000000,0.000000,293.119437,238.350146,1
6.316000,0.901823,-0.056445,0.246968,0.424143,-0.010875,-0.435018,0.041282,-0.096058,0.002463,0.098521,-0.067509,0.476360,-0.012214,-0.488574,-0.040674,-0.187143,0.004799,0.191942,0.380903,-0.230692,0.005915,0.236607,1.355483,-1.438218,0.036877,1.475096,-1.152170,-0.454656,0.011658,0.466314,-0.132994,-0.692788,0.017764,0.710552,0.908135,-1.129424,0.028960,1.158384,-1.043725,-0.283565,0.007271,0.290836,-0.208122,-0.041908,0.001075,0.042983,-0.048484,0.063985,-0.001641,-0.065625,0.039839,3.150426,-6.384477,-0.554393,0.000000,0.000000,0.000000,0.000000,0.000000,0.000000,-2.705924,7.395953,-1.480643,0.000041,0.000000,0.000000,293.135914,238.342140,1
6.326000,0.903272,-0.056593,0.244834,0.424143,-0.010875,-0.435018,0.013395,-0.096058,0.002463,0.098521,-0.045369,0.476360,-0.012214,-0.488574,-0.070259,-0.187143,0.004799,0.191942,0.407431,-0.230692,0.005915,0.236607,1.468617,-1.438218,0.036877,1.475096,-1.452827,-0.454656,0.011658,0.466314,-0.161541,-0.692788,0.017764,0.710552,0.898605,-1.129424,0.028960,1.158384,-1.236739,-0.283565,0.007271,0.290836,-0.196248,-0.041908,0.001075,0.042983,-0.034529,0.063985,-0.001641,-0.065625,0.026351,3.336991,-6.888688,-0.674591,0.000000,0.000000,0.000000,0.000000,0.000000,0.000000,-2.801843,7.642514,-1.516360,0.000048,0.000000,0.000000,293.184116,238.315909,1
6.330000,0.908244,-0.062690,0.236150,0.830193,-0.021287,-0.851480,-0.033810,-0.067987,0.001743,0.069730,-0.051760,1.964654,-0.050376,-2.015030,-0.370673,-0.036632,0.000939,0.037571,0.447463,0.046953,-0.001204,-0.048157,1.422359,-1.085454,0.027832,1.113287,-1.840059,-0.258713,0.006634,0.265347,-0.177453,-0.142457,0.003653,0.146110,0.549163,-1.216467,0.031191,1.247659,-1.194913,-0.486518,0.012475,0.498993,-0.044393,-0.134547,0.003450,0.137996,-0.005278,0.698398,-0.017908,-0.716306,0.061217,3.459226,-6.798657,-0.758366,0.000000,0.000000,0.000000,0.000000,0.000000,0.000000,-2.654830,7.386211,-1.492903,0.000046,0.000000,0.000000,293.202508,238.304499,1
6.340000,0.909442,-0.063273,0.233426,0.830193,-0.021287,-0.851480,-0.065372,-0.067987,0.001743,0.069730,-0.056015,1.964654,-0.050376,-2.015030,-0.631493,-0.036632,0.000939,0.037571,0.445707,0.046953,-0.001204,-0.048157,1.491066,-1.085454,0.027832,1.113287,-2.027872,-0.258713,0.006634,0.265347,-0.251542,-0.142457,0.003653,0.146110,0.533869,-1.216467,0.031191,1.247659,-1.376201,-0.486518,0.012475,0.498993,-0.065436,-0.134547,0.003450,0.137996,-0.015437,0.698398,-0.017908,-0.716306,-0.056041,3.541238,-7.028291,-0.854970,0.000000,0.000000,0.000000,0.000000,0.000000,0.000000,-2.775297,7.658529,-1.514362,0.000056,0.000000,0.000000,293.258657,238.277611,1
6.344000,0.915532,-0.055942,0.234977,0.843271,-0.021622,-0.864894,-0.030240,-0.117861,0.003022,0.120883,-0.058445,2.395601,-0.061426,-2.457026,-0.842920,0.025634,-0.000657,-0.026291,0.153774,-0.056515,0.001449,0.057965,1.552916,-0.889973,0.022820,0.912793,-1.918491,-0.146780,0.003764,0.150544,-0.668353,-0.149510,0.003834,0.153344,0.447497,-1.134471,0.029089,1.163560,-1.150509,-0.040759,0.001045,0.041804,-0.344362,-0.055145,0.001414,0.056559,-0.008510,-0.371748,0.009532,0.381280,0.232078,3.146006,-6.824817,-0.662151,0.000000,0.000000,0.000000,0.000000,0.000000,0.000000,-2.713585,6.987039,-1.434262,0.000056,0.000000,0.000000,293.280900,238.274122,1
6.354000,0.914404,-0.054812,0.231536,0.869611,-0.022298,-0.891909,-0.030294,-0.120108,0.003080,0.123188,-0.044281,2.271523,-0.058244,-2.329767,-0.869695,-0.028573,0.000733,0.029306,0.255781,0.074316,-0.001906,-0.076222,1.612062,-0.980367,0.025138,1.005504,-2.145740,-0.232511,0.005962,0.238473,-0.583046,-0.118157,0.003030,0.121187,0.464249,-1.070494,0.027449,1.097942,-1.382676,-0.269388,0.006907,0.276295,-0.240374,-0.045803,0.001174,0.046978,-0.016235,0.455296,-0.011674,-0.466970,0.024925,3.326654,-7.217934,-0.652971,0.000000,0.000000,0.000000,0.000000,0.000000,0.000000,-2.826838,7.344736,-1.642176,0.000061,0.000000,0.000000,293.342288,238.255073,1
6.358000,0.920964,-0.067403,0.228394,0.844317,-0.021649,-0.865966,-0.073539,-0.149246,0.003827,0.153073,-0.051582,2.335531,-0.059885,-2.395416,-0.857896,-0.040525,0.001039,0.041564,0.399785,-0.099612,0.002554,0.102166,1.519946,-0.896499,0.022987,0.919487,-1.961635,-0.247286,0.006341,0.253627,-0.545634,-0.279993,0.007179,0.287172,0.391702,-1.022693,0.026223,1.048916,-1.355753,-0.146722,0.003762,0.150484,-0.373473,-0.041268,0.001058,0.042326,-0.009562,-0.359621,0.009221,0.368842,0.201485,3.249866,-6.659446,-0.758753,0.000000,0.000000,0.000000,0.047895,-0.123008,0.106523,-2.758900,6.964719,-1.476445,0.000059,0.000000,0.000000,293.365912,238.251268,1
6.368000,0.924480,-0.068943,0.228966,1.020361,-0.026163,-1.046524,-0.209919,-0.120575,0.003092,0.123667,-0.044409,2.756532,-0.070680,-2.827213,-1.112351,0.096782,-0.002482,-0.099263,0.383915,0.052644,-0.001350,-0.053994,1.551985,-0.832046,0.021335,0.853380,-2.218411,-0.128928,0.003306,0.132233,-0.418098,-0.049516,0.001270,0.050786,0.447781,-1.128075,0.028925,1.157000,-1.459757,-0.425728,0.010916,0.436644,-0.289938,-0.038611,0.000990,0.039602,-0.023252,0.185166,-0.004748,-0.189914,0.089281,3.584072,-6.930789,-0.833525,0.000000,0.000000,0.000000,0.000000,0.000000,0.000000,-2.815493,7.711919,-1.599762,0.000073,0.000000,0.000000,293.438878,238.246049,1
6.374000,0.922622,-0.061695,0.228674,1.443152,-0.037004,-1.480156,-0.033634,-0.044093,0.001131,0.045223,-0.077258,4.618301,-0.118418,-4.736719,-1.045690,-0.061677,0.001581,0.063258,0.419456,0.620389,-0.015907,-0.636296,1.458679,-2.080070,0.053335,2.133405,-2.130149,-0.033550,0.000860,0.034410,-0.469085,0.449263,-0.011520,-0.460782,0.237983,-2.052617,0.052631,2.105248,-1.289690,-0.685669,0.017581,0.703251,-0.244832,-0.010152,0.000260,0.010412,-0.048254,2.790032,-0.071539,-2.861571,-0.325946,3.803200,-8.119033,-1.039547,0.000000,0.000000,0.000000,0.000000,0.000000,0.000000,-3.007084,8.038615,-1.927250,0.000145,0.000000,0.000000,293.525589,238.230884,1
6.384000,0.923322,-0.062131,0.225669,1.443152,-0.037004,-1.480156,-0.191992,-0.044093,0.001131,0.045223,-0.095283,4.618301,-0.118418,-4.736719,-1.661192,-0.061677,0.001581,0.063258,0.406793,0.620389,-0.015907,-0.636296,1.481666,-2.080070,0.053335,2.133405,-2.215149,-0.033550,0.000860,0.034410,-0.582272,0.449263,-0.011520,-0.460782,0.176151,-2.052617,0.052631,2.105248,-1.410839,-0.685669,0.017581,0.703251,-0.213021,-0.010152,0.000260,0.010412,-0.070393,2.790032,-0.071539,-2.861571,-0.795956,3.820203,-8.127416,-1.068060,0.000000,0.000000,0.000000,0.000000,0.000000,0.000000,-3.087989,8.105801,-1.896410,0.000194,0.000000,0.000000,293.719099,238.246497,1
6.388000,0.935962,-0.064460,0.228200,0.257179,-0.006594,-0.263774,0.081864,0.008016,-0.000206,-0.008222,-0.052575,2.601466,-0.066704,-2.668170,-0.779260,-0.220995,0.005667,0.226662,0.423668,0.709128,-0.018183,-0.727311,1.322052,-2.337775,0.059943,2.397718,-1.586307,0.142007,-0.003641,-0.145648,-0.744076,0.975566,-0.025015,-1.000581,-0.156103,-2.709704,0.069480,2.779183,-0.659237,0.366878,-0.009407,-0.376285,-0.901605,-0.028156,0.000722,0.028878,-0.030217,0.012992,-0.000333,-0.013325,0.362649,3.414381,-7.014837,-1.048113,0.000000,0.000000,0.000000,0.000000,0.000000,0.000000,-2.780494,6.822819,-1.327038,0.000094,0.000000,0.000000,293.756715,238.231117,1
6.398000,0.936324,-0.061666,0.227679,-0.058051,0.001488,0.059539,0.251538,-0.020773,0.000533,0.021306,-0.034646,1.868827,-0.047919,-1.916746,-0.724739,-0.323942,0.008306,0.332248,0.418164,0.459881,-0.011792,-0.471673,1.417528,-2.324206,0.059595,2.383801,-1.593305,0.077522,-0.001988,-0.079510,-0.845436,0.722806,-0.018533,-0.741340,-0.073834,-2.636497,0.067602,2.704099,-0.801672,0.834140,-0.021388,-0.855528,-1.115813,-0.037716,0.000967,0.038683,-0.014051,-1.201748,0.030814,1.232562,0.641205,3.326948,-7.130316,-1.011472,0.000000,0.000000,0.000000,0.000000,0.000000,0.000000,-2.923879,6.957551,-1.433160,0.000100,0.000000,0.000000,293.857172,238.198859,1
6.404000,0.951000,-0.075477,0.226659,-0.633079,0.016233,0.649312,0.609566,0.015571,-0.000399,-0.015970,-0.101423,1.123062,-0.028796,-1.151859,-0.550979,0.351683,-0.009018,-0.360700,0.408130,1.293435,-0.033165,-1.326600,1.082788,-2.078958,0.053307,2.132265,-1.300731,0.900028,-0.023078,-0.923105,-0.990833,2.257484,-0.057884,-2.315368,-0.739807,-3.516088,0.090156,3.606244,0.016866,0.463006,-0.011872,-0.474878,-1.318739,-0.031509,0.000808,0.032317,-0.032974,-0.224965,0.005768,0.230734,0.403296,3.567406,-5.956304,-0.846445,0.000000,0.000000,0.000000,-0.837724,-1.985915,0.553751,-2.061863,7.249376,-1.435687,0.000088,0.000000,0.000000,293.909960,238.199348,1
6.414000,0.952529,-0.076582,0.224399,-0.633079,0.016233,0.649312,0.630503,0.015571,-0.000399,-0.015970,-0.228478,1.123062,-0.028796,-1.151859,-0.817696,0.351683,-0.009018,-0.360700,0.417200,1.293435,-0.033165,-1.326600,1.155441,-2.078958,0.053307,2.132265,-1.346635,0.900028,-0.023078,-0.923105,-1.059113,2.257484,-0.057884,-2.315368,-0.661298,-3.516088,0.090156,3.606244,-0.207322,0.463006,-0.011872,-0.474878,-1.240803,-0.031509,0.000808,0.032317,-0.035302,-0.224965,0.005768,0.230734,0.253275,3.803249,-5.888239,-0.692168,0.004870,0.003920,-0.000228,-3.430692,-5.989432,0.668601,-2.094606,7.918946,-1.656491,0.000098,0.000000,0.000000,294.008109,238.191427,1
6.418000,0.944762,-0.063309,0.227505,-0.432895,0.011100,0.443995,0.724755,0.068268,-0.001750,-0.070018,-0.180232,1.096728,-0.028121,-1.124850,-0.494283,0.196671,-0.005043,-0.201714,0.210046,1.309042,-0.033565,-1.342607,0.980358,-2.043581,0.052400,2.095980,-1.425421,0.846946,-0.021717,-0.868662,-1.138096,2.403314,-0.061623,-2.464938,-0.598592,-3.562862,0.091355,3.654218,-0.508556,0.280200,-0.007185,-0.287385,-0.956313,-0.028913,0.000741,0.029655,-0.023638,0.156210,-0.004005,-0.160216,0.121409,3.563739,-6.505693,-0.527331,-0.002260,0.034533,0.022399,-1.138380,-1.961189,0.240809,-2.594039,7.667740,-1.722551,0.000099,0.000000,0.000000,294.047525,238.181045,1
6.428000,0.945445,-0.063691,0.225126,-0.432895,0.011100,0.443995,0.599951,0.068268,-0.001750,-0.070018,-0.320537,1.096728,-0.028121,-1.124850,-0.770918,0.196671,-0.005043,-0.201714,0.268861,1.309042,-0.033565,-1.342607,1.059978,-2.043581,0.052400,2.095980,-1.585331,0.846946,-0.021717,-0.868662,-1.165555,2.403314,-0.061623,-2.464938,-0.663844,-3.562862,0.091355,3.654218,-0.570321,0.280200,-0.007185,-0.287385,-0.905173,-0.028913,0.000741,0.029655,-0.012618,0.156210,-0.004005,-0.160216,0.063833,3.857639,-6.528726,-0.342500,-0.002831,0.101564,0.063083,-3.404128,-5.812310,0.525544,-2.527992,7.862944,-1.860730,0.000110,0.000000,0.000000,294.157123,238.152746,1
6.436000,0.953003,-0.068911,0.223682,-0.339531,0.008706,0.348237,0.941374,0.459320,-0.011777,-0.471097,0.290374,0.312331,-0.008008,-0.320339,-2.334531,-0.113325,0.002906,0.116230,0.585329,1.226193,-0.031441,-1.257634,1.045990,-2.391442,0.061319,2.452761,-1.004545,0.545795,-0.013995,-0.559789,-0.973801,2.115648,-0.054247,-2.169895,-0.753838,-3.537957,0.090717,3.628674,-0.137225,0.478997,-0.012282,-0.491279,-0.900091,-0.028007,0.000718,0.028725,-0.008186,0.160354,-0.004112,-0.164465,0.042459,3.422407,-5.169226,-0.298511,0.076920,0.114850,0.026476,-2.825490,-6.266256,1.516562,-2.120221,7.147392,-1.605850,0.000082,0.000000,0.000000,294.222628,238.147509,1
6.446000,0.953650,-0.069394,0.221977,-0.339531,0.008706,0.348237,1.127987,0.459320,-0.011777,-0.471097,0.431418,0.312331,-0.008008,-0.320339,-2.638416,-0.113325,0.002906,0.116230,0.692066,1.226193,-0.031441,-1.257634,1.072368,-2.391442,0.061319,2.452761,-0.915287,0.545795,-0.013995,-0.559789,-0.882524,2.115648,-0.054247,-2.169895,-0.647167,-3.537957,0.090717,3.628674,-0.260359,0.478997,-0.012282,-0.491279,-0.829772,-0.028007,0.000718,0.028725,-0.009978,0.160354,-0.004112,-0.164465,0.023586,3.304815,-4.936663,-0.274453,0.184503,0.267128,0.059073,-2.462951,-5.845775,1.555752,-2.079764,7.491387,-1.790875,0.000084,0.000000,0.000000,294.306330,238.136296,1
6.452000,0.938318,-0.083320,0.223206,-0.072635,0.001862,0.074498,-0.123972,4.325493,-0.110910,-4.436403,0.179783,-5.852421,0.150062,6.002484,0.991641,-0.084163,0.002158,0.086321,-0.191798,2.251729,-0.057737,-2.309465,-0.512869,-2.214738,0.056788,2.271526,0.961834,0.877901,-0.022510,-0.900411,-2.250124,4.189179,-0.107415,-4.296594,-1.964220,-4.892512,0.125449,5.017961,2.937982,1.445876,-0.037074,-1.482950,0.648003,-0.029430,0.000755,0.030184,0.393470,-0.237203,0.006082,0.243285,-0.840864,0.711185,-1.152282,-0.165531,3.339506,3.678980,-0.148361,-3.081352,-3.739636,-0.607319,0.003154,0.102802,-0.071636,0.000365,0.000000,0.000000,294.525513,238.331612,1
6.462000,0.936752,-0.084227,0.222908,-0.072635,0.001862,0.074498,-0.188870,4.325493,-0.110910,-4.436403,0.067682,-5.852421,0.150062,6.002484,0.900116,-0.084163,0.002158,0.086321,-0.211142,2.251729,-0.057737,-2.309465,-0.517230,-2.214738,0.056788,2.271526,0.673491,0.877901,-0.022510,-0.900411,-1.689747,4.189179,-0.107415,-4.296594,-2.010413,-4.892512,0.125449,5.017961,2.664771,1.445876,-0.037074,-1.482950,0.602895,-0.029430,0.000755,0.030184,0.248359,-0.237203,0.006082,0.243285,-0.884563,0.867683,-1.620712,-0.332575,3.312728,3.649691,-0.108866,-3.263502,-4.285601,-0.476126,-0.014415,1.130802,-0.769432,0.000331,0.000000,0.000000,294.856591,238.633853,1
6.470000,0.968145,-0.051198,0.234211,-0.707495,0.018141,0.725636,0.005016,2.347299,-0.060187,-2.407486,0.179561,-5.030854,0.128996,5.159850,0.613898,-0.651923,0.016716,0.668639,-0.001056,1.194552,-0.030630,-1.225182,0.134398,-3.210662,0.082325,3.292987,0.806270,0.981463,-0.025166,-1.006629,-0.532846,2.165817,-0.055534,-2.221351,-1.251605,-2.015523,0.051680,2.067203,1.084393,1.378459,-0.035345,-1.413805,-0.164356,-0.340879,0.008740,0.349620,1.182915,-0.798047,0.020463,0.818510,-1.229518,0.715480,-2.598629,-0.658486,3.422483,6.463599,1.566373,-3.813926,-4.359089,-0.412452,0.000000,0.000000,0.000000,0.000136,0.000000,0.000000,294.965667,238.717265,1
6.480000,0.967540,-0.050947,0.233957,-0.707495,0.018141,0.725636,-0.030443,2.347299,-0.060187,-2.407486,0.109629,-5.030854,0.128996,5.159850,0.545748,-0.651923,0.016716,0.668639,-0.024410,1.194552,-0.030630,-1.225182,0.118208,-3.210662,0.082325,3.292987,0.617595,0.981463,-0.025166,-1.006629,-0.418559,2.165817,-0.055534,-2.221351,-1.215247,-2.015523,0.051680,2.067203,1.028019,1.378459,-0.035345,-1.413805,-0.168760,-0.340879,0.008740,0.349620,1.039261,-0.798047,0.020463,0.818510,-1.207692,0.847077,-2.984337,-0.742559,3.408146,6.349280,1.514299,-3.970266,-4.609402,-0.391878,0.000000,0.000000,0.000000,0.000121,0.000000,0.000000,295.087000,238.809884,1
6.486000,1.011447,-0.034570,0.260194,-1.811776,0.046456,1.858232,-0.560963,-0.286220,0.007339,0.293559,0.337527,-5.347895,0.137126,5.485021,2.412979,-1.827839,0.046868,1.874706,0.520396,-1.151532,0.029526,1.181059,0.533274,-4.547655,0.116607,4.664261,3.048303,7.579232,-0.194339,-7.773571,-1.287236,-1.207422,0.030960,1.238381,-0.070998,15.319813,-0.392816,-15.712629,-7.359117,-0.885443,0.022704,0.908146,-0.345162,-2.090229,0.053596,2.143825,1.394615,-4.144208,0.106262,4.250470,0.415024,-0.204484,-0.282230,-0.152527,1.578804,7.471250,3.514511,-4.246375,-2.844477,-0.980998,0.000000,0.000000,0.000000,0.001610,0.000000,0.000000,296.052958,239.758516,1
6.496000,1.014569,-0.034550,0.261437,-1.811776,0.046456,1.858232,-0.465450,-0.286220,0.007339,0.293559,0.599208,-5.347895,0.137126,5.485021,1.866561,-1.827839,0.046868,1.874706,0.730938,-1.151532,0.029526,1.181059,0.523842,-4.547655,0.116607,4.664261,2.548082,7.579232,-0.194339,-7.773571,-2.960041,-1.207422,0.030960,1.238381,0.001648,15.319813,-0.392816,-15.712629,-7.428730,-0.885443,0.022704,0.908146,-0.199181,-2.090229,0.053596,2.143825,1.507891,-4.144208,0.106262,4.250470,0.116105,-0.208961,-0.297281,-0.157932,2.533362,8.286055,3.396981,-4.715522,-4.058398,-0.548946,0.000000,0.000000,0.000000,0.001688,0.000000,0.000000,297.740927,241.425569,1
6.500000,0.989793,-0.041869,0.259127,1.797674,-0.046094,-1.843768,-3.090759,0.117453,-0.003012,-0.120464,0.687191,-3.516268,0.090161,3.606428,1.208180,1.693202,-0.043415,-1.736617,0.277995,1.318861,-0.033817,-1.352677,0.105521,-5.395766,0.138353,5.534119,2.683062,-0.748881,0.019202,0.768083,0.175093,-0.295155,0.007568,0.302723,0.039378,-3.047465,0.078140,3.125605,1.359997,2.158146,-0.055337,-2.213483,-2.577622,-0.960055,0.024617,0.984672,0.764377,-2.425224,0.062185,2.487409,0.636334,0.000000,0.000000,0.000000,1.339923,4.765052,1.378737,-2.869374,-2.412968,-0.730965,0.000000,0.000000,0.000000,0.000381,0.000000,0.000000,297.893130,241.572106,1
6.510000,0.991097,-0.040721,0.259539,1.797674,-0.046094,-1.843768,-2.971315,0.117453,-0.003012,-0.120464,0.798796,-3.516268,0.090161,3.606428,0.885497,1.693202,-0.043415,-1.736617,-0.215613,1.318861,-0.033817,-1.352677,-0.208346,-5.395766,0.138353,5.534119,2.691013,-0.748881,0.019202,0.768083,0.448611,-0.295155,0.007568,0.302723,0.021808,-3.047465,0.078140,3.125605,1.451058,2.158146,-0.055337,-2.213483,-2.422914,-0.960055,0.024617,0.984672,0.820623,-2.425224,0.062185,2.487409,0.331335,0.000000,0.000000,0.000000,1.757330,5.646741,1.497666,-3.199467,-3.372340,-0.436946,0.000000,0.000000,0.000000,0.000362,0.000000,0.000000,298.255116,241.932168,1
6.516000,0.990466,-0.044888,0.239720,-0.799222,0.020493,0.819715,-0.157230,0.493475,-0.012653,-0.506128,0.819692,-1.085901,0.027844,1.113744,-0.921079,1.699738,-0.043583,-1.743321,-1.028768,2.711587,-0.069528,-2.781115,-1.621283,-5.370634,0.137709,5.508342,2.834283,-0.562172,0.014415,0.576587,1.205905,-0.149825,0.003842,0.153667,-0.072846,-0.684383,0.017548,0.701931,0.374282,-0.616743,0.015814,0.632556,0.278226,0.307509,-0.007885,-0.315394,0.448326,-1.132416,0.029036,1.161452,-0.858572,0.000000,0.000000,0.000000,2.460934,6.896820,1.687408,-3.914892,-4.696508,0.044263,0.000000,0.000000,0.000000,0.000258,0.000000,0.000000,298.409725,242.054144,1
6.526000,0.991355,-0.044394,0.237540,-0.799222,0.020493,0.819715,-0.104123,0.493475,-0.012653,-0.506128,0.910786,-1.085901,0.027844,1.113744,-1.212234,1.699738,-0.043583,-1.743321,-1.216950,2.711587,-0.069528,-2.781115,-1.532537,-5.370634,0.137709,5.508342,2.721282,-0.562172,0.014415,0.576587,1.202344,-0.149825,0.003842,0.153667,-0.043264,-0.684383,0.017548,0.701931,0.351960,-0.616743,0.015814,0.632556,0.389626,0.307509,-0.007885,-0.315394,0.442309,-1.132416,0.029036,1.161452,-1.087374,0.000000,0.000000,0.000000,2.699364,7.266130,1.699276,-4.141943,-5.253166,0.249774,0.000000,0.000000,0.000000,0.000259,0.000000,0.000000,298.668382,242.246691,1
6.532000,1.006952,-0.056689,0.246006,-0.087676,0.002248,0.089925,0.549204,0.148016,-0.003795,-0.151811,0.839795,-0.795832,0.020406,0.816238,-1.358580,-3.658100,0.093797,3.751897,0.852195,-0.473334,0.012137,0.485470,-0.268809,0.971678,-0.024915,-0.996593,-0.837135,1.172605,-0.030067,-1.202672,-0.049197,-0.037014,0.000949,0.037963,-0.056001,0.694267,-0.017802,-0.712069,-0.163394,0.067023,-0.001719,-0.068742,0.556492,0.379230,-0.009724,-0.388954,0.325977,-1.687806,0.043277,1.731083,-0.393099,0.000000,0.000000,0.000000,3.554273,6.391564,1.387066,-3.003237,-5.829030,1.126248,0.000000,0.000000,0.000000,0.000065,0.000000,0.000000,298.707209,242.258943,1
6.542000,1.008112,-0.057287,0.244407,-0.087676,0.002248,0.089925,0.554971,0.148016,-0.003795,-0.151811,0.970796,-0.795832,0.020406,0.816238,-1.718662,-3.658100,0.093797,3.751897,1.446673,-0.473334,0.012137,0.485470,-0.129834,0.971678,-0.024915,-0.996593,-0.563093,1.172605,-0.030067,-1.202672,-0.149856,-0.037014,0.000949,0.037963,-0.038130,0.694267,-0.017802,-0.712069,-0.166636,0.067023,-0.001719,-0.068742,0.594876,0.379230,-0.009724,-0.388954,0.365007,-1.687806,0.043277,1.731083,-0.665024,0.000000,0.000000,0.000000,3.791339,6.876344,1.508079,-3.397205,-6.411774,1.174812,0.000000,0.000000,0.000000,0.000093,0.000000,0.000000,298.800074,242.292832,1
6.546000,1.015144,-0.059577,0.250377,-0.725466,0.018602,0.744068,0.492240,-0.025156,0.000645,0.025801,1.037892,-0.113182,0.002902,0.116084,-1.485547,0.607951,-0.015588,-0.623540,-0.865645,0.013439,-0.000345,-0.013784,-0.176174,-1.284388,0.032933,1.317321,0.610704,-0.000937,0.000024,0.000961,0.469082,-0.015938,0.000409,0.016347,-0.017678,-0.362732,0.009301,0.372033,0.146150,-0.675822,0.017329,0.693151,0.644244,0.260099,-0.006669,-0.266768,0.474897,-0.847263,0.021725,0.868988,-0.590943,0.000000,0.000000,0.000000,2.919491,6.408039,1.385359,-3.402074,-4.971924,0.549803,0.000000,0.000000,0.000000,0.000031,0.000000,0.000000,298.812290,242.298545,1
6.556000,1.016551,-0.060116,0.248279,-0.725466,0.018602,0.744068,0.503100,-0.025156,0.000645,0.025801,1.149819,-0.113182,0.002902,0.116084,-1.804294,0.607951,-0.015588,-0.623540,-0.845873,0.013439,-0.000345,-0.013784,-0.131283,-1.284388,0.032933,1.317321,0.594645,-0.000937,0.000024,0.000961,0.468621,-0.015938,0.000409,0.016347,-0.030299,-0.362732,0.009301,0.372033,0.156930,-0.675822,0.017329,0.693151,0.698142,0.260099,-0.006669,-0.266768,0.513626,-0.847263,0.021725,0.868988,-0.872580,0.000000,0.000000,0.000000,3.207884,6.915681,1.468520,-3.732670,-5.548663,0.670731,0.000000,0.000000,0.000000,0.000034,0.000000,0.000000,298.845935,242.310086,1
6.560000,1.042751,-0.013586,0.241727,0.311535,-0.007988,-0.319523,-0.214773,-0.290271,0.007443,0.297714,1.224108,-0.781736,0.020045,0.801780,-1.316733,-0.621719,0.015942,0.637660,0.126542,-0.008610,0.000221,0.008831,-0.054872,1.743218,-0.044698,-1.787916,-0.619164,0.257246,-0.006596,-0.263842,0.052472,-0.011107,0.000285,0.011392,-0.016458,-0.076172,0.001953,0.078125,0.009797,0.484203,-0.012415,-0.496619,0.027672,-0.537064,0.013771,0.550834,0.756384,-0.718697,0.018428,0.737125,-0.729385,-0.003276,-0.013344,-0.008008,2.858544,6.642563,0.260788,-3.219195,-4.727030,0.907801,0.000000,0.000000,0.000000,0.000037,0.000000,0.000000,298.860575,242.311752,1
6.570000,1.045788,-0.011405,0.239128,0.311535,-0.007988,-0.319523,-0.257398,-0.290271,0.007443,0.297714,1.335005,-0.781736,0.020045,0.801780,-1.582318,-0.621719,0.015942,0.637660,0.107257,-0.008610,0.000221,0.008831,-0.038629,1.743218,-0.044698,-1.787916,-0.710726,0.257246,-0.006596,-0.263842,0.102237,-0.011107,0.000285,0.011392,-0.025369,-0.076172,0.001953,0.078125,0.016322,0.484203,-0.012415,-0.496619,0.021475,-0.537064,0.013771,0.550834,0.827489,-0.718697,0.018428,0.737125,-0.985084,-0.045075,-0.096143,-0.075822,3.083399,7.130764,0.168946,-3.479059,-5.113117,1.079442,0.000000,0.000000,0.000000,0.000043,0.000000,0.000000,298.903664,242.314180,1
6.576000,1.017370,-0.057158,0.237846,-0.452944,0.011614,0.464558,-0.028216,0.363837,-0.009329,-0.373167,1.247125,-0.150185,0.003851,0.154036,-1.942500,-0.624157,0.016004,0.640161,0.010061,-0.015643,0.000401,0.016044,-0.050910,2.849272,-0.073058,-2.922330,-1.119952,0.491329,-0.012598,-0.503928,0.045226,-0.040456,0.001037,0.041493,-0.020646,-0.532441,0.013652,0.546093,0.395064,-0.354411,0.009087,0.363498,0.665981,0.772989,-0.019820,-0.792809,0.139819,-1.156653,0.029658,1.186310,-0.947659,0.000000,0.000000,0.000000,2.986077,6.742421,1.763202,-3.761114,-5.720513,0.480387,0.000000,0.000000,0.000000,0.000058,0.000000,0.000000,298.938311,242.324380,1
6.586000,1.018025,-0.057201,0.234973,-0.405175,0.010389,0.415564,-0.029215,0.353057,-0.009053,-0.362110,1.330419,-0.135181,0.003466,0.138648,-2.185253,-0.643055,0.016489,0.659543,0.011270,-0.015106,0.000387,0.015493,-0.044318,3.032388,-0.077754,-3.110142,-1.327335,0.486468,-0.012474,-0.498941,0.068828,-0.042482,0.001089,0.043571,-0.019523,-0.786964,0.020179,0.807143,0.446159,-0.310776,0.007969,0.318745,0.746819,0.775069,-0.019874,-0.794943,0.115341,-1.160323,0.029752,1.190075,-1.159045,0.000000,0.000000,0.000000,3.188767,7.016550,1.792348,-4.006715,-6.044223,0.512332,0.000000,0.000000,0.000000,0.000070,0.000000,0.000000,299.008686,242.348680,1
6.590000,1.024475,-0.048950,0.231456,-0.220897,0.005664,0.226561,-0.099139,0.121834,-0.003124,-0.124958,1.407600,-0.522138,0.013388,0.535527,-2.144124,-0.834144,0.021388,0.855533,0.098763,-0.017336,0.000445,0.017780,-0.049015,2.627502,-0.067372,-2.694874,-1.051931,0.336956,-0.008640,-0.345596,0.207258,-0.031863,0.000817,0.032680,-0.025044,0.346369,-0.008881,-0.355250,0.042215,-0.100301,0.002572,0.102872,0.653197,0.259927,-0.006665,-0.266592,0.367530,-1.062330,0.027239,1.089569,-1.396874,-0.035157,-0.071866,-0.065303,3.524181,7.322020,1.404562,-4.169338,-6.166732,0.837346,0.000000,0.000000,0.000000,0.000060,0.000000,0.000000,299.032852,242.348406,1
6.600000,1.025484,-0.048494,0.228282,-0.220897,0.005664,0.226561,-0.116032,0.121834,-0.003124,-0.124958,1.466942,-0.522138,0.013388,0.535527,-2.313970,-0.834144,0.021388,0.855533,0.101070,-0.017336,0.000445,0.017780,-0.038282,2.627502,-0.067372,-2.694874,-1.154434,0.336956,-0.008640,-0.345596,0.225345,-0.031863,0.000817,0.032680,-0.028442,0.346369,-0.008881,-0.355250,0.017216,-0.100301,0.002572,0.102872,0.717089,0.259927,-0.006665,-0.266592,0.341869,-1.062330,0.027239,1.089569,-1.569473,-0.140728,-0.340274,-0.293520,3.625092,7.484053,1.405926,-4.265214,-6.334933,0.915579,0.000000,0.000000,0.000000,0.000066,0.000000,0.000000,299.098921,242.347763,1
6.604000,1.026867,-0.064413,0.232915,-0.194614,0.004990,0.199604,-0.089919,-0.130063,0.003335,0.133397,1.453224,-0.410299,0.010520,0.420820,-2.152858,-0.514774,0.013199,0.527973,-0.014366,-0.017536,0.000450,0.017986,-0.041138,2.399717,-0.061531,-2.461248,-0.944289,0.064599,-0.001656,-0.066256,0.447972,-0.047154,0.001209,0.048363,-0.017435,-1.164082,0.029848,1.193930,0.529475,-0.064348,0.001650,0.065998,0.729496,0.141643,-0.003632,-0.145275,0.231367,-1.240898,0.031818,1.272716,-1.163085,0.000000,0.000000,0.000000,3.322933,6.387131,1.856145,-3.970288,-6.388739,0.170745,0.000000,0.000000,0.000000,0.000057,0.000000,0.000000,299.121620,242.350650,1
6.614000,1.027533,-0.065047,0.229653,-0.216758,0.005558,0.222316,-0.066092,-0.121049,0.003104,0.124152,1.532151,-0.427522,0.010962,0.438484,-2.328039,-0.507804,0.013021,0.520825,-0.007893,-0.018082,0.000464,0.018546,-0.035179,2.248784,-0.057661,-2.306445,-0.929104,0.107269,-0.002750,-0.110020,0.427435,-0.044229,0.001134,0.045363,-0.009699,-0.921850,0.023637,0.945488,0.461664,-0.081901,0.002100,0.084001,0.834833,0.129051,-0.003309,-0.132361,0.232775,-1.223482,0.031371,1.254854,-1.374020,0.000000,0.000000,0.000000,3.464358,6.633749,1.941705,-4.078462,-6.655324,0.235025,0.000000,0.000000,0.000000,0.000057,0.000000,0.000000,299.178446,242.350620,1
6.618000,1.033160,-0.059010,0.228892,0.026658,-0.000684,-0.027342,-0.163969,0.115771,-0.002968,-0.118739,1.556426,-1.137397,0.029164,1.166561,-2.285593,-0.847682,0.021735,0.869417,0.030181,-0.011685,0.000300,0.011985,-0.068140,3.278614,-0.084067,-3.362681,-1.252736,0.831884,-0.021330,-0.853214,0.092595,-0.024223,0.000621,0.024845,-0.019133,0.778882,-0.019971,-0.798854,-0.071387,0.114478,-0.002935,-0.117413,0.633084,0.106242,-0.002724,-0.108966,0.353837,-1.451894,0.037228,1.489122,-1.390522,0.000000,0.000000,0.000000,3.677853,7.225001,1.824653,-4.342042,-7.077799,0.652257,0.000000,0.000000,0.000000,0.000094,0.000000,0.000000,299.216106,242.347362,1
6.628000,1.033814,-0.059148,0.225679,0.026658,-0.000684,-0.027342,-0.193364,0.115771,-0.002968,-0.118739,1.605441,-1.137397,0.029164,1.166561,-2.401574,-0.847682,0.021735,0.869417,0.028935,-0.011685,0.000300,0.011985,-0.055816,3.278614,-0.084067,-3.362681,-1.393727,0.831884,-0.021330,-0.853214,0.021167,-0.024223,0.000621,0.024845,-0.017718,0.778882,-0.019971,-0.798854,-0.133961,0.114478,-0.002935,-0.117413,0.693673,0.106242,-0.002724,-0.108966,0.322307,-1.451894,0.037228,1.489122,-1.532034,0.000000,0.000000,0.000000,3.770281,7.310615,1.827568,-4.379372,-7.181695,0.698013,0.000000,0.000000,0.000000,0.000102,0.000000,0.000000,299.318441,242.341510,1
6.632000,1.053875,-0.053017,0.232540,0.108169,-0.002774,-0.110943,-0.291752,1.455760,-0.037327,-1.493087,1.048302,-2.665961,0.068358,2.734319,-1.448706,-0.549798,0.014097,0.563895,-0.701157,0.005502,-0.000141,-0.005643,-0.068882,4.341015,-0.111308,-4.452323,-0.436300,0.001370,-0.000035,-0.001406,1.055416,-0.031486,0.000807,0.032293,-0.064696,0.477638,-0.012247,-0.489885,0.946645,-0.556858,0.014278,0.571136,0.826715,2.030042,-0.052052,-2.082095,-0.527790,-3.273663,0.083940,3.357603,-0.167663,0.000000,0.000000,0.000000,3.222721,6.572505,1.413988,-4.202850,-6.628666,1.029316,0.000000,0.000000,0.000000,0.000105,0.000000,0.000000,299.360435,242.327887,1
6.642000,1.054927,-0.052706,0.230449,0.108169,-0.002774,-0.110943,-0.218781,1.455760,-0.037327,-1.493087,1.081196,-2.665961,0.068358,2.734319,-1.522661,-0.549798,0.014097,0.563895,-0.448321,0.005502,-0.000141,-0.005643,-0.058727,4.341015,-0.111308,-4.452323,-1.306433,0.001370,-0.000035,-0.001406,1.005894,-0.031486,0.000807,0.032293,-0.084838,0.477638,-0.012247,-0.489885,0.426041,-0.556858,0.014278,0.571136,0.978827,2.030042,-0.052052,-2.082095,-0.539403,-3.273663,0.083940,3.357603,-0.331021,-0.000677,-0.008824,-0.005681,3.449215,7.051213,1.505565,-4.279223,-6.779423,1.099638,0.000000,0.000000,0.000000,0.000149,0.000000,0.000000,299.509217,242.329572,1
6.648000,1.062512,-0.049915,0.229666,-0.272751,0.006994,0.279745,-0.064512,1.589318,-0.040752,-1.630070,0.972965,-2.327743,0.059686,2.387428,-1.433164,0.254699,-0.006531,-0.261230,-0.610821,0.024749,-0.000635,-0.025384,-0.044396,2.009136,-0.051516,-2.060653,-0.755198,-0.377934,0.009691,0.387624,1.235124,-0.031468,0.000807,0.032275,-0.053981,-0.016664,0.000427,0.017091,0.461520,-0.999917,0.025639,1.025556,1.171765,2.512840,-0.064432,-2.577272,-0.717592,-3.487048,0.089411,3.576459,-0.099077,0.439380,-0.746165,0.029154,3.147473,7.229057,1.646707,-4.197879,-6.151673,0.799608,-0.000604,0.000954,-0.000186,0.000106,0.000000,0.000000,299.573036,242.328810,1
6.658000,1.063569,-0.049447,0.227451,-0.272751,0.006994,0.279745,-0.061302,1.589318,-0.040752,-1.630070,1.022055,-2.327743,0.059686,2.387428,-1.511656,0.254699,-0.006531,-0.261230,-0.504271,0.024749,-0.000635,-0.025384,-0.115438,2.009136,-0.051516,-2.060653,-0.930247,-0.377934,0.009691,0.387624,1.186058,-0.031468,0.000807,0.032275,-0.051499,-0.016664,0.000427,0.017091,0.248748,-0.999917,0.025639,1.025556,1.273553,2.512840,-0.064432,-2.577272,-0.702198,-3.487048,0.089411,3.576459,-0.291202,0.821043,-1.758388,-0.193836,3.260013,7.669931,1.784874,-4.325986,-6.281636,0.825956,-0.000554,0.009721,-0.005428,0.000120,0.000000,0.000000,299.692703,242.321772,1
6.664000,1.062830,-0.049422,0.226587,-0.441031,0.011308,0.452339,-0.020126,1.464075,-0.037540,-1.501616,0.958346,-2.110347,0.054111,2.164459,-1.320460,0.414777,-0.010635,-0.425412,-0.572254,0.009572,-0.000245,-0.009818,-0.242326,1.344010,-0.034462,-1.378472,-0.907446,-0.273482,0.007012,0.280494,1.152801,-0.037556,0.000963,0.038519,-0.034635,0.054393,-0.001395,-0.055787,0.186025,-1.173113,0.030080,1.203193,1.419312,2.670610,-0.068477,-2.739087,-0.665040,-3.775305,0.096803,3.872108,-0.487090,2.956457,-5.890381,-0.057010,3.167316,7.780159,1.939310,-4.546559,-5.764257,0.372384,0.004061,0.020536,-0.014114,0.000116,0.000000,0.000000,299.762023,242.316644,1
6.674000,1.063578,-0.048994,0.224402,-0.441031,0.011308,0.452339,-0.154589,1.464075,-0.037540,-1.501616,1.028769,-2.110347,0.054111,2.164459,-1.411090,0.414777,-0.010635,-0.425412,-0.516011,0.009572,-0.000245,-0.009818,0.059386,1.344010,-0.034462,-1.378472,-2.052121,-0.273482,0.007012,0.280494,0.994958,-0.037556,0.000963,0.038519,-0.015236,0.054393,-0.001395,-0.055787,0.101668,-1.173113,0.030080,1.203193,1.356401,2.670610,-0.068477,-2.739087,-0.720734,-3.775305,0.096803,3.872108,-0.514018,2.255447,-6.241616,-0.908956,2.998935,7.876155,2.108318,-4.671486,-5.562036,0.186725,0.008151,0.059351,-0.038573,0.000136,0.000000,0.000000,299.898020,242.319317,1
6.682000,1.083412,-0.043655,0.228804,-0.379952,0.009742,0.389695,-0.175470,1.276636,-0.032734,-1.309370,0.907347,-2.108842,0.054073,2.162915,-1.002967,0.061054,-0.001565,-0.062619,-0.476934,1.387802,-0.035585,-1.423387,-0.005561,-1.727635,0.044298,1.771933,-1.484487,-0.634108,0.016259,0.650367,0.985975,-0.045635,0.001170,0.046805,0.005590,-0.052420,0.001344,0.053764,0.095758,-1.262789,0.032379,1.295168,1.295957,2.853603,-0.073169,-2.926772,-0.901124,-4.238954,0.108691,4.347645,0.212000,3.061211,-9.336028,-1.569234,2.844629,7.707001,1.561531,-4.407808,-4.348421,0.234698,0.000000,0.000000,0.000000,0.000120,0.000000,0.000000,299.993846,242.318244,1
6.692000,1.083814,-0.044393,0.227506,-0.396515,0.010167,0.406682,-0.350168,1.315893,-0.033741,-1.349634,0.852591,-2.082932,0.053409,2.136341,-0.731091,0.043966,-0.001127,-0.045094,-0.747088,1.456000,-0.037333,-1.493334,0.401472,-1.746794,0.044790,1.791584,-2.438562,-0.629937,0.016152,0.646090,0.933874,-0.045047,0.001155,0.046202,-0.008152,-0.048577,0.001246,0.049823,0.062025,-1.282020,0.032872,1.314893,1.092754,2.908529,-0.074578,-2.983107,-0.772679,-4.237100,0.108644,4.345743,0.156994,2.233559,-7.866086,-1.556326,2.656532,7.776459,1.789716,-3.952558,-3.590995,-0.024134,0.000000,0.000000,0.000000,0.000129,0.000000,0.000000,300.122726,242.290649,1
6.696000,1.073789,-0.070680,0.236662,0.236586,-0.006066,-0.242652,-0.055381,1.242795,-0.031867,-1.274661,0.690378,-3.076878,0.078894,3.155773,0.830340,0.141297,-0.003623,-0.144920,-0.104071,2.566291,-0.065802,-2.632094,0.595573,-5.090357,0.130522,5.220879,0.391824,-1.630361,0.041804,1.672165,0.253331,-0.029147,0.000747,0.029895,1.693663,-0.133713,0.003429,0.137141,-1.162337,-0.798836,0.020483,0.819319,1.815485,2.470976,-0.063358,-2.534335,-1.143430,-4.317120,0.110695,4.427815,2.842363,3.293632,-5.485018,-0.662696,0.000000,0.000000,0.000000,-0.944425,-1.683224,0.235344,-3.116367,8.531194,-2.098695,0.000247,0.000000,0.000000,300.221712,242.368779,1
6.706000,1.073427,-0.071185,0.236651,0.236586,-0.006066,-0.242652,0.066834,1.242795,-0.031867,-1.274661,0.465244,-3.076878,0.078894,3.155773,0.726923,0.141297,-0.003623,-0.144920,0.022639,2.566291,-0.065802,-2.632094,0.451212,-5.090357,0.130522,5.220879,0.306405,-1.630361,0.041804,1.672165,0.322315,-0.029147,0.000747,0.029895,1.493323,-0.133713,0.003429,0.137141,-1.286252,-0.798836,0.020483,0.819319,1.243886,2.470976,-0.063358,-2.534335,-1.210792,-4.317120,0.110695,4.427815,2.470871,3.339682,-5.578163,-0.645820,0.000000,0.000000,0.000000,-1.069768,-2.103118,0.377158,-3.007922,7.802992,-1.805419,0.000215,0.000000,0.000000,300.436533,242.544069,1
6.712000,1.086438,-0.064240,0.250159,4.631337,-0.118752,-4.750089,-6.725899,2.846536,-0.072988,-2.919524,0.454015,-2.288044,0.058668,2.346711,0.832215,4.636447,-0.118883,-4.755330,-3.902954,2.090157,-0.053594,-2.143750,-0.390310,-0.758609,0.019452,0.778061,0.352556,4.452607,-0.114169,-4.566776,-3.532451,2.144143,-0.054978,-2.199121,0.303066,-1.256649,0.032222,1.288871,-0.601712,4.362466,-0.111858,-4.474324,-6.737136,1.261257,-0.032340,-1.293597,-0.709288,-2.002103,0.051336,2.053439,-0.833488,0.427525,-0.143213,0.267902,0.000000,0.000000,0.000000,0.000000,0.000000,0.000000,-0.538329,6.215994,-1.853335,0.001052,0.000000,0.000000,301.068004,243.121791,1
6.722000,1.086784,-0.064705,0.251366,4.631337,-0.118752,-4.750089,-6.005216,2.846536,-0.072988,-2.919524,-0.417314,-2.288044,0.058668,2.346711,1.019372,4.636447,-0.118883,-4.755330,-3.733104,2.090157,-0.053594,-2.143750,-0.617208,-0.758609,0.019452,0.778061,0.283135,4.452607,-0.114169,-4.566776,-3.406112,2.144143,-0.054978,-2.199121,-0.014177,-1.256649,0.032222,1.288871,-0.623393,4.362466,-0.111858,-4.474324,-5.968305,1.261257,-0.032340,-1.293597,-0.886785,-2.002103,0.051336,2.053439,0.170469,0.539634,-0.210427,0.328288,0.000000,0.000000,0.000000,0.000000,0.000000,0.000000,-0.022648,5.520888,-1.970134,0.000960,0.000000,0.000000,302.028227,244.065945,1
6.730000,1.110759,-0.066748,0.248756,1.154843,-0.029611,-1.184455,-0.573956,-0.375869,0.009638,0.385507,-0.042634,-1.506370,0.038625,1.544995,0.805883,1.313949,-0.033691,-1.347640,-1.605639,1.885924,-0.048357,-1.934281,1.284668,-3.988771,0.102276,4.091048,-3.828320,0.534273,-0.013699,-0.547972,-0.850776,0.405877,-0.010407,-0.416284,1.329995,-2.746629,0.070426,2.817056,-2.503778,-4.144592,0.106272,4.250864,3.099379,-0.290621,0.007452,0.298073,-0.570955,15.292634,-0.392119,-15.684753,-8.320822,3.945431,-14.646715,2.881628,0.000000,0.000000,0.000000,0.000000,0.000000,0.000000,-3.414239,13.185051,-4.491269,0.001742,0.000000,0.000000,303.421670,245.044343,1
6.740000,1.110907,-0.065450,0.247780,1.154843,-0.029611,-1.184455,-0.403112,-0.375869,0.009638,0.385507,-0.047119,-1.506370,0.038625,1.544995,0.776314,1.313949,-0.033691,-1.347640,-1.521808,1.885924,-0.048357,-1.934281,1.112191,-3.988771,0.102276,4.091048,-3.445868,0.534273,-0.013699,-0.547972,-0.954956,0.405877,-0.010407,-0.416284,1.036380,-2.746629,0.070426,2.817056,-2.287857,-4.144592,0.106272,4.250864,3.130953,-0.290621,0.007452,0.298073,-0.378376,15.292634,-0.392119,-15.684753,-7.940048,3.192418,-12.032575,2.755178,0.000000,0.000000,0.000000,0.000000,0.000000,0.000000,-3.046373,10.649728,-3.550561,0.001654,0.000000,0.000000,305.075208,246.232763,1
6.744000,1.122514,-0.082891,0.252179,2.007542,-0.051475,-2.059018,-0.896934,0.002540,-0.000065,-0.002605,-0.364196,1.040506,-0.026680,-1.067185,-0.399601,1.764113,-0.045234,-1.809347,-2.379969,1.510881,-0.038741,-1.549621,0.375371,-1.872618,0.048016,1.920634,-1.398315,1.414189,-0.036261,-1.450450,-2.167705,0.211504,-0.005423,-0.216927,1.013870,0.002397,-0.000061,-0.002458,-2.237583,0.463748,-0.011891,-0.475638,-0.509805,0.109576,-0.002810,-0.112386,-1.231084,3.171106,-0.081310,-3.252417,-1.929618,2.027501,-5.697051,-0.706946,0.000000,0.000000,0.000000,0.000000,0.000000,0.000000,-3.188692,7.915865,-1.034470,0.000199,0.000000,0.000000,305.154704,246.284361,1
6.754000,1.123308,-0.084391,0.251200,2.007542,-0.051475,-2.059018,-0.943374,0.002540,-0.000065,-0.002605,-0.283108,1.040506,-0.026680,-1.067185,-0.404955,1.764113,-0.045234,-1.809347,-2.170424,1.510881,-0.038741,-1.549621,0.226501,-1.872618,0.048016,1.920634,-1.295905,1.414189,-0.036261,-1.450450,-2.081478,0.211504,-0.005423,-0.216927,0.747887,0.002397,-0.000061,-0.002458,-2.073721,0.463748,-0.011891,-0.475638,-0.573188,0.109576,-0.002810,-0.112386,-0.731496,3.171106,-0.081310,-3.252417,-1.722322,2.230214,-5.896146,-0.657787,0.000000,0.000000,0.000000,0.000000,0.000000,0.000000,-2.907051,7.009769,-0.817510,0.000183,0.000000,0.000000,305.337557,246.407171,1
6.758000,1.114354,-0.072921,0.246073,0.501801,-0.012867,-0.514667,-0.043130,-0.012488,0.000320,0.012809,-0.057594,1.444028,-0.037026,-1.481054,-0.576164,0.451862,-0.011586,-0.463448,0.122141,0.414045,-0.010617,-0.424661,0.767691,-0.532516,0.013654,0.546170,-0.820469,0.259766,-0.006661,-0.266427,-0.258081,0.617590,-0.015836,-0.633426,0.312643,-1.313826,0.033688,1.347514,-0.462106,-0.614505,0.015757,0.630262,-0.047539,-0.009379,0.000240,0.009620,-0.155699,1.211059,-0.031053,-1.242111,-0.398792,2.757451,-4.404746,0.119531,0.000000,0.000000,0.000000,0.000000,0.000000,0.000000,-2.030376,6.683148,-1.533512,0.000031,0.000000,0.000000,305.350050,246.406194,1
6.768000,1.115560,-0.073383,0.244516,0.501801,-0.012867,-0.514667,-0.041766,-0.012488,0.000320,0.012809,-0.052094,1.444028,-0.037026,-1.481054,-0.603326,0.451862,-0.011586,-0.463448,0.107076,0.414045,-0.010617,-0.424661,0.894236,-0.532516,0.013654,0.546170,-1.231273,0.259766,-0.006661,-0.266427,-0.312240,0.617590,-0.015836,-0.633426,0.306185,-1.313826,0.033688,1.347514,-0.690130,-0.614505,0.015757,0.630262,-0.015702,-0.009379,0.000240,0.009620,-0.118814,1.211059,-0.031053,-1.242111,-0.430331,3.013390,-5.208297,-0.076752,0.000000,0.000000,0.000000,0.000000,0.000000,0.000000,-2.230505,7.142982,-1.582555,0.000038,0.000000,0.000000,305.387753,246.399147,1
6.772000,1.126154,-0.071270,0.253006,0.846916,-0.021716,-0.868632,-0.235519,-0.154775,0.003969,0.158744,-0.045786,2.083891,-0.053433,-2.137324,-0.818853,-0.079888,0.002048,0.081937,-0.234530,-0.555857,0.014253,0.570110,0.729023,-1.061749,0.027224,1.088973,-0.228941,-0.238987,0.006128,0.245115,-0.370699,-0.893318,0.022906,0.916224,0.825778,-0.766480,0.019653,0.786134,-0.552741,0.376814,-0.009662,-0.386475,-0.121454,-0.191761,0.004917,0.196678,-0.066265,-1.491910,0.038254,1.530164,0.478038,1.581756,-4.248299,-0.770556,0.000000,0.000000,0.000000,0.000000,0.000000,0.000000,-2.038674,5.640146,-0.472749,0.000047,0.000000,0.000000,305.406631,246.411512,1
6.782000,1.128046,-0.072114,0.251719,0.846916,-0.021716,-0.868632,-0.210031,-0.154775,0.003969,0.158744,-0.029905,2.083891,-0.053433,-2.137324,-0.887944,-0.079888,0.002048,0.081937,-0.107044,-0.555857,0.014253,0.570110,0.917540,-1.061749,0.027224,1.088973,-0.690985,-0.238987,0.006128,0.245115,-0.268602,-0.893318,0.022906,0.916224,0.857518,-0.766480,0.019653,0.786134,-0.792337,0.376814,-0.009662,-0.386475,-0.214718,-0.191761,0.004917,0.196678,-0.017250,-1.491910,0.038254,1.530164,0.591495,2.010595,-5.252602,-0.952760,0.000000,0.000000,0.000000,0.000000,0.000000,0.000000,-2.189132,6.331530,-0.558394,0.000058,0.000000,0.000000,305.464983,246.440702,1
6.786000,1.125189,-0.072943,0.240086,0.733718,-0.018813,-0.752532,-0.104208,-0.050429,0.001293,0.051722,-0.042227,2.944317,-0.075495,-3.019812,-1.218723,0.340196,-0.008723,-0.348919,0.379931,0.270541,-0.006937,-0.277478,1.191624,-0.473482,0.012141,0.485623,-1.206413,0.219225,-0.005621,-0.224846,-0.647243,0.469174,-0.012030,-0.481204,0.150992,-1.121493,0.028756,1.150249,-0.755639,-0.470596,0.012067,0.482662,-0.085266,-0.121864,0.003125,0.124988,-0.013918,0.340028,-0.008719,-0.348747,0.051919,2.990544,-5.161047,-0.112921,0.000000,0.000000,0.000000,0.000000,0.000000,0.000000,-2.119423,6.562458,-1.453103,0.000060,0.000000,0.000000,305.488816,246.448103,1
6.796000,1.125883,-0.071810,0.237993,0.700848,-0.017970,-0.718819,-0.097080,-0.050830,0.001303,0.052134,-0.034027,2.666807,-0.068380,-2.735187,-1.153592,0.427068,-0.010950,-0.438019,0.266242,0.301759,-0.007737,-0.309496,1.297885,-0.465667,0.011940,0.477607,-1.607706,0.288698,-0.007403,-0.296100,-0.728107,0.487661,-0.012504,-0.500165,0.207691,-1.112492,0.028525,1.141018,-1.052365,-0.474925,0.012178,0.487103,-0.100538,-0.119002,0.003051,0.122054,-0.017657,0.629093,-0.016131,-0.645224,-0.083466,3.184860,-5.872128,-0.296915,0.000000,0.000000,0.000000,0.000000,0.000000,0.000000,-2.283805,7.197805,-1.617457,0.000061,0.000000,0.000000,305.550199,246.456611,1
6.798000,1.131839,-0.076024,0.236369,0.806214,-0.020672,-0.826886,-0.157351,-0.032380,0.000830,0.033210,-0.048148,3.001499,-0.076962,-3.078460,-1.244540,0.124013,-0.003180,-0.127193,0.341129,0.011221,-0.000288,-0.011508,1.175738,-0.756172,0.019389,0.775561,-1.337099,-0.049669,0.001274,0.050942,-0.460181,0.011337,-0.000291,-0.011627,0.333720,-1.122500,0.028782,1.151282,-0.964323,-0.301772,0.007738,0.309510,-0.070179,-0.077378,0.001984,0.079362,-0.014811,0.479743,-0.012301,-0.492045,-0.086843,3.080487,-5.528392,-0.545445,0.000000,0.000000,0.000000,0.000000,0.000000,0.000000,-2.479382,6.737051,-1.192595,0.000063,0.000000,0.000000,305.562719,246.460107,1
6.808000,1.133052,-0.076853,0.233892,0.806214,-0.020672,-0.826886,-0.171433,-0.032380,0.000830,0.033210,-0.039968,3.001499,-0.076962,-3.078460,-1.329906,0.124013,-0.003180,-0.127193,0.362433,0.011221,-0.000288,-0.011508,1.289365,-0.756172,0.019389,0.775561,-1.622059,-0.049669,0.001274,0.050942,-0.499743,0.011337,-0.000291,-0.011627,0.349349,-1.122500,0.028782,1.151282,-1.204897,-0.301772,0.007738,0.309510,-0.095064,-0.077378,0.001984,0.079362,-0.011688,0.479743,-0.012301,-0.492045,-0.075163,3.248972,-5.999672,-0.708236,0.000000,0.000000,0.000000,0.000000,0.000000,0.000000,-2.605233,7.174394,-1.267316,0.000070,0.000000,0.000000,305.633120,246.475162,1
6.812000,1.133109,-0.072419,0.235188,0.737030,-0.018898,-0.755929,-0.112574,-0.022026,0.000565,0.022591,-0.037886,2.895354,-0.074240,-2.969594,-1.245437,0.226981,-0.005820,-0.232801,0.272574,0.065801,-0.001687,-0.067489,1.222625,-0.626556,0.016066,0.642622,-1.579641,0.038844,-0.000996,-0.039840,-0.444534,0.126780,-0.003251,-0.130031,0.369670,-1.118711,0.028685,1.147395,-1.073381,-0.400127,0.010260,0.410387,-0.071731,-0.056052,0.001437,0.057489,-0.016986,0.288911,-0.007408,-0.296319,-0.000432,3.118457,-5.956810,-0.449355,0.000000,0.000000,0.000000,0.000000,0.000000,0.000000,-2.365129,7.025112,-1.493801,0.000063,0.000000,0.000000,305.658214,246.480479,1
6.822000,1.134032,-0.072878,0.232594,0.737030,-0.018898,-0.755929,-0.117956,-0.022026,0.000565,0.022591,-0.038808,2.895354,-0.074240,-2.969594,-1.296828,0.226981,-0.005820,-0.232801,0.277986,0.065801,-0.001687,-0.067489,1.321049,-0.626556,0.016066,0.642622,-1.851265,0.038844,-0.000996,-0.039840,-0.505428,0.126780,-0.003251,-0.130031,0.360890,-1.118711,0.028685,1.147395,-1.284005,-0.400127,0.010260,0.410387,-0.081469,-0.056052,0.001437,0.057489,-0.020262,0.288911,-0.007408,-0.296319,-0.003768,3.246984,-6.375871,-0.585164,0.000000,0.000000,0.000000,0.000000,0.000000,0.000000,-2.488383,7.364232,-1.549344,0.000069,0.000000,0.000000,305.726820,246.491102,1
6.826000,1.168266,-0.093333,0.249500,-0.010331,0.000265,0.010596,0.022359,-0.011022,0.000283,0.011305,-0.043668,1.802473,-0.046217,-1.848691,-0.884655,-0.109660,0.002812,0.112472,0.452925,-0.501908,0.012869,0.514778,1.188149,-0.389022,0.009975,0.398997,-1.076776,-0.292854,0.007509,0.300363,-0.031344,-0.294465,0.007550,0.302015,0.575479,-1.172481,0.030064,1.202544,-0.533446,0.040827,-0.001047,-0.041874,-0.469105,-0.048755,0.001250,0.050005,-0.022235,-3.230921,0.082844,3.313765,1.373864,2.855203,-4.826471,-0.698630,0.000000,0.000000,0.000000,0.000000,0.000000,0.000000,-2.133992,6.555930,-0.839531,0.000081,0.000000,0.000000,305.759326,246.514951,1
6.836000,1.170660,-0.094761,0.247404,-0.010331,0.000265,0.010596,0.062748,-0.011022,0.000283,0.011305,-0.046276,1.802473,-0.046217,-1.848691,-0.837447,-0.109660,0.002812,0.112472,0.490460,-0.501908,0.012869,0.514778,1.323792,-0.389022,0.009975,0.398997,-1.387873,-0.292854,0.007509,0.300363,-0.037420,-0.294465,0.007550,0.302015,0.630152,-1.172481,0.030064,1.202544,-0.810590,0.040827,-0.001047,-0.041874,-0.453434,-0.048755,0.001250,0.050005,-0.040635,-3.230921,0.082844,3.313765,1.514268,3.110238,-5.427296,-0.921898,0.000000,0.000000,0.000000,0.000000,0.000000,0.000000,-2.355191,7.206103,-0.858858,0.000091,0.000000,0.000000,305.849877,246.574655,1
6.840000,1.146959,-0.064021,0.234242,0.910228,-0.023339,-0.933567,-0.079566,-0.071431,0.001832,0.073263,-0.063112,3.251736,-0.083378,-3.335114,-1.229965,0.381130,-0.009773,-0.390902,0.023338,0.275833,-0.007073,-0.282906,1.411459,-0.465077,0.011925,0.477002,-2.025685,0.208060,-0.005335,-0.213394,-0.729913,0.365550,-0.009373,-0.374923,0.254179,-0.973207,0.024954,0.998161,-1.075857,-0.067719,0.001736,0.069455,-0.287383,-0.033433,0.000857,0.034290,-0.021106,0.038096,-0.000977,-0.039073,0.233111,2.874486,-6.581028,-0.406852,0.000000,0.000000,0.000000,0.000000,0.000000,0.000000,-2.451906,6.743479,-1.877394,0.000069,0.000000,0.000000,305.877518,246.581670,1
6.850000,1.147682,-0.063694,0.231328,0.910228,-0.023339,-0.933567,-0.106811,-0.071431,0.001832,0.073263,-0.048024,3.251736,-0.083378,-3.335114,-1.380047,0.381130,-0.009773,-0.390902,0.023636,0.275833,-0.007073,-0.282906,1.495361,-0.465077,0.011925,0.477002,-2.249006,0.208060,-0.005335,-0.213394,-0.809140,0.365550,-0.009373,-0.374923,0.234848,-0.973207,0.024954,0.998161,-1.270021,-0.067719,0.001736,0.069455,-0.330402,-0.033433,0.000857,0.034290,-0.024103,0.038096,-0.000977,-0.039073,0.126830,3.075063,-6.900268,-0.386921,0.000000,0.000000,0.000000,0.000000,0.000000,0.000000,-2.574729,6.998479,-1.948082,0.000078,0.000000,0.000000,305.955199,246.601490,1
6.854000,1.153654,-0.076771,0.231541,1.581668,-0.040556,-1.622224,-0.258985,-0.000861,0.000022,0.000883,-0.077157,5.457881,-0.139946,-5.597827,-1.713352,0.447167,-0.011466,-0.458633,0.035747,0.532307,-0.013649,-0.545956,1.427339,-0.756459,0.019396,0.775855,-2.340659,0.188552,-0.004835,-0.193386,-0.685491,0.583061,-0.014950,-0.598011,0.224288,-1.357092,0.034797,1.391889,-1.343766,-0.878391,0.022523,0.900914,-0.264678,-0.026005,0.000667,0.026672,-0.046686,1.783584,-0.045733,-1.829317,-0.181301,3.564877,-7.245001,-0.948628,0.000000,0.000000,0.000000,0.000000,0.000000,0.000000,-2.775832,7.982053,-1.600664,0.000153,0.000000,0.000000,306.016524,246.623968,1
6.864000,1.154560,-0.077380,0.228346,1.581668,-0.040556,-1.622224,-0.413914,-0.000861,0.000022,0.000883,-0.090860,5.457881,-0.139946,-5.597827,-2.203937,0.447167,-0.011466,-0.458633,0.029228,0.532307,-0.013649,-0.545956,1.478506,-0.756459,0.019396,0.775855,-2.494444,0.188552,-0.004835,-0.193386,-0.771429,0.583061,-0.014950,-0.598011,0.190564,-1.357092,0.034797,1.391889,-1.505318,-0.878391,0.022523,0.900914,-0.151340,-0.026005,0.000667,0.026672,-0.049859,1.783584,-0.045733,-1.829317,-0.456264,3.644769,-7.366154,-0.995151,0.000000,0.000000,0.000000,0.000000,0.000000,0.000000,-2.855288,8.149009,-1.603751,0.000191,0.000000,0.000000,306.207478,246.712864,1
6.868000,1.168428,-0.073140,0.235482,-0.686987,0.017615,0.704602,0.817076,0.000551,-0.000014,-0.000565,-0.078203,0.956357,-0.024522,-0.980879,0.313999,0.023348,-0.000599,-0.023947,0.307650,0.919908,-0.023587,-0.943496,1.199532,-2.010756,0.051558,2.062314,-1.589684,0.497230,-0.012749,-0.509979,-0.443893,1.482588,-0.038015,-1.520603,0.034258,-2.786863,0.071458,2.858321,-0.487273,0.488170,-0.012517,-0.500687,-1.147235,-0.030043,0.000770,0.030813,-0.045045,-0.644125,0.016516,0.660641,1.320669,3.358717,-7.082785,-0.707064,0.000000,0.000000,0.000000,0.000000,0.000000,0.000000,-2.222372,7.498534,-2.018387,0.000084,0.000000,0.000000,306.241162,246.697173,1
6.878000,1.164202,-0.072387,0.232766,-1.799351,0.046137,1.845488,1.245120,-0.007924,0.000203,0.008127,-0.081599,-1.000999,0.025667,1.026666,0.334042,-0.001307,0.000034,0.001341,0.298924,0.373737,-0.009583,-0.383320,1.074502,-1.684038,0.043180,1.727218,-1.488914,0.549294,-0.014084,-0.563379,-0.529149,1.253121,-0.032131,-1.285253,-0.065713,-2.928458,0.075089,3.003546,-0.511568,1.985161,-0.050902,-2.036062,-1.685687,-0.062267,0.001597,0.063864,-0.069547,-4.969385,0.127420,5.096805,2.449622,2.908293,-6.540616,-0.451911,3.000869,0.526960,-1.223522,0.000000,0.000000,0.000000,-2.287337,7.240291,-1.965318,0.000235,0.000000,0.000000,306.475825,246.841333,1
6.882000,1.169052,-0.071311,0.230924,0.706241,-0.018109,-0.724350,0.415742,0.060091,-0.001541,-0.061632,-0.070615,4.267984,-0.109435,-4.377419,-0.823246,-0.299692,0.007684,0.307376,0.412073,1.180021,-0.030257,-1.210278,1.216482,-2.792138,0.071593,2.863731,-1.598924,0.153073,-0.003925,-0.156998,-0.621708,1.374698,-0.035249,-1.409946,-0.158960,-2.967374,0.076087,3.043461,-0.677332,-0.508250,0.013032,0.521282,-0.961671,0.080214,-0.002057,-0.082271,-0.059166,2.423279,-0.062135,-2.485414,-0.103604,3.381436,-7.853672,-1.162965,0.000000,0.000000,0.000000,0.000000,0.000000,0.000000,-2.606439,7.435709,-1.729743,0.000132,0.000000,0.000000,306.528761,246.822948,1
6.892000,1.169818,-0.071667,0.228529,0.706241,-0.018109,-0.724350,0.253080,0.060091,-0.001541,-0.061632,-0.103353,4.267984,-0.109435,-4.377419,-1.452816,-0.299692,0.007684,0.307376,0.430891,1.180021,-0.030257,-1.210278,1.255650,-2.792138,0.071593,2.863731,-1.686104,0.153073,-0.003925,-0.156998,-0.699017,1.374698,-0.035249,-1.409946,-0.205688,-2.967374,0.076087,3.043461,-0.795787,-0.508250,0.013032,0.521282,-0.755567,0.080214,-0.002057,-0.082271,-0.078969,2.423279,-0.062135,-2.485414,-0.589280,3.446133,-7.940325,-1.186916,0.000000,0.000000,0.000000,0.000000,0.000000,0.000000,-2.683703,7.718508,-1.803142,0.000177,0.000000,0.000000,306.705927,246.813167,1
6.896000,1.187543,-0.084611,0.231747,-0.233885,0.005997,0.239882,0.545471,0.086573,-0.002220,-0.088793,-0.066136,1.798215,-0.046108,-1.844324,-0.676485,-0.124064,0.003181,0.127245,0.445624,1.272609,-0.032631,-1.305240,1.222231,-2.659267,0.068186,2.727453,-1.464402,0.496457,-0.012730,-0.509187,-0.699872,1.821942,-0.046716,-1.868659,-0.355956,-3.271400,0.083882,3.355282,-0.223355,0.268099,-0.006874,-0.274974,-1.152814,0.036949,-0.000947,-0.037897,-0.060300,0.725460,-0.018602,-0.744062,0.090521,3.557348,-6.868318,-1.255759,0.000000,0.000000,0.000000,-0.242408,-0.751602,0.305083,-2.440201,7.602604,-1.287926,0.000092,0.000000,0.000000,306.742679,246.798670,1
6.906000,1.193147,-0.087532,0.231896,-0.278237,0.007134,0.285372,0.623925,0.060542,-0.001552,-0.062094,-0.056656,1.702869,-0.043663,-1.746532,-0.708802,-0.261986,0.006718,0.268703,0.564075,1.085874,-0.027843,-1.113716,1.355427,-2.760021,0.070770,2.830791,-1.370804,0.355855,-0.009124,-0.364979,-0.683108,1.554837,-0.039868,-1.594705,-0.206373,-3.243760,0.083173,3.326934,-0.324256,0.309120,-0.007926,-0.317046,-1.060192,0.036321,-0.000931,-0.037253,-0.038264,0.591005,-0.015154,-0.606159,-0.004950,3.500260,-6.800099,-1.456349,0.000000,0.000000,0.000000,-0.338510,-0.897442,0.378843,-2.540424,7.999032,-1.178887,0.000090,0.000000,0.000000,306.832268,246.758883,1
6.910000,1.178848,-0.077128,0.226175,-0.353047,0.009052,0.362099,0.718568,0.073954,-0.001896,-0.075850,-0.172558,1.350055,-0.034617,-1.384672,-0.641760,-0.050540,0.001296,0.051836,0.390917,1.165780,-0.029892,-1.195672,1.099781,-2.525840,0.064765,2.590605,-1.280102,0.620713,-0.015916,-0.636629,-0.999197,1.976923,-0.050690,-2.027613,-0.385193,-3.523335,0.090342,3.613677,-0.649584,0.297314,-0.007623,-0.304937,-1.128383,0.024498,-0.000628,-0.025126,-0.053303,0.563337,-0.014445,-0.577781,-0.015641,3.425295,-6.759741,-0.847217,0.020980,0.026545,0.004795,-0.698506,-1.541307,0.438891,-2.477581,7.969114,-1.834167,0.000099,0.000000,0.000000,306.871997,246.742783,1
6.920000,1.179611,-0.077743,0.223731,-0.353047,0.009052,0.362099,0.693691,0.073954,-0.001896,-0.075850,-0.245907,1.350055,-0.034617,-1.384672,-0.855737,-0.050540,0.001296,0.051836,0.463786,1.165780,-0.029892,-1.195672,1.168418,-2.525840,0.064765,2.590605,-1.396386,0.620713,-0.015916,-0.636629,-1.027233,1.976923,-0.050690,-2.027613,-0.452788,-3.523335,0.090342,3.613677,-0.709113,0.297314,-0.007623,-0.304937,-1.038417,0.024498,-0.000628,-0.025126,-0.042033,0.563337,-0.014445,-0.577781,-0.054179,3.640730,-6.755943,-0.718282,0.069866,0.107485,0.027765,-2.862758,-5.013619,0.677798,-2.438045,8.120384,-1.922308,0.000110,0.000000,0.000000,306.981766,246.701012,1
6.926000,1.190699,-0.070870,0.232183,-0.383440,0.009832,0.393272,0.851837,0.600801,-0.015405,-0.616206,-0.201628,-0.280502,0.007192,0.287694,0.235650,0.097864,-0.002509,-0.100373,0.024291,1.243694,-0.031890,-1.275583,0.894362,-2.464676,0.063197,2.527873,-1.258857,0.943457,-0.024191,-0.967648,-1.244228,2.520455,-0.064627,-2.585082,-0.854856,-4.071568,0.104399,4.175967,0.229404,0.721595,-0.018502,-0.740098,-1.195372,-0.141666,0.003632,0.145299,-0.018692,-0.416401,0.010677,0.427077,0.297577,3.078930,-6.707607,-0.813304,0.093835,0.055892,-0.014170,-0.102258,-0.131497,-0.011120,-2.567657,7.133147,-1.401798,0.000102,0.000000,0.000000,307.043199,246.710506,1
6.936000,1.191772,-0.070893,0.230312,-0.383440,0.009832,0.393272,0.791667,0.600801,-0.015405,-0.616206,-0.274363,-0.280502,0.007192,0.287694,0.160063,0.097864,-0.002509,-0.100373,0.028465,1.243694,-0.031890,-1.275583,0.980425,-2.464676,0.063197,2.527873,-1.404909,0.943457,-0.024191,-0.967648,-1.320209,2.520455,-0.064627,-2.585082,-0.832268,-4.071568,0.104399,4.175967,0.037876,0.721595,-0.018502,-0.740098,-1.199880,-0.141666,0.003632,0.145299,-0.016585,-0.416401,0.010677,0.427077,0.235119,3.319771,-6.979030,-0.784399,0.134865,0.109684,-0.000774,-1.024339,-1.425170,-0.029059,-2.659072,7.576989,-1.537957,0.000099,0.000000,0.000000,307.142293,246.713453,1
6.942000,1.169532,-0.077392,0.215954,-0.433304,0.011110,0.444414,0.241840,2.980520,-0.076424,-3.056944,0.351296,-5.418018,0.138924,5.556941,0.148469,-0.463077,0.011874,0.474951,0.109786,1.246013,-0.031949,-1.277962,0.328532,-2.752485,0.070577,2.823062,1.028034,0.669461,-0.017166,-0.686626,-1.346129,3.023937,-0.077537,-3.101474,-1.699859,-4.803365,0.123163,4.926529,2.970108,1.513095,-0.038797,-1.551893,-0.231206,-0.017195,0.000441,0.017636,1.591492,-1.611274,0.041315,1.652589,-1.342722,0.719017,-2.022855,-0.508988,5.760800,9.259772,3.752260,-3.892642,-6.439000,0.298594,-3.257050,14.900729,-5.849917,0.000288,0.000000,0.000000,307.315184,246.841792,1
6.952000,1.167743,-0.078149,0.215171,-0.433304,0.011110,0.444414,0.315064,2.980520,-0.076424,-3.056944,-0.044205,-5.418018,0.138924,5.556941,-0.113323,-0.463077,0.011874,0.474951,0.174789,1.246013,-0.031949,-1.277962,0.004047,-2.752485,0.070577,2.823062,0.687524,0.669461,-0.017166,-0.686626,-0.927240,3.023937,-0.077537,-3.101474,-0.761706,-4.803365,0.123163,4.926529,0.925217,1.513095,-0.038797,-1.551893,-0.275256,-0.017195,0.000441,0.017636,1.147947,-1.611274,0.041315,1.652589,-1.525763,1.297133,-3.075555,-0.614061,4.797395,6.250021,2.043931,-3.724013,-7.515585,1.058062,-2.758958,12.710770,-4.940433,0.000135,0.000000,0.000000,307.449784,246.913265,1
6.960000,1.193128,-0.073376,0.227196,0.301269,-0.007725,-0.308994,-0.895080,1.529691,-0.039223,-1.568914,0.965292,-5.145774,0.131943,5.277717,-1.054135,0.344655,-0.008837,-0.353492,-0.700435,0.845773,-0.021686,-0.867460,-0.430008,-4.207249,0.107878,4.315127,1.426214,1.826341,-0.046829,-1.873170,-0.943650,1.313991,-0.033692,-1.347683,-1.012298,-0.822745,0.021096,0.843841,1.205273,1.711385,-0.043882,-1.755266,-0.686122,-0.341602,0.008759,0.350361,1.056760,-2.614421,0.067036,2.681457,-1.595043,1.702458,-5.189622,-1.872550,3.995971,8.335365,2.473158,-5.787307,-7.711804,0.152458,0.000000,0.000000,0.000000,0.000241,0.000000,0.000000,307.642823,246.924625,1
6.970000,1.192943,-0.073567,0.226401,0.301269,-0.007725,-0.308994,-0.988690,1.529691,-0.039223,-1.568914,0.883993,-5.145774,0.131943,5.277717,-0.883954,0.344655,-0.008837,-0.353492,-0.873271,0.845773,-0.021686,-0.867460,-0.113450,-4.207249,0.107878,4.315127,0.732050,1.826341,-0.046829,-1.873170,-0.924713,1.313991,-0.033692,-1.347683,-0.814782,-0.822745,0.021096,0.843841,0.766251,1.711385,-0.043882,-1.755266,-0.747492,-0.341602,0.008759,0.350361,0.924752,-2.614421,0.067036,2.681457,-1.413983,1.750810,-5.374452,-1.981221,3.881636,7.823179,2.279048,-5.362107,-7.050756,0.074306,0.000000,0.000000,0.000000,0.000188,0.000000,0.000000,307.831104,246.916032,1
6.974000,1.214171,-0.065181,0.250151,1.385405,-0.035523,-1.420929,-1.423650,0.615533,-0.015783,-0.631315,0.512606,-5.055069,0.129617,5.184686,0.451756,-6.295009,0.161410,6.456419,4.387816,-3.259945,0.083588,3.343533,1.104142,10.520877,-0.269766,-10.790643,-5.650531,3.710469,-0.095140,-3.805609,-2.089665,0.635985,-0.016307,-0.652293,-0.578704,5.465145,-0.140132,-5.605277,-2.854269,2.479078,-0.063566,-2.542645,-1.002854,-0.965407,0.024754,0.990161,0.468375,-3.424293,0.087802,3.512095,0.014666,0.000000,0.000000,0.000000,3.347233,5.632407,0.761518,-3.465744,-5.735907,0.774296,0.000000,0.000000,0.000000,0.001251,0.000000,0.000000,308.331412,247.413751,1
6.984000,1.215035,-0.064337,0.250906,1.385405,-0.035523,-1.420929,-1.519304,0.615533,-0.015783,-0.631315,0.606570,-5.055069,0.129617,5.184686,0.303616,-6.295009,0.161410,6.456419,4.850698,-3.259945,0.083588,3.343533,1.147370,10.520877,-0.269766,-10.790643,-5.363325,3.710469,-0.095140,-3.805609,-2.412779,0.635985,-0.016307,-0.652293,-0.498070,5.465145,-0.140132,-5.605277,-2.724614,2.479078,-0.063566,-2.542645,-1.041645,-0.965407,0.024754,0.990161,0.532743,-3.424293,0.087802,3.512095,-0.164581,0.000000,0.000000,0.000000,3.565645,6.366296,0.949347,-3.945969,-6.638170,0.977144,0.000000,0.000000,0.000000,0.001257,0.000000,0.000000,309.588185,248.651305,1
6.988000,1.208416,-0.067644,0.238768,-0.213842,0.005483,0.219325,-0.203368,0.196664,-0.005043,-0.201707,0.679400,-2.387085,0.061207,2.448292,-0.435061,0.041781,-0.001071,-0.042853,-0.223469,0.047357,-0.001214,-0.048571,-0.251887,-1.001383,0.025676,1.027060,0.267428,0.688956,-0.017666,-0.706622,0.050271,0.536490,-0.013756,-0.550247,-0.452084,0.901721,-0.023121,-0.924842,-0.434676,0.329785,-0.008456,-0.338241,0.280236,-0.519160,0.013312,0.532472,0.475398,-1.633829,0.041893,1.675723,-0.737675,0.000000,0.000000,0.000000,3.201211,5.618192,1.284225,-3.435968,-4.758801,0.155957,0.000000,0.000000,0.000000,0.000038,0.000000,0.000000,309.603439,248.645653,1
6.998000,1.208809,-0.067672,0.237547,-0.213842,0.005483,0.219325,-0.217303,0.196664,-0.005043,-0.201707,0.753276,-2.387085,0.061207,2.448292,-0.622025,0.041781,-0.001071,-0.042853,-0.238978,0.047357,-0.001214,-0.048571,-0.181941,-1.001383,0.025676,1.027060,0.358385,0.688956,-0.017666,-0.706622,0.019515,0.536490,-0.013756,-0.550247,-0.388214,0.901721,-0.023121,-0.924842,-0.363676,0.329785,-0.008456,-0.338241,0.313055,-0.519160,0.013312,0.532472,0.493306,-1.633829,0.041893,1.675723,-0.915067,0.000000,0.000000,0.000000,3.396600,6.047624,1.414410,-3.755258,-5.302679,0.241874,0.000000,0.000000,0.000000,0.000046,0.000000,0.000000,309.649193,248.623895,1
7.002000,1.234306,-0.057170,0.244101,0.241304,-0.006187,-0.247492,-0.290155,-0.965827,0.024765,0.990592,1.088077,-0.964853,0.024740,0.989593,-0.355232,-0.745978,0.019128,0.765105,-0.214046,-0.098404,0.002523,0.100928,-0.120207,2.195087,-0.056284,-2.251371,-0.525253,-0.038797,0.000995,0.039792,1.182487,0.061398,-0.001574,-0.062973,-0.200282,-0.132098,0.003387,0.135486,0.162113,0.310590,-0.007964,-0.318554,0.480987,-1.073321,0.027521,1.100842,0.454960,-1.168864,0.029971,1.198835,-0.192763,0.000000,0.000000,0.000000,2.305229,4.706391,0.540620,-2.359230,-3.909491,0.169805,0.000000,0.000000,0.000000,0.000038,0.000000,0.000000,309.664499,248.631907,1
7.012000,1.236461,-0.056962,0.242601,0.241304,-0.006187,-0.247492,-0.330969,-0.965827,0.024765,0.990592,1.308766,-0.964853,0.024740,0.989593,-0.785646,-0.745978,0.019128,0.765105,-0.026859,-0.098404,0.002523,0.100928,-0.080419,2.195087,-0.056284,-2.251371,-0.765557,-0.038797,0.000995,0.039792,0.890624,0.061398,-0.001574,-0.062973,-0.125616,-0.132098,0.003387,0.135486,0.096781,0.310590,-0.007964,-0.318554,0.433618,-1.073321,0.027521,1.100842,0.603869,-1.168864,0.029971,1.198835,-0.537499,0.000000,0.000000,0.000000,2.563221,5.740791,0.810372,-2.784244,-4.807733,0.322806,0.000000,0.000000,0.000000,0.000054,0.000000,0.000000,309.718617,248.654252,1
7.018000,1.228445,-0.061604,0.241579,-0.237353,0.006086,0.243439,-0.121547,0.169893,-0.004356,-0.174249,0.911826,-0.682350,0.017496,0.699846,-1.074285,-0.650251,0.016673,0.666924,0.070956,-0.077409,0.001985,0.079394,-0.044587,2.401323,-0.061572,-2.462896,-1.049068,0.386821,-0.009918,-0.396739,0.049798,-0.075851,0.001945,0.077796,-0.016578,0.694831,-0.017816,-0.712647,-0.157996,-0.123117,0.003157,0.126273,0.455160,0.251783,-0.006456,-0.258239,0.304779,-1.151139,0.029516,1.180656,-0.755240,0.000000,0.000000,0.000000,3.077282,6.214664,1.304950,-3.563652,-4.590390,0.390715,0.000000,0.000000,0.000000,0.000047,0.000000,0.000000,309.747035,248.659447,1
7.028000,1.229365,-0.061486,0.239529,-0.243407,0.006241,0.249649,-0.122625,0.166968,-0.004281,-0.171249,1.034097,-0.672110,0.017234,0.689344,-1.414014,-0.636628,0.016324,0.652952,0.073243,-0.076904,0.001972,0.078876,-0.029947,2.374561,-0.060886,-2.435447,-1.065864,0.379274,-0.009725,-0.388999,0.062286,-0.076102,0.001951,0.078053,-0.012887,0.675817,-0.017329,-0.693145,-0.160731,-0.130502,0.003346,0.133848,0.507165,0.255697,-0.006556,-0.262253,0.314102,-1.151592,0.029528,1.181120,-0.991829,0.000000,0.000000,0.000000,3.303166,6.655744,1.387762,-3.866809,-5.184389,0.561853,0.000000,0.000000,0.000000,0.000053,0.000000,0.000000,309.799904,248.663038,1
7.030000,1.234712,-0.065541,0.242633,-0.199275,0.005110,0.204385,-0.132099,-0.014669,0.000376,0.015045,1.096489,-0.760010,0.019487,0.779498,-1.190962,-0.718891,0.018433,0.737324,0.113949,-0.052592,0.001349,0.053940,-0.045352,2.568263,-0.065853,-2.634116,-1.078449,0.521567,-0.013374,-0.534941,-0.004533,-0.049593,0.001272,0.050864,-0.008694,0.861672,-0.022094,-0.883766,-0.247535,-0.059558,0.001527,0.061086,0.478397,0.048276,-0.001238,-0.049513,0.359657,-1.249657,0.032042,1.281700,-0.676660,0.000000,0.000000,0.000000,3.060388,6.123700,1.421832,-3.576656,-5.016613,0.203229,0.000000,0.000000,0.000000,0.000050,0.000000,0.000000,309.809974,248.665735,1
7.040000,1.236099,-0.065495,0.240901,-0.183287,0.004700,0.187986,-0.127922,-0.026187,0.000671,0.026858,1.216047,-0.780592,0.020015,0.800607,-1.493051,-0.776675,0.019915,0.796589,0.167604,-0.052618,0.001349,0.053967,-0.032259,2.776090,-0.071182,-2.847272,-1.234170,0.548837,-0.014073,-0.562909,-0.001592,-0.050350,0.001291,0.051641,-0.009347,0.868618,-0.022272,-0.890890,-0.256992,-0.041782,0.001071,0.042854,0.529566,0.037405,-0.000959,-0.038364,0.384490,-1.278361,0.032778,1.311140,-0.907471,0.000000,0.000000,0.000000,3.294760,6.604455,1.528172,-3.836698,-5.585379,0.349812,0.000000,0.000000,0.000000,0.000064,0.000000,0.000000,309.873563,248.680800,1
7.044000,1.248312,-0.059885,0.242095,-0.198473,0.005089,0.203562,-0.255220,-0.007731,0.000198,0.007929,1.084849,-0.501284,0.012853,0.514137,-1.175904,-0.471338,0.012086,0.483423,0.097847,-0.005504,0.000141,0.005645,-0.039440,1.807696,-0.046351,-1.854047,-0.696851,0.294608,-0.007554,-0.302163,0.092535,-0.018398,0.000472,0.018869,-0.021857,-0.110150,0.002824,0.112974,0.229927,-0.063633,0.001632,0.065265,0.342658,0.119249,-0.003058,-0.122306,0.301425,-1.079860,0.027689,1.107549,-0.478314,0.000000,0.000000,0.000000,2.970197,5.846758,1.278478,-3.659346,-4.536172,0.156507,0.000000,0.000000,0.000000,0.000026,0.000000,0.000000,309.884155,248.681378,1
7.054000,1.249780,-0.059671,0.240082,-0.198473,0.005089,0.203562,-0.227078,-0.007731,0.000198,0.007929,1.214029,-0.501284,0.012853,0.514137,-1.501462,-0.471338,0.012086,0.483423,0.064165,-0.005504,0.000141,0.005645,-0.031448,1.807696,-0.046351,-1.854047,-0.754295,0.294608,-0.007554,-0.302163,0.115733,-0.018398,0.000472,0.018869,-0.027730,-0.110150,0.002824,0.112974,0.130030,-0.063633,0.001632,0.065265,0.410056,0.119249,-0.003058,-0.122306,0.369518,-1.079860,0.027689,1.107549,-0.792008,0.000000,0.000000,0.000000,3.287352,6.502800,1.415809,-3.956058,-5.115418,0.327714,0.000000,0.000000,0.000000,0.000033,0.000000,0.000000,309.916723,248.678422,1
7.058000,1.247055,-0.064921,0.238913,-0.189238,0.004852,0.194091,-0.161127,0.296235,-0.007596,-0.303831,1.311322,-0.482858,0.012381,0.495239,-1.692146,-0.772252,0.019801,0.792053,0.026104,-0.009358,0.000240,0.009598,-0.040798,2.707558,-0.069425,-2.776983,-0.873228,0.644679,-0.016530,-0.661209,0.004158,-0.018336,0.000470,0.018806,-0.020616,0.582528,-0.014937,-0.597464,0.070508,-0.020260,0.000519,0.020779,0.524945,0.377295,-0.009674,-0.386970,0.286223,-0.981267,0.025161,1.006428,-0.896610,0.000000,0.000000,0.000000,3.255970,6.612441,1.493787,-3.972680,-5.535890,0.517840,0.000000,0.000000,0.000000,0.000048,0.000000,0.000000,309.935855,248.678942,1
7.068000,1.248176,-0.064826,0.236342,-0.189238,0.004852,0.194091,-0.140567,0.296235,-0.007596,-0.303831,1.413198,-0.482858,0.012381,0.495239,-1.949405,-0.772252,0.019801,0.792053,0.060982,-0.009358,0.000240,0.009598,-0.046216,2.707558,-0.069425,-2.776983,-1.072742,0.644679,-0.016530,-0.661209,-0.008054,-0.018336,0.000470,0.018806,-0.022645,0.582528,-0.014937,-0.597464,-0.022169,-0.020260,0.000519,0.020779,0.601886,0.377295,-0.009674,-0.386970,0.305735,-0.981267,0.025161,1.006428,-1.152453,0.000000,0.000000,0.000000,3.444823,6.978512,1.565668,-4.152686,-5.915106,0.644368,0.000000,0.000000,0.000000,0.000058,0.000000,0.000000,309.993450,248.682514,1
7.072000,1.249219,-0.064589,0.236360,-0.119922,0.003075,0.122997,-0.292482,0.060233,-0.001544,-0.061778,1.247733,-0.574150,0.014722,0.588872,-1.779450,-0.777724,0.019942,0.797666,0.064542,-0.009328,0.000239,0.009568,-0.049383,2.891820,-0.074149,-2.965970,-1.170171,0.479113,-0.012285,-0.491398,0.179584,-0.024768,0.000635,0.025403,-0.022951,0.035055,-0.000899,-0.035954,0.065016,0.055878,-0.001433,-0.057311,0.399034,0.123160,-0.003158,-0.126318,0.307877,-1.088361,0.027907,1.116268,-1.159274,0.000000,0.000000,0.000000,3.275408,6.636851,1.572047,-4.056070,-5.813449,0.468753,0.000000,0.000000,0.000000,0.000061,0.000000,0.000000,310.017972,248.686170,1
7.082000,1.249970,-0.064388,0.233618,-0.119922,0.003075,0.122997,-0.285541,0.060233,-0.001544,-0.061778,1.336557,-0.574150,0.014722,0.588872,-2.019144,-0.777724,0.019942,0.797666,0.088677,-0.009328,0.000239,0.009568,-0.045259,2.891820,-0.074149,-2.965970,-1.259278,0.479113,-0.012285,-0.491398,0.147266,-0.024768,0.000635,0.025403,-0.026186,0.035055,-0.000899,-0.035954,0.038727,0.055878,-0.001433,-0.057311,0.469275,0.123160,-0.003158,-0.126318,0.306977,-1.088361,0.027907,1.116268,-1.380421,0.000000,0.000000,0.000000,3.439604,6.931143,1.629487,-4.202955,-6.148674,0.584456,0.000000,0.000000,0.000000,0.000068,0.000000,0.000000,310.085911,248.694345,1
7.086000,1.270571,-0.056748,0.242373,-0.011644,0.000299,0.011943,-0.263911,-0.269369,0.006907,0.276276,1.317203,-0.346917,0.008895,0.355812,-1.647703,-0.152514,0.003911,0.156424,-0.036478,-0.011070,0.000284,0.011354,-0.052982,1.595206,-0.040903,-1.636109,-0.773952,-0.216821,0.005560,0.222380,0.572332,-0.046505,0.001192,0.047697,0.000309,-2.286119,0.058618,2.344737,1.113307,0.156615,-0.004016,-0.160631,0.050931,-0.083423,0.002139,0.085562,0.565595,-1.101264,0.028238,1.129501,-0.638120,0.000000,0.000000,0.000000,3.049910,6.553226,1.301298,-3.652928,-5.247364,0.267556,0.000000,0.000000,0.000000,0.000057,0.000000,0.000000,310.108875,248.706712,1
7.096000,1.272383,-0.056458,0.240061,-0.011644,0.000299,0.011943,-0.225187,-0.269369,0.006907,0.276276,1.417449,-0.346917,0.008895,0.355812,-1.906496,-0.152514,0.003911,0.156424,-0.029044,-0.011070,0.000284,0.011354,-0.055098,1.595206,-0.040903,-1.636109,-0.724943,-0.216821,0.005560,0.222380,0.620494,-0.046505,0.001192,0.047697,-0.016823,-2.286119,0.058618,2.344737,1.136094,0.156615,-0.004016,-0.160631,0.133181,-0.083423,0.002139,0.085562,0.613605,-1.101264,0.028238,1.129501,-0.887075,0.000000,0.000000,0.000000,3.332295,7.106955,1.371585,-3.866446,-5.705370,0.405822,0.000000,0.000000,0.000000,0.000061,0.000000,0.000000,310.170298,248.733928,1
7.102000,1.263511,-0.075901,0.231870,-0.163836,0.004201,0.168037,-0.028816,0.236605,-0.006067,-0.242672,1.497771,-0.349227,0.008955,0.358181,-2.172781,-0.752801,0.019303,0.772104,0.021497,-0.081392,0.002087,0.083479,-0.063913,2.996434,-0.076832,-3.073265,-1.106964,0.713197,-0.018287,-0.731484,0.004418,-0.033508,0.000859,0.034367,-0.012675,0.038044,-0.000975,-0.039019,0.197556,-0.021929,0.000562,0.022491,0.811191,0.418890,-0.010741,-0.429631,0.198729,-1.002104,0.025695,1.027799,-1.059164,0.000000,0.000000,0.000000,3.400768,6.328965,1.887575,-4.060759,-6.260883,0.324847,0.004344,0.011437,-0.007829,0.000058,0.000000,0.000000,310.204943,248.740526,1
7.112000,1.266010,-0.072789,0.230413,-0.140546,0.003604,0.144149,-0.041773,0.262497,-0.006731,-0.269228,1.549448,-0.533099,0.013669,0.546768,-2.358406,-0.955704,0.024505,0.980209,0.105214,-0.102076,0.002617,0.104693,-0.058098,2.968187,-0.076107,-3.044295,-1.171943,0.776281,-0.019905,-0.796185,-0.011505,-0.024570,0.000630,0.025200,-0.024201,0.658377,-0.016881,-0.675258,-0.003142,0.039814,-0.001021,-0.040835,0.739450,0.267470,-0.006858,-0.274328,0.339083,-0.907024,0.023257,0.930281,-1.377229,0.000000,0.000000,0.000000,3.701811,6.982044,1.800289,-4.316164,-6.616908,0.558161,0.000000,0.000000,0.000000,0.000068,0.000000,0.000000,310.273003,248.746109,1
7.116000,1.278527,-0.057606,0.231258,-0.268879,0.006894,0.275773,-0.268416,0.167338,-0.004291,-0.171629,1.442132,-0.458835,0.011765,0.470600,-2.197889,-0.863833,0.022150,0.885983,0.047368,-0.113118,0.002900,0.116018,-0.051022,3.309880,-0.084869,-3.394749,-1.149104,0.730509,-0.018731,-0.749240,0.185668,-0.033086,0.000848,0.033935,-0.024363,-0.014939,0.000383,0.015322,0.258614,-0.036385,0.000933,0.037318,0.407678,0.307866,-0.007894,-0.315760,0.343061,-1.163022,0.029821,1.192843,-1.209423,0.000000,0.000000,0.000000,3.466549,7.341155,1.412619,-4.426263,-6.026019,0.794184,0.000000,0.000000,0.000000,0.000070,0.000000,0.000000,310.301062,248.749747,1
7.126000,1.279834,-0.056973,0.228117,-0.268879,0.006894,0.275773,-0.257128,0.167338,-0.004291,-0.171629,1.504078,-0.458835,0.011765,0.470600,-2.357687,-0.863833,0.022150,0.885983,0.099036,-0.113118,0.002900,0.116018,-0.049945,3.309880,-0.084869,-3.394749,-1.364311,0.730509,-0.018731,-0.749240,0.120653,-0.033086,0.000848,0.033935,-0.027668,-0.014939,0.000383,0.015322,0.141615,-0.036385,0.000933,0.037318,0.492880,0.307866,-0.007894,-0.315760,0.348592,-1.163022,0.029821,1.192843,-1.414156,0.000000,0.000000,0.000000,3.628720,7.625692,1.423360,-4.519571,-6.205818,0.896816,0.000000,0.000000,0.000000,0.000081,0.000000,0.000000,310.381786,248.763818,1
7.130000,1.262429,-0.076313,0.229120,-0.204105,0.005233,0.209338,0.113420,0.506227,-0.012980,-0.519208,1.113075,-1.366694,0.035043,1.401738,-2.019462,-0.170053,0.004360,0.174413,-0.043550,-0.057107,0.001464,0.058571,-0.054803,2.588025,-0.066360,-2.654384,-1.103511,-0.669738,0.017173,0.686911,0.846030,-0.042473,0.001089,0.043562,0.189938,-1.270921,0.032588,1.303509,-0.423988,-0.379488,0.009730,0.389218,0.943520,0.945364,-0.024240,-0.969605,-0.328735,-2.196768,0.056327,2.253096,-0.820537,0.000000,0.000000,0.000000,3.306144,4.323030,0.801099,-3.362194,-7.106977,1.052559,-1.505489,6.473856,-2.217530,0.000100,0.000000,0.000000,310.421983,248.757448,1
7.140000,1.262126,-0.076735,0.226816,-0.201409,0.005164,0.206574,0.279357,0.506159,-0.012978,-0.519137,0.980788,-1.366949,0.035050,1.401999,-2.119057,-0.189944,0.004870,0.194814,-0.030993,-0.055336,0.001419,0.056755,-0.058841,2.671150,-0.068491,-2.739641,-1.204818,-0.690127,0.017696,0.707823,1.063910,-0.043386,0.001112,0.044499,0.206908,-1.356304,0.034777,1.391082,-1.053813,-0.376304,0.009649,0.385953,1.096741,0.944985,-0.024230,-0.969215,-0.539449,-2.197009,0.056334,2.253342,-0.812871,0.000000,0.000000,0.000000,3.237219,3.701870,0.463874,-3.224764,-7.305374,1.257479,-1.411084,6.191076,-2.141883,0.000119,0.000000,0.000000,310.540522,248.740246,1
7.144000,1.291060,-0.058961,0.228958,-0.576606,0.014785,0.591391,-0.013952,1.355403,-0.034754,-1.390157,1.067599,-1.838882,0.047151,1.886033,-1.791387,-0.094134,0.002414,0.096548,-0.133167,0.067522,-0.001731,-0.069254,-0.064611,2.029237,-0.052032,-2.081268,-0.873311,-0.055626,0.001426,0.057053,1.136475,-0.016732,0.000429,0.017161,-0.080163,0.958226,-0.024570,-0.982796,0.100839,-0.958748,0.024583,0.983331,0.984575,2.007531,-0.051475,-2.059006,-0.472270,-2.871191,0.073620,2.944811,-0.389464,0.065478,-0.302191,-0.084332,3.176659,7.023094,1.457105,-4.386590,-6.078928,0.941136,0.000000,0.000000,0.000000,0.000100,0.000000,0.000000,310.580357,248.731031,1
7.154000,1.292323,-0.058319,0.226464,-0.576606,0.014785,0.591391,-0.004914,1.355403,-0.034754,-1.390157,1.112595,-1.838882,0.047151,1.886033,-1.840915,-0.094134,0.002414,0.096548,-0.125843,0.067522,-0.001731,-0.069254,-0.102804,2.029237,-0.052032,-2.081268,-0.922414,-0.055626,0.001426,0.057053,1.031964,-0.016732,0.000429,0.017161,-0.065069,0.958226,-0.024570,-0.982796,-0.103347,-0.958748,0.024583,0.983331,1.089412,2.007531,-0.051475,-2.059006,-0.447235,-2.871191,0.073620,2.944811,-0.560304,0.219478,-1.237544,-0.423021,3.396022,7.559068,1.558011,-4.539718,-6.130607,0.922568,0.000000,0.000000,0.000000,0.000108,0.000000,0.000000,310.688000,248.704977,1
7.160000,1.291506,-0.073166,0.228743,-0.268040,0.006873,0.274913,-0.116681,1.223503,-0.031372,-1.254875,1.052677,-2.164565,0.055502,2.220066,-1.319348,0.870401,-0.022318,-0.892718,-0.960255,0.074530,-0.001911,-0.076441,-0.037266,0.248966,-0.006384,-0.255349,-0.005633,-0.514001,0.013180,0.527181,1.238169,-0.022397,0.000574,0.022972,-0.053769,-0.208088,0.005336,0.213424,0.263765,-0.898785,0.023046,0.921831,1.318717,2.171535,-0.055680,-2.227215,-0.811086,-3.435062,0.088079,3.523140,-0.009066,0.046941,-0.073209,0.006960,3.153086,6.355949,1.594239,-4.021963,-6.009941,0.514531,-0.148418,0.801129,-0.346871,0.000089,0.000000,0.000000,310.741448,248.706641,1
7.170000,1.292182,-0.073393,0.226502,-0.268040,0.006873,0.274913,-0.090395,1.223503,-0.031372,-1.254875,1.106525,-2.164565,0.055502,2.220066,-1.432814,0.870401,-0.022318,-0.892718,-0.984288,0.074530,-0.001911,-0.076441,-0.064890,0.248966,-0.006384,-0.255349,-0.010409,-0.514001,0.013180,0.527181,1.212293,-0.022397,0.000574,0.022972,-0.038409,-0.208088,0.005336,0.213424,0.144981,-0.898785,0.023046,0.921831,1.414414,2.171535,-0.055680,-2.227215,-0.782747,-3.435062,0.088079,3.523140,-0.259278,0.819298,-1.261781,0.121543,3.299051,6.445443,1.552343,-4.071183,-6.357316,0.680655,-0.437979,3.447903,-1.606040,0.000101,0.000000,0.000000,310.842570,248.697589,1
7.174000,1.296543,-0.065331,0.225256,-0.235535,0.006039,0.241574,-0.277943,1.403849,-0.035996,-1.439846,1.105740,-2.186110,0.056054,2.242164,-1.329300,0.424460,-0.010884,-0.435343,-0.531305,0.072514,-0.001859,-0.074374,0.145183,0.787488,-0.020192,-0.807680,-1.741464,-0.432571,0.011092,0.443662,1.112919,-0.016072,0.000412,0.016484,-0.017692,0.255920,-0.006562,-0.262482,0.059344,-0.831937,0.021332,0.853269,1.147077,2.193156,-0.056235,-2.249390,-0.601003,-3.203702,0.082146,3.285849,-0.404013,2.281109,-6.244105,-1.005220,3.040969,7.352762,2.005714,-4.589652,-5.287079,0.143664,-0.005267,0.012209,-0.003216,0.000105,0.000000,0.000000,310.884395,248.691463,1
7.184000,1.297236,-0.065096,0.223240,-0.235535,0.006039,0.241574,-0.389323,1.403849,-0.035996,-1.439846,1.145345,-2.186110,0.056054,2.242164,-1.284113,0.424460,-0.010884,-0.435343,-0.692759,0.072514,-0.001859,-0.074374,0.382910,0.787488,-0.020192,-0.807680,-2.393510,-0.432571,0.011092,0.443662,1.009160,-0.016072,0.000412,0.016484,-0.012786,0.255920,-0.006562,-0.262482,0.030130,-0.831937,0.021332,0.853269,1.078685,2.193156,-0.056235,-2.249390,-0.535314,-3.203702,0.082146,3.285849,-0.526591,2.040958,-6.143268,-1.209402,3.003222,7.539310,2.142008,-4.463904,-5.031075,0.085992,-0.030995,0.077322,-0.021971,0.000112,0.000000,0.000000,310.996358,248.675641,1
7.190000,1.287466,-0.065230,0.222024,-0.084997,0.002179,0.087176,-0.546422,1.217923,-0.031229,-1.249152,0.869501,-2.344035,0.060103,2.404138,-0.961437,0.463551,-0.011886,-0.475437,-0.779494,0.467857,-0.011996,-0.479854,0.154995,-0.549357,0.014086,0.563443,-2.038512,-0.647442,0.016601,0.664043,0.942950,-0.027859,0.000714,0.028573,-0.008720,0.136285,-0.003494,-0.139780,0.034814,-0.731981,0.018769,0.750750,0.932053,2.131041,-0.054642,-2.185683,-0.712381,-3.550277,0.091033,3.641310,-0.321300,2.026006,-6.159470,-1.276281,2.727224,6.646605,1.886171,-4.023941,-4.597505,-0.087339,-0.191235,0.357910,-0.080280,0.000091,0.000000,0.000000,311.050939,248.660102,1
7.200000,1.287391,-0.065269,0.220337,-0.084997,0.002179,0.087176,-0.599618,1.217923,-0.031229,-1.249152,0.885542,-2.344035,0.060103,2.404138,-0.887032,0.463551,-0.011886,-0.475437,-0.876040,0.467857,-0.011996,-0.479854,0.185174,-0.549357,0.014086,0.563443,-2.117268,-0.647442,0.016601,0.664043,0.910427,-0.027859,0.000714,0.028573,-0.007065,0.136285,-0.003494,-0.139780,0.018049,-0.731981,0.018769,0.750750,0.905535,2.131041,-0.054642,-2.185683,-0.665191,-3.550277,0.091033,3.641310,-0.375780,1.841233,-5.818272,-1.282207,2.767134,6.907143,2.021244,-3.883178,-4.468548,-0.071714,-0.374140,0.758997,-0.192626,0.000091,0.000000,0.000000,311.141925,248.632212,1
7.208000,1.321183,-0.074950,0.222355,0.347280,-0.008905,-0.356185,-0.704697,0.967784,-0.024815,-0.992599,1.033984,-2.882129,0.073901,2.956029,0.144754,0.633570,-0.016245,-0.649816,-1.055809,0.930097,-0.023849,-0.953946,0.511697,-2.535132,0.065003,2.600136,-1.448084,-0.867172,0.022235,0.889407,0.632993,-0.208529,0.005347,0.213876,0.289320,-0.040131,0.001029,0.041160,0.000433,-0.411497,0.010551,0.422048,0.916166,1.846610,-0.047349,-1.893959,-0.736584,-3.902822,0.100072,4.002894,0.790792,2.749416,-6.588540,-1.657287,2.228111,4.639105,0.962401,-2.816777,-2.783187,-0.019210,-2.720959,7.255542,-2.449254,0.000122,0.000000,0.000000,311.239659,248.645471,1
7.218000,1.322186,-0.075733,0.221816,0.347280,-0.008905,-0.356185,-0.670643,0.967784,-0.024815,-0.992599,0.973942,-2.882129,0.073901,2.956029,0.119215,0.633570,-0.016245,-0.649816,-1.030381,0.930097,-0.023849,-0.953946,0.467110,-2.535132,0.065003,2.600136,-1.473877,-0.867172,0.022235,0.889407,0.581230,-0.208529,0.005347,0.213876,0.894474,-0.040131,0.001029,0.041160,-0.519401,-0.411497,0.010551,0.422048,0.848414,1.846610,-0.047349,-1.893959,-0.698713,-3.902822,0.100072,4.002894,0.635206,2.831815,-6.396847,-1.452000,2.238539,4.225405,0.703344,-2.785395,-3.695776,0.544579,-2.470403,6.553005,-2.193548,0.000115,0.000000,0.000000,311.354251,248.654742,1
7.224000,1.301527,-0.076924,0.228339,0.472038,-0.012104,-0.484142,-0.708138,1.411726,-0.036198,-1.447924,0.557678,-2.941142,0.075414,3.016556,0.012192,0.787067,-0.020181,-0.807249,-1.008184,1.171320,-0.030034,-1.201354,-0.202696,-2.078035,0.053283,2.131318,-0.797739,-0.868370,0.022266,0.890636,0.653747,0.083034,-0.002129,-0.085163,0.643013,0.056549,-0.001450,-0.057999,-0.600874,-0.331031,0.008488,0.339519,0.771572,2.064589,-0.052938,-2.117527,-0.869060,-3.473037,0.089052,3.562089,0.326324,1.953520,-5.131425,-0.790604,2.517071,4.254637,0.751045,-2.808757,-4.224559,0.507046,-2.075073,6.082766,-1.867160,0.000079,0.000000,0.000000,311.401538,248.671280,1
7.234000,1.301022,-0.077604,0.227615,0.472038,-0.012104,-0.484142,-0.610773,1.411726,-0.036198,-1.447924,0.527866,-2.941142,0.075414,3.016556,-0.131501,0.787067,-0.020181,-0.807249,-0.932407,1.171320,-0.030034,-1.201354,-0.282732,-2.078035,0.053283,2.131318,-0.820590,-0.868370,0.022266,0.890636,0.705132,0.083034,-0.002129,-0.085163,0.725955,0.056549,-0.001450,-0.057999,-0.898496,-0.331031,0.008488,0.339519,0.807382,2.064589,-0.052938,-2.117527,-0.911744,-3.473037,0.089052,3.562089,0.219573,2.054644,-5.224262,-0.756769,2.446514,4.105366,0.727128,-2.816400,-4.541959,0.664016,-2.002460,5.761373,-1.745833,0.000080,0.000000,0.000000,311.481806,248.692113,1
7.242000,1.328991,-0.088012,0.234700,0.937747,-0.024045,-0.961792,-0.639941,0.970375,-0.024881,-0.995257,0.654992,-3.565678,0.091428,3.657106,-0.628220,1.117673,-0.028658,-1.146331,-0.741825,0.885069,-0.022694,-0.907763,0.171787,-3.054513,0.078321,3.132833,-0.874081,-0.237217,0.006082,0.243299,0.017071,0.512056,-0.013130,-0.525185,0.376874,-2.919375,0.074856,2.994231,-0.334113,0.068146,-0.001747,-0.069893,0.058181,1.389677,-0.035633,-1.425310,-0.729008,-3.559852,0.091278,3.651131,0.774044,2.718320,-5.750030,-0.278894,1.958796,2.785093,0.126292,-3.453630,-6.080251,1.336203,-1.859899,6.189450,-1.741988,0.000124,0.000000,0.000000,311.580856,248.678426,1
7.252000,1.330124,-0.088556,0.234746,0.937747,-0.024045,-0.961792,-0.557354,0.970375,-0.024881,-0.995257,0.690667,-3.565678,0.091428,3.657106,-0.678944,1.117673,-0.028658,-1.146331,-0.679041,0.885069,-0.022694,-0.907763,0.137896,-3.054513,0.078321,3.132833,-0.734198,-0.237217,0.006082,0.243299,0.045809,0.512056,-0.013130,-0.525185,0.317139,-2.919375,0.074856,2.994231,-0.186682,0.068146,-0.001747,-0.069893,0.079750,1.389677,-0.035633,-1.425310,-0.681865,-3.559852,0.091278,3.651131,0.744828,2.603469,-5.389274,-0.237151,1.977312,3.008754,0.251587,-3.237001,-5.823042,1.326945,-1.800668,5.819263,-1.580444,0.000113,0.000000,0.000000,311.694293,248.665328,1
7.260000,1.315784,-0.075205,0.258128,0.585602,-0.015015,-0.600617,-1.274009,1.582876,-0.040587,-1.623462,-0.300819,-3.837176,0.098389,3.935565,1.829070,0.752581,-0.019297,-0.771878,-0.478851,1.950424,-0.050011,-2.000435,-0.965276,-3.835151,0.098337,3.933488,0.482179,-0.509474,0.013063,0.522538,-0.057021,1.782001,-0.045692,-1.827694,-1.162881,-4.677757,0.119942,4.797700,1.666153,-0.457708,0.011736,0.469444,1.554959,1.928586,-0.049451,-1.978037,-0.873181,-3.294962,0.084486,3.379448,1.747709,1.699738,-4.787815,-0.332946,0.000000,0.000000,0.000000,0.000000,0.000000,0.000000,-2.087138,3.519192,-0.491666,0.000312,0.000000,0.000000,311.943586,248.914144,1
7.270000,1.315363,-0.075149,0.259028,0.585602,-0.015015,-0.600617,-0.911925,1.582876,-0.040587,-1.623462,-0.507290,-3.837176,0.098389,3.935565,1.885524,0.752581,-0.019297,-0.771878,-0.454222,1.950424,-0.050011,-2.000435,-0.821301,-3.835151,0.098337,3.933488,0.273639,-0.509474,0.013063,0.522538,-0.054908,1.782001,-0.045692,-1.827694,-0.954877,-4.677757,0.119942,4.797700,1.271422,-0.457708,0.011736,0.469444,1.116783,1.928586,-0.049451,-1.978037,-0.861541,-3.294962,0.084486,3.379448,1.664681,2.086239,-5.746998,-0.351752,0.000000,0.000000,0.000000,0.000000,0.000000,0.000000,-2.498643,4.966530,-0.944932,0.000276,0.000000,0.000000,312.219483,249.189467,1
7.274000,1.330387,-0.082727,0.245165,0.124925,-0.003203,-0.128128,0.624013,0.959805,-0.024610,-0.984415,-0.738035,-1.975172,0.050645,2.025817,1.432927,1.082280,-0.027751,-1.110031,0.161833,0.610763,-0.015661,-0.626423,0.523578,-1.878494,0.048167,1.926661,-0.270238,0.620333,-0.015906,-0.636239,-0.290153,0.588686,-0.015095,-0.603780,0.306262,-2.106390,0.054010,2.160400,-0.520977,-0.161676,0.004146,0.165821,-1.060375,0.523938,-0.013434,-0.537372,-0.457313,0.713286,-0.018289,-0.731576,0.066175,3.107468,-5.151293,-0.147870,0.000000,0.000000,0.000000,0.000000,0.000000,0.000000,-1.847779,7.414544,-1.785914,0.000067,0.000000,0.000000,312.246294,249.195135,1
7.284000,1.331030,-0.083113,0.243724,0.124925,-0.003203,-0.128128,0.423157,0.959805,-0.024610,-0.984415,-0.640622,-1.975172,0.050645,2.025817,1.151663,1.082280,-0.027751,-1.110031,0.075978,0.610763,-0.015661,-0.626423,0.631451,-1.878494,0.048167,1.926661,-0.652707,0.620333,-0.015906,-0.636239,-0.426555,0.588686,-0.015095,-0.603780,0.277072,-2.106390,0.054010,2.160400,-0.757482,-0.161676,0.004146,0.165821,-0.922274,0.523938,-0.013434,-0.537372,-0.420663,0.713286,-0.018289,-0.731576,-0.068634,3.203191,-5.948750,-0.494486,0.000000,0.000000,0.000000,0.000000,0.000000,0.000000,-2.008491,7.767688,-1.815474,0.000073,0.000000,0.000000,312.318891,249.192765,1
7.288000,1.336279,-0.077196,0.241316,1.138750,-0.029199,-1.167949,0.078367,0.128622,-0.003298,-0.131920,-0.302122,1.449063,-0.037155,-1.486218,-0.332736,0.627541,-0.016091,-0.643631,-0.173754,0.230216,-0.005903,-0.236119,0.893733,-1.434844,0.036791,1.471635,-1.074937,0.326152,-0.008363,-0.334515,-0.812291,0.326299,-0.008367,-0.334666,0.210446,-1.970330,0.050521,2.020852,-0.723987,-1.078125,0.027644,1.105769,-0.041451,0.695259,-0.017827,-0.713086,-0.484095,0.282173,-0.007235,-0.289408,-0.347112,2.800865,-6.245524,-0.605780,0.000000,0.000000,0.000000,0.000000,0.000000,0.000000,-2.524590,6.944095,-1.667257,0.000048,0.000000,0.000000,312.338200,249.184364,1
7.298000,1.336960,-0.076862,0.239367,1.138750,-0.029199,-1.167949,-0.055959,0.128622,-0.003298,-0.131920,-0.226599,1.449063,-0.037155,-1.486218,-0.480259,0.627541,-0.016091,-0.643631,-0.145685,0.230216,-0.005903,-0.236119,1.015775,-1.434844,0.036791,1.471635,-1.405945,0.326152,-0.008363,-0.334515,-0.849107,0.326299,-0.008367,-0.334666,0.196837,-1.970330,0.050521,2.020852,-0.931656,-1.078125,0.027644,1.105769,0.052512,0.695259,-0.017827,-0.713086,-0.465693,0.282173,-0.007235,-0.289408,-0.184605,2.996536,-6.800863,-0.709223,0.000000,0.000000,0.000000,0.000000,0.000000,0.000000,-2.636961,7.253187,-1.754598,0.000059,0.000000,0.000000,312.397079,249.158093,1
7.302000,1.340072,-0.081636,0.236751,1.212332,-0.031085,-1.243417,-0.266460,-0.076159,0.001953,0.078112,-0.211992,2.434972,-0.062435,-2.497407,-0.711917,0.226568,-0.005809,-0.232377,0.146184,-0.031390,0.000805,0.032195,1.014582,-1.278634,0.032785,1.311420,-1.370352,-0.033086,0.000848,0.033934,-0.476260,-0.087046,0.002232,0.089278,0.314882,-1.608021,0.041231,1.649253,-1.024785,-0.953982,0.024461,0.978443,0.031705,0.483021,-0.012385,-0.495406,-0.305815,0.219111,-0.005618,-0.224729,-0.071136,2.855716,-6.573568,-0.370960,0.000000,0.000000,0.000000,0.000000,0.000000,0.000000,-2.417346,6.944198,-1.681440,0.000059,0.000000,0.000000,312.420769,249.153352,1
7.312000,1.340606,-0.081724,0.234449,1.212332,-0.031085,-1.243417,-0.336515,-0.076159,0.001953,0.078112,-0.119127,2.434972,-0.062435,-2.497407,-0.929257,0.226568,-0.005809,-0.232377,0.149949,-0.031390,0.000805,0.032195,1.108370,-1.278634,0.032785,1.311420,-1.646317,-0.033086,0.000848,0.033934,-0.532355,-0.087046,0.002232,0.089278,0.309578,-1.608021,0.041231,1.649253,-1.252248,-0.953982,0.024461,0.978443,0.047646,0.483021,-0.012385,-0.495406,-0.299791,0.219111,-0.005618,-0.224729,-0.038382,2.985581,-7.017871,-0.465730,0.000000,0.000000,0.000000,0.000000,0.000000,0.000000,-2.525003,7.241805,-1.756224,0.000073,0.000000,0.000000,312.493697,249.140549,1
7.316000,1.360853,-0.091645,0.242197,0.588811,-0.015098,-0.603909,-0.188191,-0.071246,0.001827,0.073073,-0.131999,2.142339,-0.054932,-2.197270,-1.012180,0.095129,-0.002439,-0.097568,0.376299,-0.199732,0.005121,0.204854,1.414056,-0.712241,0.018263,0.730503,-1.664091,-0.065793,0.001687,0.067480,-0.155474,-0.044606,0.001144,0.045750,0.602110,-1.344156,0.034466,1.378622,-0.875999,-0.391753,0.010045,0.401798,-0.184419,-0.222811,0.005713,0.228524,-0.011346,-0.054297,0.001392,0.055689,0.024478,3.321885,-6.079377,-0.628865,0.000000,0.000000,0.000000,0.000000,0.000000,0.000000,-2.426278,7.539837,-1.362020,0.000052,0.000000,0.000000,312.514549,249.140947,1
7.326000,1.362641,-0.092313,0.239789,0.588811,-0.015098,-0.603909,-0.129063,-0.071246,0.001827,0.073073,-0.091196,2.142339,-0.054932,-2.197270,-0.991802,0.095129,-0.002439,-0.097568,0.387472,-0.199732,0.005121,0.204854,1.505668,-0.712241,0.018263,0.730503,-1.896908,-0.065793,0.001687,0.067480,-0.208647,-0.044606,0.001144,0.045750,0.610491,-1.344156,0.034466,1.378622,-1.075282,-0.391753,0.010045,0.401798,-0.177201,-0.222811,0.005713,0.228524,-0.007999,-0.054297,0.001392,0.055689,0.022257,3.439394,-6.427752,-0.769132,0.000000,0.000000,0.000000,0.000000,0.000000,0.000000,-2.566433,7.888645,-1.375769,0.000056,0.000000,0.000000,312.570494,249.136898,1
7.332000,1.363146,-0.087962,0.237226,0.340456,-0.008730,-0.349185,0.007070,-0.061545,0.001578,0.063123,-0.059715,1.594282,-0.040879,-1.635161,-0.640473,0.197155,-0.005055,-0.202210,0.282529,-0.077286,0.001982,0.079268,1.413606,-0.502403,0.012882,0.515286,-1.878692,0.098069,-0.002515,-0.100584,-0.480127,0.113284,-0.002905,-0.116188,0.402556,-1.104157,0.028312,1.132469,-1.157427,0.179214,-0.004595,-0.183809,-0.605235,-0.566674,0.014530,0.581204,0.028084,-0.146865,0.003766,0.150631,0.125626,3.208034,-6.336657,-0.594212,0.000000,0.000000,0.000000,0.000000,0.000000,0.000000,-2.343420,7.297017,-1.468729,0.000037,0.000000,0.000000,312.592952,249.130689,1
7.342000,1.364272,-0.088365,0.234395,0.340456,-0.008730,-0.349185,0.010080,-0.061545,0.001578,0.063123,-0.048389,1.594282,-0.040879,-1.635161,-0.660533,0.197155,-0.005055,-0.202210,0.281919,-0.077286,0.001982,0.079268,1.487436,-0.502403,0.012882,0.515286,-2.081559,0.098069,-0.002515,-0.100584,-0.550606,0.113284,-0.002905,-0.116188,0.394454,-1.104157,0.028312,1.132469,-1.361391,0.179214,-0.004595,-0.183809,-0.636476,-0.566674,0.014530,0.581204,0.032276,-0.146865,0.003766,0.150631,0.091943,3.293613,-6.641855,-0.712824,0.000000,0.000000,0.000000,0.000000,0.000000,0.000000,-2.450645,7.578004,-1.503624,0.000041,0.000000,0.000000,312.634219,249.117481,1
7.346000,1.365818,-0.081958,0.232979,0.697140,-0.017875,-0.715016,-0.019402,-0.094748,0.002429,0.097177,-0.063483,3.222318,-0.082624,-3.304941,-1.224257,0.104013,-0.002667,-0.106680,0.156091,-0.137795,0.003533,0.141328,1.450886,-0.566413,0.014523,0.580936,-2.107929,-0.028087,0.000720,0.028807,-0.655176,0.056767,-0.001456,-0.058222,0.246938,-1.272821,0.032636,1.305458,-1.174833,-0.113225,0.002903,0.116128,-0.572409,-0.684594,0.017554,0.702147,0.080829,-0.154117,0.003952,0.158068,0.160275,3.119942,-6.913283,-0.346204,0.000000,0.000000,0.000000,0.000000,0.000000,0.000000,-2.620270,6.777227,-1.759739,0.000072,0.000000,0.000000,312.663131,249.123346,1
7.356000,1.366542,-0.081808,0.229948,0.697140,-0.017875,-0.715016,-0.016710,-0.094748,0.002429,0.097177,-0.047275,3.222318,-0.082624,-3.304941,-1.364045,0.104013,-0.002667,-0.106680,0.179573,-0.137795,0.003533,0.141328,1.531438,-0.566413,0.014523,0.580936,-2.295724,-0.028087,0.000720,0.028807,-0.705787,0.056767,-0.001456,-0.058222,0.243244,-1.272821,0.032636,1.305458,-1.369435,-0.113225,0.002903,0.116128,-0.515282,-0.684594,0.017554,0.702147,0.107801,-0.154117,0.003952,0.158068,0.111115,3.196783,-7.167804,-0.401581,0.000000,0.000000,0.000000,0.000000,0.000000,0.000000,-2.721373,7.057827,-1.852145,0.000081,0.000000,0.000000,312.743823,249.139249,1
7.362000,1.398806,-0.095438,0.235766,0.322042,-0.008257,-0.330300,0.461082,-0.108595,0.002784,0.111379,-0.022129,3.651363,-0.093625,-3.744988,-0.794042,0.133831,-0.003432,-0.137263,0.272965,0.295767,-0.007584,-0.303351,1.550753,0.220743,-0.005660,-0.226403,-2.341764,0.069272,-0.001776,-0.071048,-0.312043,0.861771,-0.022097,-0.883867,0.212676,-1.025059,0.026284,1.051343,-0.737154,0.019136,-0.000491,-0.019626,-0.649966,-1.452744,0.037250,1.489994,0.441655,-0.391237,0.010032,0.401268,0.469985,3.280310,-6.054341,-0.813451,0.000000,0.000000,0.000000,0.000000,0.000000,0.000000,-2.342620,7.395949,-1.024749,0.000060,0.000000,0.000000,312.779890,249.155808,1
7.372000,1.400699,-0.096273,0.232662,0.322042,-0.008257,-0.330300,0.294726,-0.108595,0.002784,0.111379,-0.054590,3.651363,-0.093625,-3.744988,-1.289598,0.133831,-0.003432,-0.137263,0.218754,0.295767,-0.007584,-0.303351,1.630230,0.220743,-0.005660,-0.226403,-2.542446,0.069272,-0.001776,-0.071048,-0.418662,0.861771,-0.022097,-0.883867,0.243261,-1.025059,0.026284,1.051343,-0.974108,0.019136,-0.000491,-0.019626,-0.683838,-1.452744,0.037250,1.489994,0.463132,-0.391237,0.010032,0.401268,0.319453,3.382806,-6.318282,-0.937642,0.000000,0.000000,0.000000,0.000000,0.000000,0.000000,-2.521683,7.879207,-1.034084,0.000081,0.000000,0.000000,312.861226,249.199802,1
7.376000,1.372849,-0.072637,0.223362,0.494642,-0.012683,-0.507325,0.039301,-0.038899,0.000997,0.039896,-0.081434,3.909034,-0.100232,-4.009265,-1.473407,0.251469,-0.006448,-0.257916,0.006152,0.688948,-0.017665,-0.706613,1.327194,-1.275502,0.032705,1.308208,-2.366880,0.468773,-0.012020,-0.480792,-0.894039,1.084868,-0.027817,-1.112686,-0.121728,-1.998510,0.051244,2.049754,-1.120481,0.807297,-0.020700,-0.827997,-0.973709,-0.729247,0.018699,0.747945,0.307868,-0.090268,0.002315,0.092583,0.156228,2.710054,-7.851204,-0.211430,0.474569,0.207884,-0.077429,0.000000,0.000000,0.000000,-2.481907,6.662141,-2.213510,0.000139,0.000000,0.000000,312.916743,249.204474,1
7.386000,1.372739,-0.071737,0.220056,0.494642,-0.012683,-0.507325,0.019968,-0.038899,0.000997,0.039896,-0.061750,3.909034,-0.100232,-4.009265,-1.668671,0.251469,-0.006448,-0.257916,-0.038438,0.688948,-0.017665,-0.706613,1.340611,-1.275502,0.032705,1.308208,-2.461206,0.468773,-0.012020,-0.480792,-1.037389,1.084868,-0.027817,-1.112686,-0.190002,-1.998510,0.051244,2.049754,-1.243256,0.807297,-0.020700,-0.827997,-1.014643,-0.729247,0.018699,0.747945,0.230130,-0.090268,0.002315,0.092583,0.073226,2.631363,-7.926208,-0.280018,0.973468,1.271837,0.386642,0.000000,0.000000,0.000000,-2.638528,6.624088,-2.134467,0.000152,0.000000,0.000000,313.068316,249.221486,1
7.390000,1.404843,-0.099515,0.230099,-0.023665,0.000607,0.024272,0.336786,-0.143874,0.003689,0.147563,-0.055708,3.503635,-0.089837,-3.593471,-1.400783,0.045878,-0.001176,-0.047055,0.316907,0.704098,-0.018054,-0.722151,1.453048,-2.110569,0.054117,2.164686,-1.661010,0.404572,-0.010374,-0.414946,-0.736905,0.796615,-0.020426,-0.817041,-0.040229,-2.167209,0.055569,2.222778,-0.576523,0.835548,-0.021424,-0.856973,-1.464454,-1.215687,0.031171,1.246858,0.543676,-0.225801,0.005790,0.231591,0.312781,3.425505,-6.749286,-1.450731,0.000000,0.000000,0.000000,-0.008238,-0.039826,0.019874,-2.362592,7.153815,-0.983164,0.000133,0.000000,0.000000,313.121657,249.227231,1
7.400000,1.406759,-0.100676,0.227384,-0.023665,0.000607,0.024272,0.333421,-0.143874,0.003689,0.147563,-0.042701,3.503635,-0.089837,-3.593471,-1.542324,0.045878,-0.001176,-0.047055,0.302574,0.704098,-0.018054,-0.722151,1.504967,-2.110569,0.054117,2.164686,-1.682847,0.404572,-0.010374,-0.414946,-0.843277,0.796615,-0.020426,-0.817041,-0.001726,-2.167209,0.055569,2.222778,-0.755027,0.835548,-0.021424,-0.856973,-1.476208,-1.215687,0.031171,1.246858,0.489989,-0.225801,0.005790,0.231591,0.220906,3.450776,-6.770775,-1.519066,0.000000,0.000000,0.000000,-0.008558,-0.199162,0.126823,-2.482705,7.681629,-1.049110,0.000143,0.000000,0.000000,313.264231,249.241236,1
7.406000,1.403252,-0.088844,0.229222,0.463867,-0.011894,-0.475761,0.307681,-0.063722,0.001634,0.065356,-0.045161,2.296993,-0.058897,-2.355890,-0.767510,0.961095,-0.024643,-0.985739,-0.213224,1.428163,-0.036620,-1.464783,1.047621,-2.080207,0.053339,2.133546,-1.600133,1.414942,-0.036281,-1.451223,-1.399471,1.983763,-0.050866,-2.034628,-0.615861,-2.951730,0.075685,3.027416,-0.235113,0.296721,-0.007608,-0.304330,-1.221981,-0.620003,0.015898,0.635900,0.314281,-0.690027,0.017693,0.707720,0.445321,3.250994,-6.619444,-0.843520,-0.000387,0.000411,0.000626,0.000000,0.000000,0.000000,-2.241674,6.962691,-1.476486,0.000120,0.000000,0.000000,313.336224,249.243513,1
7.416000,1.404273,-0.089146,0.226853,0.463867,-0.011894,-0.475761,0.141117,-0.063722,0.001634,0.065356,-0.037755,2.296993,-0.058897,-2.355890,-0.895317,0.961095,-0.024643,-0.985739,-0.282940,1.428163,-0.036620,-1.464783,1.092953,-2.080207,0.053339,2.133546,-1.676536,1.414942,-0.036281,-1.451223,-1.550924,1.983763,-0.050866,-2.034628,-0.572877,-2.951730,0.075685,3.027416,-0.468875,0.296721,-0.007608,-0.304330,-1.170550,-0.620003,0.015898,0.635900,0.213266,-0.690027,0.017693,0.707720,0.417361,3.307647,-6.797185,-0.918638,-0.007653,0.010879,0.011296,-0.165977,-0.361127,0.072236,-2.389106,7.510223,-1.604416,0.000133,0.000000,0.000000,313.468811,249.242761,1
7.420000,1.399983,-0.095770,0.223985,0.196353,-0.005035,-0.201387,0.377891,0.077771,-0.001994,-0.079765,0.191114,1.855644,-0.047581,-1.903224,-2.131305,0.620187,-0.015902,-0.636089,0.061095,1.460524,-0.037449,-1.497973,0.995344,-2.162110,0.055439,2.217549,-1.153645,1.189365,-0.030497,-1.219862,-1.331631,2.166920,-0.055562,-2.222482,-0.487410,-3.148602,0.080733,3.229335,-0.615639,0.308997,-0.007923,-0.316920,-0.988194,-0.557793,0.014302,0.572095,0.177416,-0.569871,0.014612,0.584483,0.367327,3.614233,-5.574495,-0.310775,-0.001616,0.007595,0.006136,-2.346916,-5.248768,1.129021,-2.021412,7.647558,-1.627022,0.000136,0.000000,0.000000,313.523055,249.247664,1
7.430000,1.400709,-0.096361,0.221959,0.196353,-0.005035,-0.201387,0.515764,0.077771,-0.001994,-0.079765,0.405397,1.855644,-0.047581,-1.903224,-2.747301,0.620187,-0.015902,-0.636089,0.119107,1.460524,-0.037449,-1.497973,1.017823,-2.162110,0.055439,2.217549,-1.152123,1.189365,-0.030497,-1.219862,-1.313758,2.166920,-0.055562,-2.222482,-0.497990,-3.148602,0.080733,3.229335,-0.654928,0.308997,-0.007923,-0.316920,-0.922863,-0.557793,0.014302,0.572095,0.142468,-0.569871,0.014612,0.584483,0.335422,3.536531,-5.402785,-0.298053,-0.005808,0.034316,0.026918,-2.197898,-5.287859,1.302329,-1.980909,7.824671,-1.720706,0.000149,0.000000,0.000000,313.672201,249.268680,1
7.436000,1.410941,-0.079771,0.225525,0.184105,-0.004721,-0.188825,0.408846,1.485058,-0.038078,-1.523136,-0.061133,-1.477712,0.037890,1.515602,-1.323734,0.389423,-0.009985,-0.399408,0.129472,1.434342,-0.036778,-1.471120,0.880658,-2.134848,0.054740,2.189588,-0.863984,1.144351,-0.029342,-1.173694,-1.541351,2.678091,-0.068669,-2.746760,-1.112292,-3.904046,0.100104,4.004149,0.277036,0.650950,-0.016691,-0.667641,-0.917360,-0.450784,0.011559,0.462342,0.238547,-0.998626,0.025606,1.024232,0.376865,3.197063,-4.925549,0.155671,1.193938,4.408007,2.115875,-4.263405,-7.768851,1.772015,-1.681356,5.675029,-1.415092,0.000125,0.000000,0.000000,313.747189,249.279798,1
7.446000,1.411324,-0.079220,0.224553,0.184105,-0.004721,-0.188825,0.498821,1.485058,-0.038078,-1.523136,0.103434,-1.477712,0.037890,1.515602,-1.963074,0.389423,-0.009985,-0.399408,0.194400,1.434342,-0.036778,-1.471120,0.828843,-2.134848,0.054740,2.189588,-0.801767,1.144351,-0.029342,-1.173694,-1.396163,2.678091,-0.068669,-2.746760,-1.071675,-3.904046,0.100104,4.004149,0.177703,0.650950,-0.016691,-0.667641,-1.109206,-0.450784,0.011559,0.462342,0.447886,-0.998626,0.025606,1.024232,-0.173268,2.898248,-4.750663,0.022605,1.887749,4.669625,1.926898,-3.992668,-7.358522,1.733584,-1.556750,5.289040,-1.344976,0.000127,0.000000,0.000000,313.874173,249.277643,1
7.454000,1.407282,-0.079407,0.227723,-0.144857,0.003714,0.148571,0.599200,2.035597,-0.052195,-2.087791,0.006490,-2.751146,0.070542,2.821689,-1.268481,-0.050118,0.001285,0.051403,0.394022,1.496756,-0.038378,-1.535134,0.584471,-2.300389,0.058984,2.359373,-0.437093,0.756741,-0.019404,-0.776144,-0.881082,2.769002,-0.071000,-2.840002,-0.681999,-4.028311,0.103290,4.131601,0.050472,0.693731,-0.017788,-0.711519,-0.726606,-0.298156,0.007645,0.305801,0.610371,-0.001215,0.000031,0.001246,-0.622190,2.687479,-4.406040,0.026160,1.878179,3.720988,1.150478,-3.276077,-6.907177,1.575327,-1.852990,6.505722,-1.835105,0.000092,0.000000,0.000000,313.947487,249.262604,1
7.464000,1.406876,-0.078753,0.227322,-0.144857,0.003714,0.148571,0.661112,2.035597,-0.052195,-2.087791,-0.092238,-2.751146,0.070542,2.821689,-1.349691,-0.050118,0.001285,0.051403,0.420767,1.496756,-0.038378,-1.535134,0.486439,-2.300389,0.058984,2.359373,-0.483713,0.756741,-0.019404,-0.776144,-0.802056,2.769002,-0.071000,-2.840002,-0.804223,-4.028311,0.103290,4.131601,0.054832,0.693731,-0.017788,-0.711519,-0.698957,-0.298156,0.007645,0.305801,0.530800,-0.001215,0.000031,0.001246,-0.733551,2.535531,-4.362025,-0.056445,1.771968,3.463533,1.054346,-3.060404,-6.427996,1.434568,-1.706434,5.930693,-1.684596,0.000098,0.000000,0.000000,314.045512,249.246682,1
7.472000,1.424001,-0.083749,0.236131,-0.981462,0.025166,1.006628,1.386051,1.245695,-0.031941,-1.277636,-0.164938,-3.100469,0.079499,3.179968,-0.249750,-0.883625,0.022657,0.906282,1.881533,0.868721,-0.022275,-0.890996,-0.615437,-2.966452,0.076063,3.042515,1.465256,-0.026353,0.000676,0.027028,-2.771202,2.166984,-0.055564,-2.222548,-0.705297,-4.426785,0.113507,4.540293,1.476417,1.039120,-0.026644,-1.065765,0.821570,-0.057721,0.001480,0.059201,0.896092,-0.008323,0.000213,0.008536,-1.633631,0.014352,-0.318185,-0.177765,4.281425,5.096238,0.355192,-2.992649,-5.507818,1.064539,0.000000,0.000000,0.000000,0.000184,0.000000,0.000000,314.192713,249.365745,1
7.482000,1.424275,-0.082775,0.235520,-0.981462,0.025166,1.006628,1.197978,1.245695,-0.031941,-1.277636,-0.125580,-3.100469,0.079499,3.179968,-0.517744,-0.883625,0.022657,0.906282,1.392487,0.868721,-0.022275,-0.890996,-0.584583,-2.966452,0.076063,3.042515,1.359602,-0.026353,0.000676,0.027028,-1.841375,2.166984,-0.055564,-2.222548,-0.894901,-4.426785,0.113507,4.540293,1.875999,1.039120,-0.026644,-1.065765,0.696893,-0.057721,0.001480,0.059201,0.675662,-0.008323,0.000213,0.008536,-1.514115,0.142456,-1.257118,-0.633167,4.121809,4.870902,0.286305,-3.453407,-5.762002,0.905989,0.000000,0.000000,0.000000,0.000203,0.000000,0.000000,314.395555,249.519550,1
7.488000,1.438329,-0.072829,0.237976,1.733688,-0.044454,-1.778141,-2.173381,-0.880517,0.022577,0.903094,1.180862,-3.166024,0.081180,3.247204,-0.328335,1.832710,-0.046993,-1.879702,-1.675410,0.694872,-0.017817,-0.712689,-0.436622,-5.675850,0.145535,5.821385,3.340942,-1.645494,0.042192,1.687687,1.612042,-0.359682,0.009223,0.368905,-0.088029,-5.736030,0.147078,5.883107,2.738381,2.327905,-0.059690,-2.387595,-1.647441,-1.276242,0.032724,1.308966,1.205286,-1.253004,0.032128,1.285132,-1.110436,0.000000,0.000000,0.000000,3.275426,6.129541,1.344981,-3.321508,-5.027086,0.337270,-4.382088,2.957385,1.837637,0.000547,0.000000,0.000000,314.723803,249.817490,1
7.498000,1.439073,-0.071620,0.236799,1.733688,-0.044454,-1.778141,-2.009189,-0.880517,0.022577,0.903094,1.145761,-3.166024,0.081180,3.247204,-0.400222,1.832710,-0.046993,-1.879702,-1.636502,0.694872,-0.017817,-0.712689,-0.394949,-5.675850,0.145535,5.821385,3.030542,-1.645494,0.042192,1.687687,0.896863,-0.359682,0.009223,0.368905,-0.091874,-5.736030,0.147078,5.883107,2.251845,2.327905,-0.059690,-2.387595,-1.411372,-1.276242,0.032724,1.308966,1.117896,-1.253004,0.032128,1.285132,-1.191120,0.000000,0.000000,0.000000,4.229135,5.474777,0.414463,-2.612318,-5.437114,1.173077,-11.101288,16.287552,1.477546,0.000481,0.000000,0.000000,315.204460,250.240862,1
7.502000,1.433763,-0.077813,0.237462,0.138737,-0.003557,-0.142294,-1.087584,0.182565,-0.004681,-0.187246,0.832568,-2.038375,0.052266,2.090641,-0.857212,0.119607,-0.003067,-0.122674,-0.126873,0.089437,-0.002293,-0.091731,-0.196446,-1.928969,0.049461,1.978430,0.995245,1.414120,-0.036259,-1.450380,-0.236079,0.025690,-0.000659,-0.026349,-0.187795,0.942976,-0.024179,-0.967155,-0.292134,0.675048,-0.017309,-0.692357,-0.566635,0.105999,-0.002718,-0.108717,0.445435,-1.550635,0.039760,1.590395,-0.862268,0.000000,0.000000,0.000000,2.783229,6.598987,1.834673,-3.942443,-5.080791,0.010532,0.000000,0.000000,0.000000,0.000065,0.000000,0.000000,315.230650,250.240109,1
7.512000,1.442823,-0.073508,0.238346,0.471524,-0.012090,-0.483614,-0.769127,-0.257751,0.006609,0.264360,0.931854,-2.629498,0.067423,2.696921,-0.767364,-2.586265,0.066314,2.652579,1.244283,-0.917994,0.023538,0.941532,0.136088,1.901647,-0.048760,-1.950407,-0.890980,1.569780,-0.040251,-1.610031,-0.240233,0.208975,-0.005358,-0.214334,-0.197916,2.157882,-0.055330,-2.213213,-0.913907,0.981205,-0.025159,-1.006364,-0.086850,-0.415559,0.010655,0.426214,0.486852,-2.053064,0.052643,2.105707,-0.943442,0.000000,0.000000,0.000000,3.474134,6.856583,1.283057,-3.812388,-5.964227,0.777972,0.000000,0.000000,0.000000,0.000126,0.000000,0.000000,315.356526,250.284863,1
7.520000,1.442861,-0.079774,0.241102,-0.223685,0.005736,0.229420,-0.363156,-0.051414,0.001318,0.052733,0.915132,-1.767721,0.045326,1.813047,-0.695095,-1.500255,0.038468,1.538723,0.831104,-0.202444,0.005191,0.207635,-0.058081,2.071698,-0.053120,-2.124819,-1.166990,1.033620,-0.026503,-1.060123,-0.143037,0.061846,-0.001586,-0.063432,-0.157121,1.479649,-0.037940,-1.517588,-0.666302,0.148339,-0.003804,-0.152143,0.469947,0.014189,-0.000364,-0.014553,0.273333,-1.908357,0.048932,1.957289,-0.665686,0.000000,0.000000,0.000000,3.269385,6.327173,1.681893,-3.647818,-5.139181,0.078489,0.000000,0.000000,0.000000,0.000077,0.000000,0.000000,315.418235,250.302827,1
7.530000,1.443568,-0.079757,0.239471,-0.223685,0.005736,0.229420,-0.368171,-0.051414,0.001318,0.052733,1.031688,-1.767721,0.045326,1.813047,-1.003649,-1.500255,0.038468,1.538723,0.859428,-0.202444,0.005191,0.207635,-0.031163,2.071698,-0.053120,-2.124819,-1.037518,1.033620,-0.026503,-1.060123,-0.178633,0.061846,-0.001586,-0.063432,-0.124658,1.479649,-0.037940,-1.517588,-0.622144,0.148339,-0.003804,-0.152143,0.524326,0.014189,-0.000364,-0.014553,0.280404,-1.908357,0.048932,1.957289,-0.875371,0.000000,0.000000,0.000000,3.449797,6.704323,1.790110,-3.914375,-5.734969,0.220723,0.000000,0.000000,0.000000,0.000084,0.000000,0.000000,315.502541,250.312977,1
7.534000,1.447549,-0.080370,0.237488,0.018720,-0.000480,-0.019200,-0.334927,-0.245393,0.006292,0.251685,1.102956,-1.655769,0.042456,1.698224,-1.071823,-0.690105,0.017695,0.707800,0.067839,-0.148147,0.003799,0.151945,-0.023955,0.250754,-0.006430,-0.257183,-0.052418,0.708092,-0.018156,-0.726249,-0.001812,0.121461,-0.003114,-0.124576,-0.124136,1.098372,-0.028163,-1.126535,-0.360468,0.380165,-0.009748,-0.389913,0.392720,-0.468909,0.012023,0.480932,0.560165,-1.312020,0.033642,1.345661,-1.101250,0.000000,0.000000,0.000000,3.491946,6.616466,1.453388,-3.827179,-5.792911,0.487763,0.000000,0.000000,0.000000,0.000045,0.000000,0.000000,315.520528,250.303293,1
7.544000,1.448323,-0.080131,0.235241,0.018720,-0.000480,-0.019200,-0.375941,-0.245393,0.006292,0.251685,1.212664,-1.655769,0.042456,1.698224,-1.351622,-0.690105,0.017695,0.707800,0.049033,-0.148147,0.003799,0.151945,-0.015925,0.250754,-0.006430,-0.257183,-0.031445,0.708092,-0.018156,-0.726249,0.003137,0.121461,-0.003114,-0.124576,-0.108828,1.098372,-0.028163,-1.126535,-0.371982,0.380165,-0.009748,-0.389913,0.416754,-0.468909,0.012023,0.480932,0.563047,-1.312020,0.033642,1.345661,-1.308878,0.000000,0.000000,0.000000,3.623881,6.926121,1.533778,-4.064837,-6.255992,0.604298,0.000000,0.000000,0.000000,0.000053,0.000000,0.000000,315.573352,250.271640,1
7.546000,1.459565,-0.084587,0.245368,-0.055238,0.001416,0.056655,-0.049266,-0.375785,0.009636,0.385421,1.052379,-1.311476,0.033628,1.345103,-1.025822,-0.720321,0.018470,0.738791,-0.023514,-0.107643,0.002760,0.110403,-0.049724,0.630598,-0.016169,-0.646767,-0.143288,0.481896,-0.012356,-0.494253,0.002075,0.000241,-0.000006,-0.000247,-0.084654,0.466620,-0.011965,-0.478584,-0.051455,0.263334,-0.006752,-0.270087,0.396513,-0.515829,0.013226,0.529056,0.645759,-1.335452,0.034242,1.369695,-0.899788,0.000000,0.000000,0.000000,3.405575,6.255304,1.674171,-3.677245,-5.733556,0.278461,0.000000,0.000000,0.000000,0.000036,0.000000,0.000000,315.580574,250.267877,1
7.556000,1.460320,-0.085015,0.243414,-0.055238,0.001416,0.056655,-0.069088,-0.375785,0.009636,0.385421,1.174586,-1.311476,0.033628,1.345103,-1.358369,-0.720321,0.018470,0.738791,-0.001903,-0.107643,0.002760,0.110403,-0.030071,0.630598,-0.016169,-0.646767,-0.161727,0.481896,-0.012356,-0.494253,0.004745,0.000241,-0.000006,-0.000247,-0.054602,0.466620,-0.011965,-0.478584,-0.058402,0.263334,-0.006752,-0.270087,0.433482,-0.515829,0.013226,0.529056,0.641875,-1.335452,0.034242,1.369695,-1.113443,0.000000,0.000000,0.000000,3.584625,6.609287,1.787364,-3.975029,-6.300137,0.362707,0.000000,0.000000,0.000000,0.000044,0.000000,0.000000,315.624625,250.242323,1
7.560000,1.461933,-0.085213,0.235961,0.308174,-0.007902,-0.316076,-0.421164,-0.458675,0.011761,0.470436,1.380023,-1.345741,0.034506,1.380247,-1.273810,-0.954447,0.024473,0.978920,0.060392,0.057258,-0.001468,-0.058727,-0.049461,0.163558,-0.004194,-0.167752,-0.000764,0.459693,-0.011787,-0.471480,0.012877,0.122720,-0.003147,-0.125867,-0.082532,0.933304,-0.023931,-0.957235,-0.174127,0.610654,-0.015658,-0.626312,0.406767,-0.892873,0.022894,0.915767,0.647574,-0.950087,0.024361,0.974448,-1.118964,0.000000,0.000000,0.000000,3.552539,6.112040,1.337893,-3.753531,-5.836985,0.545473,0.000000,0.000000,0.000000,0.000047,0.000000,0.000000,315.643521,250.236344,1
7.570000,1.462900,-0.085278,0.233453,0.308174,-0.007902,-0.316076,-0.467875,-0.458675,0.011761,0.470436,1.499487,-1.345741,0.034506,1.380247,-1.539862,-0.954447,0.024473,0.978920,0.103236,0.057258,-0.001468,-0.058727,-0.070933,0.163558,-0.004194,-0.167752,-0.003829,0.459693,-0.011787,-0.471480,0.006915,0.122720,-0.003147,-0.125867,-0.071713,0.933304,-0.023931,-0.957235,-0.240461,0.610654,-0.015658,-0.626312,0.422744,-0.892873,0.022894,0.915767,0.680886,-0.950087,0.024361,0.974448,-1.367103,0.000000,0.000000,0.000000,3.692539,6.486592,1.466198,-3.988625,-6.277000,0.644524,0.000000,0.000000,0.000000,0.000055,0.000000,0.000000,315.698996,250.217307,1
7.574000,1.478126,-0.077866,0.242304,0.229363,-0.005881,-0.235244,-0.095028,-0.269090,0.006900,0.275990,1.293966,-1.174168,0.030107,1.204275,-1.604095,-1.433133,0.036747,1.469880,0.353672,0.130910,-0.003357,-0.134267,-0.100365,1.186544,-0.030424,-1.216968,-0.315025,0.204766,-0.005250,-0.210016,0.166812,-0.045100,0.001156,0.046256,-0.011359,0.356915,-0.009152,-0.366067,0.000613,0.475944,-0.012204,-0.488148,0.318218,-0.482269,0.012366,0.494635,0.676415,-1.212039,0.031078,1.243116,-1.034147,0.000000,0.000000,0.000000,3.739419,6.817482,1.155196,-3.843811,-6.231657,0.848198,0.000000,0.000000,0.000000,0.000050,0.000000,0.000000,315.719153,250.210196,1
7.584000,1.479576,-0.077575,0.239915,0.229363,-0.005881,-0.235244,-0.132109,-0.269090,0.006900,0.275990,1.387711,-1.174168,0.030107,1.204275,-1.842359,-1.433133,0.036747,1.469880,0.449982,0.130910,-0.003357,-0.134267,-0.114212,1.186544,-0.030424,-1.216968,-0.382785,0.204766,-0.005250,-0.210016,0.186675,-0.045100,0.001156,0.046256,-0.009979,0.356915,-0.009152,-0.366067,-0.005110,0.475944,-0.012204,-0.488148,0.340281,-0.482269,0.012366,0.494635,0.692523,-1.212039,0.031078,1.243116,-1.239448,0.000000,0.000000,0.000000,3.889416,7.174954,1.224099,-4.064561,-6.577169,0.931781,0.000000,0.000000,0.000000,0.000059,0.000000,0.000000,315.777816,250.189555,1
7.588000,1.483417,-0.077959,0.230196,0.195792,-0.005020,-0.200812,-0.635118,-0.246448,0.006319,0.252767,1.533172,-0.864596,0.022169,0.886765,-1.614945,-0.969847,0.024868,0.994715,0.254083,0.002529,-0.000065,-0.002594,-0.035948,1.409255,-0.036135,-1.445389,-0.512617,0.116336,-0.002983,-0.119319,0.328879,-0.040496,0.001038,0.041535,-0.012581,-0.446323,0.011444,0.457767,0.250170,0.369198,-0.009467,-0.378665,0.439217,-0.304405,0.007805,0.312211,0.439919,-1.099767,0.028199,1.127966,-1.221036,0.000000,0.000000,0.000000,3.453553,6.579267,1.225915,-4.125907,-5.629192,0.849174,0.000000,0.000000,0.000000,0.000048,0.000000,0.000000,315.796921,250.184536,1
7.598000,1.484742,-0.077330,0.227205,0.195792,-0.005020,-0.200812,-0.666562,-0.246448,0.006319,0.252767,1.622780,-0.864596,0.022169,0.886765,-1.807109,-0.969847,0.024868,0.994715,0.274057,0.002529,-0.000065,-0.002594,-0.048157,1.409255,-0.036135,-1.445389,-0.547207,0.116336,-0.002983,-0.119319,0.338842,-0.040496,0.001038,0.041535,-0.013085,-0.446323,0.011444,0.457767,0.233291,0.369198,-0.009467,-0.378665,0.487831,-0.304405,0.007805,0.312211,0.448363,-1.099767,0.028199,1.127966,-1.442901,-0.019489,-0.059149,-0.047376,3.574301,6.903343,1.292539,-4.275209,-5.902569,0.977373,0.000000,0.000000,0.000000,0.000053,0.000000,0.000000,315.850023,250.168523,1
7.602000,1.491331,-0.078501,0.236013,0.094865,-0.002432,-0.097297,-0.247273,-0.147244,0.003775,0.151019,1.362761,-0.713437,0.018293,0.731730,-1.964003,-0.966933,0.024793,0.991726,0.128593,-0.007157,0.000184,0.007341,-0.047165,2.422740,-0.062122,-2.484862,-0.905470,0.280254,-0.007186,-0.287440,0.335205,-0.040870,0.001048,0.041918,-0.024460,-0.735980,0.018871,0.754852,0.393204,0.284612,-0.007298,-0.291910,0.282143,-0.100789,0.002584,0.103374,0.464471,-1.191060,0.030540,1.221600,-1.133904,0.000000,0.000000,0.000000,3.636699,6.869194,1.248962,-4.199476,-6.074420,0.848386,0.000000,0.000000,0.000000,0.000060,0.000000,0.000000,315.873841,250.168322,1
7.612000,1.492675,-0.077992,0.233194,0.094865,-0.002432,-0.097297,-0.268203,-0.147244,0.003775,0.151019,1.443849,-0.713437,0.018293,0.731730,-2.153978,-0.966933,0.024793,0.991726,0.169865,-0.007157,0.000184,0.007341,-0.045426,2.422740,-0.062122,-2.484862,-1.002613,0.280254,-0.007186,-0.287440,0.309972,-0.040870,0.001048,0.041918,-0.023896,-0.735980,0.018871,0.754852,0.383030,0.284612,-0.007298,-0.291910,0.326952,-0.100789,0.002584,0.103374,0.481779,-1.191060,0.030540,1.221600,-1.342905,0.000000,0.000000,0.000000,3.805864,7.216336,1.297933,-4.347481,-6.315260,0.942914,0.000000,0.000000,0.000000,0.000066,0.000000,0.000000,315.940295,250.166726,1
7.618000,1.490450,-0.080984,0.227762,-0.015728,0.000403,0.016131,-0.285400,0.065131,-0.001670,-0.066801,1.575282,-0.782788,0.020071,0.802859,-2.293572,-1.336951,0.034281,1.371232,0.324159,-0.010790,0.000277,0.011067,-0.066334,3.369642,-0.086401,-3.456043,-1.312572,0.894494,-0.022936,-0.917429,0.020566,-0.031589,0.000810,0.032399,-0.024665,0.678498,-0.017397,-0.695896,-0.026344,0.219629,-0.005632,-0.225261,0.611234,0.076551,-0.001963,-0.078514,0.338202,-1.269149,0.032542,1.301691,-1.432743,0.000000,0.000000,0.000000,3.783575,7.229413,1.541551,-4.393846,-6.620080,0.850719,0.000000,0.000000,0.000000,0.000090,0.000000,0.000000,315.994295,250.172716,1
7.628000,1.491359,-0.080645,0.224423,-0.015728,0.000403,0.016131,-0.309123,0.065131,-0.001670,-0.066801,1.631565,-0.782788,0.020071,0.802859,-2.422186,-1.336951,0.034281,1.371232,0.396960,-0.010790,0.000277,0.011067,-0.057216,3.369642,-0.086401,-3.456043,-1.448196,0.894494,-0.022936,-0.917429,-0.006973,-0.031589,0.000810,0.032399,-0.020236,0.678498,-0.017397,-0.695896,-0.088315,0.219629,-0.005632,-0.225261,0.678523,0.076551,-0.001963,-0.078514,0.320068,-1.269149,0.032542,1.301691,-1.600785,0.000000,0.000000,0.000000,3.877866,7.370949,1.549613,-4.455404,-6.738549,0.916959,0.000000,0.000000,0.000000,0.000099,0.000000,0.000000,316.093683,250.185672,1
7.632000,1.490606,-0.081942,0.224905,0.057468,-0.001474,-0.058942,-0.379351,0.176891,-0.004536,-0.181427,1.447620,-1.183736,0.030352,1.214089,-2.252196,-0.881025,0.022590,0.903615,0.091463,-0.009032,0.000232,0.009263,-0.046774,3.029645,-0.077683,-3.107328,-1.250313,0.715608,-0.018349,-0.733957,0.053991,-0.032473,0.000833,0.033306,-0.019651,0.232244,-0.005955,-0.238199,0.066955,0.148758,-0.003814,-0.152572,0.510462,0.304249,-0.007801,-0.312050,0.172200,-1.752138,0.044927,1.797064,-1.332015,0.000000,0.000000,0.000000,3.764657,7.152652,1.652771,-4.506015,-6.725251,0.830874,0.000000,0.000000,0.000000,0.000096,0.000000,0.000000,316.131960,250.179316,1
7.642000,1.491268,-0.081619,0.221678,0.057468,-0.001474,-0.058942,-0.407495,0.176891,-0.004536,-0.181427,1.493023,-1.183736,0.030352,1.214089,-2.344815,-0.881025,0.022590,0.903615,0.102314,-0.009032,0.000232,0.009263,-0.050374,3.029645,-0.077683,-3.107328,-1.324535,0.715608,-0.018349,-0.733957,0.013271,-0.032473,0.000833,0.033306,-0.016817,0.232244,-0.005955,-0.238199,0.034172,0.148758,-0.003814,-0.152572,0.581395,0.304249,-0.007801,-0.312050,0.145742,-1.752138,0.044927,1.797064,-1.476429,0.000000,0.000000,0.000000,3.866236,7.293183,1.663735,-4.546752,-6.807637,0.884464,0.000000,0.000000,0.000000,0.000102,0.000000,0.000000,316.233522,250.162398,1
7.646000,1.496427,-0.086703,0.225551,-0.147017,0.003770,0.150786,-0.217048,0.406040,-0.010411,-0.416451,1.416902,-1.527511,0.039167,1.566678,-2.109007,-0.534503,0.013705,0.548208,-0.013530,-0.004952,0.000127,0.005079,-0.036744,2.473450,-0.063422,-2.536872,-0.995769,0.147220,-0.003775,-0.150995,0.515287,-0.030009,0.000769,0.030779,-0.029937,0.257756,-0.006609,-0.264365,0.163677,-0.212310,0.005444,0.217754,0.826136,0.687813,-0.017636,-0.705449,-0.012258,-2.228793,0.057149,2.285942,-1.096332,0.000000,0.000000,0.000000,3.565182,6.726946,1.598840,-4.435599,-6.812152,0.720580,0.022035,0.171917,-0.105049,0.000093,0.000000,0.000000,316.270632,250.147006,1
7.656000,1.497030,-0.086695,0.222477,-0.147017,0.003770,0.150786,-0.213545,0.406040,-0.010411,-0.416451,1.454625,-1.527511,0.039167,1.566678,-2.171913,-0.534503,0.013705,0.548208,-0.007828,-0.004952,0.000127,0.005079,-0.038729,2.473450,-0.063422,-2.536872,-1.050408,0.147220,-0.003775,-0.150995,0.516693,-0.030009,0.000769,0.030779,-0.025733,0.257756,-0.006609,-0.264365,0.081413,-0.212310,0.005444,0.217754,0.926861,0.687813,-0.017636,-0.705449,-0.028985,-2.228793,0.057149,2.285942,-1.241157,0.000000,0.000000,0.000000,3.686489,6.891461,1.620329,-4.444015,-6.901417,0.787161,0.068838,0.488132,-0.306345,0.000099,0.000000,0.000000,316.369329,250.106049,1
7.660000,1.514101,-0.081056,0.225052,-0.787182,0.020184,0.807366,0.027973,0.899211,-0.023057,-0.922268,1.136116,-2.332815,0.059816,2.392631,-1.250399,-0.353456,0.009063,0.362519,-0.022320,-0.217283,0.005571,0.222855,-0.059440,0.586401,-0.015036,-0.601437,-0.208681,-0.222380,0.005702,0.228082,1.195020,-0.059307,0.001521,0.060828,-0.031977,-0.471086,0.012079,0.483165,0.395451,-0.962585,0.024682,0.987266,1.215103,0.671401,-0.017215,-0.688616,-0.150915,-2.021069,0.051822,2.072891,-0.639067,0.919345,-3.496352,-0.960261,3.006563,6.604342,1.458441,-4.140025,-5.525796,0.720653,-0.007900,0.068383,-0.031514,0.000073,0.000000,0.000000,316.398540,250.092160,1
7.670000,1.515290,-0.080574,0.222631,-0.787182,0.020184,0.807366,0.023222,0.899211,-0.023057,-0.922268,1.202684,-2.332815,0.059816,2.392631,-1.276173,-0.353456,0.009063,0.362519,-0.075179,-0.217283,0.005571,0.222855,0.036868,0.586401,-0.015036,-0.601437,-0.925014,-0.222380,0.005702,0.228082,1.048512,-0.059307,0.001521,0.060828,-0.022326,-0.471086,0.012079,0.483165,0.313971,-0.962585,0.024682,0.987266,1.261228,0.671401,-0.017215,-0.688616,-0.046796,-2.021069,0.051822,2.072891,-0.866144,2.258863,-6.136636,-0.992503,3.131344,7.259406,1.711305,-4.633912,-5.409364,0.357304,-0.009525,0.221898,-0.112919,0.000082,0.000000,0.000000,316.480922,250.054809,1
7.676000,1.528621,-0.086026,0.227658,-0.463558,0.011886,0.475444,-0.184335,1.075611,-0.027580,-1.103191,1.063571,-2.828598,0.072528,2.901126,-0.727014,0.233057,-0.005976,-0.239033,-0.369051,-0.033365,0.000856,0.034221,0.318357,-0.425821,0.010918,0.436739,-1.278183,-0.386277,0.009905,0.396182,0.946920,-0.087280,0.002238,0.089518,0.011820,-0.090369,0.002317,0.092686,0.139975,-0.809641,0.020760,0.830401,1.195803,0.724938,-0.018588,-0.743526,-0.350033,-2.124457,0.054473,2.178931,-0.093684,2.473536,-6.371682,-0.894162,2.694900,5.841106,1.359596,-4.362239,-4.561992,-0.022268,-0.023158,0.098098,-0.035340,0.000059,0.000000,0.000000,316.516166,250.040464,1
7.686000,1.524392,-0.083574,0.224445,-0.608941,0.015614,0.624555,-0.142516,1.157739,-0.029686,-1.187425,1.018277,-2.736394,0.070164,2.806558,-0.707808,0.084915,-0.002177,-0.087092,-0.363672,-0.058885,0.001510,0.060395,0.525302,-0.261280,0.006699,0.267979,-2.052569,-0.234314,0.006008,0.240322,0.741597,-0.087186,0.002236,0.089422,-0.005646,-0.056842,0.001457,0.058299,0.070762,-0.925771,0.023738,0.949509,1.304280,0.774378,-0.019856,-0.794234,-0.249834,-2.002179,0.051338,2.053517,-0.489861,2.269271,-6.596247,-1.255983,2.807832,6.590671,1.684224,-4.290829,-4.386016,-0.145611,-0.005442,0.080716,-0.039761,0.000065,0.000000,0.000000,316.581404,250.008878,1
7.692000,1.523111,-0.085958,0.227878,-0.027213,0.000698,0.027911,-0.279769,1.161643,-0.029786,-1.191429,0.897562,-3.329945,0.085383,3.415328,-0.255814,0.375082,-0.009617,-0.384699,-0.374248,0.417994,-0.010718,-0.428712,0.403010,-1.891784,0.048507,1.940292,-1.530006,-0.611617,0.015682,0.627299,0.883214,-0.066856,0.001714,0.068570,0.020038,0.073839,-0.001893,-0.075733,0.018567,-0.498858,0.012791,0.511650,1.300977,0.648230,-0.016621,-0.664851,-0.242311,-2.186542,0.056065,2.242607,-0.294258,2.470690,-6.663900,-1.421788,3.272838,7.178084,2.109603,-4.031241,-4.560604,-0.022080,-0.007848,0.026664,-0.008605,0.000073,0.000000,0.000000,316.625082,249.983513,1
7.702000,1.523414,-0.085824,0.226593,-0.027213,0.000698,0.027911,-0.451975,1.161643,-0.029786,-1.191429,0.996310,-3.329945,0.085383,3.415328,-0.302012,0.375082,-0.009617,-0.384699,-0.609098,0.417994,-0.010718,-0.428712,0.470372,-1.891784,0.048507,1.940292,-1.645630,-0.611617,0.015682,0.627299,0.803971,-0.066856,0.001714,0.068570,0.000169,0.073839,-0.001893,-0.075733,0.014341,-0.498858,0.012791,0.511650,1.113544,0.648230,-0.016621,-0.664851,-0.036870,-2.186542,0.056065,2.242607,-0.664591,2.124461,-6.208807,-1.484358,3.144038,7.343947,2.320610,-4.001438,-4.476029,-0.044757,-0.055451,0.145377,-0.039785,0.000085,0.000000,0.000000,316.709584,249.925670,1
7.710000,1.532677,-0.102976,0.219346,0.052571,-0.001348,-0.053919,-0.267184,1.061792,-0.027225,-1.089018,-0.568964,-3.618303,0.092777,3.711080,1.540510,0.243162,-0.006235,-0.249397,-0.457995,1.225009,-0.031410,-1.256419,0.124195,-3.795370,0.097317,3.892687,-1.216381,-1.085221,0.027826,1.113047,0.616673,-0.307044,0.007873,0.314917,0.981807,-0.632596,0.016220,0.648817,-1.684965,-0.635095,0.016284,0.651379,0.626082,0.690723,-0.017711,-0.708434,-0.888012,-2.411908,0.061844,2.473752,0.671982,3.830049,-7.047800,-0.993878,1.485128,1.668436,0.013671,-4.872891,-6.606194,0.482299,-3.044633,6.824718,-2.037410,0.000161,0.000000,0.000000,316.838738,249.959076,1
7.720000,1.532926,-0.104571,0.218243,0.052571,-0.001348,-0.053919,-0.261148,1.061792,-0.027225,-1.089018,0.316951,-3.618303,0.092777,3.711080,0.150106,0.243162,-0.006235,-0.249397,-0.225361,1.225009,-0.031410,-1.256419,0.100111,-3.795370,0.097317,3.892687,-1.125662,-1.085221,0.027826,1.113047,0.785586,-0.307044,0.007873,0.314917,0.890647,-0.632596,0.016220,0.648817,-1.616315,-0.635095,0.016284,0.651379,0.760916,0.690723,-0.017711,-0.708434,-0.716739,-2.411908,0.061844,2.473752,0.410671,3.873222,-6.549467,-0.695723,1.833250,2.572266,0.424467,-3.525071,-7.290447,1.789081,-2.744169,6.401495,-1.942171,0.000097,0.000000,0.000000,316.935769,249.938076,1
7.726000,1.529183,-0.092926,0.229256,0.725316,-0.018598,-0.743913,-0.543507,0.447737,-0.011480,-0.459218,-0.172380,-3.469744,0.088968,3.558712,1.763903,0.880585,-0.022579,-0.903164,0.189253,0.855876,-0.021946,-0.877822,0.316817,-3.425640,0.087837,3.513477,-0.786516,-1.367716,0.035070,1.402786,0.148118,0.193173,-0.004953,-0.198126,0.293637,-2.792185,0.071594,2.863780,-0.902146,-0.329181,0.008441,0.337622,-0.143997,0.868289,-0.022264,-0.890553,-0.905564,-2.985113,0.076541,3.061654,1.653450,3.703158,-6.794903,-0.099679,0.557608,0.046901,-0.313983,-0.050823,-0.252259,0.127051,-3.063646,6.915120,-1.428245,0.000187,0.000000,0.000000,317.048209,249.979683,1
7.736000,1.528905,-0.093374,0.228238,0.725316,-0.018598,-0.743913,-0.406683,0.447737,-0.011480,-0.459218,-0.235268,-3.469744,0.088968,3.558712,1.693476,0.880585,-0.022579,-0.903164,0.209234,0.855876,-0.021946,-0.877822,0.325775,-3.425640,0.087837,3.513477,-0.841432,-1.367716,0.035070,1.402786,0.089458,0.193173,-0.004953,-0.198126,0.219098,-2.792185,0.071594,2.863780,-0.899610,-0.329181,0.008441,0.337622,-0.042202,0.868289,-0.022264,-0.890553,-0.766998,-2.985113,0.076541,3.061654,1.425891,3.658928,-6.978295,-0.239795,1.932587,3.480025,0.956770,-0.198377,-0.925182,0.463997,-3.440982,6.922836,-1.180632,0.000177,0.000000,0.000000,317.224974,250.035143,1
7.742000,1.545324,-0.097640,0.262977,4.870719,-0.124890,-4.995610,-5.207885,-5.094505,0.130628,5.225134,2.540120,5.735169,-0.147056,-5.882225,-3.907831,0.567695,-0.014556,-0.582251,1.345412,0.776812,-0.019918,-0.796731,0.163783,-3.661337,0.093880,3.755218,1.146594,-0.892029,0.022873,0.914902,0.864659,0.619358,-0.015881,-0.635239,-0.105873,-4.274883,0.109612,4.384495,1.227784,-3.219561,0.082553,3.302114,1.654755,-0.022949,0.000588,0.023537,-0.107160,4.933048,-0.126488,-5.059536,-2.412033,3.199698,-2.633475,0.984624,0.000000,0.000000,0.000000,0.000000,0.000000,0.000000,-1.459904,5.548725,-1.665307,0.000914,0.000000,0.000000,317.773418,250.572591,1
7.752000,1.546196,-0.098018,0.264583,4.870719,-0.124890,-4.995610,-5.184966,-5.094505,0.130628,5.225134,2.403762,5.735169,-0.147056,-5.882225,-3.270451,0.567695,-0.014556,-0.582251,1.302700,0.776812,-0.019918,-0.796731,0.232035,-3.661337,0.093880,3.755218,0.939247,-0.892029,0.022873,0.914902,0.782792,0.619358,-0.015881,-0.635239,-0.002447,-4.274883,0.109612,4.384495,0.852326,-3.219561,0.082553,3.302114,1.909708,-0.022949,0.000588,0.023537,-0.090849,4.933048,-0.126488,-5.059536,-2.372369,3.466858,-3.579376,0.710462,0.000000,0.000000,0.000000,0.000000,0.000000,0.000000,-1.812093,6.532392,-1.875357,0.000849,0.000000,0.000000,318.622779,251.403041,1
7.756000,1.571131,-0.104710,0.254132,-4.320066,0.110771,4.430837,2.560031,2.095498,-0.053731,-2.149229,-1.439955,-7.780747,0.199506,7.980253,3.470725,1.082479,-0.027756,-1.110235,-0.008500,0.311427,-0.007985,-0.319412,0.664508,0.052605,-0.001349,-0.053953,0.152499,0.585932,-0.015024,-0.600956,-0.639709,0.662612,-0.016990,-0.679602,0.135560,-1.428620,0.036631,1.465251,0.272913,-2.577312,0.066085,2.643397,0.524712,1.223574,-0.031374,-1.254948,-0.959004,9.477889,-0.243023,-9.720912,-4.211407,2.751289,-1.124586,0.922587,0.000000,0.000000,0.000000,0.000000,0.000000,0.000000,-1.226921,5.540390,-1.223500,0.000868,0.000000,0.000000,318.969862,251.747624,1
7.766000,1.574099,-0.104944,0.252865,-4.235435,0.108601,4.344035,2.963161,2.093459,-0.053678,-2.147137,-1.286044,-7.698679,0.197402,7.896081,3.596647,1.133626,-0.029067,-1.162694,0.175221,0.365444,-0.009370,-0.374814,0.836214,-0.000371,0.000010,0.000380,-0.212735,0.603090,-0.015464,-0.618554,-0.510153,0.699760,-0.017943,-0.717703,0.204767,-1.504567,0.038579,1.543145,-0.064689,-2.904768,0.074481,2.979250,1.261609,1.317857,-0.033791,-1.351648,-0.873683,10.385231,-0.266288,-10.651519,-4.875243,3.306833,-2.313717,0.393404,0.000000,0.000000,0.000000,0.000000,0.000000,0.000000,-1.497986,6.411167,-1.360951,0.001020,0.000000,0.000000,319.989669,252.752150,1
7.770000,1.552952,-0.094132,0.238144,0.493158,-0.012645,-0.505804,0.052331,-0.142449,0.003653,0.146101,-0.061288,1.320607,-0.033862,-1.354469,-0.410701,0.019970,-0.000512,-0.020482,0.058975,-0.040798,0.001046,0.041844,0.986040,-0.750978,0.019256,0.770233,-1.083343,-0.084476,0.002166,0.086642,-0.603237,-0.132977,0.003410,0.136387,0.290314,-0.893428,0.022908,0.916336,-0.735742,-0.071992,0.001846,0.073838,-0.063917,-0.129176,0.003312,0.132489,-0.006533,0.142919,-0.003665,-0.146583,-0.044004,2.416219,-5.267567,-0.343883,0.000000,0.000000,0.000000,0.000000,0.000000,0.000000,-2.320994,5.805694,-1.219707,0.000022,0.000000,0.000000,319.998655,252.748312,1
7.780000,1.555424,-0.096147,0.237334,0.833032,-0.021360,-0.854392,-0.135035,-0.144891,0.003715,0.148607,-0.025850,1.984324,-0.050880,-2.035204,-0.858957,-0.055309,0.001418,0.056727,0.239942,-0.024764,0.000635,0.025399,1.146379,-0.855058,0.021925,0.876982,-1.364788,-0.171618,0.004400,0.176018,-0.444585,-0.164546,0.004219,0.168765,0.392241,-0.935755,0.023994,0.959749,-0.989303,-0.281292,0.007213,0.288505,-0.017126,-0.034128,0.000875,0.035003,-0.005542,0.184725,-0.004737,-0.189462,-0.023135,2.793474,-5.879625,-0.510247,0.000000,0.000000,0.000000,0.000000,0.000000,0.000000,-2.437102,6.541180,-1.398275,0.000042,0.000000,0.000000,320.040760,252.745744,1
7.784000,1.563526,-0.105031,0.239558,1.065424,-0.027319,-1.092742,-0.231526,-0.087656,0.002248,0.089904,-0.051873,3.324429,-0.085242,-3.409671,-1.440235,0.074519,-0.001911,-0.076430,0.283179,0.037596,-0.000964,-0.038560,1.059637,-0.845047,0.021668,0.866714,-1.265264,-0.053345,0.001368,0.054713,-0.404757,0.014689,-0.000377,-0.015065,0.292651,-1.187056,0.030437,1.217493,-0.873629,-0.353213,0.009057,0.362270,-0.092929,-0.094118,0.002413,0.096531,-0.003115,0.146944,-0.003768,-0.150712,0.002383,2.944133,-5.540837,-0.557078,0.000000,0.000000,0.000000,0.000000,0.000000,0.000000,-2.462424,6.609181,-1.262452,0.000075,0.000000,0.000000,320.070568,252.757246,1
7.794000,1.564565,-0.105617,0.237280,1.065424,-0.027319,-1.092742,-0.297526,-0.087656,0.002248,0.089904,-0.034258,3.324429,-0.085242,-3.409671,-1.507649,0.074519,-0.001911,-0.076430,0.299471,0.037596,-0.000964,-0.038560,1.181567,-0.845047,0.021668,0.866714,-1.560175,-0.053345,0.001368,0.054713,-0.445350,0.014689,-0.000377,-0.015065,0.321390,-1.187056,0.030437,1.217493,-1.126330,-0.353213,0.009057,0.362270,-0.095968,-0.094118,0.002413,0.096531,-0.004451,0.146944,-0.003768,-0.150712,0.002147,3.132833,-6.062879,-0.711624,0.000000,0.000000,0.000000,0.000000,0.000000,0.000000,-2.610079,7.080184,-1.354179,0.000083,0.000000,0.000000,320.153823,252.783305,1
7.796000,1.592296,-0.116036,0.251413,-0.031024,0.000795,0.031819,0.012395,-0.002714,0.000070,0.002784,-0.076482,0.952449,-0.024422,-0.976870,-0.387552,0.407590,-0.010451,-0.418041,0.045744,-0.117385,0.003010,0.120395,1.022177,-0.396340,0.010163,0.406502,-1.037840,0.229021,-0.005872,-0.234893,-0.045834,0.045559,-0.001168,-0.046727,0.618226,-1.118369,0.028676,1.147045,-0.375670,0.023404,-0.000600,-0.024005,-0.509980,-0.498841,0.012791,0.511631,0.075976,-0.111088,0.002848,0.113936,0.073643,2.633511,-4.783691,-0.290539,0.000000,0.000000,0.000000,0.000000,0.000000,0.000000,-1.858014,6.639005,-1.358915,0.000015,0.000000,0.000000,320.156769,252.782648,1
7.806000,1.594383,-0.116608,0.249785,-0.031024,0.000795,0.031819,0.044781,-0.002714,0.000070,0.002784,-0.064174,0.952449,-0.024422,-0.976870,-0.377980,0.407590,-0.010451,-0.418041,0.034000,-0.117385,0.003010,0.120395,1.146561,-0.396340,0.010163,0.406502,-1.404655,0.229021,-0.005872,-0.234893,-0.089953,0.045559,-0.001168,-0.046727,0.644934,-1.118369,0.028676,1.147045,-0.655088,0.023404,-0.000600,-0.024005,-0.498581,-0.498841,0.012791,0.511631,0.042401,-0.111088,0.002848,0.113936,0.056320,2.894576,-5.522127,-0.479201,0.000000,0.000000,0.000000,0.000000,0.000000,0.000000,-2.081743,7.211752,-1.399749,0.000019,0.000000,0.000000,320.176138,252.774678,1
7.810000,1.577084,-0.106017,0.237925,0.401119,-0.010285,-0.411404,-0.004044,-0.010499,0.000269,0.010768,-0.036483,2.210521,-0.056680,-2.267201,-0.604014,0.159527,-0.004090,-0.163617,0.273565,0.210494,-0.005397,-0.215891,1.258177,-0.573684,0.014710,0.588394,-1.508682,-0.000022,0.000001,0.000022,-0.435407,0.174962,-0.004486,-0.179448,0.425757,-0.851864,0.021843,0.873707,-1.010768,-0.609838,0.015637,0.625475,-0.220399,-0.140457,0.003601,0.144059,0.014581,0.043872,-0.001125,-0.044997,0.042430,3.097576,-5.891138,-0.421119,0.000000,0.000000,0.000000,0.000000,0.000000,0.000000,-2.284518,6.978928,-1.566879,0.000037,0.000000,0.000000,320.190846,252.770955,1
7.820000,1.578120,-0.106333,0.235362,0.401119,-0.010285,-0.411404,-0.010404,-0.010499,0.000269,0.010768,-0.044145,2.210521,-0.056680,-2.267201,-0.811923,0.159527,-0.004090,-0.163617,0.289351,0.210494,-0.005397,-0.215891,1.371426,-0.573684,0.014710,0.588394,-1.819283,-0.000022,0.000001,0.000022,-0.479029,0.174962,-0.004486,-0.179448,0.422319,-0.851864,0.021843,0.873707,-1.239646,-0.609838,0.015637,0.625475,-0.124601,-0.140457,0.003601,0.144059,0.004655,0.043872,-0.001125,-0.044997,0.025283,3.260912,-6.374362,-0.555215,0.000000,0.000000,0.000000,0.000000,0.000000,0.000000,-2.409052,7.335093,-1.635871,0.000045,0.000000,0.000000,320.235826,252.762890,1
7.824000,1.576899,-0.094642,0.236336,0.322575,-0.008271,-0.330847,0.002202,-0.010738,0.000275,0.011013,-0.050520,2.857403,-0.073267,-2.930669,-1.136438,0.082295,-0.002110,-0.084405,0.230524,0.104695,-0.002684,-0.107380,1.346726,-0.528728,0.013557,0.542286,-1.785787,-0.052088,0.001336,0.053423,-0.607137,0.193747,-0.004968,-0.198715,0.248606,-1.018492,0.026115,1.044608,-1.063473,-0.562944,0.014434,0.577379,-0.018122,-0.472551,0.012117,0.484668,0.025673,-0.051761,0.001327,0.053088,0.123355,2.991002,-6.408271,-0.156486,0.000000,0.000000,0.000000,0.000000,0.000000,0.000000,-2.440573,6.496587,-1.840608,0.000057,0.000000,0.000000,320.258572,252.766940,1
7.834000,1.577409,-0.093934,0.233733,0.355740,-0.009122,-0.364861,0.004486,-0.011669,0.000299,0.011968,-0.040390,2.512677,-0.064428,-2.577104,-1.053340,0.244295,-0.006264,-0.250559,0.126049,0.168654,-0.004324,-0.172978,1.419641,-0.579695,0.014864,0.594559,-2.021235,0.093979,-0.002410,-0.096389,-0.764336,0.218432,-0.005601,-0.224033,0.246055,-1.020247,0.026160,1.046407,-1.290599,-0.577946,0.014819,0.592765,0.000826,-0.259410,0.006652,0.266061,0.002359,0.034670,-0.000889,-0.035559,0.024025,3.135949,-6.822398,-0.213097,0.000000,0.000000,0.000000,0.000000,0.000000,0.000000,-2.539696,6.838443,-1.969321,0.000057,0.000000,0.000000,320.315341,252.765958,1
7.840000,1.598306,-0.117864,0.233165,0.880932,-0.022588,-0.903520,-0.122717,-0.009879,0.000253,0.010132,-0.045210,2.744030,-0.070360,-2.814390,-1.110955,0.149331,-0.003829,-0.153160,0.417618,0.013013,-0.000334,-0.013346,1.494479,-0.977235,0.025057,1.002293,-1.789391,-0.049211,0.001262,0.050473,-0.294946,-0.238370,0.006112,0.244482,0.625430,-0.974058,0.024976,0.999033,-1.253274,-0.041543,0.001065,0.042608,-0.456081,-0.070836,0.001816,0.072652,-0.005353,0.115097,-0.002951,-0.118048,0.034508,3.497194,-6.295504,-0.908485,0.000000,0.000000,0.000000,0.000000,0.000000,0.000000,-2.632731,7.598257,-1.271435,0.000066,0.000000,0.000000,320.354696,252.767289,1
7.850000,1.598390,-0.118269,0.230246,0.897377,-0.023010,-0.920387,-0.175462,-0.009065,0.000232,0.009298,-0.044032,2.873388,-0.073677,-2.947065,-1.243526,0.195271,-0.005007,-0.200278,0.404394,0.057184,-0.001466,-0.058650,1.538769,-0.941140,0.024132,0.965272,-1.969888,-0.000424,0.000011,0.000435,-0.404977,-0.151847,0.003894,0.155740,0.566540,-1.010036,0.025898,1.035935,-1.457311,-0.053656,0.001376,0.055032,-0.532874,-0.098614,0.002529,0.101143,-0.006666,0.108694,-0.002787,-0.111482,0.027713,3.605787,-6.540177,-0.981285,0.000000,0.000000,0.000000,0.000000,0.000000,0.000000,-2.701710,7.843793,-1.369279,0.000075,0.000000,0.000000,320.430001,252.770273,1
7.854000,1.607203,-0.115520,0.234410,0.739629,-0.018965,-0.758593,-0.044250,-0.109046,0.002796,0.111842,-0.049249,2.839871,-0.072817,-2.912688,-1.136716,0.229619,-0.005888,-0.235506,0.267211,-0.059020,0.001513,0.060533,1.523777,-0.766434,0.019652,0.786086,-1.872101,0.043279,-0.001110,-0.044388,-0.421822,-0.097396,0.002497,0.099893,0.540794,-1.148054,0.029437,1.177491,-1.119856,-0.197786,0.005071,0.202858,-0.486870,-0.355892,0.009125,0.365018,0.051161,0.003889,-0.000100,-0.003989,0.095539,3.366303,-6.447912,-0.783720,0.000000,0.000000,0.000000,0.000000,0.000000,0.000000,-2.443184,7.495732,-1.382617,0.000065,0.000000,0.000000,320.455945,252.772554,1
7.864000,1.608769,-0.116216,0.231540,0.739629,-0.018965,-0.758593,-0.059822,-0.109046,0.002796,0.111842,-0.035918,2.839871,-0.072817,-2.912688,-1.230401,0.229619,-0.005888,-0.235506,0.267085,-0.059020,0.001513,0.060533,1.605013,-0.766434,0.019652,0.786086,-2.056549,0.043279,-0.001110,-0.044388,-0.493677,-0.097396,0.002497,0.099893,0.549298,-1.148054,0.029437,1.177491,-1.319554,-0.197786,0.005071,0.202858,-0.459751,-0.355892,0.009125,0.365018,0.018909,0.003889,-0.000100,-0.003989,0.053746,3.452392,-6.701131,-0.900615,0.000000,0.000000,0.000000,0.000000,0.000000,0.000000,-2.561420,7.829864,-1.411625,0.000071,0.000000,0.000000,320.527353,252.777346,1
7.868000,1.615721,-0.119816,0.231789,0.216965,-0.005563,-0.222528,0.073667,-0.029499,0.000756,0.030255,-0.037881,2.803937,-0.071896,-2.875833,-1.008251,0.090522,-0.002321,-0.092843,0.298535,0.531421,-0.013626,-0.545047,1.442173,-1.164423,0.029857,1.194280,-2.117079,0.238907,-0.006126,-0.245033,-0.452827,0.864614,-0.022170,-0.886784,0.198098,-1.830406,0.046933,1.877339,-0.977182,0.312508,-0.008013,-0.320521,-0.977833,-0.751350,0.019265,0.770615,0.200844,-0.166096,0.004259,0.170355,0.232784,3.562430,-6.954447,-1.102254,0.000000,0.000000,0.000000,0.000000,0.000000,0.000000,-2.553305,8.050526,-1.418031,0.000089,0.000000,0.000000,320.562906,252.769940,1
7.878000,1.617187,-0.120792,0.228848,0.216965,-0.005563,-0.222528,0.069722,-0.029499,0.000756,0.030255,-0.038298,2.803937,-0.071896,-2.875833,-1.157727,0.090522,-0.002321,-0.092843,0.297653,0.531421,-0.013626,-0.545047,1.484800,-1.164423,0.029857,1.194280,-2.223335,0.238907,-0.006126,-0.245033,-0.546167,0.864614,-0.022170,-0.886784,0.168716,-1.830406,0.046933,1.877339,-1.120459,0.312508,-0.008013,-0.320521,-0.988762,-0.751350,0.019265,0.770615,0.170347,-0.166096,0.004259,0.170355,0.161132,3.608000,-7.043839,-1.180402,0.000000,0.000000,0.000000,0.000000,0.000000,0.000000,-2.644631,8.251093,-1.395245,0.000097,0.000000,0.000000,320.659914,252.751710,1
7.882000,1.619693,-0.118704,0.229474,0.278599,-0.007144,-0.285743,0.167682,0.042156,-0.001081,-0.043237,-0.060168,4.074795,-0.104482,-4.179277,-1.223588,0.060635,-0.001555,-0.062190,0.231435,1.049244,-0.026904,-1.076148,1.277514,-1.747261,0.044802,1.792062,-2.009353,0.414395,-0.010626,-0.425020,-0.751747,1.591215,-0.040800,-1.632015,-0.210657,-2.631983,0.067487,2.699470,-0.696293,-0.011533,0.000296,0.011829,-1.129705,-0.614034,0.015744,0.629779,0.146054,-0.079389,0.002036,0.081425,0.298814,3.587726,-7.122475,-1.067591,0.000000,0.000000,0.000000,0.000000,0.000000,0.000000,-2.683433,7.616319,-1.362620,0.000128,0.000000,0.000000,320.711222,252.747569,1
7.892000,1.620887,-0.119533,0.226728,0.278599,-0.007144,-0.285743,0.157492,0.042156,-0.001081,-0.043237,-0.073052,4.074795,-0.104482,-4.179277,-1.597012,0.060635,-0.001555,-0.062190,0.255799,1.049244,-0.026904,-1.076148,1.316341,-1.747261,0.044802,1.792062,-2.083431,0.414395,-0.010626,-0.425020,-0.821531,1.591215,-0.040800,-1.632015,-0.228064,-2.631983,0.067487,2.699470,-0.832925,-0.011533,0.000296,0.011829,-0.997583,-0.614034,0.015744,0.629779,0.118002,-0.079389,0.002036,0.081425,0.173118,3.650873,-7.191783,-1.110397,0.000000,0.000000,0.000000,0.002894,-0.015120,0.012059,-2.768781,7.938327,-1.412402,0.000150,0.000000,0.000000,320.860809,252.747728,1
7.898000,1.609912,-0.099603,0.221287,-0.559804,0.014354,0.574158,0.686496,0.033380,-0.000856,-0.034236,-0.052746,1.832613,-0.046990,-1.879603,-0.699286,0.311185,-0.007979,-0.319164,0.123229,1.183847,-0.030355,-1.214202,1.064033,-2.006780,0.051456,2.058236,-1.697424,0.852301,-0.021854,-0.874155,-1.266437,2.084212,-0.053441,-2.137654,-0.933827,-3.327322,0.085316,3.412638,-0.253909,0.251468,-0.006448,-0.257916,-1.148215,-0.168504,0.004321,0.172824,0.360359,-0.060845,0.001560,0.062405,-0.537970,2.608064,-7.186096,-0.781695,1.421701,4.957643,2.172902,0.000000,0.000000,0.000000,-2.343756,4.944139,-1.041112,0.000109,0.000000,0.000000,320.926191,252.744410,1
7.908000,1.609938,-0.099133,0.218968,-0.559804,0.014354,0.574158,0.692521,0.033380,-0.000856,-0.034236,-0.072787,1.832613,-0.046990,-1.879603,-0.753446,0.311185,-0.007979,-0.319164,0.033806,1.183847,-0.030355,-1.214202,0.990524,-2.006780,0.051456,2.058236,-1.810630,0.852301,-0.021854,-0.874155,-1.364021,2.084212,-0.053441,-2.137654,-1.092195,-3.327322,0.085316,3.412638,-0.287771,0.251468,-0.006448,-0.257916,-1.282426,-0.168504,0.004321,0.172824,0.363610,-0.060845,0.001560,0.062405,-1.022934,2.396076,-7.437479,-1.058546,1.309460,4.659662,2.076584,0.000000,0.000000,0.000000,-2.311175,4.618299,-0.894465,0.000117,0.000000,0.000000,321.043422,252.741919,1
7.912000,1.641666,-0.119225,0.233632,-0.829609,0.021272,0.850881,0.650597,0.058806,-0.001508,-0.060314,-0.136605,0.382381,-0.009805,-0.392186,-0.217691,-0.041892,0.001074,0.042967,0.354864,1.207010,-0.030949,-1.237959,1.086695,-2.407951,0.061742,2.469693,-1.168838,0.635588,-0.016297,-0.651885,-0.630223,2.112932,-0.054178,-2.167109,-0.342685,-3.586505,0.091962,3.678466,0.063948,0.664562,-0.017040,-0.681602,-1.268044,-0.102068,0.002617,0.104685,0.076670,-0.853363,0.021881,0.875244,0.585025,3.827049,-6.023748,-0.782545,0.000000,0.000000,0.000000,-3.777203,-5.010339,-0.371834,-2.220611,7.486885,-1.332031,0.000077,0.000000,0.000000,321.074092,252.738734,1
7.922000,1.643585,-0.120208,0.231942,-0.829609,0.021272,0.850881,0.683906,0.058806,-0.001508,-0.060314,0.425311,0.382381,-0.009805,-0.392186,-1.454937,-0.041892,0.001074,0.042967,0.504124,1.207010,-0.030949,-1.237959,1.152669,-2.407951,0.061742,2.469693,-1.202632,0.635588,-0.016297,-0.651885,-0.553706,2.112932,-0.054178,-2.167109,-0.331160,-3.586505,0.091962,3.678466,-0.012116,0.664562,-0.017040,-0.681602,-1.158024,-0.102068,0.002617,0.104685,0.030541,-0.853363,0.021881,0.875244,0.515767,4.057568,-5.797727,-0.565348,0.000000,0.000000,0.000000,-3.241722,-5.718161,0.484309,-2.059706,7.749415,-1.540029,0.000080,0.000000,0.000000,321.153732,252.729028,1
7.928000,1.633031,-0.121168,0.228018,-0.602981,0.015461,0.618442,0.838779,0.761522,-0.019526,-0.781048,0.349342,-0.312692,0.008018,0.320710,-2.218602,0.119836,-0.003073,-0.122909,0.574496,1.614349,-0.041394,-1.655743,0.776380,-2.176714,0.055813,2.232527,-0.843784,0.915603,-0.023477,-0.939080,-0.664755,2.831904,-0.072613,-2.904517,-0.485691,-3.733767,0.095738,3.829505,-0.254661,0.596866,-0.015304,-0.612170,-0.907391,-0.083345,0.002137,0.085482,0.014860,-0.521563,0.013373,0.534937,0.340123,3.675171,-4.617997,0.126576,0.000000,0.000000,0.000000,-2.648554,-6.044483,1.140114,-1.972967,8.155491,-1.856625,0.000085,0.000000,0.000000,321.204683,252.717585,1
7.938000,1.633619,-0.121825,0.226647,-0.602981,0.015461,0.618442,0.983702,0.761522,-0.019526,-0.781048,0.338698,-0.312692,0.008018,0.320710,-2.341824,0.119836,-0.003073,-0.122909,0.674009,1.614349,-0.041394,-1.655743,0.764325,-2.176714,0.055813,2.232527,-0.823328,0.915603,-0.023477,-0.939080,-0.607520,2.831904,-0.072613,-2.904517,-0.547996,-3.733767,0.095738,3.829505,-0.221289,0.596866,-0.015304,-0.612170,-0.922556,-0.083345,0.002137,0.085482,-0.000120,-0.521563,0.013373,0.534937,0.298261,3.609427,-4.551828,0.099333,0.000000,0.000000,0.000000,-2.435953,-5.764398,1.164577,-1.917105,8.155654,-1.884356,0.000085,0.000000,0.000000,321.290127,252.702039,1
7.944000,1.637942,-0.109849,0.226302,-0.602936,0.015460,0.618396,1.081436,1.469331,-0.037675,-1.507006,-0.017263,-2.301800,0.059021,2.360821,-1.333807,-0.201238,0.005160,0.206398,0.745289,1.469251,-0.037673,-1.506924,0.580474,-2.571276,0.065930,2.637206,-0.011241,0.694146,-0.017799,-0.711944,-0.870557,2.691138,-0.069004,-2.760141,-1.057856,-4.020463,0.103089,4.123551,0.681980,0.937381,-0.024035,-0.961416,-0.849207,-0.041409,0.001062,0.042471,0.041007,-0.926431,0.023755,0.950186,0.501593,2.954748,-3.640054,0.253845,0.768797,0.809294,0.089442,-2.923652,-5.835785,1.244316,-1.508256,5.564252,-1.344365,0.000125,0.000000,0.000000,321.365417,252.728690,1
7.954000,1.638395,-0.109518,0.225607,-0.602936,0.015460,0.618396,1.127002,1.469331,-0.037675,-1.507006,-0.007358,-2.301800,0.059021,2.360821,-1.320160,-0.201238,0.005160,0.206398,0.788228,1.469251,-0.037673,-1.506924,0.664705,-2.571276,0.065930,2.637206,-0.057828,0.694146,-0.017799,-0.711944,-0.832315,2.691138,-0.069004,-2.760141,-0.938415,-4.020463,0.103089,4.123551,0.508425,0.937381,-0.024035,-0.961416,-0.807282,-0.041409,0.001062,0.042471,0.059806,-0.926431,0.023755,0.950186,0.401608,2.731121,-3.823196,0.008368,2.781500,4.267231,1.094077,-2.859979,-5.752916,1.256317,-1.697242,6.021500,-1.409842,0.000116,0.000000,0.000000,321.481228,252.759084,1
7.960000,1.646346,-0.098012,0.223962,0.202967,-0.005204,-0.208171,0.383240,1.477496,-0.037885,-1.515381,0.914475,-4.179319,0.107162,4.286481,-1.777382,0.180958,-0.004640,-0.185598,0.140744,1.207632,-0.030965,-1.238597,-0.133095,-3.283384,0.084189,3.367574,0.252944,0.816851,-0.020945,-0.837795,0.029899,1.357086,-0.034797,-1.391884,-0.364100,-3.090285,0.079238,3.169523,0.631412,1.524989,-0.039102,-1.564092,0.172220,-0.549878,0.014099,0.563978,0.718503,-0.965295,0.024751,0.990046,-0.861866,3.086633,-5.111987,-0.222120,3.804782,5.899912,1.775502,-4.067235,-7.961256,0.791338,-1.685729,5.361612,-1.384953,0.000142,0.000000,0.000000,321.566356,252.721115,1
7.970000,1.646726,-0.097171,0.223602,0.202967,-0.005204,-0.208171,0.158150,1.477496,-0.037885,-1.515381,0.724851,-4.179319,0.107162,4.286481,-1.533372,0.180958,-0.004640,-0.185598,0.038276,1.207632,-0.030965,-1.238597,0.188456,-3.283384,0.084189,3.367574,-0.127828,0.816851,-0.020945,-0.837795,-0.219190,1.357086,-0.034797,-1.391884,-0.229967,-3.090285,0.079238,3.169523,0.383874,1.524989,-0.039102,-1.564092,-0.085259,-0.549878,0.014099,0.563978,0.692825,-0.965295,0.024751,0.990046,-1.041856,2.479505,-5.376166,-0.784612,3.445406,5.200730,1.490481,-4.028024,-7.007980,0.291567,-1.654012,5.306893,-1.393005,0.000117,0.000000,0.000000,321.682867,252.649495,1
7.978000,1.657365,-0.096381,0.252776,-0.530501,0.013603,0.544104,0.142729,2.052774,-0.052635,-2.105409,-0.371505,-4.264601,0.109349,4.373949,0.179716,-0.517339,0.013265,0.530604,2.863246,1.826360,-0.046830,-1.873190,0.429747,-3.989112,0.102285,4.091397,-0.241842,0.355261,-0.009109,-0.364370,-2.410287,1.130705,-0.028992,-1.159698,0.436271,-1.966735,0.050429,2.017164,-0.449423,1.072911,-0.027511,-1.100421,0.041023,0.724328,-0.018573,-0.742901,-0.414655,-2.755085,0.070643,2.825728,0.650667,0.000000,0.000000,0.000000,2.185302,2.636255,-0.013297,-2.920289,-4.695284,0.722649,0.000000,0.000000,0.000000,0.000094,0.000000,0.000000,321.758405,252.672998,1
7.988000,1.657883,-0.095464,0.253860,-0.530501,0.013603,0.544104,0.110950,2.052774,-0.052635,-2.105409,-0.311479,-4.264601,0.109349,4.373949,0.156421,-0.517339,0.013265,0.530604,2.143084,1.826360,-0.046830,-1.873190,-0.240182,-3.989112,0.102285,4.091397,1.021949,0.355261,-0.009109,-0.364370,-1.784489,1.130705,-0.028992,-1.159698,-0.022560,-1.966735,0.050429,2.017164,0.359721,1.072911,-0.027511,-1.100421,0.030912,0.724328,-0.018573,-0.742901,-0.305438,-2.755085,0.070643,2.825728,0.446544,0.000000,0.000000,0.000000,2.721002,4.036949,0.309243,-3.176618,-5.169343,0.829508,0.000000,0.000000,0.000000,0.000101,0.000000,0.000000,321.859338,252.773251,1
7.992000,1.654122,-0.104305,0.240271,-0.530329,0.013598,0.543927,-0.131650,0.313652,-0.008042,-0.321694,0.424357,-1.459528,0.037424,1.496952,-0.301173,3.135451,-0.080396,-3.215847,-1.702889,1.297725,-0.033275,-1.331000,-0.997138,-6.956671,0.178376,7.135048,2.751984,-2.279851,0.058458,2.338309,1.559452,1.304702,-0.033454,-1.338156,-0.756378,-3.736636,0.095811,3.832447,1.238811,-0.076774,0.001969,0.078743,0.126384,-0.009702,0.000249,0.009951,0.392726,-0.640940,0.016434,0.657374,-0.544286,0.000000,0.000000,0.000000,2.382436,5.076475,1.460895,-3.166596,-3.678830,-0.202910,0.000000,0.000000,0.000000,0.000369,0.000000,0.000000,322.006841,252.912620,1
8.002000,1.654287,-0.104281,0.238704,-0.530329,0.013598,0.543927,-0.104864,0.313652,-0.008042,-0.321694,0.541356,-1.459528,0.037424,1.496952,-0.587439,3.135451,-0.080396,-3.215847,-2.090363,1.297725,-0.033275,-1.331000,-0.891387,-6.956671,0.178376,7.135048,3.118516,-2.279851,0.058458,2.338309,1.854139,1.304702,-0.033454,-1.338156,-0.747499,-3.736636,0.095811,3.832447,1.570978,-0.076774,0.001969,0.078743,0.199879,-0.009702,0.000249,0.009951,0.436170,-0.640940,0.016434,0.657374,-0.814075,0.000000,0.000000,0.000000,2.721694,5.682414,1.612840,-3.516086,-4.375847,-0.045581,0.000000,0.000000,0.000000,0.000432,0.000000,0.000000,322.438659,253.311524,1
8.008000,1.660858,-0.101802,0.237280,0.051233,-0.001314,-0.052546,-0.360017,-0.348382,0.008933,0.357315,0.754861,-1.378372,0.035343,1.413715,-0.402079,-0.078752,0.002019,0.080771,-0.373023,0.821138,-0.021055,-0.842193,-0.579208,-2.291372,0.058753,2.350125,1.202627,-0.974994,0.025000,0.999994,1.388947,0.206350,-0.005291,-0.211641,-0.296072,-0.108418,0.002780,0.111198,0.156344,0.411010,-0.010539,-0.421548,0.182176,-0.614807,0.015764,0.630572,0.515093,-0.973780,0.024969,0.998748,-0.689586,0.000000,0.000000,0.000000,2.847390,5.357617,1.152365,-2.930253,-4.091744,0.215029,0.000000,0.000000,0.000000,0.000068,0.000000,0.000000,322.479223,253.335719,1
8.018000,1.662060,-0.101189,0.235660,0.060990,-0.001564,-0.062554,-0.400051,-0.384131,0.009850,0.393981,0.892443,-1.360093,0.034874,1.394967,-0.723780,-0.075181,0.001928,0.077108,-0.275488,0.826012,-0.021180,-0.847192,-0.528030,-2.398845,0.061509,2.460354,1.177749,-1.129287,0.028956,1.158243,1.445629,0.178813,-0.004585,-0.183398,-0.214870,-0.133374,0.003420,0.136794,0.097907,0.411709,-0.010557,-0.422266,0.206077,-0.646844,0.016586,0.663430,0.572361,-0.949174,0.024338,0.973512,-0.978005,0.000000,0.000000,0.000000,3.085144,5.938357,1.303780,-3.328458,-4.815556,0.377146,0.000000,0.000000,0.000000,0.000079,0.000000,0.000000,322.558208,253.373304,1
8.022000,1.667017,-0.106110,0.247715,-0.038561,0.000989,0.039550,-0.143922,-0.448983,0.011512,0.460496,0.810250,-1.463664,0.037530,1.501194,-0.670799,-0.067285,0.001725,0.069010,-0.640296,0.317259,-0.008135,-0.325394,-0.311541,0.736078,-0.018874,-0.754951,-0.009650,0.697206,-0.017877,-0.715083,0.255247,0.457421,-0.011729,-0.469150,-0.336390,0.240157,-0.006158,-0.246314,-0.013424,0.257379,-0.006599,-0.263979,0.043702,-0.686542,0.017604,0.704146,0.631952,-1.341911,0.034408,1.376319,-0.592705,0.000000,0.000000,0.000000,3.069356,6.018904,1.777765,-3.240001,-5.179641,-0.034730,0.000000,0.000000,0.000000,0.000032,0.000000,0.000000,322.570827,253.369389,1
8.032000,1.667782,-0.106594,0.246148,-0.038561,0.000989,0.039550,-0.132320,-0.448983,0.011512,0.460496,0.953711,-1.463664,0.037530,1.501194,-1.060819,-0.067285,0.001725,0.069010,-0.514431,0.317259,-0.008135,-0.325394,-0.264422,0.736078,-0.018874,-0.754951,-0.133948,0.697206,-0.017877,-0.715083,0.085116,0.457421,-0.011729,-0.469150,-0.315597,0.240157,-0.006158,-0.246314,-0.010054,0.257379,-0.006599,-0.263979,0.081395,-0.686542,0.017604,0.704146,0.691683,-1.341911,0.034408,1.376319,-0.898994,0.000000,0.000000,0.000000,3.366990,6.547535,1.932991,-3.598742,-5.913938,0.039131,0.000000,0.000000,0.000000,0.000042,0.000000,0.000000,322.612995,253.352500,1
8.038000,1.663961,-0.104857,0.237789,-0.058423,0.001498,0.059921,-0.292369,-0.022546,0.000578,0.023124,1.063831,-1.666905,0.042741,1.709647,-1.467963,-0.655651,0.016812,0.672462,0.019252,0.214632,-0.005503,-0.220135,-0.252969,1.729081,-0.044335,-1.773416,-0.446025,1.907056,-0.048899,-1.955955,-0.585518,0.819402,-0.021010,-0.840412,-0.494563,0.870840,-0.022329,-0.893170,-0.040155,0.301674,-0.007735,-0.309409,0.185387,-0.438827,0.011252,0.450079,0.607051,-1.266692,0.032479,1.299171,-1.316867,0.000000,0.000000,0.000000,3.524893,7.041705,1.887968,-4.151510,-6.551916,0.275772,0.000000,0.000000,0.000000,0.000070,0.000000,0.000000,322.655293,253.343252,1
8.048000,1.664285,-0.104916,0.235367,-0.058423,0.001498,0.059921,-0.303744,-0.022546,0.000578,0.023124,1.143555,-1.666905,0.042741,1.709647,-1.716207,-0.655651,0.016812,0.672462,0.023179,0.214632,-0.005503,-0.220135,-0.211090,1.729081,-0.044335,-1.773416,-0.607194,1.907056,-0.048899,-1.955955,-0.709905,0.819402,-0.021010,-0.840412,-0.475234,0.870840,-0.022329,-0.893170,-0.151114,0.301674,-0.007735,-0.309409,0.232775,-0.438827,0.011252,0.450079,0.597015,-1.266692,0.032479,1.299171,-1.506269,0.000000,0.000000,0.000000,3.658918,7.226660,1.926337,-4.320160,-6.893553,0.336623,0.000000,0.000000,0.000000,0.000083,0.000000,0.000000,322.738674,253.327009,1
8.054000,1.678726,-0.103001,0.239155,0.207955,-0.005332,-0.213288,-0.667247,-0.473465,0.012140,0.485605,1.400776,-1.466371,0.037599,1.503970,-1.236213,-0.417624,0.010708,0.428332,-0.011991,0.006371,-0.000163,-0.006535,-0.105125,2.196873,-0.056330,-2.253203,-0.953080,1.299141,-0.033311,-1.332453,-0.343883,0.532024,-0.013642,-0.545665,-0.389849,1.233557,-0.031630,-1.265187,-0.470133,0.473672,-0.012145,-0.485818,0.140686,-0.795556,0.020399,0.815955,0.751463,-1.233480,0.031628,1.265107,-1.186887,0.000000,0.000000,0.000000,3.360546,6.730845,1.670096,-3.956357,-5.897980,0.283228,0.000000,0.000000,0.000000,0.000083,0.000000,0.000000,322.788377,253.335501,1
8.064000,1.679651,-0.103110,0.236819,0.207955,-0.005332,-0.213288,-0.674386,-0.473465,0.012140,0.485605,1.495128,-1.466371,0.037599,1.503970,-1.498764,-0.417624,0.010708,0.428332,-0.005326,0.006371,-0.000163,-0.006535,-0.092717,2.196873,-0.056330,-2.253203,-0.969716,1.299141,-0.033311,-1.332453,-0.379572,0.532024,-0.013642,-0.545665,-0.357679,1.233557,-0.031630,-1.265187,-0.456827,0.473672,-0.012145,-0.485818,0.199093,-0.795556,0.020399,0.815955,0.741932,-1.233480,0.031628,1.265107,-1.384537,0.000000,0.000000,0.000000,3.493250,6.973029,1.725915,-4.131680,-6.321014,0.404673,0.000000,0.000000,0.000000,0.000090,0.000000,0.000000,322.878821,253.343852,1
8.068000,1.679971,-0.105403,0.235359,0.117409,-0.003010,-0.120419,-0.340067,0.011224,-0.000288,-0.011511,1.338045,-1.216759,0.031199,1.247958,-1.857080,-0.922357,0.023650,0.946007,0.013993,-0.030580,0.000784,0.031365,-0.072649,3.262978,-0.083666,-3.346644,-0.681736,1.700946,-0.043614,-1.744560,-0.224544,0.330982,-0.008487,-0.339469,-0.128099,2.264435,-0.058062,-2.322497,-0.340195,0.391425,-0.010037,-0.401461,0.327555,-0.220463,0.005653,0.226116,0.525535,-1.227322,0.031470,1.258791,-1.379045,0.000000,0.000000,0.000000,3.648830,7.096363,1.677677,-4.234840,-6.722333,0.679876,0.000000,0.000000,0.000000,0.000079,0.000000,0.000000,322.910352,253.341760,1
8.078000,1.680496,-0.105378,0.232533,0.117409,-0.003010,-0.120419,-0.379416,0.011224,-0.000288,-0.011511,1.407679,-1.216759,0.031199,1.247958,-2.071733,-0.922357,0.023650,0.946007,0.042009,-0.030580,0.000784,0.031365,-0.086165,3.262978,-0.083666,-3.346644,-1.127667,1.700946,-0.043614,-1.744560,-0.378482,0.330982,-0.008487,-0.339469,-0.136696,2.264435,-0.058062,-2.322497,-0.667309,0.391425,-0.010037,-0.401461,0.358794,-0.220463,0.005653,0.226116,0.493866,-1.227322,0.031470,1.258791,-1.549155,0.000000,0.000000,0.000000,3.732876,7.255515,1.720835,-4.404696,-6.971698,0.715733,0.000000,0.000000,0.000000,0.000109,0.000000,0.000000,323.019611,253.357051,1
8.082000,1.689508,-0.110424,0.232292,-0.141936,0.003639,0.145575,-0.041472,-0.147702,0.003787,0.151489,1.219582,-0.657976,0.016871,0.674848,-1.818377,-0.376034,0.009642,0.385675,-0.023032,-0.015158,0.000389,0.015546,-0.099082,1.895775,-0.048610,-1.944385,-0.811057,0.370698,-0.009505,-0.380203,0.017437,-0.141050,0.003617,0.144667,0.007432,-0.922384,0.023651,0.946035,0.471359,0.040392,-0.001036,-0.041428,0.675998,-0.081153,0.002081,0.083233,0.292020,-1.124944,0.028845,1.153789,-1.229463,0.000000,0.000000,0.000000,3.303279,6.072280,1.914102,-3.756850,-6.226861,0.100411,0.000000,0.000000,0.000000,0.000049,0.000000,0.000000,323.039331,253.355196,1
8.092000,1.689603,-0.110992,0.229368,-0.141936,0.003639,0.145575,-0.043685,-0.147702,0.003787,0.151489,1.295663,-0.657976,0.016871,0.674848,-2.045322,-0.376034,0.009642,0.385675,-0.015270,-0.015158,0.000389,0.015546,-0.077508,1.895775,-0.048610,-1.944385,-0.813466,0.370698,-0.009505,-0.380203,0.028030,-0.141050,0.003617,0.144667,0.000591,-0.922384,0.023651,0.946035,0.463349,0.040392,-0.001036,-0.041428,0.744246,-0.081153,0.002081,0.083233,0.270542,-1.124944,0.028845,1.153789,-1.429433,0.000000,0.000000,0.000000,3.438212,6.284282,2.003060,-3.906114,-6.586062,0.152172,0.000000,0.000000,0.000000,0.000053,0.000000,0.000000,323.092565,253.346741,1
8.096000,1.704040,-0.103824,0.236860,0.064204,-0.001646,-0.065850,-0.304918,-0.306679,0.007864,0.314543,1.482983,-0.783788,0.020097,0.803885,-1.803452,-0.125964,0.003230,0.129194,-0.102996,-0.015721,0.000403,0.016124,-0.042231,1.543406,-0.039575,-1.582981,-0.516799,0.409541,-0.010501,-0.420042,0.042694,0.098480,-0.002525,-0.101005,-0.020019,-0.327825,0.008406,0.336231,0.266886,0.260919,-0.006690,-0.267610,0.388805,-0.394709,0.010121,0.404830,0.612516,-1.020559,0.026168,1.046727,-1.201415,0.000000,0.000000,0.000000,3.531336,6.766099,1.471848,-4.141137,-5.970418,0.721762,0.000000,0.000000,0.000000,0.000045,0.000000,0.000000,323.110515,253.341945,1
8.106000,1.705255,-0.103738,0.234058,0.064204,-0.001646,-0.065850,-0.329469,-0.306679,0.007864,0.314543,1.567191,-0.783788,0.020097,0.803885,-2.008015,-0.125964,0.003230,0.129194,-0.127717,-0.015721,0.000403,0.016124,-0.041492,1.543406,-0.039575,-1.582981,-0.586062,0.409541,-0.010501,-0.420042,0.053539,0.098480,-0.002525,-0.101005,-0.037553,-0.327825,0.008406,0.336231,0.212957,0.260919,-0.006690,-0.267610,0.443056,-0.394709,0.010121,0.404830,0.611927,-1.020559,0.026168,1.046727,-1.400699,0.000000,0.000000,0.000000,3.677110,7.044146,1.525134,-4.296839,-6.255664,0.819939,0.000000,0.000000,0.000000,0.000050,0.000000,0.000000,323.160556,253.327214,1
8.112000,1.704607,-0.103468,0.230049,0.224288,-0.005751,-0.230039,-0.469046,-0.254625,0.006529,0.261153,1.641205,-1.149544,0.029475,1.179019,-2.096636,-0.748979,0.019205,0.768184,0.013494,-0.017415,0.000447,0.017861,-0.063827,2.271111,-0.058234,-2.329345,-0.785675,0.830967,-0.021307,-0.852274,-0.024359,0.101106,-0.002592,-0.103699,-0.043334,1.706644,-0.043760,-1.750404,-0.509080,0.503779,-0.012917,-0.516697,0.382532,-0.667704,0.017121,0.684824,0.656281,-0.910478,0.023346,0.933823,-1.595572,0.000000,0.000000,0.000000,3.693006,6.978147,1.676851,-4.259164,-6.846391,0.685291,0.000000,0.000000,0.000000,0.000079,0.000000,0.000000,323.207977,253.324706,1
8.122000,1.705389,-0.103354,0.226786,0.224288,-0.005751,-0.230039,-0.498570,-0.254625,0.006529,0.261153,1.699666,-1.149544,0.029475,1.179019,-2.231110,-0.748979,0.019205,0.768184,0.010605,-0.017415,0.000447,0.017861,-0.054128,2.271111,-0.058234,-2.329345,-0.904682,0.830967,-0.021307,-0.852274,-0.017031,0.101106,-0.002592,-0.103699,-0.047456,1.706644,-0.043760,-1.750404,-0.596860,0.503779,-0.012917,-0.516697,0.445781,-0.667704,0.017121,0.684824,0.637725,-0.910478,0.023346,0.933823,-1.762393,0.000000,0.000000,0.000000,3.774542,7.103347,1.699600,-4.333836,-6.990667,0.738657,0.000000,0.000000,0.000000,0.000087,0.000000,0.000000,323.294802,253.321380,1
8.124000,1.713970,-0.100182,0.228240,0.165777,-0.004251,-0.170028,-0.431642,-0.047849,0.001227,0.049076,1.569110,-1.404410,0.036011,1.440420,-2.165538,-0.612921,0.015716,0.628637,0.009053,-0.014459,0.000371,0.014830,-0.051562,2.527576,-0.064810,-2.592385,-0.925968,0.488057,-0.012514,-0.500571,0.089089,0.072250,-0.001853,-0.074102,-0.051023,0.901905,-0.023126,-0.925031,-0.121981,0.283084,-0.007259,-0.290343,0.353707,-0.213665,0.005479,0.219144,0.532547,-1.460230,0.037442,1.497672,-1.503837,0.000000,0.000000,0.000000,3.767922,7.490994,1.622885,-4.509791,-6.971618,1.024787,0.000000,0.000000,0.000000,0.000083,0.000000,0.000000,323.311421,253.315920,1
8.134000,1.714963,-0.099741,0.225035,0.165777,-0.004251,-0.170028,-0.457082,-0.047849,0.001227,0.049076,1.608957,-1.404410,0.036011,1.440420,-2.254560,-0.612921,0.015716,0.628637,0.005287,-0.014459,0.000371,0.014830,-0.049830,2.527576,-0.064810,-2.592385,-1.038833,0.488057,-0.012514,-0.500571,0.098296,0.072250,-0.001853,-0.074102,-0.054194,0.901905,-0.023126,-0.925031,-0.192764,0.283084,-0.007259,-0.290343,0.429782,-0.213665,0.005479,0.219144,0.496861,-1.460230,0.037442,1.497672,-1.638472,0.000000,0.000000,0.000000,3.841809,7.576008,1.607277,-4.551533,-7.030560,1.076170,0.000000,0.000000,0.000000,0.000090,0.000000,0.000000,323.401625,253.288601,1
8.140000,1.717517,-0.101517,0.224274,0.229329,-0.005880,-0.235209,-0.367926,0.311481,-0.007987,-0.319467,1.485503,-1.869701,0.047941,1.917642,-2.177693,-0.546148,0.014004,0.560152,0.001737,-0.029599,0.000759,0.030358,-0.045303,4.741625,-0.121580,-4.863205,-1.085305,1.097059,-0.028130,-1.125189,0.358510,-0.016029,0.000411,0.016440,-0.011668,1.930784,-0.049507,-1.980291,0.030730,0.251761,-0.006455,-0.258216,0.655768,0.326829,-0.008380,-0.335209,0.148434,-2.227283,0.057110,2.284393,-1.344330,0.000000,0.000000,0.000000,3.927411,7.566555,1.515009,-4.523872,-7.384089,1.300837,0.000000,0.000000,0.000000,0.000138,0.000000,0.000000,323.484258,253.270356,1
8.150000,1.718297,-0.101026,0.221021,0.229329,-0.005880,-0.235209,-0.459535,0.311481,-0.007987,-0.319467,1.524953,-1.869701,0.047941,1.917642,-2.256667,-0.546148,0.014004,0.560152,-0.024968,-0.029599,0.000759,0.030358,-0.077379,4.741625,-0.121580,-4.863205,-1.710562,1.097059,-0.028130,-1.125189,0.114863,-0.016029,0.000411,0.016440,-0.050415,1.930784,-0.049507,-1.980291,-0.391336,0.251761,-0.006455,-0.258216,0.660388,0.326829,-0.008380,-0.335209,0.099077,-2.227283,0.057110,2.284393,-1.457479,-0.003406,-0.010839,-0.009099,3.944693,7.637790,1.529576,-4.642854,-7.405532,1.274073,0.000000,0.000000,0.000000,0.000177,0.000000,0.000000,323.661219,253.277432,1
8.156000,1.739967,-0.100578,0.226524,-0.631910,0.016203,0.648112,0.106681,0.647850,-0.016612,-0.664462,1.264975,-1.973649,0.050606,2.024255,-1.552388,-0.201048,0.005155,0.206203,-0.026007,0.160989,-0.004128,-0.165117,-0.226229,-0.093702,0.002403,0.096104,0.011529,-1.185335,0.030393,1.215728,1.685432,-0.088989,0.002282,0.091271,0.016043,-0.092101,0.002362,0.094462,0.614434,-1.056949,0.027101,1.084050,1.327817,1.291084,-0.033105,-1.324189,-0.324306,-2.959948,0.075896,3.035845,-0.378851,2.416574,-6.424147,-0.619661,3.010501,6.661208,1.417961,-4.105294,-5.686500,0.679606,0.000000,0.000000,0.000000,0.000092,0.000000,0.000000,323.716559,253.271111,1
8.166000,1.741414,-0.100352,0.224274,-0.631910,0.016203,0.648112,0.035128,0.647850,-0.016612,-0.664462,1.318535,-1.973649,0.050606,2.024255,-1.514254,-0.201048,0.005155,0.206203,-0.171720,0.160989,-0.004128,-0.165117,0.246169,-0.093702,0.002403,0.096104,-1.427442,-1.185335,0.030393,1.215728,1.623615,-0.088989,0.002282,0.091271,0.011933,-0.092101,0.002362,0.094462,0.331520,-1.056949,0.027101,1.084050,1.302910,1.291084,-0.033105,-1.324189,-0.236740,-2.959948,0.075896,3.035845,-0.535547,2.300556,-6.959729,-1.047046,2.984900,7.196791,1.716859,-4.518418,-5.303962,0.198638,-0.001660,0.001665,0.000069,0.000095,0.000000,0.000000,323.811913,253.250857,1
8.172000,1.737700,-0.108056,0.224371,-0.466044,0.011950,0.477994,0.154167,1.052627,-0.026990,-1.079618,1.072140,-1.858100,0.047644,1.905744,-1.559999,-0.227929,0.005844,0.233773,-0.043642,0.746568,-0.019143,-0.765711,-0.489520,-0.505825,0.012970,0.518795,-0.033769,-0.755513,0.019372,0.774885,1.313312,-0.075190,0.001928,0.077118,0.058226,-0.043971,0.001127,0.045098,0.124923,-1.023373,0.026240,1.049613,1.466829,1.955660,-0.050145,-2.005805,-0.600719,-3.111956,0.079794,3.191750,-0.408614,3.158624,-7.540484,-0.744928,3.155820,6.255523,1.371769,-3.975734,-5.785155,0.608626,-0.983419,4.100163,-1.493469,0.000097,0.000000,0.000000,323.870013,253.243407,1
8.182000,1.738384,-0.108073,0.222316,-0.466044,0.011950,0.477994,0.080096,1.052627,-0.026990,-1.079618,1.066934,-1.858100,0.047644,1.905744,-1.591135,-0.227929,0.005844,0.233773,-0.075437,0.746568,-0.019143,-0.765711,0.000916,-0.505825,0.012970,0.518795,-1.569349,-0.755513,0.019372,0.774885,1.245132,-0.075190,0.001928,0.077118,0.278466,-0.043971,0.001127,0.045098,-0.370662,-1.023373,0.026240,1.049613,1.371730,1.955660,-0.050145,-2.005805,-0.631560,-3.111956,0.079794,3.191750,-0.466198,2.854166,-8.113099,-1.435615,2.910574,5.961725,1.378007,-4.116850,-5.517650,0.366086,-1.183746,4.425628,-1.544449,0.000103,0.000000,0.000000,323.972538,253.215505,1
8.190000,1.764847,-0.125697,0.236554,0.101263,-0.002596,-0.103860,0.293897,0.959305,-0.024598,-0.983903,1.261882,-2.495031,0.063975,2.559007,-1.196194,0.240448,-0.006165,-0.246614,-0.789010,1.343260,-0.034443,-1.377702,-0.641905,-2.548227,0.065339,2.613566,1.549329,-1.082945,0.027768,1.110713,1.398844,-0.251328,0.006444,0.257773,0.056257,-0.149202,0.003826,0.153028,0.155685,-0.704763,0.018071,0.722834,1.632587,1.977631,-0.050708,-2.028340,-0.708681,-3.673384,0.094189,3.767574,0.426993,0.000000,0.000000,0.000000,3.479410,5.937536,0.932605,-3.457200,-6.241758,0.960422,0.000000,0.000000,0.000000,0.000153,0.000000,0.000000,324.094775,253.268412,1
8.200000,1.766752,-0.126545,0.234568,0.101263,-0.002596,-0.103860,0.248171,0.959305,-0.024598,-0.983903,1.391621,-2.495031,0.063975,2.559007,-1.362868,0.240448,-0.006165,-0.246614,-0.780048,1.343260,-0.034443,-1.377702,-0.665598,-2.548227,0.065339,2.613566,1.413100,-1.082945,0.027768,1.110713,1.403729,-0.251328,0.006444,0.257773,0.020198,-0.149202,0.003826,0.153028,0.113122,-0.704763,0.018071,0.722834,1.637128,1.977631,-0.050708,-2.028340,-0.645467,-3.673384,0.094189,3.767574,0.214047,0.575597,-0.820623,0.029632,3.569096,6.353592,1.118560,-3.652419,-6.537316,0.998044,-0.004141,0.009492,-0.002026,0.000146,0.000000,0.000000,324.240434,253.316419,1
8.206000,1.745046,-0.103999,0.224092,0.440108,-0.011285,-0.451393,0.217490,-0.192544,0.004937,0.197481,0.662080,-3.018059,0.077386,3.095445,0.571518,0.508710,-0.013044,-0.521754,0.095497,0.205801,-0.005277,-0.211078,0.677063,-3.208465,0.082268,3.290733,-0.773164,-1.191671,0.030556,1.222227,1.054452,0.154774,-0.003969,-0.158743,1.612134,-0.788311,0.020213,0.808524,-1.463743,-0.394347,0.010111,0.404458,1.162975,0.746566,-0.019143,-0.765709,-0.384547,-4.003766,0.102661,4.106427,1.831617,3.035155,-6.121636,-0.568839,0.729544,-0.006000,-0.556820,-1.027473,-2.984386,1.087930,-3.053719,9.951600,-2.900884,0.000157,0.000000,0.000000,324.334931,253.359621,1
8.216000,1.744530,-0.103587,0.222937,0.440108,-0.011285,-0.451393,0.174439,-0.192544,0.004937,0.197481,0.582209,-3.018059,0.077386,3.095445,0.330452,0.508710,-0.013044,-0.521754,0.051050,0.205801,-0.005277,-0.211078,0.564518,-3.208465,0.082268,3.290733,-0.814136,-1.191671,0.030556,1.222227,0.920168,0.154774,-0.003969,-0.158743,1.459118,-0.788311,0.020213,0.808524,-1.572393,-0.394347,0.010111,0.404458,0.770352,0.746566,-0.019143,-0.765709,-0.555466,-4.003766,0.102661,4.106427,1.726952,2.758266,-6.323308,-0.903701,5.340533,9.119257,2.528901,-1.768709,-3.957921,1.191325,-3.220014,8.771831,-2.241922,0.000145,0.000000,0.000000,324.479907,253.416465,1
8.224000,1.760082,-0.114279,0.237642,0.398225,-0.010211,-0.408436,0.504066,-0.407021,0.010436,0.417457,0.045408,-3.212608,0.082375,3.294983,1.189490,0.463212,-0.011877,-0.475089,0.490050,0.446951,-0.011460,-0.458411,0.671968,-4.272272,0.109545,4.381817,-0.123816,-0.832869,0.021356,0.854225,0.676460,0.097892,-0.002510,-0.100402,1.125444,-2.961358,0.075932,3.037290,-0.785273,-4.058984,0.104077,4.163061,3.430691,-1.230667,0.031556,1.262223,0.153029,7.073072,-0.181361,-7.254433,-4.371263,3.414609,-5.423919,-0.131628,0.000000,0.000000,0.000000,-0.403955,-2.242479,0.963557,-2.979581,8.654942,-2.508827,0.000545,0.000000,0.000000,324.915826,253.791787,1
8.234000,1.763923,-0.116521,0.237857,0.457062,-0.011720,-0.468781,0.420873,-0.466608,0.011964,0.478572,0.013195,-2.990786,0.076687,3.067473,0.936819,0.517923,-0.013280,-0.531203,0.416865,0.624173,-0.016004,-0.640178,0.503598,-4.409674,0.113069,4.522743,-0.074614,-0.807016,0.020693,0.827708,0.561198,0.321849,-0.008253,-0.330102,0.870491,-3.263760,0.083686,3.347446,-0.630351,-4.990352,0.127958,5.118310,4.149682,-1.587761,0.040712,1.628473,0.316140,9.336254,-0.239391,-9.575645,-4.799256,3.601952,-5.427081,-0.168793,0.000000,0.000000,0.000000,-0.435807,-2.481904,1.076384,-3.108164,8.345893,-2.285081,0.000745,0.000000,0.000000,325.661133,254.467573,1
8.240000,1.770981,-0.122362,0.241565,-0.939823,0.024098,0.963921,1.290806,-0.425026,0.010898,0.435924,-0.051577,-4.754578,0.121912,4.876490,1.713995,-0.908943,0.023306,0.932249,1.454328,-0.610054,0.015642,0.625697,0.651119,-4.378671,0.112274,4.490945,0.903616,-1.773338,0.045470,1.818808,1.032751,-1.638600,0.042015,1.680615,1.009835,-2.400657,0.061555,2.462212,-0.270598,-0.176081,0.004515,0.180596,-0.120811,-0.040399,0.001036,0.041435,-0.296552,-0.576497,0.014782,0.591279,-0.297990,2.578397,-4.183593,0.089800,0.000000,0.000000,0.000000,-1.426981,-3.449812,1.069826,-2.015653,6.181537,-1.518043,0.000199,0.000000,0.000000,325.780523,254.576175,1
8.250000,1.771862,-0.123021,0.241406,-0.939823,0.024098,0.963921,1.377147,-0.425026,0.010898,0.435924,0.111340,-4.754578,0.121912,4.876490,1.305248,-0.908943,0.023306,0.932249,1.538928,-0.610054,0.015642,0.625697,0.763264,-4.378671,0.112274,4.490945,0.733334,-1.773338,0.045470,1.818808,1.108048,-1.638600,0.042015,1.680615,1.118433,-2.400657,0.061555,2.462212,-0.485614,-0.176081,0.004515,0.180596,-0.061630,-0.040399,0.001036,0.041435,-0.159038,-0.576497,0.014782,0.591279,-0.006511,2.819820,-4.600886,0.064078,0.000000,0.000000,0.000000,-1.649900,-3.875398,1.182733,-2.110315,6.944450,-1.772789,0.000181,0.000000,0.000000,325.961111,254.732418,1
8.256000,1.769073,-0.114571,0.236965,-0.977735,0.025070,1.002805,1.775103,0.320902,-0.008228,-0.329131,0.484112,-4.828978,0.123820,4.952798,0.731620,-0.935678,0.023992,0.959670,1.802703,0.077407,-0.001985,-0.079392,0.797100,-4.288319,0.109957,4.398276,0.656998,-1.765860,0.045278,1.811138,1.489256,-1.253170,0.032133,1.285302,1.064992,-2.527947,0.064819,2.592766,-0.215349,-1.650813,0.042329,1.693141,0.725684,0.211695,-0.005428,-0.217123,-0.078392,2.035499,-0.052192,-2.087691,-0.737066,2.964052,-3.811134,0.348372,0.000000,0.000000,0.000000,-1.289455,-3.695423,1.160147,-1.776476,6.497223,-1.704292,0.000177,0.000000,0.000000,326.067040,254.828975,1
8.266000,1.769595,-0.114396,0.236880,-0.977735,0.025070,1.002805,1.786581,0.320902,-0.008228,-0.329131,0.410346,-4.828978,0.123820,4.952798,0.825659,-0.935678,0.023992,0.959670,1.825077,0.077407,-0.001985,-0.079392,0.826044,-4.288319,0.109957,4.398276,0.613293,-1.765860,0.045278,1.811138,1.495479,-1.253170,0.032133,1.285302,1.125823,-2.527947,0.064819,2.592766,-0.334943,-1.650813,0.042329,1.693141,0.789092,0.211695,-0.005428,-0.217123,-0.082291,2.035499,-0.052192,-2.087691,-0.795142,3.053876,-4.174911,0.228244,0.000000,0.000000,0.000000,-1.307129,-3.596505,1.099228,-1.944000,7.007965,-1.823706,0.000186,0.000000,0.000000,326.252724,254.993278,1
8.272000,1.768024,-0.111711,0.236157,-0.733915,0.018818,0.752733,1.711934,0.131410,-0.003369,-0.134780,0.061856,-4.843074,0.124181,4.967255,1.436445,-0.693719,0.017788,0.711506,1.829446,-0.044591,0.001143,0.045734,0.901595,-4.373684,0.112146,4.485830,0.820120,-1.530372,0.039240,1.569613,1.211273,-1.499008,0.038436,1.537445,1.198161,-2.517371,0.064548,2.581919,-0.547613,-1.549055,0.039719,1.588774,0.629250,0.237956,-0.006101,-0.244058,-0.073354,2.756008,-0.070667,-2.826675,-1.006076,3.069842,-4.290274,0.357838,0.000000,0.000000,0.000000,-0.997108,-3.074175,0.954636,-2.084211,7.302064,-2.124494,0.000225,0.000000,0.000000,326.387560,255.111047,1
8.282000,1.768313,-0.111420,0.235477,-0.733915,0.018818,0.752733,1.661297,0.131410,-0.003369,-0.134780,0.089962,-4.843074,0.124181,4.967255,1.291037,-0.693719,0.017788,0.711506,1.789439,-0.044591,0.001143,0.045734,0.957919,-4.373684,0.112146,4.485830,0.628729,-1.530372,0.039240,1.569613,1.137051,-1.499008,0.038436,1.537445,1.215827,-2.517371,0.064548,2.581919,-0.735767,-1.549055,0.039719,1.588774,0.645041,0.237956,-0.006101,-0.244058,-0.093688,2.756008,-0.070667,-2.826675,-1.112579,3.255988,-4.801287,0.258269,0.000000,0.000000,0.000000,-1.252404,-3.464558,1.007069,-2.164423,7.647677,-2.245562,0.000216,0.000000,0.000000,326.603152,255.288403,1
8.290000,1.781866,-0.115958,0.264562,-0.366677,0.009402,0.376079,0.680767,-0.184989,0.004743,0.189732,0.013512,-3.652861,0.093663,3.746524,2.007427,-0.341762,0.008763,0.350525,0.926613,0.134062,-0.003437,-0.137500,0.711846,-3.962239,0.101596,4.063835,0.606090,-1.049815,0.026918,1.076733,0.613767,-1.489803,0.038200,1.528003,1.210716,-1.951502,0.050039,2.001540,-0.630108,-0.995517,0.025526,1.021043,0.051090,0.163244,-0.004186,-0.167430,-0.194428,3.124584,-0.080118,-3.204702,-1.448445,3.194905,-6.603015,-0.256728,0.000000,0.000000,0.000000,0.000000,0.000000,0.000000,-2.142623,7.198666,-1.915822,0.000192,0.000000,0.000000,326.756462,255.419968,1
8.300000,1.782597,-0.115626,0.263851,-0.366677,0.009402,0.376079,0.659520,-0.184989,0.004743,0.189732,-0.010399,-3.652861,0.093663,3.746524,1.900989,-0.341762,0.008763,0.350525,0.887125,0.134062,-0.003437,-0.137500,0.859997,-3.962239,0.101596,4.063835,0.209138,-1.049815,0.026918,1.076733,0.514898,-1.489803,0.038200,1.528003,1.206207,-1.951502,0.050039,2.001540,-0.846395,-0.995517,0.025526,1.021043,0.060363,0.163244,-0.004186,-0.167430,-0.162662,3.124584,-0.080118,-3.204702,-1.424641,3.419412,-7.398329,-0.408417,0.000000,0.000000,0.000000,0.000000,0.000000,0.000000,-2.334104,7.616277,-1.994676,0.000174,0.000000,0.000000,326.930435,255.557654,1
8.304000,1.789873,-0.121615,0.237002,0.674360,-0.017291,-0.691651,-1.555976,-0.409938,0.010511,0.420450,0.128729,0.788659,-0.020222,-0.808881,-1.419307,-0.084454,0.002165,0.086619,0.876245,0.053144,-0.001363,-0.054507,1.227551,-1.994050,0.051129,2.045180,-1.298257,-0.468673,0.012017,0.480690,0.184910,-0.425023,0.010898,0.435921,0.474120,-1.714467,0.043961,1.758428,-0.860468,-1.245181,0.031928,1.277109,0.491031,0.080032,-0.002052,-0.082084,-0.045513,1.880070,-0.048207,-1.928277,-0.513036,3.673061,-6.622462,-0.258939,0.000000,0.000000,0.000000,0.000000,0.000000,0.000000,-1.962885,7.023206,-1.840647,0.000085,0.000000,0.000000,326.964455,255.557793,1
8.314000,1.790739,-0.122150,0.235008,0.674360,-0.017291,-0.691651,-1.183393,-0.409938,0.010511,0.420450,0.074831,0.788659,-0.020222,-0.808881,-0.800292,-0.084454,0.002165,0.086619,0.896287,0.053144,-0.001363,-0.054507,1.314964,-1.994050,0.051129,2.045180,-1.441516,-0.468673,0.012017,0.480690,0.128971,-0.425023,0.010898,0.435921,0.531281,-1.714467,0.043961,1.758428,-1.090027,-1.245181,0.031928,1.277109,0.455968,0.080032,-0.002052,-0.082084,-0.053255,1.880070,-0.048207,-1.928277,-0.647841,3.638201,-6.820784,-0.413891,0.000000,0.000000,0.000000,0.000000,0.000000,0.000000,-2.174274,7.503482,-1.902101,0.000086,0.000000,0.000000,327.050865,255.545472,1
8.320000,1.806704,-0.119602,0.238096,-0.813715,0.020864,0.834580,-0.052474,-0.046257,0.001186,0.047443,0.343688,-3.383612,0.086759,3.470371,-0.119350,1.184081,-0.030361,-1.214442,-0.282923,-0.008756,0.000225,0.008981,1.317567,-0.895400,0.022959,0.918359,-1.445167,0.876292,-0.022469,-0.898761,-0.947750,-0.342037,0.008770,0.350808,0.643533,-0.712833,0.018278,0.731110,-1.210550,-0.579243,0.014852,0.594095,0.044223,0.062255,-0.001596,-0.063852,-0.008821,1.119459,-0.028704,-1.148163,-0.406851,4.514544,-5.340527,0.795200,0.000000,0.000000,0.000000,-5.573228,-8.549273,-0.099844,-1.436076,6.700019,-2.059699,0.000046,0.000000,0.000000,327.078546,255.541110,1
8.330000,1.807764,-0.119402,0.236224,-0.813715,0.020864,0.834580,0.122193,-0.046257,0.001186,0.047443,0.862395,-3.383612,0.086759,3.470371,-1.056366,1.184081,-0.030361,-1.214442,0.005001,-0.008756,0.000225,0.008981,1.414011,-0.895400,0.022959,0.918359,-1.445919,0.876292,-0.022469,-0.898761,-0.709576,-0.342037,0.008770,0.350808,0.726206,-0.712833,0.018278,0.731110,-1.276234,-0.579243,0.014852,0.594095,0.108612,0.062255,-0.001596,-0.063852,-0.000744,1.119459,-0.028704,-1.148163,-0.388944,4.339669,-4.731969,0.954169,0.000000,0.000000,0.000000,-5.067071,-8.648111,0.383988,-1.389957,7.041381,-2.269820,0.000075,0.000000,0.000000,327.153468,255.497372,1
8.334000,1.806025,-0.120138,0.235247,0.648845,-0.016637,-0.665482,-0.025380,-0.072322,0.001854,0.074176,-0.125247,1.529620,-0.039221,-1.568841,-0.362086,-0.137436,0.003524,0.140960,0.191145,-0.131720,0.003377,0.135097,1.405326,-0.971481,0.024910,0.996391,-1.955478,-0.345075,0.008848,0.353923,-0.441907,-0.314991,0.008077,0.323068,0.496439,-1.036458,0.026576,1.063034,-1.262895,-0.356862,0.009150,0.366012,-0.155866,0.003600,-0.000092,-0.003692,-0.001678,-0.683725,0.017531,0.701256,0.367463,3.104035,-7.043847,-0.339977,0.000000,0.000000,0.000000,0.000000,0.000000,0.000000,-2.903012,6.967656,-1.723771,0.000047,0.000000,0.000000,327.172402,255.488197,1
8.344000,1.806724,-0.119990,0.232359,0.648845,-0.016637,-0.665482,-0.016796,-0.072322,0.001854,0.074176,-0.074790,1.529620,-0.039221,-1.568841,-0.505926,-0.137436,0.003524,0.140960,0.229918,-0.131720,0.003377,0.135097,1.488292,-0.971481,0.024910,0.996391,-2.163990,-0.345075,0.008848,0.353923,-0.467530,-0.314991,0.008077,0.323068,0.497986,-1.036458,0.026576,1.063034,-1.457156,-0.356862,0.009150,0.366012,-0.130213,0.003600,-0.000092,-0.003692,-0.009295,-0.683725,0.017531,0.701256,0.354403,3.209777,-7.335469,-0.382813,0.000000,0.000000,0.000000,0.000000,0.000000,0.000000,-2.991208,7.194540,-1.797768,0.000054,0.000000,0.000000,327.226119,255.463436,1
8.348000,1.813677,-0.106605,0.236939,0.352262,-0.009032,-0.361295,0.227635,-0.014830,0.000380,0.015210,-0.028594,0.893552,-0.022912,-0.916464,-0.181174,0.021221,-0.000544,-0.021765,0.254848,-0.342972,0.008794,0.351766,1.593017,-0.525034,0.013462,0.538496,-1.680989,-0.204456,0.005242,0.209698,-0.700772,-0.485431,0.012447,0.497878,0.509097,-0.714212,0.018313,0.732526,-1.165680,-0.347041,0.008898,0.355939,0.026223,-0.021848,0.000560,0.022408,0.094143,-0.635396,0.016292,0.651689,0.538212,2.982438,-6.526324,-0.401235,0.000000,0.000000,0.000000,0.000000,0.000000,0.000000,-2.454975,5.963245,-1.742995,0.000033,0.000000,0.000000,327.239464,255.460828,1
8.358000,1.814353,-0.105655,0.234057,0.352262,-0.009032,-0.361295,0.158825,-0.014830,0.000380,0.015210,-0.027081,0.893552,-0.022912,-0.916464,-0.242808,0.021221,-0.000544,-0.021765,0.259109,-0.342972,0.008794,0.351766,1.684521,-0.525034,0.013462,0.538496,-1.914227,-0.204456,0.005242,0.209698,-0.775109,-0.485431,0.012447,0.497878,0.481430,-0.714212,0.018313,0.732526,-1.368708,-0.347041,0.008898,0.355939,0.002845,-0.021848,0.000560,0.022408,0.027815,-0.635396,0.016292,0.651689,0.426808,3.088561,-6.920691,-0.477478,0.000000,0.000000,0.000000,0.000000,0.000000,0.000000,-2.569595,6.226150,-1.849147,0.000036,0.000000,0.000000,327.275404,255.451579,1
8.364000,1.856639,-0.142434,0.230733,-0.029704,0.000762,0.030466,0.112424,-0.048350,0.001240,0.049590,1.832004,-0.365278,0.009366,0.374644,-1.716249,0.141080,-0.003617,-0.144697,0.102598,-0.532190,0.013646,0.545836,1.298067,-0.356409,0.009139,0.365548,-0.992844,-0.148047,0.003796,0.151843,0.259756,-1.209768,0.031020,1.240787,1.172569,0.337408,-0.008651,-0.346059,-0.639592,1.403175,-0.035979,-1.439154,-1.332212,0.245930,-0.006306,-0.252236,-0.098786,-1.108938,0.028434,1.137373,0.375071,2.689036,-2.999372,-0.122426,0.000000,0.000000,0.000000,-2.241742,-3.701327,0.233795,-1.291828,5.427940,-1.070441,0.000059,0.000000,0.000000,327.310852,255.474778,1
8.374000,1.858906,-0.143088,0.228799,-0.029704,0.000762,0.030466,0.191781,-0.048350,0.001240,0.049590,1.811731,-0.365278,0.009366,0.374644,-1.716462,0.141080,-0.003617,-0.144697,0.177505,-0.532190,0.013646,0.545836,1.351983,-0.356409,0.009139,0.365548,-1.064831,-0.148047,0.003796,0.151843,0.303803,-1.209768,0.031020,1.240787,1.257888,0.337408,-0.008651,-0.346059,-0.836286,1.403175,-0.035979,-1.439154,-1.425376,0.245930,-0.006306,-0.252236,-0.130506,-1.108938,0.028434,1.137373,0.459069,2.869984,-3.248851,-0.191566,0.000000,0.000000,0.000000,-2.190080,-3.771195,0.328950,-1.425816,5.898889,-1.122066,0.000064,0.000000,0.000000,327.374795,255.517562,1
8.378000,1.830972,-0.124482,0.229032,0.621496,-0.015936,-0.637432,0.416857,0.075188,-0.001928,-0.077116,-0.064716,2.605930,-0.066819,-2.672749,-0.216960,-1.338787,0.034328,1.373115,0.872336,0.363175,-0.009312,-0.372487,1.576960,-1.917544,0.049168,1.966712,-2.217029,-1.456575,0.037348,1.493923,-0.015087,0.149095,-0.003823,-0.152918,0.265580,-2.078139,0.053286,2.131424,-1.173786,-2.312284,0.059289,2.371574,0.429886,-0.324697,0.008326,0.333023,0.095773,2.849279,-0.073058,-2.922338,-0.500511,3.206909,-8.208477,-1.589569,0.000000,0.000000,0.000000,0.000000,0.000000,0.000000,-3.054745,7.650017,-1.285300,0.000121,0.000000,0.000000,327.423095,255.503635,1
8.388000,1.831872,-0.125086,0.226002,0.621496,-0.015936,-0.637432,0.351035,0.075188,-0.001928,-0.077116,-0.088681,2.605930,-0.066819,-2.672749,-0.707755,-1.338787,0.034328,1.373115,1.032899,0.363175,-0.009312,-0.372487,1.641317,-1.917544,0.049168,1.966712,-2.333671,-1.456575,0.037348,1.493923,0.054547,0.149095,-0.003823,-0.152918,0.233061,-2.078139,0.053286,2.131424,-1.284290,-2.312284,0.059289,2.371574,0.729400,-0.324697,0.008326,0.333023,0.069702,2.849279,-0.073058,-2.922338,-0.893265,3.324960,-8.231201,-1.559444,0.000000,0.000000,0.000000,0.008062,-0.042962,0.034361,-3.053302,7.812699,-1.345938,0.000160,0.000000,0.000000,327.582691,255.499275,1
8.392000,1.835454,-0.114036,0.222975,-0.140283,0.003597,0.143880,0.589887,0.045199,-0.001159,-0.046358,-0.057364,2.213031,-0.056744,-2.269776,-0.773475,-1.009784,0.025892,1.035676,0.677840,0.504606,-0.012939,-0.517544,1.429827,-2.315959,0.059384,2.375342,-1.750376,-0.656343,0.016829,0.673172,-0.671873,0.790628,-0.020273,-0.810900,-0.502412,-2.785755,0.071430,2.857185,-0.461783,-0.019006,0.000487,0.019493,-0.451657,-0.594816,0.015252,0.610068,0.546061,-0.967844,0.024817,0.992660,-0.531593,2.374737,-7.708645,-1.438241,2.302658,6.103356,2.279074,0.000000,0.000000,0.000000,-3.108495,4.204983,-0.037255,0.000105,0.000000,0.000000,327.624657,255.483594,1
8.402000,1.835745,-0.113785,0.220473,-0.125792,0.003225,0.129018,0.498011,0.045255,-0.001160,-0.046415,-0.069599,2.385849,-0.061176,-2.447024,-0.979995,-1.046352,0.026830,1.073181,0.567899,0.475739,-0.012198,-0.487937,1.271813,-2.296043,0.058873,2.354915,-1.853219,-0.680723,0.017454,0.698177,-0.725062,0.784923,-0.020126,-0.805049,-0.778889,-2.791203,0.071569,2.862773,-0.349980,0.055696,-0.001428,-0.057124,-0.622168,-0.638787,0.016379,0.655166,0.550947,-1.272087,0.032618,1.304704,-1.268156,2.109767,-7.812763,-1.693661,2.350687,5.932489,2.144064,0.000000,0.000000,0.000000,-3.051826,3.288489,0.445192,0.000122,0.000000,0.000000,327.747117,255.443105,1
8.406000,1.866604,-0.132243,0.230320,-0.319754,0.008199,0.327952,1.019235,0.126137,-0.003234,-0.129371,0.416274,0.860070,-0.022053,-0.882123,-1.239218,-0.371516,0.009526,0.381042,0.825324,1.008355,-0.025855,-1.034210,1.444249,-2.635788,0.067584,2.703373,-1.004653,0.162655,-0.004171,-0.166826,-0.589443,1.496056,-0.038360,-1.534417,-0.299849,-3.293502,0.084449,3.377951,0.004826,0.120056,-0.003078,-0.123135,-0.717328,-0.220495,0.005654,0.226149,0.173507,0.715625,-0.018349,-0.733974,0.144087,3.470591,-5.704191,-0.937884,0.000000,0.000000,0.000000,-2.472024,-4.727058,0.954620,-2.090608,7.066955,-1.211786,0.000068,0.000000,0.000000,327.774371,255.435405,1
8.416000,1.868632,-0.133178,0.228501,-0.319754,0.008199,0.327952,1.177056,0.126137,-0.003234,-0.129371,0.760525,0.860070,-0.022053,-0.882123,-1.998267,-0.371516,0.009526,0.381042,0.892281,1.008355,-0.025855,-1.034210,1.461109,-2.635788,0.067584,2.703373,-0.921824,0.162655,-0.004171,-0.166826,-0.561811,1.496056,-0.038360,-1.534417,-0.218830,-3.293502,0.084449,3.377951,-0.133523,0.120056,-0.003078,-0.123135,-0.652222,-0.220495,0.005654,0.226149,0.093319,0.715625,-0.018349,-0.733974,-0.003242,3.427606,-5.430716,-0.863645,0.000000,0.000000,0.000000,-2.440519,-4.967366,1.162399,-2.032958,7.431626,-1.377236,0.000076,0.000000,0.000000,327.850117,255.420100,1
8.422000,1.849550,-0.126491,0.224984,-0.264402,0.006780,0.271182,0.856245,0.342167,-0.008774,-0.350941,-0.023590,0.643660,-0.016504,-0.660165,-1.378385,-0.202165,0.005184,0.207349,0.620229,1.377283,-0.035315,-1.412598,1.052385,-2.340424,0.060011,2.400435,-1.249487,0.422677,-0.010838,-0.433514,-0.806132,2.243229,-0.057519,-2.300748,-0.550765,-3.520136,0.090260,3.610396,-0.486278,0.008771,-0.000225,-0.008996,-0.600067,-0.203574,0.005220,0.208794,0.014339,0.816119,-0.020926,-0.837045,-0.127589,3.614502,-6.079469,-0.374614,0.031372,0.091646,0.039043,-2.517067,-5.395174,1.190254,-2.243233,7.535120,-1.757990,0.000093,0.000000,0.000000,327.905631,255.400716,1
8.432000,1.850090,-0.126910,0.222990,-0.264402,0.006780,0.271182,0.986789,0.342167,-0.008774,-0.350941,0.179513,0.643660,-0.016504,-0.660165,-2.040596,-0.202165,0.005184,0.207349,0.726574,1.377283,-0.035315,-1.412598,1.092059,-2.340424,0.060011,2.400435,-1.263595,0.422677,-0.010838,-0.433514,-0.749876,2.243229,-0.057519,-2.300748,-0.571271,-3.520136,0.090260,3.610396,-0.498694,0.008771,-0.000225,-0.008996,-0.524086,-0.203574,0.005220,0.208794,0.006562,0.816119,-0.020926,-0.837045,-0.175917,3.536561,-5.856908,-0.334927,0.070152,0.197892,0.083895,-2.356115,-5.458224,1.397681,-2.187139,7.712944,-1.881591,0.000100,0.000000,0.000000,328.005606,255.371904,1
8.438000,1.852569,-0.133826,0.224837,-0.166245,0.004263,0.170508,1.112269,0.701120,-0.017977,-0.719098,0.413716,-0.514662,0.013196,0.527859,-2.148891,-0.212063,0.005438,0.217500,0.855325,1.216948,-0.031204,-1.248152,0.788227,-2.508660,0.064325,2.572984,-0.621488,0.449160,-0.011517,-0.460677,-0.442399,2.093762,-0.053686,-2.147448,-0.535178,-3.664161,0.093953,3.758114,-0.060739,0.311121,-0.007977,-0.319099,-0.624673,-0.167605,0.004298,0.171902,0.012214,0.299780,-0.007687,-0.307467,0.015799,3.146304,-4.496743,-0.175036,0.000000,0.000000,0.000000,-2.025745,-5.326607,1.521370,-1.944970,7.599410,-1.675151,0.000062,0.000000,0.000000,328.042674,255.357998,1
8.448000,1.852919,-0.134257,0.223524,-0.166245,0.004263,0.170508,1.181034,0.701120,-0.017977,-0.719098,0.370877,-0.514662,0.013196,0.527859,-2.081113,-0.212063,0.005438,0.217500,0.890202,1.216948,-0.031204,-1.248152,0.784735,-2.508660,0.064325,2.572984,-0.567515,0.449160,-0.011517,-0.460677,-0.420662,2.093762,-0.053686,-2.147448,-0.466885,-3.664161,0.093953,3.758114,-0.194705,0.311121,-0.007977,-0.319099,-0.640355,-0.167605,0.004298,0.171902,-0.000693,0.299780,-0.007687,-0.307467,0.004274,3.104159,-4.503114,-0.219875,0.017466,0.015616,-0.000538,-1.815074,-5.033596,1.516961,-1.945718,7.898451,-1.791417,0.000063,0.000000,0.000000,328.106012,255.330575,1
8.454000,1.855324,-0.127792,0.222687,-0.357240,0.009160,0.366400,1.372109,0.466019,-0.011949,-0.477968,0.235469,-0.632484,0.016218,0.648702,-1.988033,-0.404909,0.010382,0.415291,0.962692,1.093678,-0.028043,-1.121721,0.923995,-2.675336,0.068598,2.743935,-0.539378,0.208472,-0.005345,-0.213817,-0.644333,1.790722,-0.045916,-1.836638,-0.636949,-3.578539,0.091757,3.670296,-0.163400,0.248259,-0.006366,-0.254625,-0.469807,-0.154116,0.003952,0.158068,0.016268,0.376981,-0.009666,-0.386647,-0.107791,2.937097,-4.681308,-0.262346,0.133494,0.251124,0.083291,-2.014185,-5.184440,1.523297,-1.997954,6.806379,-1.483113,0.000069,0.000000,0.000000,328.147366,255.317709,1
8.464000,1.855438,-0.127840,0.221151,-0.357240,0.009160,0.366400,1.442430,0.466019,-0.011949,-0.477968,0.210133,-0.632484,0.016218,0.648702,-1.896405,-0.404909,0.010382,0.415291,1.001400,1.093678,-0.028043,-1.121721,0.947199,-2.675336,0.068598,2.743935,-0.498980,0.208472,-0.005345,-0.213817,-0.618397,1.790722,-0.045916,-1.836638,-0.569150,-3.578539,0.091757,3.670296,-0.262582,0.248259,-0.006366,-0.254625,-0.469970,-0.154116,0.003952,0.158068,0.010970,0.376981,-0.009666,-0.386647,-0.064256,2.869905,-4.684025,-0.313362,0.315338,0.565558,0.181888,-1.815796,-4.880424,1.508885,-2.008227,7.208846,-1.666332,0.000070,0.000000,0.000000,328.217309,255.293130,1
8.470000,1.871713,-0.120475,0.225838,-0.148212,0.003800,0.152012,0.671133,1.217799,-0.031226,-1.249024,0.180293,-2.725006,0.069872,2.794878,-1.077322,-0.220130,0.005644,0.225774,0.353738,1.043867,-0.026766,-1.070632,0.548896,-2.913314,0.074700,2.988014,0.241796,0.514350,-0.013188,-0.527539,-0.902398,2.062926,-0.052896,-2.115821,-0.736745,-4.208656,0.107914,4.316571,0.675438,1.081824,-0.027739,-1.109563,-0.673989,-0.106092,0.002720,0.108812,0.800012,0.076861,-0.001971,-0.078832,-0.312318,2.082315,-3.945624,-0.536159,2.593457,4.668883,1.608653,-2.988100,-5.737743,1.320636,-1.785347,4.983342,-0.862747,0.000105,0.000000,0.000000,328.280538,255.310473,1
8.480000,1.872125,-0.119715,0.225640,-0.148212,0.003800,0.152012,0.660435,1.217799,-0.031226,-1.249024,0.083360,-2.725006,0.069872,2.794878,-1.065388,-0.220130,0.005644,0.225774,0.333148,1.043867,-0.026766,-1.070632,0.524379,-2.913314,0.074700,2.988014,0.098266,0.514350,-0.013188,-0.527539,-0.861079,2.062926,-0.052896,-2.115821,-0.772140,-4.208656,0.107914,4.316571,0.583090,1.081824,-0.027739,-1.109563,-0.679983,-0.106092,0.002720,0.108812,0.812902,0.076861,-0.001971,-0.078832,-0.582032,2.022268,-4.243715,-0.714533,2.583866,4.583602,1.544676,-2.912224,-5.664863,1.334545,-1.751260,4.934556,-0.880185,0.000096,0.000000,0.000000,328.376599,255.333671,1
8.486000,1.863153,-0.119074,0.225793,-0.640402,0.016421,0.656822,1.149587,0.705061,-0.018078,-0.723139,-0.214251,-2.148085,0.055079,2.203165,-0.497989,-0.650013,0.016667,0.666680,0.843090,0.980801,-0.025149,-1.005950,0.685094,-3.256490,0.083500,3.339990,0.038087,0.124966,-0.003204,-0.128170,-0.655685,1.684410,-0.043190,-1.727600,-0.681321,-3.945632,0.101170,4.046802,0.222988,0.973591,-0.024964,-0.998554,-0.526811,-0.354797,0.009097,0.363894,0.766678,0.019121,-0.000490,-0.019611,-0.664207,2.040251,-4.914996,-0.931777,3.266852,6.067734,1.895647,-2.185256,-4.588746,1.001600,-2.257986,5.059829,-0.608142,0.000064,0.000000,0.000000,328.414802,255.350438,1
8.496000,1.862823,-0.118428,0.225103,-0.640402,0.016421,0.656822,1.055364,0.705061,-0.018078,-0.723139,-0.284513,-2.148085,0.055079,2.203165,-0.573187,-0.650013,0.016667,0.666680,0.727056,0.980801,-0.025149,-1.005950,0.644072,-3.256490,0.083500,3.339990,-0.111647,0.124966,-0.003204,-0.128170,-0.713423,1.684410,-0.043190,-1.727600,-0.755990,-3.945632,0.101170,4.046802,0.143642,0.973591,-0.024964,-0.998554,-0.578356,-0.354797,0.009097,0.363894,0.895229,0.019121,-0.000490,-0.019611,-1.004914,1.986062,-5.166960,-1.083755,3.055940,5.676155,1.775379,-2.368231,-4.766421,0.970211,-2.200516,4.863257,-0.571387,0.000066,0.000000,0.000000,328.480492,255.370456,1
8.506000,1.930329,-0.110570,0.268462,-1.250725,0.032070,1.282795,0.525742,0.807974,-0.020717,-0.828691,0.167370,-4.573927,0.117280,4.691207,0.298468,-1.211096,0.031054,1.242150,1.546215,0.472539,-0.012116,-0.484655,0.131019,-4.122143,0.105696,4.227839,2.694409,-0.146228,0.003749,0.149978,-0.185014,1.037538,-0.026604,-1.064141,-0.225334,-4.080176,0.104620,4.184796,2.682558,-0.362058,0.009284,0.371341,1.031445,1.081688,-0.027736,-1.109424,-1.207740,-7.167462,0.183781,7.351243,2.725358,0.000000,0.000000,0.000000,2.365595,2.806593,0.077863,-2.929398,-5.374379,0.879651,0.000000,0.000000,0.000000,0.000488,0.000000,0.000000,328.968894,255.854258,1
8.516000,1.934178,-0.110290,0.270321,-1.250725,0.032070,1.282795,0.574948,0.807974,-0.020717,-0.828691,0.271668,-4.573927,0.117280,4.691207,0.236266,-1.211096,0.031054,1.242150,1.295266,0.472539,-0.012116,-0.484655,-0.012923,-4.122143,0.105696,4.227839,2.369911,-0.146228,0.003749,0.149978,-0.026501,1.037538,-0.026604,-1.064141,-0.272042,-4.080176,0.104620,4.184796,2.350223,-0.362058,0.009284,0.371341,1.079987,1.081688,-0.027736,-1.109424,-0.986107,-7.167462,0.183781,7.351243,2.317226,0.000000,0.000000,0.000000,2.779506,4.207319,0.415839,-2.983924,-5.443756,0.940312,0.000000,0.000000,0.000000,0.000424,0.000000,0.000000,329.392534,256.273316,1
8.522000,1.894886,-0.122809,0.242149,-0.517844,0.013278,0.531122,0.386565,1.720798,-0.044123,-1.764921,0.568905,-2.843653,0.072914,2.916567,-1.020701,-1.060990,0.027205,1.088195,0.615305,0.815350,-0.020906,-0.836257,-0.198313,-1.621720,0.041583,1.663302,0.858682,1.984847,-0.050894,-2.035740,1.138442,0.754899,-0.019356,-0.774256,-0.462366,0.044924,-0.001152,-0.046076,2.728772,-0.059607,0.001528,0.061135,0.977264,1.476266,-0.037853,-1.514119,-0.451679,-3.374999,0.086538,3.461538,0.094918,0.000000,0.000000,0.000000,2.982923,5.492843,1.445213,-4.039384,-5.722898,-0.186386,0.000000,0.000000,0.000000,0.000103,0.000000,0.000000,329.454475,256.258165,1
8.532000,1.895241,-0.122778,0.241432,-0.517844,0.013278,0.531122,0.164439,1.720798,-0.044123,-1.764921,0.568462,-2.843653,0.072914,2.916567,-1.045834,-1.060990,0.027205,1.088195,0.453897,0.815350,-0.020906,-0.836257,-0.327177,-1.621720,0.041583,1.663302,0.836906,1.984847,-0.050894,-2.035740,0.351208,0.754899,-0.019356,-0.774256,-0.396352,0.044924,-0.001152,-0.046076,1.343179,-0.059607,0.001528,0.061135,0.769244,1.476266,-0.037853,-1.514119,-0.412183,-3.374999,0.086538,3.461538,-0.076607,0.000000,0.000000,0.000000,3.245031,6.014143,1.593507,-4.128692,-5.912578,-0.139618,0.000000,0.000000,0.000000,0.000083,0.000000,0.000000,329.537680,256.239459,1
8.536000,1.901999,-0.114819,0.242791,-0.733053,0.018796,0.751849,-0.319073,1.300352,-0.033342,-1.333694,0.591106,-1.872936,0.048024,1.920960,-0.815070,-1.034476,0.026525,1.061001,0.811250,0.097369,-0.002497,-0.099866,-0.115306,0.011080,-0.000284,-0.011364,-0.117787,2.147314,-0.055059,-2.202373,-1.012869,-0.014750,0.000378,0.015128,-0.009906,1.730634,-0.044375,-1.775009,-1.175431,-0.364178,0.009338,0.373515,0.316441,1.251976,-0.032102,-1.284078,-0.182492,-2.681434,0.068755,2.750189,-0.214285,0.000000,0.000000,0.000000,2.971705,6.412663,1.687576,-4.173523,-5.164086,-0.263205,0.000000,0.000000,0.000000,0.000087,0.000000,0.000000,329.572586,256.248898,1
8.546000,1.902711,-0.114496,0.241461,-0.733053,0.018796,0.751849,-0.217419,1.300352,-0.033342,-1.333694,0.676125,-1.872936,0.048024,1.920960,-1.107772,-1.034476,0.026525,1.061001,0.761577,0.097369,-0.002497,-0.099866,-0.117525,0.011080,-0.000284,-0.011364,-0.058012,2.147314,-0.055059,-2.202373,-1.069025,-0.014750,0.000378,0.015128,-0.070771,1.730634,-0.044375,-1.775009,-0.905120,-0.364178,0.009338,0.373515,0.463033,1.251976,-0.032102,-1.284078,-0.155726,-2.681434,0.068755,2.750189,-0.477234,0.000000,0.000000,0.000000,3.212906,6.916510,1.804307,-4.337977,-5.650540,-0.093415,0.000000,0.000000,0.000000,0.000097,0.000000,0.000000,329.669197,256.255374,1
8.550000,1.903748,-0.115640,0.240844,-0.245212,0.006287,0.251500,-0.216448,0.795412,-0.020395,-0.815807,0.864547,-1.557339,0.039932,1.597271,-1.284947,-1.855593,0.047579,1.903173,0.551209,-0.042275,0.001084,0.043359,-0.078501,0.332171,-0.008517,-0.340688,-0.042670,2.054147,-0.052670,-2.106817,-0.586818,-0.219575,0.005630,0.225205,-0.047868,1.915655,-0.049119,-1.964774,-0.555977,0.096352,-0.002471,-0.098823,0.399774,0.715545,-0.018347,-0.733892,0.063488,-2.183254,0.055981,2.239235,-0.658462,0.000000,0.000000,0.000000,3.495240,7.037957,1.674488,-3.960297,-5.875351,0.360064,0.000000,0.000000,0.000000,0.000078,0.000000,0.000000,329.700314,256.251395,1
8.560000,1.904466,-0.115344,0.238942,-0.245212,0.006287,0.251500,-0.197976,0.795412,-0.020395,-0.815807,0.940810,-1.557339,0.039932,1.597271,-1.554177,-1.855593,0.047579,1.903173,0.745749,-0.042275,0.001084,0.043359,-0.084919,0.332171,-0.008517,-0.340688,-0.033057,2.054147,-0.052670,-2.106817,-0.734185,-0.219575,0.005630,0.225205,-0.034281,1.915655,-0.049119,-1.964774,-0.677706,0.096352,-0.002471,-0.098823,0.466860,0.715545,-0.018347,-0.733892,0.057212,-2.183254,0.055981,2.239235,-0.881959,0.000000,0.000000,0.000000,3.634683,7.331609,1.738663,-4.187627,-6.300560,0.456535,0.000000,0.000000,0.000000,0.000097,0.000000,0.000000,329.797144,256.240742,1
8.564000,1.915330,-0.113005,0.243971,0.071023,-0.001821,-0.072844,-0.232217,0.126449,-0.003242,-0.129691,1.074642,-0.864854,0.022176,0.887030,-1.421952,-0.479370,0.012292,0.491661,-0.045438,0.024622,-0.000631,-0.025253,-0.179867,0.189490,-0.004859,-0.194349,0.018280,0.283922,-0.007280,-0.291202,0.044975,-0.133678,0.003428,0.137106,-0.111554,-1.347469,0.034550,1.382019,0.408060,0.281855,-0.007227,-0.289082,0.251657,0.221810,-0.005687,-0.227497,0.392209,-1.547267,0.039674,1.586940,-0.787299,0.000000,0.000000,0.000000,3.364819,6.805771,1.569830,-3.661383,-5.653788,0.373588,0.000000,0.000000,0.000000,0.000035,0.000000,0.000000,329.810951,256.231618,1
8.574000,1.916412,-0.112841,0.241867,0.071023,-0.001821,-0.072844,-0.242841,0.126449,-0.003242,-0.129691,1.168796,-0.864854,0.022176,0.887030,-1.719464,-0.479370,0.012292,0.491661,-0.018449,0.024622,-0.000631,-0.025253,-0.139074,0.189490,-0.004859,-0.194349,0.010589,0.283922,-0.007280,-0.291202,0.080887,-0.133678,0.003428,0.137106,-0.072126,-1.347469,0.034550,1.382019,0.543850,0.281855,-0.007227,-0.289082,0.299124,0.221810,-0.005687,-0.227497,0.380847,-1.547267,0.039674,1.586940,-0.996777,0.000000,0.000000,0.000000,3.519591,7.097771,1.622861,-3.890884,-6.115454,0.483601,0.000000,0.000000,0.000000,0.000042,0.000000,0.000000,329.853443,256.204583,1
8.578000,1.916554,-0.116817,0.236055,0.164392,-0.004215,-0.168608,-0.295805,0.202692,-0.005197,-0.207889,1.292022,-0.958021,0.024565,0.982586,-1.931255,-1.442405,0.036985,1.479389,0.391331,-0.017770,0.000456,0.018225,-0.086992,0.814660,-0.020889,-0.835549,-0.204840,0.907814,-0.023277,-0.931091,-0.014781,-0.122269,0.003135,0.125404,-0.014290,-0.286546,0.007347,0.293893,0.182110,0.389339,-0.009983,-0.399322,0.357602,0.217475,-0.005576,-0.223051,0.347657,-1.502372,0.038522,1.540895,-1.171936,0.000000,0.000000,0.000000,3.633321,7.108125,1.624937,-4.017728,-6.500350,0.609520,0.000000,0.000000,0.000000,0.000051,0.000000,0.000000,329.873695,256.191269,1
8.588000,1.917338,-0.116597,0.233350,0.164392,-0.004215,-0.168608,-0.316587,0.202692,-0.005197,-0.207889,1.354377,-0.958021,0.024565,0.982586,-2.135734,-1.442405,0.036985,1.479389,0.483805,-0.017770,0.000456,0.018225,-0.085800,0.814660,-0.020889,-0.835549,-0.234933,0.907814,-0.023277,-0.931091,-0.015086,-0.122269,0.003135,0.125404,-0.010134,-0.286546,0.007347,0.293893,0.158982,0.389339,-0.009983,-0.399322,0.408899,0.217475,-0.005576,-0.223051,0.315260,-1.502372,0.038522,1.540895,-1.339832,0.000000,0.000000,0.000000,3.728360,7.261497,1.646054,-4.142160,-6.750812,0.684184,0.000000,0.000000,0.000000,0.000057,0.000000,0.000000,329.930767,256.154720,1
8.592000,1.956384,-0.104885,0.243458,0.635279,-0.016289,-0.651568,-0.402333,-0.763191,0.019569,0.782760,1.681328,-0.042438,0.001088,0.043526,-1.943516,-0.028423,0.000729,0.029152,-0.552985,-0.019338,0.000496,0.019834,-0.056320,2.747925,-0.070460,-2.818385,-1.135858,-1.302611,0.033400,1.336011,1.695712,-0.058797,0.001508,0.060305,-0.119984,-5.820984,0.149256,5.970240,2.972224,0.660573,-0.016938,-0.677511,-0.092653,-0.384382,0.009856,0.394237,0.851217,-0.907523,0.023270,0.930793,-0.815575,0.000000,0.000000,0.000000,3.259273,6.904166,0.902682,-3.695011,-5.294554,1.186516,0.000000,0.000000,0.000000,0.000261,0.000000,0.000000,330.034993,256.252000,1
8.602000,1.964219,-0.100129,0.243519,0.885892,-0.022715,-0.908607,-0.460116,-1.119656,0.028709,1.148366,1.751149,-0.108683,0.002787,0.111470,-1.905104,0.247921,-0.006357,-0.254278,-0.626917,-0.020215,0.000518,0.020734,-0.040907,2.331723,-0.059788,-2.391511,-1.010646,-1.828947,0.046896,1.875843,1.845742,-0.062044,0.001591,0.063635,-0.113720,-6.848567,0.175604,7.024171,3.260413,0.896588,-0.022989,-0.919578,-0.095944,-0.801231,0.020544,0.821775,0.975344,-0.842646,0.021606,0.864252,-0.950162,0.000000,0.000000,0.000000,3.457332,6.887370,0.620392,-3.541313,-5.263454,1.485067,0.000000,0.000000,0.000000,0.000333,0.000000,0.000000,330.368001,256.564176,1
8.606000,1.928179,-0.124460,0.232669,-0.532228,0.013647,0.545875,0.115421,0.555276,-0.014238,-0.569514,1.380812,-0.092959,0.002384,0.095342,-2.548377,-1.145746,0.029378,1.175125,0.118993,-0.063824,0.001637,0.065461,-0.069542,3.724921,-0.095511,-3.820432,-1.357208,1.002967,-0.025717,-1.028684,0.010184,-0.035580,0.000912,0.036493,-0.041484,0.127342,-0.003265,-0.130607,0.294282,-0.372867,0.009561,0.382428,0.824095,0.996739,-0.025557,-1.022296,0.011139,-1.269756,0.032558,1.302314,-1.106409,0.000000,0.000000,0.000000,3.406141,6.772320,2.062815,-4.046202,-6.564141,0.217324,0.000000,0.000000,0.000000,0.000082,0.000000,0.000000,330.400960,256.576842,1
8.616000,1.928550,-0.124928,0.229461,-0.532228,0.013647,0.545875,0.141281,0.555276,-0.014238,-0.569514,1.424372,-0.092959,0.002384,0.095342,-2.720096,-1.145746,0.029378,1.175125,0.202314,-0.063824,0.001637,0.065461,-0.056816,3.724921,-0.095511,-3.820432,-1.564811,1.002967,-0.025717,-1.028684,-0.022108,-0.035580,0.000912,0.036493,-0.035499,0.127342,-0.003265,-0.130607,0.155784,-0.372867,0.009561,0.382428,0.926363,0.996739,-0.025557,-1.022296,-0.017772,-1.269756,0.032558,1.302314,-1.288309,0.000000,0.000000,0.000000,3.493292,6.544251,1.895509,-4.092763,-6.732856,0.264961,0.011165,0.023557,-0.019584,0.000095,0.000000,0.000000,330.495580,256.615988,1
8.622000,1.938618,-0.119639,0.231162,0.226072,-0.005797,-0.231869,-0.559608,0.279973,-0.007179,-0.287152,1.549684,-1.268145,0.032517,1.300661,-2.020956,-0.053928,0.001383,0.055310,-0.148267,-0.050962,0.001307,0.052269,-0.031823,1.647224,-0.042237,-1.689461,-0.573212,0.629530,-0.016142,-0.645672,0.168278,-0.026341,0.000675,0.027016,-0.032063,-0.611838,0.015688,0.627526,0.413854,0.139939,-0.003588,-0.143527,0.428943,0.511681,-0.013120,-0.524801,0.200390,-1.822249,0.046724,1.868973,-1.051521,0.000000,0.000000,0.000000,3.309385,7.178184,2.057210,-4.233547,-6.672172,0.544143,0.000000,0.000000,0.000000,0.000067,0.000000,0.000000,330.535677,256.592186,1
8.632000,1.939482,-0.119652,0.228235,0.226072,-0.005797,-0.231869,-0.579531,0.279973,-0.007179,-0.287152,1.600921,-1.268145,0.032517,1.300661,-2.144119,-0.053928,0.001383,0.055310,-0.189930,-0.050962,0.001307,0.052269,-0.033626,1.647224,-0.042237,-1.689461,-0.637788,0.629530,-0.016142,-0.645672,0.104663,-0.026341,0.000675,0.027016,-0.027351,-0.611838,0.015688,0.627526,0.364489,0.139939,-0.003588,-0.143527,0.508341,0.511681,-0.013120,-0.524801,0.161429,-1.822249,0.046724,1.868973,-1.198755,0.000000,0.000000,0.000000,3.416211,7.291520,2.061323,-4.278357,-6.824912,0.617362,0.000000,0.000000,0.000000,0.000072,0.000000,0.000000,330.607355,256.549320,1
8.636000,1.955194,-0.115442,0.230199,-0.164474,0.004217,0.168692,-0.121987,0.641055,-0.016437,-0.657492,1.317350,-2.188725,0.056121,2.244847,-1.850947,-0.257359,0.006599,0.263957,-0.079779,-0.148997,0.003820,0.152817,-0.056994,3.037644,-0.077888,-3.115532,-0.937745,-0.192977,0.004948,0.197925,1.005081,-0.051081,0.001310,0.052391,-0.022066,-0.707510,0.018141,0.725651,0.612308,-0.431228,0.011057,0.442285,0.796381,0.717347,-0.018394,-0.735740,0.016054,-2.278784,0.058430,2.337214,-0.791352,0.000000,0.000000,0.000000,3.418248,7.112668,1.480280,-4.509261,-6.931852,1.029372,0.000000,0.000000,0.000000,0.000109,0.000000,0.000000,330.650759,256.537252,1
8.646000,1.956471,-0.115018,0.227552,-0.164474,0.004217,0.168692,-0.103753,0.641055,-0.016437,-0.657492,1.350985,-2.188725,0.056121,2.244847,-1.890778,-0.257359,0.006599,0.263957,-0.074083,-0.148997,0.003820,0.152817,-0.057048,3.037644,-0.077888,-3.115532,-1.183539,-0.192977,0.004948,0.197925,0.969959,-0.051081,0.001310,0.052391,-0.027107,-0.707510,0.018141,0.725651,0.486790,-0.431228,0.011057,0.442285,0.911324,0.717347,-0.018394,-0.735740,0.023022,-2.278784,0.058430,2.337214,-0.956972,-0.002292,-0.010971,-0.008282,3.587472,7.488936,1.545834,-4.531854,-6.973061,1.084687,-0.000203,0.000453,-0.000131,0.000121,0.000000,0.000000,330.771451,256.509273,1
8.650000,1.972351,-0.112640,0.232265,-0.502125,0.012875,0.515000,0.077269,1.046700,-0.026838,-1.073539,1.203294,-2.395322,0.061419,2.456740,-1.361481,-0.267470,0.006858,0.274328,-0.160864,0.023976,-0.000615,-0.024591,-0.069185,1.093291,-0.028033,-1.121325,-0.423914,-0.764382,0.019600,0.783982,1.272503,-0.052275,0.001340,0.053616,-0.049701,0.014248,-0.000365,-0.014613,0.561816,-1.011447,0.025935,1.037382,1.072978,1.508618,-0.038683,-1.547301,-0.082918,-2.942912,0.075459,3.018371,-0.388163,0.394912,-1.132569,-0.238650,3.307150,7.439762,1.367799,-4.071149,-5.901883,1.018890,0.000000,0.000000,0.000000,0.000086,0.000000,0.000000,330.805928,256.496843,1
8.660000,1.974259,-0.112016,0.230013,-0.502125,0.012875,0.515000,0.079569,1.046700,-0.026838,-1.073539,1.244222,-2.395322,0.061419,2.456740,-1.417315,-0.267470,0.006858,0.274328,-0.077187,0.023976,-0.000615,-0.024591,-0.094119,1.093291,-0.028033,-1.121325,-0.626196,-0.764382,0.019600,0.783982,1.316664,-0.052275,0.001340,0.053616,-0.056415,0.014248,-0.000365,-0.014613,0.300584,-1.011447,0.025935,1.037382,1.163040,1.508618,-0.038683,-1.547301,-0.078203,-2.942912,0.075459,3.018371,-0.538404,2.486120,-5.548504,-0.361538,3.376222,7.766656,1.445836,-4.511701,-5.837680,0.764269,-0.008921,0.012738,-0.000836,0.000096,0.000000,0.000000,330.901694,256.463182,1
8.666000,1.951386,-0.117404,0.209952,-0.244328,0.006265,0.250593,-0.435082,1.220960,-0.031307,-1.252266,0.631327,-2.340893,0.060023,2.400916,-0.321123,0.605447,-0.015524,-0.620972,-0.873337,0.175851,-0.004509,-0.180360,-0.044296,0.154030,-0.003949,-0.157979,-2.211468,-0.678093,0.017387,0.695480,1.155106,-0.047688,0.001223,0.048911,0.638932,-0.033372,0.000856,0.034228,-0.642166,-0.983981,0.025230,1.009211,1.292982,2.184637,-0.056016,-2.240653,-1.119549,-3.526888,0.090433,3.617321,-0.083595,2.253118,-5.988435,-1.279363,2.186998,4.633692,1.189795,-3.278532,-4.180848,0.106707,-1.689695,5.184867,-2.422488,0.000075,0.000000,0.000000,330.946950,256.484498,1
8.676000,1.951063,-0.117298,0.208367,-0.244328,0.006265,0.250593,-0.413895,1.220960,-0.031307,-1.252266,0.604666,-2.340893,0.060023,2.400916,-0.423235,0.605447,-0.015524,-0.620972,-0.855399,0.175851,-0.004509,-0.180360,-0.104164,0.154030,-0.003949,-0.157979,-2.297723,-0.678093,0.017387,0.695480,1.190247,-0.047688,0.001223,0.048911,0.637338,-0.033372,0.000856,0.034228,-0.937912,-0.983981,0.025230,1.009211,1.286205,2.184637,-0.056016,-2.240653,-1.166128,-3.526888,0.090433,3.617321,-0.153661,2.307977,-5.933525,-1.198166,2.153428,4.665307,1.238597,-3.082789,-4.362590,0.388008,-1.652786,4.918961,-2.294756,0.000081,0.000000,0.000000,331.028428,256.516676,1
8.682000,1.962670,-0.121164,0.225240,-0.057001,0.001462,0.058462,-0.313420,1.152016,-0.029539,-1.181555,0.927162,-2.433545,0.062399,2.495944,-0.867697,0.297202,-0.007621,-0.304823,-0.591586,0.226974,-0.005820,-0.232794,0.149176,-0.064988,0.001666,0.066654,-1.901695,-0.452989,0.011615,0.464604,1.042643,-0.032244,0.000827,0.033071,-0.008322,0.017200,-0.000441,-0.017641,0.066815,-0.760447,0.019499,0.779945,1.324957,1.969743,-0.050506,-2.020249,-0.775187,-3.391625,0.086965,3.478589,-0.227104,2.097833,-6.132592,-1.159478,2.753937,6.260039,1.521184,-3.964724,-4.834320,0.099997,-0.023251,0.136203,-0.060731,0.000075,0.000000,0.000000,331.073409,256.510867,1
8.692000,1.963088,-0.121059,0.223502,-0.057001,0.001462,0.058462,-0.430926,1.152016,-0.029539,-1.181555,0.992319,-2.433545,0.062399,2.495944,-0.845946,0.297202,-0.007621,-0.304823,-0.753065,0.226974,-0.005820,-0.232794,0.271066,-0.064988,0.001666,0.066654,-2.175380,-0.452989,0.011615,0.464604,0.917424,-0.032244,0.000827,0.033071,-0.008900,0.017200,-0.000441,-0.017641,0.040464,-0.760447,0.019499,0.779945,1.228156,1.969743,-0.050506,-2.020249,-0.686998,-3.391625,0.086965,3.478589,-0.325823,1.877053,-5.866624,-1.246116,2.770271,6.734891,1.778475,-3.887413,-4.683155,0.068047,-0.065314,0.320611,-0.137811,0.000077,0.000000,0.000000,331.149941,256.494366,1
8.700000,1.989504,-0.121248,0.228128,0.143599,-0.003682,-0.147281,-0.683540,0.979289,-0.025110,-1.004399,0.908529,-2.646779,0.067866,2.714645,0.227926,0.300595,-0.007708,-0.308302,-1.057681,1.193095,-0.030592,-1.223687,0.706487,-2.490455,0.063858,2.554312,-1.786641,-0.793319,0.020342,0.813660,0.733834,-0.038818,0.000995,0.039813,-0.002724,-0.100883,0.002587,0.103470,0.064238,-0.697754,0.017891,0.715645,0.837463,2.094252,-0.053699,-2.147950,-0.544932,-3.988111,0.102259,4.090370,0.611899,2.289811,-6.581128,-1.566490,2.115213,6.145759,1.561588,-3.201216,-2.502052,-0.300564,0.000000,0.000000,0.000000,0.000123,0.000000,0.000000,331.248043,256.491016,1
8.710000,1.990768,-0.121662,0.227456,0.143599,-0.003682,-0.147281,-0.732646,0.979289,-0.025110,-1.004399,0.983675,-2.646779,0.067866,2.714645,0.164642,0.300595,-0.007708,-0.308302,-1.130597,1.193095,-0.030592,-1.223687,0.663136,-2.490455,0.063858,2.554312,-1.680691,-0.793319,0.020342,0.813660,0.811661,-0.038818,0.000995,0.039813,-0.009986,-0.100883,0.002587,0.103470,0.046188,-0.697754,0.017891,0.715645,0.782902,2.094252,-0.053699,-2.147950,-0.443498,-3.988111,0.102259,4.090370,0.455178,2.068986,-6.037274,-1.444536,2.141624,6.530164,1.746584,-3.204821,-2.750718,-0.138107,0.000000,0.000000,0.000000,0.000110,0.000000,0.000000,331.358405,256.479520,1
8.718000,1.971031,-0.122995,0.225821,0.514791,-0.013200,-0.527991,-0.921289,1.169632,-0.029991,-1.199623,0.741421,-3.277684,0.084043,3.361727,-0.024966,0.705661,-0.018094,-0.723755,-1.235152,0.608348,-0.015599,-0.623946,-0.034598,-1.738732,0.044583,1.783315,-1.100463,-0.734655,0.018837,0.753493,0.966374,-0.009062,0.000232,0.009295,-0.005391,0.005570,-0.000143,-0.005713,0.011956,-0.279414,0.007164,0.286578,0.732495,1.503375,-0.038548,-1.541923,-0.632379,-3.241608,0.083118,3.324726,0.030218,1.460820,-4.856153,-1.119627,2.567556,5.804421,1.358852,-3.298528,-4.227131,0.217518,-0.807537,1.317073,-0.190458,0.000064,0.000000,0.000000,331.409217,256.483357,1
8.728000,1.970823,-0.123430,0.224614,0.514791,-0.013200,-0.527991,-0.923421,1.169632,-0.029991,-1.199623,0.812532,-3.277684,0.084043,3.361727,-0.079961,0.705661,-0.018094,-0.723755,-1.252321,0.608348,-0.015599,-0.623946,-0.050491,-1.738732,0.044583,1.783315,-1.009093,-0.734655,0.018837,0.753493,0.844288,-0.009062,0.000232,0.009295,0.059435,0.005570,-0.000143,-0.005713,0.007076,-0.279414,0.007164,0.286578,0.731345,1.503375,-0.038548,-1.541923,-0.526369,-3.241608,0.083118,3.324726,-0.156469,1.501593,-4.894467,-1.115880,2.818640,5.954167,1.275668,-3.114586,-4.469924,0.475170,-3.146801,7.464924,-1.903349,0.000066,0.000000,0.000000,331.475684,256.478558,1
8.736000,1.976909,-0.125597,0.225205,0.530768,-0.013609,-0.544377,-0.919071,1.151001,-0.029513,-1.180513,0.865598,-3.301407,0.084651,3.386058,-0.025194,0.713384,-0.018292,-0.731676,-1.329223,0.626661,-0.016068,-0.642729,0.035775,-1.842260,0.047237,1.889497,-0.952904,-0.749142,0.019209,0.768351,0.757526,-0.003969,0.000102,0.004071,0.113263,-0.002147,0.000055,0.002202,-0.016723,-0.266685,0.006838,0.273523,0.712703,1.494872,-0.038330,-1.533202,-0.467888,-3.276114,0.084003,3.360117,-0.125563,1.451109,-4.833360,-1.009036,2.840665,6.021752,1.257498,-3.014606,-4.411027,0.575945,-3.285533,7.961996,-1.953763,0.000063,0.000000,0.000000,331.526246,256.475479,1
8.746000,1.976538,-0.126113,0.224046,0.530768,-0.013609,-0.544377,-0.808510,1.151001,-0.029513,-1.180513,0.812244,-3.301407,0.084651,3.386058,-0.114369,0.713384,-0.018292,-0.731676,-1.231427,0.626661,-0.016068,-0.642729,-0.079242,-1.842260,0.047237,1.889497,-0.930023,-0.749142,0.019209,0.768351,0.708343,-0.003969,0.000102,0.004071,0.685223,-0.002147,0.000055,0.002202,-0.717413,-0.266685,0.006838,0.273523,0.773207,1.494872,-0.038330,-1.533202,-0.536326,-3.276114,0.084003,3.360117,-0.233646,1.719496,-5.180382,-0.946374,2.835290,5.226698,0.819778,-2.768171,-4.782013,0.946161,-2.669854,7.206844,-1.967547,0.000069,0.000000,0.000000,331.594876,256.466307,1
8.754000,2.030806,-0.143336,0.227275,0.903244,-0.023160,-0.926404,0.542495,0.128754,-0.003301,-0.132055,0.427828,-4.019927,0.103075,4.123002,0.769341,0.753441,-0.019319,-0.772760,0.705907,0.574636,-0.014734,-0.589371,1.244845,-5.086293,0.130418,5.216711,1.808426,0.455426,-0.011678,-0.467104,-0.799413,0.920114,-0.023593,-0.943707,0.507269,-7.068852,0.181253,7.250104,0.082443,0.084357,-0.002163,-0.086520,-1.328236,0.666804,-0.017098,-0.683902,0.795500,-4.179569,0.107168,4.286738,2.021017,3.084356,-3.554271,-0.021678,2.454558,11.113120,3.040268,-1.444017,-4.788267,1.799134,-2.098577,4.022289,-1.120274,0.000252,0.000000,0.000000,331.796609,256.622264,1
8.764000,2.033288,-0.143557,0.227668,0.903244,-0.023160,-0.926404,0.383955,0.128754,-0.003301,-0.132055,0.360195,-4.019927,0.103075,4.123002,0.391736,0.753441,-0.019319,-0.772760,0.528131,0.574636,-0.014734,-0.589371,1.037191,-5.086293,0.130418,5.216711,1.480878,0.455426,-0.011678,-0.467104,-0.770124,0.920114,-0.023593,-0.943707,-0.223535,-7.068852,0.181253,7.250104,0.924314,0.084357,-0.002163,-0.086520,-1.560950,0.666804,-0.017098,-0.683902,0.978451,-4.179569,0.107168,4.286738,1.191495,3.054136,-4.131385,-0.494158,1.966826,9.133366,2.577492,-1.974683,-5.248955,1.812873,-3.249415,5.899303,-1.552466,0.000239,0.000000,0.000000,332.036079,256.819898,1
8.772000,1.994383,-0.122624,0.266132,1.102869,-0.028279,-1.131147,-1.955364,0.411606,-0.010554,-0.422160,-0.003805,-2.912791,0.074687,2.987478,1.591729,1.159267,-0.029725,-1.188992,-1.335526,2.134617,-0.054734,-2.189351,-1.172539,-4.890140,0.125388,5.015528,2.213974,-0.303444,0.007781,0.311225,-2.073668,0.895013,-0.022949,-0.917962,-1.243205,-4.737393,0.121472,4.858865,1.518612,-0.396488,0.010166,0.406654,3.758749,2.594373,-0.066522,-2.660895,-1.151199,-4.828453,0.123806,4.952259,1.631211,1.237182,-3.595969,-0.569714,0.000000,0.000000,0.000000,0.000000,0.000000,0.000000,-3.241195,0.706555,1.559164,0.000441,0.000000,0.000000,332.388585,257.162077,1
8.782000,1.994453,-0.122610,0.267865,1.102869,-0.028279,-1.131147,-1.534565,0.411606,-0.010554,-0.422160,-0.056583,-2.912791,0.074687,2.987478,1.506948,1.159267,-0.029725,-1.188992,-1.179984,2.134617,-0.054734,-2.189351,-0.857690,-4.890140,0.125388,5.015528,1.602945,-0.303444,0.007781,0.311225,-1.953373,0.895013,-0.022949,-0.917962,-1.185216,-4.737393,0.121472,4.858865,1.330129,-0.396488,0.010166,0.406654,2.706729,2.594373,-0.066522,-2.660895,-1.170474,-4.828453,0.123806,4.952259,2.029666,1.685006,-4.808187,-0.741378,0.000000,0.000000,0.000000,0.000000,0.000000,0.000000,-3.261345,2.282009,0.890217,0.000400,0.000000,0.000000,332.788660,257.549994,1
8.788000,2.012593,-0.138890,0.252590,1.000135,-0.025644,-1.025779,-1.773845,-5.919200,0.151774,6.070975,2.987074,8.056743,-0.206583,-8.263326,-4.710499,-5.562530,0.142629,5.705159,4.852251,-1.079335,0.027675,1.107010,1.453839,-2.154636,0.055247,2.209883,-0.689876,-5.705143,0.146286,5.851429,4.045478,-0.694508,0.017808,0.712316,0.032680,-3.378425,0.086626,3.465051,0.683613,10.564952,-0.270896,-10.835848,-7.768291,-1.370219,0.035134,1.405353,0.465243,-17.409599,0.446400,17.855999,8.422721,0.371173,-4.568605,-1.700676,45.386175,20.763082,-19.189943,0.000000,0.000000,0.000000,-6.384530,4.014811,2.047164,0.003510,0.000000,0.000000,334.894571,259.637609,1
8.798000,2.013606,-0.140083,0.252173,1.000135,-0.025644,-1.025779,-2.439267,-5.919200,0.151774,6.070975,3.029596,8.056743,-0.206583,-8.263326,-4.480615,-5.562530,0.142629,5.705159,3.299531,-1.079335,0.027675,1.107010,1.380707,-2.154636,0.055247,2.209883,-0.551244,-5.705143,0.146286,5.851429,1.855451,-0.694508,0.017808,0.712316,-0.084574,-3.378425,0.086626,3.465051,0.225206,10.564952,-0.270896,-10.835848,-0.811539,-1.370219,0.035134,1.405353,0.755199,-17.409599,0.446400,17.855999,3.714496,-2.979099,-3.526777,-3.925991,24.414098,19.608622,-6.972948,0.000000,0.000000,0.000000,-9.074202,3.699459,3.826481,0.001674,0.000000,0.000000,336.568263,261.285733,1
8.804000,2.009598,-0.129436,0.241966,1.681870,-0.043125,-1.724995,-0.723645,-0.665797,0.017072,0.682868,-0.110624,1.357425,-0.034806,-1.392231,0.056745,1.511222,-0.038749,-1.549971,-0.103273,1.208205,-0.030980,-1.239185,0.700768,-2.200128,0.056414,2.256542,-0.889550,0.876340,-0.022470,-0.898810,-0.769349,0.693855,-0.017791,-0.711646,0.115367,-2.373153,0.060850,2.434004,-0.737372,-5.492160,0.140825,5.632985,2.724205,0.486838,-0.012483,-0.499321,-0.478564,-8.871656,0.227478,9.099134,3.850676,3.633073,-6.448977,-0.118282,0.000000,0.000000,0.000000,0.000000,0.000000,0.000000,-2.154744,8.047392,-2.302743,0.000576,0.000000,0.000000,336.914038,261.572623,1
8.814000,2.009876,-0.129457,0.240295,1.681870,-0.043125,-1.724995,-0.793315,-0.665797,0.017072,0.682868,-0.012225,1.357425,-0.034806,-1.392231,-0.284934,1.511222,-0.038749,-1.549971,-0.110485,1.208205,-0.030980,-1.239185,0.790140,-2.200128,0.056414,2.256542,-1.157483,0.876340,-0.022470,-0.898810,-0.837317,0.693855,-0.017791,-0.711646,0.122074,-2.373153,0.060850,2.434004,-0.976468,-5.492160,0.140825,5.632985,3.176519,0.486838,-0.012483,-0.499321,-0.491577,-8.871656,0.227478,9.099134,4.262515,3.803846,-6.938639,-0.219536,0.000000,0.000000,0.000000,0.000000,0.000000,0.000000,-2.269964,8.321705,-2.361513,0.000657,0.000000,0.000000,337.570797,262.108122,1
8.818000,2.013423,-0.128583,0.242393,1.681080,-0.043105,-1.724185,-0.748123,-0.293317,0.007521,0.300838,-0.136145,0.548573,-0.014066,-0.562639,0.029748,2.283346,-0.058547,-2.341893,-0.632521,1.463336,-0.037521,-1.500857,0.770289,-2.040186,0.052312,2.092498,-1.313425,1.589737,-0.040762,-1.630499,-1.248179,0.956104,-0.024515,-0.980620,0.180196,-2.302655,0.059042,2.361698,-1.080423,-6.879708,0.176403,7.056110,4.318041,0.150110,-0.003849,-0.153959,-0.345238,-4.118468,0.105602,4.224070,1.791990,4.024004,-7.150450,0.156596,0.000000,0.000000,0.000000,0.000000,0.000000,0.000000,-2.156009,8.844347,-2.915965,0.000496,0.000000,0.000000,337.769149,262.252951,1
8.828000,2.013493,-0.128030,0.240553,1.681080,-0.043105,-1.724185,-0.840018,-0.293317,0.007521,0.300838,-0.071360,0.548573,-0.014066,-0.562639,-0.070272,2.283346,-0.058547,-2.341893,-0.683267,1.463336,-0.037521,-1.500857,0.825507,-2.040186,0.052312,2.092498,-1.531924,1.589737,-0.040762,-1.630499,-1.391126,0.956104,-0.024515,-0.980620,0.132257,-2.302655,0.059042,2.361698,-1.258815,-6.879708,0.176403,7.056110,4.677814,0.150110,-0.003849,-0.153959,-0.309400,-4.118468,0.105602,4.224070,2.029809,4.046050,-7.475590,0.047214,0.000000,0.000000,0.000000,0.000000,0.000000,0.000000,-2.309102,8.825270,-2.838129,0.000546,0.000000,0.000000,338.314686,262.647116,1
8.834000,2.040011,-0.149397,0.240907,0.841807,-0.021585,-0.863391,0.024549,-0.367397,0.009420,0.376817,-0.112523,2.521960,-0.064666,-2.586626,-0.848065,0.067878,-0.001740,-0.069619,-0.012080,-0.024350,0.000624,0.024974,1.293627,-1.224431,0.031396,1.255827,-1.743377,-0.249246,0.006391,0.255637,-0.800455,-0.051367,0.001317,0.052684,0.358848,-1.827772,0.046866,1.874638,-1.182622,-0.488582,0.012528,0.501110,0.402504,-0.302986,0.007769,0.310755,-0.128415,-6.397933,0.164050,6.561983,2.833045,3.062772,-6.927601,-1.327004,0.000000,0.000000,0.000000,0.000000,0.000000,0.000000,-2.991617,7.525787,-0.952603,0.000258,0.000000,0.000000,338.469200,262.745055,1
8.844000,2.041442,-0.150337,0.238233,0.841807,-0.021585,-0.863391,0.007010,-0.367397,0.009420,0.376817,-0.065615,2.521960,-0.064666,-2.586626,-1.010657,0.067878,-0.001740,-0.069619,0.062457,-0.024350,0.000624,0.024974,1.379541,-1.224431,0.031396,1.255827,-1.912890,-0.249246,0.006391,0.255637,-0.818134,-0.051367,0.001317,0.052684,0.324455,-1.827772,0.046866,1.874638,-1.302434,-0.488582,0.012528,0.501110,0.179409,-0.302986,0.007769,0.310755,-0.049254,-6.397933,0.164050,6.561983,3.049431,3.149629,-7.103976,-1.413731,0.000000,0.000000,0.000000,0.000000,0.000000,0.000000,-3.031713,7.724018,-0.968194,0.000279,0.000000,0.000000,338.747894,262.921681,1
8.848000,2.044094,-0.140247,0.244707,0.219300,-0.005623,-0.224923,0.143922,-0.381295,0.009777,0.391072,-0.003453,2.616289,-0.067084,-2.683373,-1.275342,0.433920,-0.011126,-0.445047,-0.130163,-0.049757,0.001276,0.051033,1.162833,-0.343477,0.008807,0.352284,-2.297066,0.233407,-0.005985,-0.239392,-0.279789,0.505987,-0.012974,-0.518961,0.221080,-1.866006,0.047846,1.913852,-0.776672,0.318821,-0.008175,-0.326996,-0.730598,-0.138756,0.003558,0.142314,0.027620,-5.282423,0.135447,5.417870,2.649970,3.171863,-6.868420,-0.731703,0.000000,0.000000,0.000000,0.000000,0.000000,0.000000,-2.702744,7.440630,-1.669351,0.000207,0.000000,0.000000,338.830496,262.984730,1
8.858000,2.045259,-0.140480,0.242156,0.219300,-0.005623,-0.224923,0.129971,-0.381295,0.009777,0.391072,0.004511,2.616289,-0.067084,-2.683373,-1.220019,0.433920,-0.011126,-0.445047,-0.129388,-0.049757,0.001276,0.051033,1.224746,-0.343477,0.008807,0.352284,-2.457059,0.233407,-0.005985,-0.239392,-0.348958,0.505987,-0.012974,-0.518961,0.234106,-1.866006,0.047846,1.913852,-0.967981,0.318821,-0.008175,-0.326996,-0.770305,-0.138756,0.003558,0.142314,0.010374,-5.282423,0.135447,5.417870,2.676983,3.278200,-7.079790,-0.773077,0.000000,0.000000,0.000000,0.000000,0.000000,0.000000,-2.871378,7.798094,-1.718641,0.000211,0.000000,0.000000,339.041546,263.138402,1
8.862000,2.056351,-0.141809,0.233207,1.409934,-0.036152,-1.446086,-0.018686,-0.218047,0.005591,0.223638,-0.031319,3.926959,-0.100691,-4.027651,-0.459240,0.095087,-0.002438,-0.097525,0.106550,0.243052,-0.006232,-0.249284,1.431307,-0.798333,0.020470,0.818803,-2.104193,-0.163649,0.004196,0.167845,-0.434103,-0.033719,0.000865,0.034583,0.533040,-0.766568,0.019656,0.786224,-1.287695,-1.493807,0.038303,1.532110,-0.227766,-0.016894,0.000433,0.017327,-0.030392,1.638181,-0.042005,-1.680185,0.238866,3.247569,-7.109861,-0.736211,0.000000,0.000000,0.000000,0.000000,0.000000,0.000000,-2.622787,7.245406,-1.616915,0.000058,0.000000,0.000000,339.064859,263.130250,1
8.872000,2.057400,-0.142150,0.230226,1.409934,-0.036152,-1.446086,-0.159868,-0.218047,0.005591,0.223638,-0.008564,3.926959,-0.100691,-4.027651,-1.209092,0.095087,-0.002438,-0.097525,0.119249,0.243052,-0.006232,-0.249284,1.500598,-0.798333,0.020470,0.818803,-2.317530,-0.163649,0.004196,0.167845,-0.479252,-0.033719,0.000865,0.034583,0.517629,-0.766568,0.019656,0.786224,-1.484082,-1.493807,0.038303,1.532110,-0.010356,-0.016894,0.000433,0.017327,-0.061161,1.638181,-0.042005,-1.680185,-0.220534,3.412361,-7.373834,-0.764124,0.000000,0.000000,0.000000,0.000000,0.000000,0.000000,-2.735955,7.541809,-1.673962,0.000090,0.000000,0.000000,339.155247,263.149650,1
8.878000,2.069507,-0.151641,0.231352,0.326015,-0.008359,-0.334374,0.147454,-0.106725,0.002737,0.109462,-0.029993,3.151523,-0.080808,-3.232331,-1.220414,-0.447499,0.011474,0.458974,0.585770,0.389318,-0.009983,-0.399301,1.512181,-1.478750,0.037917,1.516666,-2.093189,-0.293235,0.007519,0.300754,-0.132887,0.505079,-0.012951,-0.518029,0.368547,-1.731853,0.044406,1.776259,-1.081252,-0.806323,0.020675,0.826998,-0.336296,-0.034850,0.000894,0.035744,-0.030270,-0.880478,0.022576,0.903055,0.562956,3.641314,-7.139720,-1.514845,0.000000,0.000000,0.000000,0.070955,-0.446268,0.334856,-2.662183,8.126596,-1.189583,0.000110,0.000000,0.000000,339.221150,263.140411,1
8.888000,2.071155,-0.152925,0.228373,0.326015,-0.008359,-0.334374,0.258974,-0.106725,0.002737,0.109462,0.042406,3.151523,-0.080808,-3.232331,-1.500189,-0.447499,0.011474,0.458974,0.659719,0.389318,-0.009983,-0.399301,1.554625,-1.478750,0.037917,1.516666,-2.166801,-0.293235,0.007519,0.300754,-0.146606,0.505079,-0.012951,-0.518029,0.351756,-1.731853,0.044406,1.776259,-1.202700,-0.806323,0.020675,0.826998,-0.179434,-0.034850,0.000894,0.035744,-0.028741,-0.880478,0.022576,0.903055,0.514112,3.744728,-6.971236,-1.424634,0.000000,0.000000,0.000000,-1.097382,-3.149337,0.998958,-2.717056,8.336416,-1.180435,0.000121,0.000000,0.000000,339.342415,263.131562,1
8.892000,2.067492,-0.143427,0.228406,0.179124,-0.004593,-0.183716,0.438920,0.014922,-0.000383,-0.015304,-0.058233,2.795504,-0.071680,-2.867183,-0.858856,-0.371387,0.009523,0.380909,0.540713,0.761720,-0.019531,-0.781251,1.308252,-2.430973,0.062333,2.493306,-1.727066,0.017113,-0.000439,-0.017552,-0.471726,0.942529,-0.024167,-0.966696,-0.069960,-2.593244,0.066493,2.659737,-0.644054,0.214435,-0.005498,-0.219933,-0.938727,-0.019340,0.000496,0.019836,-0.032813,0.219828,-0.005637,-0.225465,0.214363,3.298367,-7.287814,-1.128107,0.000000,0.000000,0.000000,0.002936,-0.017017,0.013790,-2.599909,7.047891,-1.310452,0.000101,0.000000,0.000000,339.382905,263.114686,1
8.902000,2.068620,-0.144095,0.225862,0.179124,-0.004593,-0.183716,0.378564,0.014922,-0.000383,-0.015304,-0.056727,2.795504,-0.071680,-2.867183,-1.078700,-0.371387,0.009523,0.380909,0.551289,0.761720,-0.019531,-0.781251,1.353043,-2.430973,0.062333,2.493306,-1.767011,0.017113,-0.000439,-0.017552,-0.562824,0.942529,-0.024167,-0.966696,-0.054754,-2.593244,0.066493,2.659737,-0.802186,0.214435,-0.005498,-0.219933,-0.904531,-0.019340,0.000496,0.019836,-0.029274,0.219828,-0.005637,-0.225465,0.111368,3.343721,-7.347364,-1.169019,0.033892,0.027957,-0.001960,0.027412,-0.148412,0.120480,-2.723094,7.653125,-1.477392,0.000113,0.000000,0.000000,339.495476,263.073424,1
8.908000,2.066984,-0.138921,0.225309,0.543729,-0.013942,-0.557670,0.255014,0.021837,-0.000560,-0.022397,-0.080936,3.530566,-0.090527,-3.621094,-1.375311,-0.257034,0.006591,0.263625,0.508971,1.000527,-0.025655,-1.026182,1.225787,-2.533541,0.064963,2.598504,-1.660937,0.164691,-0.004223,-0.168914,-0.824556,1.304680,-0.033453,-1.338133,-0.390427,-2.895410,0.074241,2.969651,-0.678610,-0.399148,0.010235,0.409382,-0.631890,-0.009978,0.000256,0.010234,-0.057022,1.488110,-0.038157,-1.526267,-0.336786,3.322639,-7.425922,-0.986015,0.002248,0.011096,0.005422,0.021434,-0.124778,0.099715,-2.678722,7.177353,-1.488572,0.000143,0.000000,0.000000,339.581170,263.063232,1
8.918000,2.067561,-0.139378,0.222629,0.543729,-0.013942,-0.557670,0.177680,0.021837,-0.000560,-0.022397,-0.061929,3.530566,-0.090527,-3.621094,-1.538047,-0.257034,0.006591,0.263625,0.540098,1.000527,-0.025655,-1.026182,1.282270,-2.533541,0.064963,2.598504,-1.722058,0.164691,-0.004223,-0.168914,-0.888238,1.304680,-0.033453,-1.338133,-0.366470,-2.895410,0.074241,2.969651,-0.861998,-0.399148,0.010235,0.409382,-0.503239,-0.009978,0.000256,0.010234,-0.041291,1.488110,-0.038157,-1.526267,-0.452332,3.344852,-7.501430,-1.035168,0.005776,0.047516,0.025665,0.049049,-0.328925,0.259049,-2.761841,7.580838,-1.614442,0.000157,0.000000,0.000000,339.738170,263.047112,1
8.922000,2.070203,-0.141663,0.225178,0.104198,-0.002672,-0.106870,0.669617,0.057532,-0.001475,-0.059007,0.219235,2.406024,-0.061693,-2.467717,-1.755545,-0.211752,0.005430,0.217181,0.564779,0.910609,-0.023349,-0.933957,1.131587,-2.638840,0.067663,2.706503,-1.417854,0.300447,-0.007704,-0.308151,-0.778802,1.381190,-0.035415,-1.416605,-0.443834,-3.202325,0.082111,3.284436,-0.516847,-0.033535,0.000860,0.034395,-0.686751,-0.013072,0.000335,0.013407,-0.031806,0.755060,-0.019361,-0.774420,-0.086077,3.435879,-6.626887,-0.675576,0.011908,0.034757,0.013874,-1.304398,-3.253861,0.906588,-2.556878,7.197901,-1.515196,0.000121,0.000000,0.000000,339.786532,263.041872,1
8.932000,2.070733,-0.142062,0.222971,0.104198,-0.002672,-0.106870,0.792914,0.057532,-0.001475,-0.059007,0.401753,2.406024,-0.061693,-2.467717,-2.220172,-0.211752,0.005430,0.217181,0.613774,0.910609,-0.023349,-0.933957,1.162521,-2.638840,0.067663,2.706503,-1.385477,0.300447,-0.007704,-0.308151,-0.782262,1.381190,-0.035415,-1.416605,-0.380210,-3.202325,0.082111,3.284436,-0.670558,-0.033535,0.000860,0.034395,-0.600008,-0.013072,0.000335,0.013407,-0.023001,0.755060,-0.019361,-0.774420,-0.136204,3.395847,-6.467356,-0.646349,0.038004,0.125707,0.053623,-1.285793,-3.451735,1.059484,-2.553708,7.532887,-1.671929,0.000137,0.000000,0.000000,339.923177,263.035170,1
8.938000,2.076732,-0.139230,0.220915,-0.102829,0.002637,0.105466,0.800494,0.224990,-0.005769,-0.230759,0.092914,1.584604,-0.040631,-1.625235,-1.819884,-0.155464,0.003986,0.159450,0.566862,1.072449,-0.027499,-1.099948,1.194723,-2.650757,0.067968,2.718725,-1.163896,0.448200,-0.011492,-0.459693,-1.142276,1.738046,-0.044565,-1.782611,-0.588122,-3.465410,0.088857,3.554267,-0.566369,0.199416,-0.005113,-0.204529,-0.680554,-0.014417,0.000370,0.014787,-0.011355,0.362437,-0.009293,-0.371730,0.006804,3.326552,-6.250128,-0.497502,0.149738,0.513665,0.249461,-2.180887,-4.636002,1.209512,-2.364580,6.995083,-1.607712,0.000114,0.000000,0.000000,339.991343,263.025148,1
8.948000,2.077168,-0.139428,0.218727,-0.102829,0.002637,0.105466,0.957244,0.224990,-0.005769,-0.230759,0.295557,1.584604,-0.040631,-1.625235,-2.357360,-0.155464,0.003986,0.159450,0.644853,1.072449,-0.027499,-1.099948,1.227076,-2.650757,0.067968,2.718725,-1.150964,0.448200,-0.011492,-0.459693,-1.104335,1.738046,-0.044565,-1.782611,-0.589732,-3.465410,0.088857,3.554267,-0.606143,0.199416,-0.005113,-0.204529,-0.644150,-0.014417,0.000370,0.014787,-0.005837,0.362437,-0.009293,-0.371730,-0.031925,3.230603,-6.073108,-0.494589,0.312480,0.966491,0.461398,-2.039812,-4.646842,1.365056,-2.303135,7.103536,-1.714221,0.000124,0.000000,0.000000,340.115734,263.015508,1
8.954000,2.082931,-0.146101,0.221129,0.028701,-0.000736,-0.029437,1.112205,0.853557,-0.021886,-0.875443,0.271761,0.171979,-0.004410,-0.176389,-2.375937,-0.185449,0.004755,0.190204,0.654589,1.105875,-0.028356,-1.134231,0.848579,-2.628409,0.067395,2.695804,-0.550604,0.461756,-0.011840,-0.473596,-0.946049,1.918212,-0.049185,-1.967396,-0.788347,-3.649773,0.093584,3.743357,-0.020272,0.366228,-0.009390,-0.375619,-0.679040,-0.017252,0.000442,0.017695,-0.011072,0.087234,-0.002237,-0.089470,0.015668,2.832054,-4.550223,-0.375423,0.033829,0.072485,0.028498,-1.779703,-4.891632,1.579963,-2.055079,6.748144,-1.365171,0.000056,0.000000,0.000000,340.149290,263.015525,1
8.964000,2.083214,-0.146245,0.219689,0.028701,-0.000736,-0.029437,1.200791,0.853557,-0.021886,-0.875443,0.244940,0.171979,-0.004410,-0.176389,-2.284997,-0.185449,0.004755,0.190204,0.698982,1.105875,-0.028356,-1.134231,0.868443,-2.628409,0.067395,2.695804,-0.496479,0.461756,-0.011840,-0.473596,-0.906801,1.918212,-0.049185,-1.967396,-0.684000,-3.649773,0.093584,3.743357,-0.183922,0.366228,-0.009390,-0.375619,-0.666602,-0.017252,0.000442,0.017695,-0.012173,0.087234,-0.002237,-0.089470,0.011894,2.786267,-4.574534,-0.425594,0.096360,0.192395,0.073075,-1.529331,-4.557082,1.582607,-2.051578,7.150858,-1.552095,0.000058,0.000000,0.000000,340.207535,263.008511,1
8.972000,2.083626,-0.143660,0.214249,0.031534,-0.000809,-0.032343,1.174525,0.946321,-0.024265,-0.970585,0.066686,-0.269554,0.006912,0.276466,-1.714596,-0.168096,0.004310,0.172406,0.652975,1.089130,-0.027926,-1.117056,0.937035,-2.689581,0.068964,2.758545,-0.338986,0.504387,-0.012933,-0.517319,-1.004030,1.961938,-0.050306,-2.012244,-0.652857,-3.796671,0.097351,3.894022,-0.166369,0.552268,-0.014161,-0.566428,-0.778160,-0.020528,0.000526,0.021055,0.020062,-0.082092,0.002105,0.084197,0.056511,2.458555,-4.705015,-0.704535,2.448238,4.892603,2.083673,-1.508302,-4.381557,1.635028,-2.083958,6.714993,-1.403530,0.000056,0.000000,0.000000,340.252319,263.001992,1
8.982000,2.083561,-0.143376,0.212727,0.031534,-0.000809,-0.032343,1.129784,0.946321,-0.024265,-0.970585,-0.043436,-0.269554,0.006912,0.276466,-1.695829,-0.168096,0.004310,0.172406,0.589246,1.089130,-0.027926,-1.117056,0.908152,-2.689581,0.068964,2.758545,-0.440102,0.504387,-0.012933,-0.517319,-1.030893,1.961938,-0.050306,-2.012244,-0.722794,-3.796671,0.097351,3.894022,-0.231731,0.552268,-0.014161,-0.566428,-0.815648,-0.020528,0.000526,0.021055,0.424221,-0.082092,0.002105,0.084197,-0.367170,2.220296,-4.996028,-1.039513,2.864975,5.526298,2.293101,-1.701996,-4.599763,1.627633,-2.147266,6.235480,-1.128234,0.000063,0.000000,0.000000,340.315015,262.991345,1
8.990000,2.098344,-0.138739,0.225382,-0.132137,0.003388,0.135526,0.612808,0.987304,-0.025315,-1.012619,0.105172,-1.084380,0.027805,1.112184,-1.266245,-0.293440,0.007524,0.300964,0.300954,1.060148,-0.027183,-1.087331,0.461241,-2.942657,0.075453,3.018110,-0.281043,0.410090,-0.010515,-0.420605,-0.636771,1.897710,-0.048659,-1.946369,-0.659827,-3.961814,0.101585,4.063399,0.271944,0.742997,-0.019051,-0.762048,-0.528410,-0.046054,0.001181,0.047235,0.410939,-0.134171,0.003440,0.137611,-0.472001,2.154504,-4.978785,-1.052203,1.737710,3.114578,0.822667,-2.110120,-4.337132,0.856660,-1.795895,5.463608,-1.019799,0.000062,0.000000,0.000000,340.364474,262.993932,1
9.000000,2.098628,-0.138599,0.224638,-0.132137,0.003388,0.135526,0.614245,0.987304,-0.025315,-1.012619,0.042357,-1.084380,0.027805,1.112184,-1.246653,-0.293440,0.007524,0.300964,0.293790,1.060148,-0.027183,-1.087331,0.489651,-2.942657,0.075453,3.018110,-0.369765,0.410090,-0.010515,-0.420605,-0.662528,1.897710,-0.048659,-1.946369,-0.676541,-3.961814,0.101585,4.063399,0.208756,0.742997,-0.019051,-0.762048,-0.558856,-0.046054,0.001181,0.047235,0.384150,-0.134171,0.003440,0.137611,-0.506008,2.151608,-5.149698,-1.141168,1.798288,3.201448,0.837309,-2.120193,-4.348334,0.863699,-1.837653,5.682320,-1.089348,0.000062,0.000000,0.000000,340.426542,262.993051,1
9.008000,2.111130,-0.112385,0.219044,-0.811042,0.020796,0.831838,-0.834935,2.249483,-0.057679,-2.307162,0.079935,-5.303968,0.135999,5.439967,1.710448,-0.775364,0.019881,0.795245,-0.628583,1.185530,-0.030398,-1.215928,-0.461286,-3.365370,0.086292,3.451662,0.375713,0.295256,-0.007571,-0.302827,0.778993,2.566541,-0.065809,-2.632350,-0.081047,-4.759141,0.122029,4.881171,1.317940,-0.027405,0.000703,0.028107,0.513306,2.169261,-0.055622,-2.224883,-0.645523,-6.956686,0.178377,7.135063,0.078931,1.002207,-5.274881,-1.588824,3.190316,6.255520,2.961845,-3.343806,-3.619176,-0.591217,-0.832087,6.241549,-3.273192,0.000214,0.000000,0.000000,340.598042,263.138716,1
9.018000,2.111555,-0.111171,0.219846,-0.811042,0.020796,0.831838,-0.704058,2.249483,-0.057679,-2.307162,-0.076809,-5.303968,0.135999,5.439967,1.446027,-0.775364,0.019881,0.795245,-0.573014,1.185530,-0.030398,-1.215928,-0.401220,-3.365370,0.086292,3.451662,-0.036275,0.295256,-0.007571,-0.302827,0.973076,2.566541,-0.065809,-2.632350,-0.298127,-4.759141,0.122029,4.881171,1.225665,-0.027405,0.000703,0.028107,0.521965,2.169261,-0.055622,-2.224883,-0.990868,-6.956686,0.178377,7.135063,0.347335,1.409860,-5.762428,-1.518171,2.884830,5.418574,2.457991,-3.429082,-4.085626,-0.302047,-0.808184,5.377317,-2.759330,0.000215,0.000000,0.000000,340.812618,263.324067,1
9.026000,2.103481,-0.138168,0.245824,-0.857395,0.021984,0.879380,0.033957,2.991625,-0.076708,-3.068334,-0.396576,-4.858435,0.124575,4.983010,0.244826,-0.666584,0.017092,0.683676,1.393338,1.268419,-0.032524,-1.300943,-0.291678,-2.723566,0.069835,2.793401,1.173092,0.881671,-0.022607,-0.904278,-2.790559,3.370332,-0.086419,-3.456750,-1.213431,-4.567975,0.117128,4.685102,1.377460,0.526842,-0.013509,-0.540351,0.722815,2.532959,-0.064948,-2.597906,-1.426744,-6.510647,0.166940,6.677586,1.415906,0.000000,0.000000,0.000000,3.707070,4.633769,0.174601,-3.712301,-5.910476,0.637980,0.000000,0.000000,0.000000,0.000338,0.000000,0.000000,341.083010,263.588210,1
9.036000,2.103574,-0.138024,0.246500,-0.857395,0.021984,0.879380,0.060594,2.991625,-0.076708,-3.068334,-0.346289,-4.858435,0.124575,4.983010,0.117577,-0.666584,0.017092,0.683676,1.070848,1.268419,-0.032524,-1.300943,-0.462265,-2.723566,0.069835,2.793401,1.268588,0.881671,-0.022607,-0.904278,-2.065591,3.370332,-0.086419,-3.456750,-1.461960,-4.567975,0.117128,4.685102,1.909789,0.526842,-0.013509,-0.540351,0.797531,2.532959,-0.064948,-2.597906,-1.398025,-6.510647,0.166940,6.677586,1.257449,0.004262,-0.024699,-0.011555,3.949600,5.425408,0.438715,-3.870425,-6.227297,0.705035,0.000000,0.000000,0.000000,0.000349,0.000000,0.000000,341.432086,263.928667,1
9.042000,2.110157,-0.144860,0.283145,-0.035421,0.000908,0.036329,-1.238407,1.219664,-0.031273,-1.250937,-0.146131,-3.316456,0.085037,3.401493,1.357352,-2.197907,0.056357,2.254264,3.156200,-1.793651,0.045991,1.839642,0.977097,3.089231,-0.079211,-3.168442,-2.577928,-4.589936,0.117691,4.707627,3.945653,2.891526,-0.074142,-2.965667,-1.560962,-8.360402,0.214369,8.574771,4.504972,0.940229,-0.024108,-0.964337,-0.978897,0.529254,-0.013571,-0.542825,-0.171008,-3.590094,0.092054,3.682147,1.385941,0.000000,0.000000,0.000000,2.048574,4.749262,1.347801,-2.827625,-2.357267,-0.934461,0.000000,0.000000,0.000000,0.000899,0.000000,0.000000,341.971476,264.467517,1
9.052000,2.110490,-0.145074,0.283775,-0.035421,0.000908,0.036329,-1.078744,1.219664,-0.031273,-1.250937,0.030966,-3.316456,0.085037,3.401493,0.911807,-2.197907,0.056357,2.254264,2.874403,-1.793651,0.045991,1.839642,0.829955,3.089231,-0.079211,-3.168442,-1.972806,-4.589936,0.117691,4.707627,4.213097,2.891526,-0.074142,-2.965667,-1.537876,-8.360402,0.214369,8.574771,4.400081,0.940229,-0.024108,-0.964337,-0.819069,0.529254,-0.013571,-0.542825,-0.010846,-3.590094,0.092054,3.682147,0.885722,0.000000,0.000000,0.000000,2.835242,6.331549,1.738253,-3.589433,-4.126137,-0.694325,0.000000,0.000000,0.000000,0.000836,0.000000,0.000000,342.807655,265.302138,1
9.056000,2.118782,-0.143826,0.240532,0.164391,-0.004215,-0.168606,-0.186787,0.203736,-0.005224,-0.208960,1.091882,-1.772889,0.045459,1.818348,-1.576130,-1.135587,0.029118,1.164705,-0.401709,0.020924,-0.000537,-0.021461,-0.393007,-1.093000,0.028026,1.121026,1.213427,0.113621,-0.002913,-0.116534,1.272650,1.113753,-0.028558,-1.142311,-0.752778,-1.799028,0.046129,1.845157,1.529752,0.604613,-0.015503,-0.620116,0.453428,0.244746,-0.006276,-0.251021,0.217878,-2.637222,0.067621,2.704843,-0.854032,0.000000,0.000000,0.000000,4.065206,7.278788,1.782658,-4.216605,-7.217146,0.617256,0.000000,0.000000,0.000000,0.000114,0.000000,0.000000,342.853411,265.297044,1
9.066000,2.119218,-0.144206,0.238143,0.164391,-0.004215,-0.168606,-0.236710,0.203736,-0.005224,-0.208960,1.180769,-1.772889,0.045459,1.818348,-1.836972,-1.135587,0.029118,1.164705,-0.138462,0.020924,-0.000537,-0.021461,-0.244257,-1.093000,0.028026,1.121026,0.832354,0.113621,-0.002913,-0.116534,1.031972,1.113753,-0.028558,-1.142311,-0.675701,-1.799028,0.046129,1.845157,1.200637,0.604613,-0.015503,-0.620116,0.464956,0.244746,-0.006276,-0.251021,0.192461,-2.637222,0.067621,2.704843,-1.015839,0.000000,0.000000,0.000000,4.156952,7.437257,1.837011,-4.401521,-7.517726,0.640123,0.000000,0.000000,0.000000,0.000109,0.000000,0.000000,342.962594,265.267171,1
9.072000,2.135615,-0.133014,0.234037,0.362798,-0.009303,-0.372100,-0.731373,-0.161978,0.004153,0.166132,1.374177,-1.659295,0.042546,1.701841,-1.694948,-1.697970,0.043538,1.741508,0.639658,-0.160173,0.004107,0.164280,-0.116894,2.042129,-0.052362,-2.094491,-0.760144,0.677758,-0.017378,-0.695137,0.346954,0.662587,-0.016989,-0.679576,-0.439382,0.027388,-0.000702,-0.028090,0.129371,0.713195,-0.018287,-0.731482,0.022671,-0.354876,0.009099,0.363975,0.491020,-1.952535,0.050065,2.002600,-1.317021,0.000000,0.000000,0.000000,3.659408,7.292402,1.776465,-4.347612,-6.887115,0.608381,0.000000,0.000000,0.000000,0.000095,0.000000,0.000000,343.019513,265.254458,1
9.082000,2.136424,-0.132506,0.231422,0.362798,-0.009303,-0.372100,-0.766104,-0.161978,0.004153,0.166132,1.429560,-1.659295,0.042546,1.701841,-1.863324,-1.697970,0.043538,1.741508,0.719414,-0.160173,0.004107,0.164280,-0.072431,2.042129,-0.052362,-2.094491,-0.834577,0.677758,-0.017378,-0.695137,0.203389,0.662587,-0.016989,-0.679576,-0.421336,0.027388,-0.000702,-0.028090,0.073269,0.713195,-0.018287,-0.731482,0.060315,-0.354876,0.009099,0.363975,0.457051,-1.952535,0.050065,2.002600,-1.475770,0.000000,0.000000,0.000000,3.728760,7.403798,1.783657,-4.430240,-7.072284,0.689620,0.000000,0.000000,0.000000,0.000103,0.000000,0.000000,343.122533,265.230960,1
9.086000,2.155925,-0.131754,0.238093,-0.041463,0.001063,0.042526,-0.447960,-0.167876,0.004305,0.172180,1.481341,-0.472006,0.012103,0.484109,-1.647700,-0.492918,0.012639,0.505557,0.002082,-0.184737,0.004737,0.189474,-0.009913,1.748044,-0.044822,-1.792865,-0.317772,0.301844,-0.007740,-0.309584,0.234857,-0.276693,0.007095,0.283788,0.002030,-0.032168,0.000825,0.032992,0.052013,0.082138,-0.002106,-0.084244,0.192586,-0.170933,0.004383,0.175315,0.704428,-0.773655,0.019837,0.793492,-1.067483,0.000000,0.000000,0.000000,3.294761,6.774702,1.461975,-4.045579,-5.151482,0.297896,0.000000,0.000000,0.000000,0.000027,0.000000,0.000000,343.133358,265.227748,1
9.096000,2.157514,-0.131516,0.235483,-0.041463,0.001063,0.042526,-0.419646,-0.167876,0.004305,0.172180,1.553110,-0.472006,0.012103,0.484109,-1.904453,-0.492918,0.012639,0.505557,0.004930,-0.184737,0.004737,0.189474,-0.034017,1.748044,-0.044822,-1.792865,-0.559019,0.301844,-0.007740,-0.309584,0.243416,-0.276693,0.007095,0.283788,0.001213,-0.032168,0.000825,0.032992,0.033974,0.082138,-0.002106,-0.084244,0.280134,-0.170933,0.004383,0.175315,0.684590,-0.773655,0.019837,0.793492,-1.272538,0.000000,0.000000,0.000000,3.481232,7.088624,1.491427,-4.254139,-5.562983,0.442744,0.000000,0.000000,0.000000,0.000034,0.000000,0.000000,343.167844,265.221135,1
9.100000,2.140823,-0.141778,0.229255,0.001606,-0.000041,-0.001647,-0.336392,-0.092973,0.002384,0.095357,1.505665,-0.716118,0.018362,0.734480,-2.023879,-0.899475,0.023063,0.922538,0.029791,-0.195838,0.005021,0.200860,-0.058337,2.080363,-0.053343,-2.133705,-0.615565,0.818180,-0.020979,-0.839159,0.155442,0.011145,-0.000286,-0.011431,-0.008555,0.099238,-0.002545,-0.101782,0.061600,0.192405,-0.004933,-0.197339,0.591842,-0.279714,0.007172,0.286886,0.419857,-0.757768,0.019430,0.777198,-1.456651,0.000000,0.000000,0.000000,3.320389,6.216103,2.003863,-4.030145,-6.534264,-0.111885,0.000000,0.000000,0.000000,0.000045,0.000000,0.000000,343.185802,265.216022,1
9.110000,2.140900,-0.142387,0.225951,0.001606,-0.000041,-0.001647,-0.332622,-0.092973,0.002384,0.095357,1.569552,-0.716118,0.018362,0.734480,-2.226054,-0.899475,0.023063,0.922538,0.062737,-0.195838,0.005021,0.200860,-0.045476,2.080363,-0.053343,-2.133705,-0.771875,0.818180,-0.020979,-0.839159,0.038096,0.011145,-0.000286,-0.011431,-0.011823,0.099238,-0.002545,-0.101782,0.033781,0.192405,-0.004933,-0.197339,0.666292,-0.279714,0.007172,0.286886,0.392561,-0.757768,0.019430,0.777198,-1.643567,0.000000,0.000000,0.000000,3.465698,6.371364,2.055760,-4.095947,-6.806845,-0.046043,0.000000,0.000000,0.000000,0.000051,0.000000,0.000000,343.236364,265.204816,1
9.114000,2.172124,-0.169360,0.257687,0.097069,-0.002489,-0.099558,0.216180,-0.802723,0.020583,0.823306,1.829299,-0.479707,0.012300,0.492008,-1.759648,0.220014,-0.005641,-0.225656,-0.383205,-0.167018,0.004283,0.171301,-0.008391,-1.047219,0.026852,1.074070,0.401733,-1.302848,0.033406,1.336254,1.031107,-0.986290,0.025289,1.011580,0.362554,-0.371169,0.009517,0.380686,0.179475,0.309489,-0.007936,-0.317425,0.149545,-1.163855,0.029842,1.193697,1.201680,-0.265495,0.006808,0.272302,-0.565268,0.000000,0.000000,0.000000,3.392509,5.727618,1.879051,-3.462700,-5.935029,0.004296,0.000000,0.000000,0.000000,0.000064,0.000000,0.000000,343.261810,265.221541,1
9.124000,2.173834,-0.171589,0.255192,0.097069,-0.002489,-0.099558,0.258977,-0.802723,0.020583,0.823306,1.933752,-0.479707,0.012300,0.492008,-1.966400,0.220014,-0.005641,-0.225656,-0.435977,-0.167018,0.004283,0.171301,-0.004275,-1.047219,0.026852,1.074070,0.446793,-1.302848,0.033406,1.336254,1.219622,-0.986290,0.025289,1.011580,0.360306,-0.371169,0.009517,0.380686,0.175190,0.309489,-0.007936,-0.317425,0.244031,-1.163855,0.029842,1.193697,1.271773,-0.265495,0.006808,0.272302,-0.810178,0.000000,0.000000,0.000000,3.670559,6.172731,2.057139,-3.693974,-6.332809,-0.024471,0.000000,0.000000,0.000000,0.000070,0.000000,0.000000,343.332224,265.266114,1
9.130000,2.178077,-0.115251,0.224004,0.490826,-0.012585,-0.503412,-0.852017,0.325099,-0.008336,-0.333435,1.440438,-2.210751,0.056686,2.267437,-1.519275,-0.962837,0.024688,0.987525,0.037785,-0.074058,0.001899,0.075957,-0.064312,2.560894,-0.065664,-2.626558,-0.867039,0.443012,-0.011359,-0.454371,0.764704,0.554273,-0.014212,-0.568485,-0.130885,0.235793,-0.006046,-0.241839,0.038013,0.427087,-0.010951,-0.438038,0.157117,-0.097736,0.002506,0.100242,0.491946,-1.611969,0.041333,1.653301,-1.384388,-1.497831,-2.692807,-2.712865,3.354620,7.828929,0.863974,-4.154931,-6.119685,1.660221,0.000000,0.000000,0.000000,0.000095,0.000000,0.000000,343.389293,265.243452,1
9.140000,2.179723,-0.113547,0.220986,0.490826,-0.012585,-0.503412,-0.796298,0.325099,-0.008336,-0.333435,1.437882,-2.210751,0.056686,2.267437,-1.507048,-0.962837,0.024688,0.987525,-0.627319,-0.074058,0.001899,0.075957,0.504331,2.560894,-0.065664,-2.626558,-1.894141,0.443012,-0.011359,-0.454371,0.639481,0.554273,-0.014212,-0.568485,-0.219850,0.235793,-0.006046,-0.241839,0.013768,0.427087,-0.010951,-0.438038,0.223802,-0.097736,0.002506,0.100242,0.518256,-1.611969,0.041333,1.653301,-1.505126,0.295057,-4.327081,-1.942885,3.466017,8.122226,0.832488,-3.879146,-5.824754,1.718311,0.000000,0.000000,0.000000,0.000130,0.000000,0.000000,343.519169,265.225399,1
9.144000,2.180754,-0.135930,0.228325,-0.130333,0.003342,0.133675,-0.468164,1.156751,-0.029660,-1.186412,1.286419,-2.279971,0.058461,2.338431,-1.614119,-0.091678,0.002351,0.094029,-0.216345,-0.025709,0.000659,0.026369,-0.037723,1.486636,-0.038119,-1.524755,-0.506750,0.969031,-0.024847,-0.993878,0.603208,0.636456,-0.016319,-0.652776,-0.118010,0.276936,-0.007101,-0.284037,0.134934,-0.455476,0.011679,0.467155,0.694622,1.433536,-0.036757,-1.470293,-0.203500,-2.672955,0.068537,2.741492,-0.596601,-0.023007,-0.221678,-0.135183,3.160943,7.074281,1.525668,-4.652074,-6.399401,0.751640,0.000000,0.000000,0.000000,0.000091,0.000000,0.000000,343.555695,265.200661,1
9.154000,2.181916,-0.135386,0.225788,-0.130333,0.003342,0.133675,-0.454102,1.156751,-0.029660,-1.186412,1.325576,-2.279971,0.058461,2.338431,-1.670365,-0.091678,0.002351,0.094029,-0.219638,-0.025709,0.000659,0.026369,-0.048533,1.486636,-0.038119,-1.524755,-0.596820,0.969031,-0.024847,-0.993878,0.353774,0.636456,-0.016319,-0.652776,-0.219795,0.276936,-0.007101,-0.284037,0.058261,-0.455476,0.011679,0.467155,0.787605,1.433536,-0.036757,-1.470293,-0.187959,-2.672955,0.068537,2.741492,-0.761136,-0.109486,-0.941570,-0.596850,3.354617,7.563723,1.627047,-4.655737,-6.465866,0.832553,0.000098,0.001272,-0.000737,0.000097,0.000000,0.000000,343.652835,265.137477,1
9.158000,2.179433,-0.141220,0.223678,-0.072178,0.001851,0.074029,-0.393337,1.092203,-0.028005,-1.120208,1.083363,-2.542211,0.065185,2.607396,-1.079639,0.656475,-0.016833,-0.673308,-0.773996,-0.036281,0.000930,0.037211,-0.066068,0.158850,-0.004073,-0.162923,-0.013921,-0.235920,0.006049,0.241969,0.953332,0.116559,-0.002989,-0.119548,0.004676,0.082768,-0.002122,-0.084891,0.130374,-0.657103,0.016849,0.673952,1.262336,1.673511,-0.042911,-1.716421,-0.775517,-3.191310,0.081828,3.273138,-0.238983,0.902539,-2.043718,-0.336706,2.840478,5.794204,1.383957,-3.942225,-5.939603,0.610245,-0.058622,0.625515,-0.315324,0.000078,0.000000,0.000000,343.683995,265.129804,1
9.168000,2.179954,-0.141109,0.221333,-0.072178,0.001851,0.074029,-0.415467,1.092203,-0.028005,-1.120208,1.155623,-2.542211,0.065185,2.607396,-1.147767,0.656475,-0.016833,-0.673308,-0.706212,-0.036281,0.000930,0.037211,-0.235151,0.158850,-0.004073,-0.162923,-0.283379,-0.235920,0.006049,0.241969,0.885895,0.116559,-0.002989,-0.119548,-0.002652,0.082768,-0.002122,-0.084891,0.062186,-0.657103,0.016849,0.673952,1.309585,1.673511,-0.042911,-1.716421,-0.723303,-3.191310,0.081828,3.273138,-0.457043,3.226021,-6.351824,-0.572169,2.842874,6.309944,1.677583,-4.188043,-5.948916,0.450101,-0.141241,1.207116,-0.600899,0.000087,0.000000,0.000000,343.770879,265.100129,1
9.174000,2.192306,-0.128507,0.226094,-0.276026,0.007078,0.283104,-0.349673,1.457324,-0.037367,-1.494691,0.995287,-2.213049,0.056745,2.269794,-0.934589,0.181018,-0.004641,-0.185659,-0.590315,0.159032,-0.004078,-0.163110,0.182905,0.439662,-0.011273,-0.450935,-1.902678,0.041581,-0.001066,-0.042647,0.650019,0.229278,-0.005879,-0.235157,-0.090226,0.123252,-0.003160,-0.126413,0.087910,-0.915834,0.023483,0.939316,1.064575,2.376774,-0.060943,-2.437717,-0.472913,-3.402878,0.087253,3.490131,-0.464077,2.330115,-7.069978,-1.482997,2.829862,7.679210,1.678178,-4.391567,-4.677374,0.288778,0.000000,0.000000,0.000000,0.000085,0.000000,0.000000,343.822106,265.086601,1
9.184000,2.193390,-0.127752,0.224294,-0.276026,0.007078,0.283104,-0.440100,1.457324,-0.037367,-1.494691,1.027889,-2.213049,0.056745,2.269794,-0.928910,0.181018,-0.004641,-0.185659,-0.753448,0.159032,-0.004078,-0.163110,0.476945,0.439662,-0.011273,-0.450935,-2.624117,0.041581,-0.001066,-0.042647,0.550951,0.229278,-0.005879,-0.235157,-0.088039,0.123252,-0.003160,-0.126413,0.049126,-0.915834,0.023483,0.939316,1.000792,2.376774,-0.060943,-2.437717,-0.475174,-3.402878,0.087253,3.490131,-0.469616,2.097617,-6.961103,-1.665395,2.781109,7.867695,1.784510,-4.253073,-4.449875,0.257226,0.000000,0.000000,0.000000,0.000090,0.000000,0.000000,343.911688,265.065864,1
9.190000,2.192750,-0.140092,0.227630,-0.082965,0.002127,0.085092,-0.335751,1.498261,-0.038417,-1.536678,0.618705,-2.445101,0.062695,2.507796,-0.367187,0.454440,-0.011652,-0.466092,-0.663058,0.727648,-0.018658,-0.746306,-0.031452,-1.303329,0.033419,1.336747,-1.823195,-0.363709,0.009326,0.373034,0.843735,0.080320,-0.002059,-0.082379,-0.004869,0.086875,-0.002228,-0.089102,0.040524,-0.844526,0.021655,0.866181,1.397580,2.495418,-0.063985,-2.559403,-1.206740,-3.713055,0.095207,3.808262,0.436815,2.216769,-6.425588,-1.235991,2.426223,5.578487,1.352810,-3.493813,-3.590850,-0.266380,0.000000,0.000000,0.000000,0.000110,0.000000,0.000000,343.977395,265.079480,1
9.200000,2.193002,-0.140187,0.226582,-0.082965,0.002127,0.085092,-0.456483,1.498261,-0.038417,-1.536678,0.692717,-2.445101,0.062695,2.507796,-0.324990,0.454440,-0.011652,-0.466092,-0.818741,0.727648,-0.018658,-0.746306,0.031909,-1.303329,0.033419,1.336747,-1.851942,-0.363709,0.009326,0.373034,0.707124,0.080320,-0.002059,-0.082379,-0.013436,0.086875,-0.002228,-0.089102,0.024569,-0.844526,0.021655,0.866181,1.263434,2.495418,-0.063985,-2.559403,-1.026094,-3.713055,0.095207,3.808262,0.240318,1.981919,-6.032797,-1.261445,2.482222,6.307303,1.725419,-3.516811,-3.596164,-0.282293,0.000000,0.000000,0.000000,0.000097,0.000000,0.000000,344.074417,265.088104,1
9.206000,2.187704,-0.144635,0.222558,-0.024644,0.000632,0.025276,-0.549561,1.451534,-0.037219,-1.488753,0.735250,-2.500704,0.064121,2.564825,-0.321625,0.467594,-0.011990,-0.479584,-0.872927,0.844880,-0.021664,-0.866544,0.018049,-1.615033,0.041411,1.656444,-1.753530,-0.460257,0.011801,0.472059,0.676387,0.071273,-0.001828,-0.073101,-0.005786,0.063950,-0.001640,-0.065589,0.016176,-0.803530,0.020603,0.824134,1.174997,2.475624,-0.063478,-2.539102,-0.961367,-3.793099,0.097259,3.890358,0.149535,2.002325,-6.276778,-1.547918,2.495401,6.302957,1.944516,-3.482582,-3.630434,-0.359927,-0.086613,0.564807,-0.261276,0.000096,0.000000,0.000000,344.131922,265.087352,1
9.216000,2.187434,-0.145139,0.221323,-0.024644,0.000632,0.025276,-0.609782,1.451534,-0.037219,-1.488753,0.767778,-2.500704,0.064121,2.564825,-0.305773,0.467594,-0.011990,-0.479584,-0.969099,0.844880,-0.021664,-0.866544,-0.006547,-1.615033,0.041411,1.656444,-1.668256,-0.460257,0.011801,0.472059,0.678573,0.071273,-0.001828,-0.073101,-0.006957,0.063950,-0.001640,-0.065589,0.008023,-0.803530,0.020603,0.824134,1.107490,2.475624,-0.063478,-2.539102,-0.873468,-3.793099,0.097259,3.890358,0.008164,1.844821,-5.903085,-1.504398,2.511085,6.578122,2.122142,-3.440635,-3.736522,-0.286401,-0.211140,1.055956,-0.464986,0.000087,0.000000,0.000000,344.218524,265.079822,1
9.224000,2.221205,-0.153583,0.229269,0.477341,-0.012240,-0.489581,-0.796427,0.997259,-0.025571,-1.022830,0.909325,-3.103718,0.079583,3.183300,0.322652,0.726714,-0.018634,-0.745348,-1.119602,0.909638,-0.023324,-0.932962,0.240510,-3.060104,0.078464,3.138568,-0.272461,-0.916151,0.023491,0.939642,0.407617,0.027969,-0.000717,-0.028686,0.892318,-0.076768,0.001968,0.078736,-0.385543,-0.313866,0.008048,0.321914,0.561578,1.872813,-0.048021,-1.920834,-0.497018,-4.095650,0.105017,4.200667,0.781535,2.073005,-5.074108,-0.641472,2.565881,4.725204,0.735090,-2.655113,-3.924548,0.678236,-2.649704,7.096866,-2.173905,0.000091,0.000000,0.000000,344.291472,265.119721,1
9.234000,2.222167,-0.154549,0.228986,0.477341,-0.012240,-0.489581,-0.630961,0.997259,-0.025571,-1.022830,0.864357,-3.103718,0.079583,3.183300,0.108312,0.726714,-0.018634,-0.745348,-0.979150,0.909638,-0.023324,-0.932962,0.128028,-3.060104,0.078464,3.138568,-0.394032,-0.916151,0.023491,0.939642,0.490064,0.027969,-0.000717,-0.028686,1.053798,-0.076768,0.001968,0.078736,-0.644297,-0.313866,0.008048,0.321914,0.648565,1.872813,-0.048021,-1.920834,-0.615146,-4.095650,0.105017,4.200667,0.665290,2.284005,-5.345903,-0.621589,2.381503,4.191670,0.563991,-2.680535,-4.315952,0.875412,-2.379196,6.358207,-1.923208,0.000084,0.000000,0.000000,344.374974,265.156799,1
9.242000,2.202100,-0.144110,0.232718,-0.263849,0.006765,0.270614,0.905843,0.362544,-0.009296,-0.371840,0.496481,-3.969055,0.101771,4.070826,0.742298,-0.068111,0.001746,0.069858,0.869728,0.220712,-0.005659,-0.226372,0.567459,-3.732989,0.095718,3.828706,0.131133,-1.375552,0.035271,1.410822,1.277032,-0.847270,0.021725,0.868995,1.493939,-1.280498,0.032833,1.313331,-1.198782,-1.317871,0.033792,1.351663,1.090645,0.205578,-0.005271,-0.210849,-0.733072,-1.885921,0.048357,1.934278,-0.908729,3.268489,-4.841158,0.268812,0.000000,0.000000,0.000000,-1.355923,-3.597949,1.089698,-2.366042,8.419986,-2.294997,0.000122,0.000000,0.000000,344.472603,265.196105,1
9.252000,2.201692,-0.143999,0.231937,-0.263849,0.006765,0.270614,0.909809,0.362544,-0.009296,-0.371840,0.486251,-3.969055,0.101771,4.070826,0.556143,-0.068111,0.001746,0.069858,0.880794,0.220712,-0.005659,-0.226372,0.546875,-3.732989,0.095718,3.828706,0.053416,-1.375552,0.035271,1.410822,1.247374,-0.847270,0.021725,0.868995,1.429639,-1.280498,0.032833,1.313331,-1.280181,-1.317871,0.033792,1.351663,0.928155,0.205578,-0.005271,-0.210849,-0.581507,-1.885921,0.048357,1.934278,0.073303,3.312494,-5.080279,0.197523,0.000000,0.000000,0.000000,-1.441063,-3.754573,1.143545,-2.464986,8.384891,-2.224448,0.000093,0.000000,0.000000,344.565435,265.249219,1
9.258000,2.201832,-0.143657,0.231390,-0.365968,0.009384,0.375352,1.013553,0.335307,-0.008598,-0.343905,0.202040,-4.053382,0.103933,4.157315,0.876806,-0.180477,0.004628,0.185105,1.021588,0.138635,-0.003555,-0.142190,0.567156,-3.754823,0.096278,3.851100,0.103577,-1.440892,0.036946,1.477838,1.206902,-0.926531,0.023757,0.950288,1.388793,-1.335026,0.034231,1.369257,-1.324252,-1.149904,0.029485,1.179389,0.600085,0.156153,-0.004004,-0.160157,-0.483467,-2.040170,0.052312,2.092482,0.421658,3.324644,-5.364464,0.122778,0.000000,0.000000,0.000000,-1.334084,-3.370147,1.078477,-2.438521,8.237563,-2.249845,0.000113,0.000000,0.000000,344.633522,265.293745,1
9.268000,2.201187,-0.143056,0.230134,-0.329917,0.008459,0.338377,0.965514,0.321646,-0.008247,-0.329893,0.222780,-4.027109,0.103259,4.130368,0.709512,-0.143242,0.003673,0.146914,0.981444,0.159936,-0.004101,-0.164037,0.611847,-3.775425,0.096806,3.872231,-0.113035,-1.413983,0.036256,1.450239,1.156225,-0.919094,0.023567,0.942661,1.342031,-1.343287,0.034443,1.377731,-1.402202,-1.268551,0.032527,1.301078,0.596788,0.194052,-0.004976,-0.199027,-0.358481,-1.779835,0.045637,1.825472,0.628918,3.520172,-5.751032,0.086937,0.000000,0.000000,0.000000,-1.478669,-3.688600,1.186557,-2.521742,8.340446,-2.269727,0.000109,0.000000,0.000000,344.742348,265.351703,1
9.274000,2.256468,-0.159874,0.243049,-1.723737,0.044198,1.767936,1.641749,-1.348980,0.034589,1.383569,0.518297,-5.362722,0.137506,5.500228,2.647845,-1.789060,0.045873,1.834933,1.585996,-1.553311,0.039828,1.593139,1.330962,-5.428347,0.139188,5.567536,1.205802,-2.100361,0.053855,2.154216,0.775417,-3.260815,0.083611,3.344426,1.368045,-3.414840,0.087560,3.502400,0.131925,-0.929006,0.023821,0.952827,-1.222113,0.425906,-0.010921,-0.436827,-0.103709,5.414771,-0.138840,-5.553612,-2.101820,2.325498,-3.790861,-0.586703,0.000000,0.000000,0.000000,-1.037109,-2.930144,1.115763,-1.971935,5.781553,-0.601315,0.000495,0.000000,0.000000,345.039454,265.634835,1
9.284000,2.259517,-0.161121,0.243160,-1.723737,0.044198,1.767936,1.841482,-1.348980,0.034589,1.383569,0.358607,-5.362722,0.137506,5.500228,2.056181,-1.789060,0.045873,1.834933,1.970141,-1.553311,0.039828,1.593139,1.396843,-5.428347,0.139188,5.567536,1.204096,-2.100361,0.053855,2.154216,1.162678,-3.260815,0.083611,3.344426,1.547063,-3.414840,0.087560,3.502400,-0.125062,-0.929006,0.023821,0.952827,-0.485496,0.425906,-0.010921,-0.436827,-0.134764,5.414771,-0.138840,-5.553612,-2.347094,2.603877,-4.216648,-0.687464,0.000000,0.000000,0.000000,-1.120845,-3.040188,1.147922,-2.079988,6.764382,-0.789056,0.000493,0.000000,0.000000,345.532239,266.109608,1
9.290000,2.232365,-0.144557,0.261056,4.862838,-0.124688,-4.987526,-3.552547,-0.506160,0.012978,0.519138,0.875935,7.285011,-0.186795,-7.471807,-4.086898,-3.304888,0.084741,3.389629,2.914110,-0.258804,0.006636,0.265440,0.729030,-4.444318,0.113957,4.558275,0.808226,-3.752576,0.096220,3.848796,2.622613,-1.497248,0.038391,1.535639,0.844580,-3.354949,0.086024,3.440973,0.499724,-1.851888,0.047484,1.899372,1.560042,0.039546,-0.001014,-0.040560,-0.023068,2.219442,-0.056909,-2.276351,-0.794380,2.466745,-6.066697,-0.444334,0.000000,0.000000,0.000000,0.000000,0.000000,0.000000,-2.745655,5.876122,-1.208258,0.000803,0.000000,0.000000,346.014326,266.591695,1
9.300000,2.233133,-0.144914,0.261589,4.862838,-0.124688,-4.987526,-3.883421,-0.506160,0.012978,0.519138,0.427696,7.285011,-0.186795,-7.471807,-3.713191,-3.304888,0.084741,3.389629,3.023988,-0.258804,0.006636,0.265440,0.880554,-4.444318,0.113957,4.558275,0.451916,-3.752576,0.096220,3.848796,2.674176,-1.497248,0.038391,1.535639,0.918061,-3.354949,0.086024,3.440973,0.144828,-1.851888,0.047484,1.899372,1.488896,0.039546,-0.001014,-0.040560,-0.023824,2.219442,-0.056909,-2.276351,-0.889016,2.880902,-6.956329,-0.484484,0.000000,0.000000,0.000000,0.000000,0.000000,0.000000,-2.927729,6.563454,-1.398321,0.000769,0.000000,0.000000,346.783646,267.361015,1
9.306000,2.229820,-0.148463,0.238051,0.069854,-0.001791,-0.071645,1.239342,-0.515678,0.013223,0.528900,-0.243759,0.123947,-0.003178,-0.127126,0.643953,-0.835775,0.021430,0.857205,1.228496,0.130946,-0.003358,-0.134304,1.078636,-2.745229,0.070390,2.815619,-0.822777,-1.159392,0.029728,1.189120,0.488599,-0.534431,0.013703,0.548134,0.460265,-2.364577,0.060630,2.425207,-0.806162,-1.521036,0.039001,1.560037,0.210360,-0.062353,0.001599,0.063952,-0.047133,2.513032,-0.064437,-2.577468,-0.333561,3.032681,-6.734357,-0.938654,0.000000,0.000000,0.000000,0.000000,0.000000,0.000000,-2.543759,7.421745,-1.574356,0.000078,0.000000,0.000000,346.830407,267.351146,1
9.316000,2.230316,-0.148856,0.236017,0.069854,-0.001791,-0.071645,0.969170,-0.515678,0.013223,0.528900,-0.131459,0.123947,-0.003178,-0.127126,0.332785,-0.835775,0.021430,0.857205,1.199065,0.130946,-0.003358,-0.134304,1.169636,-2.745229,0.070390,2.815619,-1.052073,-1.159392,0.029728,1.189120,0.409837,-0.534431,0.013703,0.548134,0.480819,-2.364577,0.060630,2.425207,-1.064181,-1.521036,0.039001,1.560037,0.287676,-0.062353,0.001599,0.063952,-0.065171,2.513032,-0.064437,-2.577468,-0.732236,3.224603,-7.172534,-1.031384,0.000000,0.000000,0.000000,0.000000,0.000000,0.000000,-2.650712,7.748971,-1.638123,0.000100,0.000000,0.000000,346.930411,267.333438,1
9.322000,2.247365,-0.146611,0.245207,0.276839,-0.007098,-0.283938,0.316248,0.205543,-0.005270,-0.210813,-0.381995,-1.350762,0.034635,1.385397,0.948206,0.117374,-0.003010,-0.120384,0.063963,-0.091468,0.002345,0.093813,1.323017,-1.676778,0.042994,1.719772,-1.062688,-0.106571,0.002733,0.109304,-0.464912,-0.573938,0.014716,0.588654,0.819210,-1.370765,0.035148,1.405913,-1.095427,-0.355581,0.009117,0.364698,-0.389222,-0.033580,0.000861,0.034441,-0.023961,0.936262,-0.024007,-0.960268,-0.186129,3.189886,-6.486464,-0.760732,0.000000,0.000000,0.000000,0.000000,0.000000,0.000000,-2.726699,7.526978,-1.541847,0.000058,0.000000,0.000000,346.965439,267.324561,1
9.332000,2.248686,-0.146381,0.242995,0.276839,-0.007098,-0.283938,0.258094,0.205543,-0.005270,-0.210813,-0.284293,-1.350762,0.034635,1.385397,0.777202,0.117374,-0.003010,-0.120384,0.086827,-0.091468,0.002345,0.093813,1.455819,-1.676778,0.042994,1.719772,-1.375693,-0.106571,0.002733,0.109304,-0.493469,-0.573938,0.014716,0.588654,0.799001,-1.370765,0.035148,1.405913,-1.279445,-0.355581,0.009117,0.364698,-0.316697,-0.033580,0.000861,0.034441,-0.018094,0.936262,-0.024007,-0.960268,-0.236239,3.365444,-6.976333,-0.881908,0.000000,0.000000,0.000000,0.000000,0.000000,0.000000,-2.807716,7.689573,-1.564267,0.000064,0.000000,0.000000,347.029328,267.300081,1
9.336000,2.243198,-0.154861,0.236840,1.125863,-0.028868,-1.154731,-0.178801,-0.300162,0.007696,0.307858,-0.125567,1.615756,-0.041430,-1.657186,-0.391599,-0.082694,0.002120,0.084814,0.239612,-0.153002,0.003923,0.156925,1.061205,-1.731253,0.044391,1.775644,-1.304078,-0.343474,0.008807,0.352281,-0.564562,-0.772353,0.019804,0.792157,0.403834,-1.332828,0.034175,1.367003,-1.442156,-0.619751,0.015891,0.635642,0.007132,-0.013658,0.000350,0.014008,-0.031845,1.737736,-0.044557,-1.782293,-0.565933,2.764565,-6.989511,-0.464957,0.000000,0.000000,0.000000,0.000000,0.000000,0.000000,-2.700925,6.630815,-1.556137,0.000069,0.000000,0.000000,347.056930,267.291482,1
9.346000,2.243284,-0.154863,0.234181,1.115816,-0.028611,-1.144427,-0.197327,-0.297496,0.007628,0.305124,-0.070092,1.590622,-0.040785,-1.631408,-0.528090,-0.082190,0.002107,0.084297,0.302096,-0.156134,0.004003,0.160137,1.155749,-1.727663,0.044299,1.771962,-1.550679,-0.342509,0.008782,0.351291,-0.565633,-0.774376,0.019856,0.794232,0.391370,-1.329946,0.034101,1.364048,-1.642553,-0.611942,0.015691,0.627633,0.005849,-0.013811,0.000354,0.014165,-0.024157,1.719276,-0.044084,-1.763360,-0.632290,2.897917,-7.382760,-0.520299,0.000000,0.000000,0.000000,0.000000,0.000000,0.000000,-2.737974,6.823206,-1.636711,0.000079,0.000000,0.000000,347.136290,267.266669,1
9.352000,2.284327,-0.172008,0.237393,0.462097,-0.011849,-0.473946,-0.020180,-0.228966,0.005871,0.234837,-0.042991,1.066045,-0.027334,-1.093379,-0.325015,-0.129064,0.003309,0.132373,0.436144,-0.437566,0.011220,0.448786,1.732430,-0.976208,0.025031,1.001239,-1.690218,-0.332096,0.008515,0.340612,-0.258902,-0.698994,0.017923,0.716917,0.934670,-1.099383,0.028189,1.127572,-1.184880,-0.490681,0.012582,0.503262,-0.193563,-0.027575,0.000707,0.028282,-0.027367,-0.578462,0.014832,0.593295,0.328050,3.373010,-6.239590,-1.351441,0.000000,0.000000,0.000000,0.000000,0.000000,0.000000,-2.614756,7.840509,-0.850203,0.000053,0.000000,0.000000,347.168028,267.259709,1
9.362000,2.286833,-0.173222,0.234426,0.462097,-0.011849,-0.473946,-0.012852,-0.228966,0.005871,0.234837,-0.024997,1.066045,-0.027334,-1.093379,-0.366617,-0.129064,0.003309,0.132373,0.506530,-0.437566,0.011220,0.448786,1.821196,-0.976208,0.025031,1.001239,-1.867697,-0.332096,0.008515,0.340612,-0.267256,-0.698994,0.017923,0.716917,0.933723,-1.099383,0.028189,1.127572,-1.343181,-0.490681,0.012582,0.503262,-0.142150,-0.027575,0.000707,0.028282,-0.028236,-0.578462,0.014832,0.593295,0.310655,3.485702,-6.454623,-1.484278,0.000000,0.000000,0.000000,0.000000,0.000000,0.000000,-2.680890,8.084885,-0.830125,0.000057,0.000000,0.000000,347.225017,267.245622,1
9.366000,2.285990,-0.168648,0.234961,0.243113,-0.006234,-0.249347,0.060655,-0.330933,0.008485,0.339419,-0.044253,2.231209,-0.057210,-2.288419,-0.765253,-0.028124,0.000721,0.028845,0.355427,-0.314850,0.008073,0.322924,1.690084,-0.972428,0.024934,0.997362,-1.828138,-0.190873,0.004894,0.195767,-0.494369,-0.475051,0.012181,0.487232,0.657025,-1.225576,0.031425,1.257001,-1.235552,0.127222,-0.003262,-0.130484,-0.522486,-0.338403,0.008677,0.347080,-0.018001,-0.349915,0.008972,0.358887,0.284248,3.304348,-6.493133,-1.267692,0.000000,0.000000,0.000000,0.000000,0.000000,0.000000,-2.662306,7.532014,-1.002989,0.000063,0.000000,0.000000,347.250245,267.242773,1
9.376000,2.287973,-0.169626,0.231881,0.243113,-0.006234,-0.249347,0.069632,-0.330933,0.008485,0.339419,-0.033090,2.231209,-0.057210,-2.288419,-0.888529,-0.028124,0.000721,0.028845,0.402266,-0.314850,0.008073,0.322924,1.773020,-0.972428,0.024934,0.997362,-1.975440,-0.190873,0.004894,0.195767,-0.533363,-0.475051,0.012181,0.487232,0.657658,-1.225576,0.031425,1.257001,-1.403172,0.127222,-0.003262,-0.130484,-0.562427,-0.338403,0.008677,0.347080,-0.013237,-0.349915,0.008972,0.358887,0.223973,3.395211,-6.666797,-1.370115,0.000000,0.000000,0.000000,0.000000,0.000000,0.000000,-2.728715,7.815844,-1.023247,0.000070,0.000000,0.000000,347.319878,267.234974,1
9.380000,2.283864,-0.163529,0.228398,0.547972,-0.014051,-0.562023,0.025335,-0.149629,0.003837,0.153465,-0.047917,2.618668,-0.067145,-2.685813,-0.815535,0.100039,-0.002565,-0.102604,0.329401,0.395606,-0.010144,-0.405750,1.358873,-1.778861,0.045612,1.824473,-1.846889,0.268686,-0.006889,-0.275575,-0.661207,0.536841,-0.013765,-0.550606,0.072882,-2.235165,0.057312,2.292477,-0.908520,0.209591,-0.005374,-0.214965,-1.012157,-0.281294,0.007213,0.288507,-0.014813,0.163849,-0.004201,-0.168050,0.220392,3.531430,-7.134483,-1.017998,0.000000,0.000000,0.000000,0.000000,0.000000,0.000000,-2.622585,7.378324,-1.554291,0.000087,0.000000,0.000000,347.354801,267.220772,1
9.390000,2.284958,-0.164068,0.225654,0.547972,-0.014051,-0.562023,0.002215,-0.149629,0.003837,0.153465,-0.046670,2.618668,-0.067145,-2.685813,-1.012306,0.100039,-0.002565,-0.102604,0.336153,0.395606,-0.010144,-0.405750,1.402749,-1.778861,0.045612,1.824473,-1.923516,0.268686,-0.006889,-0.275575,-0.756614,0.536841,-0.013765,-0.550606,0.059391,-2.235165,0.057312,2.292477,-1.068828,0.209591,-0.005374,-0.214965,-0.964643,-0.281294,0.007213,0.288507,-0.016719,0.163849,-0.004201,-0.168050,0.115802,3.592677,-7.236473,-1.067915,0.000000,0.000000,0.000000,0.000000,0.000000,0.000000,-2.712841,7.685155,-1.615943,0.000098,0.000000,0.000000,347.452436,267.185833,1
9.396000,2.291844,-0.166954,0.225865,0.050458,-0.001294,-0.051751,0.131808,-0.190152,0.004876,0.195027,-0.056496,3.915736,-0.100403,-4.016140,-1.640534,0.262680,-0.006735,-0.269415,0.294622,0.930843,-0.023868,-0.954710,1.317451,-1.707067,0.043771,1.750838,-2.001833,0.548270,-0.014058,-0.562328,-0.850249,1.521912,-0.039023,-1.560935,-0.276525,-2.848924,0.073049,2.921973,-0.792648,-0.566774,0.014533,0.581306,-0.592761,-0.368528,0.009449,0.377977,0.074834,1.147066,-0.029412,-1.176478,-0.049031,3.785805,-6.955641,-1.165851,0.000000,0.000000,0.000000,0.024191,-0.152966,0.116587,-2.610104,7.844703,-1.307260,0.000151,0.000000,0.000000,347.543065,267.186215,1
9.406000,2.293059,-0.167906,0.222944,0.050458,-0.001294,-0.051751,0.202740,-0.190152,0.004876,0.195027,-0.043670,3.915736,-0.100403,-4.016140,-1.784964,0.262680,-0.006735,-0.269415,0.337635,0.930843,-0.023868,-0.954710,1.357279,-1.707067,0.043771,1.750838,-2.049972,0.548270,-0.014058,-0.562328,-0.902515,1.521912,-0.039023,-1.560935,-0.281693,-2.848924,0.073049,2.921973,-0.938965,-0.566774,0.014533,0.581306,-0.457627,-0.368528,0.009449,0.377977,0.033643,1.147066,-0.029412,-1.176478,-0.214327,3.796443,-6.959884,-1.218449,0.000000,0.000000,0.000000,0.046499,-0.569734,0.402348,-2.693864,8.158443,-1.340587,0.000164,0.000000,0.000000,347.706918,267.189977,1
9.410000,2.295835,-0.163890,0.225481,-0.454773,0.011661,0.466434,0.651268,-0.121799,0.003123,0.124922,-0.047342,2.134090,-0.054720,-2.188811,-1.004642,0.396947,-0.010178,-0.407126,0.239221,1.288453,-0.033037,-1.321490,0.990374,-1.698513,0.043552,1.742064,-1.557621,0.934665,-0.023966,-0.958631,-1.261342,2.298691,-0.058941,-2.357631,-0.950090,-3.267940,0.083793,3.351734,-0.198861,-0.285459,0.007319,0.292779,-0.759822,-0.345319,0.008854,0.354174,0.125922,0.809075,-0.020746,-0.829821,-0.025493,3.498412,-6.112766,-0.634884,0.000000,0.000000,0.000000,-0.890424,-1.666830,0.285627,-2.288800,6.716734,-1.313645,0.000110,0.000000,0.000000,347.751047,267.193989,1
9.420000,2.296597,-0.164508,0.222995,-0.454773,0.011661,0.466434,0.583080,-0.121799,0.003123,0.124922,-0.169567,2.134090,-0.054720,-2.188811,-1.241688,0.396947,-0.010178,-0.407126,0.276367,1.288453,-0.033037,-1.321490,1.072375,-1.698513,0.043552,1.742064,-1.629984,0.934665,-0.023966,-0.958631,-1.293854,2.298691,-0.058941,-2.357631,-0.876077,-3.267940,0.083793,3.351734,-0.422143,-0.285459,0.007319,0.292779,-0.595826,-0.345319,0.008854,0.354174,0.076454,0.809075,-0.020746,-0.829821,-0.113785,3.758636,-6.117962,-0.472249,0.000000,0.000000,0.000000,-3.016495,-5.262120,0.626759,-2.302964,7.397557,-1.599568,0.000124,0.000000,0.000000,347.875015,267.198363,1
9.426000,2.303797,-0.160406,0.224609,-0.820173,0.021030,0.841203,0.657312,0.079921,-0.002049,-0.081970,-0.063692,0.824798,-0.021149,-0.845947,-1.370543,0.430204,-0.011031,-0.441234,0.217825,1.371202,-0.035159,-1.406361,1.072370,-1.924424,0.049344,1.973768,-1.342944,1.093752,-0.028045,-1.121797,-1.228962,2.544053,-0.065232,-2.609285,-0.603276,-3.644820,0.093457,3.738277,-0.479528,0.330022,-0.008462,-0.338484,-0.818600,-0.416013,0.010667,0.426680,0.092515,0.172467,-0.004422,-0.176889,0.089787,4.016420,-5.858220,-0.047913,-0.000292,0.067769,0.043340,-3.523382,-5.863538,0.449453,-2.024266,7.606460,-1.926213,0.000111,0.000000,0.000000,347.941317,267.191904,1
9.436000,2.304592,-0.160702,0.222543,-0.820173,0.021030,0.841203,0.751731,0.079921,-0.002049,-0.081970,0.139415,0.824798,-0.021149,-0.845947,-2.210173,0.430204,-0.011031,-0.441234,0.382391,1.371202,-0.035159,-1.406361,1.131272,-1.924424,0.049344,1.973768,-1.392911,1.093752,-0.028045,-1.121797,-1.138775,2.544053,-0.065232,-2.609285,-0.666390,-3.644820,0.093457,3.738277,-0.455869,0.330022,-0.008462,-0.338484,-0.767247,-0.416013,0.010667,0.426680,0.083225,0.172467,-0.004422,-0.176889,0.046061,3.970866,-5.646910,0.014988,0.013080,0.156686,0.093136,-3.160618,-5.971911,0.876106,-1.950606,7.684702,-2.022428,0.000120,0.000000,0.000000,348.061779,267.187712,1
9.442000,2.306745,-0.165440,0.221655,-0.721746,0.018506,0.740252,1.027334,0.229429,-0.005883,-0.235312,0.401859,0.223989,-0.005743,-0.229732,-2.680145,0.280845,-0.007201,-0.288046,0.593765,1.174653,-0.030119,-1.204773,1.079624,-2.089905,0.053587,2.143493,-1.003158,0.922652,-0.023658,-0.946310,-1.027014,2.238119,-0.057388,-2.295507,-0.731770,-3.652642,0.093657,3.746300,-0.211294,0.407156,-0.010440,-0.417596,-0.742552,-0.430856,0.011048,0.441904,0.134539,0.140120,-0.003593,-0.143713,0.033227,3.586293,-4.832075,0.001686,0.057849,0.164522,0.073482,-2.976097,-6.054429,1.149850,-1.806147,7.158066,-1.787050,0.000089,0.000000,0.000000,348.115241,267.187019,1
9.452000,2.308030,-0.166346,0.220256,-0.717930,0.018408,0.736338,1.177285,0.212120,-0.005439,-0.217559,0.468476,0.225649,-0.005786,-0.231435,-2.736572,0.285011,-0.007308,-0.292319,0.676388,1.154345,-0.029599,-1.183944,1.097038,-2.087323,0.053521,2.140844,-0.872972,0.931242,-0.023878,-0.955120,-0.956815,2.227381,-0.057112,-2.284493,-0.641783,-3.662226,0.093903,3.756129,-0.268926,0.409561,-0.010502,-0.420063,-0.732299,-0.432332,0.011085,0.443417,0.121059,0.139860,-0.003586,-0.143447,0.018884,3.470978,-4.597018,0.002895,0.137634,0.309221,0.122985,-2.638380,-5.608699,1.165122,-1.765819,7.492009,-1.936796,0.000087,0.000000,0.000000,348.202459,267.184632,1
9.460000,2.312146,-0.147612,0.226098,-0.764117,0.019593,0.783710,1.068941,0.975459,-0.025012,-1.000470,-0.011187,-1.976534,0.050680,2.027214,-0.900928,-0.193515,0.004962,0.198477,0.776348,1.219965,-0.031281,-1.251247,0.696351,-2.785800,0.071431,2.857230,0.067349,0.585450,-0.015012,-0.600462,-0.840818,2.154385,-0.055241,-2.209626,-0.916437,-3.934862,0.100894,4.035756,0.721584,1.003644,-0.025734,-1.029378,-0.889886,-0.434414,0.011139,0.445553,0.339940,-0.032751,0.000840,0.033590,0.016538,2.759699,-3.837538,0.198691,0.948141,1.173492,0.199306,-2.292841,-4.548961,0.816452,-1.745160,5.288725,-1.318151,0.000104,0.000000,0.000000,348.285684,267.224694,1
9.470000,2.312413,-0.146662,0.225336,-0.764117,0.019593,0.783710,1.062372,0.975459,-0.025012,-1.000470,-0.022545,-1.976534,0.050680,2.027214,-0.848198,-0.193515,0.004962,0.198477,0.757079,1.219965,-0.031281,-1.251247,0.782872,-2.785800,0.071431,2.857230,-0.029338,0.585450,-0.015012,-0.600462,-0.852953,2.154385,-0.055241,-2.209626,-0.783335,-3.934862,0.100894,4.035756,0.481538,1.003644,-0.025734,-1.029378,-0.845207,-0.434414,0.011139,0.445553,0.339932,-0.032751,0.000840,0.033590,0.003459,2.615871,-4.199847,-0.058524,3.497613,6.238279,1.764273,-2.336045,-4.566555,0.808274,-1.982821,5.618513,-1.318754,0.000090,0.000000,0.000000,348.375647,267.259000,1
9.476000,2.311236,-0.158228,0.222162,-0.902086,0.023130,0.925216,1.276190,0.833544,-0.021373,-0.854917,-0.188939,-1.671923,0.042870,1.714793,-0.652835,-0.307862,0.007894,0.315756,0.883463,1.326839,-0.034022,-1.360861,0.905400,-2.967295,0.076084,3.043380,-0.013882,0.462236,-0.011852,-0.474088,-0.848649,2.027674,-0.051992,-2.079666,-0.747852,-3.695942,0.094768,3.790710,0.220576,0.978474,-0.025089,-1.003563,-0.980280,-0.311570,0.007989,0.319559,0.230431,-0.001831,0.000047,0.001878,-0.008433,2.536930,-4.524532,-0.536956,4.447826,6.600613,1.834114,-2.316677,-4.309387,0.829095,-1.912033,6.195877,-1.356263,0.000079,0.000000,0.000000,348.422845,267.277471,1
9.486000,2.311178,-0.157566,0.221079,-0.902086,0.023130,0.925216,1.204841,0.833544,-0.021373,-0.854917,-0.215777,-1.671923,0.042870,1.714793,-0.813342,-0.307862,0.007894,0.315756,0.783539,1.326839,-0.034022,-1.360861,0.880377,-2.967295,0.076084,3.043380,-0.137255,0.462236,-0.011852,-0.474088,-0.901923,2.027674,-0.051992,-2.079666,-0.791159,-3.695942,0.094768,3.790710,0.064029,0.978474,-0.025089,-1.003563,-0.801143,-0.311570,0.007989,0.319559,0.740121,-0.001831,0.000047,0.001878,-0.675037,2.273181,-4.852053,-0.894075,3.545191,6.061867,1.963593,-2.711210,-4.757969,0.806906,-2.023894,5.548581,-0.965196,0.000079,0.000000,0.000000,348.501990,267.296382,1
9.494000,2.315786,-0.157192,0.223748,-0.879919,0.022562,0.902481,1.233915,0.750209,-0.019236,-0.769445,-0.181886,-1.847110,0.047362,1.894472,-0.837302,-0.332453,0.008524,0.340978,0.831624,1.302408,-0.033395,-1.335803,0.779843,-3.122785,0.080071,3.202857,-0.119218,0.397990,-0.010205,-0.408194,-0.761548,1.903705,-0.048813,-1.952518,-0.665653,-3.728997,0.095615,3.824612,0.064792,0.989710,-0.025377,-1.015087,-0.952434,-0.286604,0.007349,0.293952,0.153456,-0.017856,0.000458,0.018313,-0.013396,2.573963,-4.787692,-0.580196,4.157574,6.279074,1.339911,-2.203845,-4.532211,0.916604,-2.078831,6.416655,-1.298861,0.000074,0.000000,0.000000,348.561330,267.307560,1
9.504000,2.318969,-0.155947,0.225676,-0.797402,0.020446,0.817848,1.261285,1.112491,-0.028525,-1.141017,-0.132399,-2.040146,0.052311,2.092457,-0.844885,-0.258064,0.006617,0.264681,0.838965,1.395348,-0.035778,-1.431126,0.752072,-2.913671,0.074710,2.988381,-0.218073,0.515727,-0.013224,-0.528951,-0.638128,2.206889,-0.056587,-2.263476,-0.577636,-3.818423,0.097908,3.916331,0.022391,0.991084,-0.025412,-1.016496,-0.882152,-0.298883,0.007664,0.306547,0.138579,-0.016650,0.000427,0.017077,-0.001417,2.735127,-4.655462,-0.415442,4.011497,6.027633,1.032327,-2.032204,-4.631323,0.788901,-2.179313,7.068151,-1.544587,0.000076,0.000000,0.000000,348.637054,267.313367,1
9.510000,2.349208,-0.152414,0.233664,-0.971580,0.024912,0.996493,0.515920,0.846379,-0.021702,-0.868081,0.248055,-3.128654,0.080222,3.208875,-0.055854,-0.666347,0.017086,0.683433,0.410380,1.061962,-0.027230,-1.089192,0.511904,-3.579770,0.091789,3.671559,0.078867,0.137129,-0.003516,-0.140645,-0.112534,1.577017,-0.040436,-1.617453,-0.453000,-3.854144,0.098824,3.952968,1.059921,0.336012,-0.008616,-0.344628,-0.019435,0.517379,-0.013266,-0.530645,0.267345,-3.123038,0.080078,3.203116,0.499950,2.193922,-4.953344,-1.048208,2.473796,5.396077,1.409416,-2.445946,-3.356257,-0.121085,-1.460650,3.789791,-0.364665,0.000087,0.000000,0.000000,348.689402,267.352586,1
9.520000,2.350585,-0.152019,0.234129,-0.971580,0.024912,0.996493,0.490325,0.846379,-0.021702,-0.868081,0.174597,-3.128654,0.080222,3.208875,-0.027746,-0.666347,0.017086,0.683433,0.387978,1.061962,-0.027230,-1.089192,0.521889,-3.579770,0.091789,3.671559,-0.021319,0.137129,-0.003516,-0.140645,-0.126902,1.577017,-0.040436,-1.617453,-0.475327,-3.854144,0.098824,3.952968,0.986656,0.336012,-0.008616,-0.344628,-0.016119,0.517379,-0.013266,-0.530645,0.297175,-3.123038,0.080078,3.203116,0.371462,2.174675,-5.111379,-1.140016,2.445000,5.432129,1.424337,-2.746013,-3.982296,-0.001063,-1.511224,3.820327,-0.326421,0.000077,0.000000,0.000000,348.766212,267.408497,1
9.528000,2.335051,-0.151670,0.255246,-0.587385,0.015061,0.602446,-0.730989,0.290838,-0.007457,-0.298295,-0.061417,-2.809860,0.072048,2.881907,0.522841,-0.338056,0.008668,0.346724,2.382457,0.195402,-0.005010,-0.200412,-0.332469,-2.860818,0.073354,2.934173,1.159950,0.329486,-0.008448,-0.337934,-0.863327,1.069505,-0.027423,-1.096928,-0.900981,-3.709227,0.095108,3.804335,0.879994,0.377050,-0.009668,-0.386718,-0.688648,0.338000,-0.008667,-0.346667,0.507327,-3.687963,0.094563,3.782526,-0.599975,0.000000,0.000000,0.000000,2.632811,6.937134,2.311600,-3.716115,-4.157766,-0.544102,0.000000,0.000000,0.000000,0.000136,0.000000,0.000000,348.875021,267.471135,1
9.538000,2.334937,-0.151416,0.255565,-0.587385,0.015061,0.602446,-0.676055,0.290838,-0.007457,-0.298295,0.036116,-2.809860,0.072048,2.881907,0.126686,-0.338056,0.008668,0.346724,1.679788,0.195402,-0.005010,-0.200412,-0.235599,-2.860818,0.073354,2.934173,1.239051,0.329486,-0.008448,-0.337934,-0.439291,1.069505,-0.027423,-1.096928,-0.793341,-3.709227,0.095108,3.804335,1.391691,0.377050,-0.009668,-0.386718,-0.570159,0.338000,-0.008667,-0.346667,0.268886,-3.687963,0.094563,3.782526,-0.482569,0.000000,0.000000,0.000000,2.728868,6.595721,2.058211,-3.984303,-4.888519,-0.371617,0.000000,0.000000,0.000000,0.000135,0.000000,0.000000,349.010027,267.559408,1
9.540000,2.339328,-0.159212,0.236662,-0.921764,0.023635,0.945399,-0.780231,-0.003200,0.000082,0.003282,1.014318,-1.702555,0.043655,1.746210,-0.605320,-0.530062,0.013591,0.543653,-2.873303,0.154154,-0.003953,-0.158107,-0.254918,-1.888024,0.048411,1.936435,4.161600,0.106194,-0.002723,-0.108917,0.849130,1.069230,-0.027416,-1.096647,-0.624035,-0.856864,0.021971,0.878835,1.024300,-0.320148,0.008209,0.328357,-0.090964,-0.263639,0.006760,0.270399,0.617394,-1.682501,0.043141,1.725642,-0.926003,0.454435,-0.360866,0.130121,2.944697,6.629409,2.017360,-3.972932,-5.142872,0.005940,0.000000,0.000000,0.000000,0.000149,0.000000,0.000000,349.039888,267.568962,1
9.550000,2.339605,-0.159524,0.234517,-0.921764,0.023635,0.945399,-0.414231,-0.003200,0.000082,0.003282,1.073358,-1.702555,0.043655,1.746210,-0.953661,-0.530062,0.013591,0.543653,-1.770326,0.154154,-0.003953,-0.158107,-0.139995,-1.888024,0.048411,1.936435,2.328192,0.106194,-0.002723,-0.108917,0.942557,1.069230,-0.027416,-1.096647,-0.636028,-0.856864,0.021971,0.878835,0.725113,-0.320148,0.008209,0.328357,0.350218,-0.263639,0.006760,0.270399,0.532309,-1.682501,0.043141,1.725642,-1.148486,4.533457,-4.762388,0.747541,3.082199,6.899051,2.105275,-4.458643,-5.707708,-0.023393,0.000000,0.000000,0.000000,0.000112,0.000000,0.000000,349.152204,267.579200,1
9.556000,2.352219,-0.153464,0.245165,0.639669,-0.016402,-0.656071,-0.451521,-0.786775,0.020174,0.806948,0.961111,-1.751572,0.044912,1.796484,-0.405660,-2.216390,0.056831,2.273221,-0.712508,-0.367861,0.009432,0.377293,0.097478,2.898225,-0.074313,-2.972538,-0.452487,-1.407487,0.036089,1.443577,1.855449,0.180116,-0.004618,-0.184734,-0.266020,-3.277563,0.084040,3.361603,1.638147,0.958000,-0.024564,-0.982564,0.155089,-1.274925,0.032690,1.307615,0.760605,-1.205191,0.030902,1.236093,-0.840771,0.000000,0.000000,0.000000,3.518602,5.894277,0.946930,-2.877043,-5.675233,0.983539,0.000000,0.000000,0.000000,0.000152,0.000000,0.000000,349.243541,267.628055,1
9.566000,2.353070,-0.153871,0.242952,0.635654,-0.016299,-0.651952,-0.438898,-0.781536,0.020039,0.801576,1.142752,-1.738025,0.044565,1.782590,-0.895012,-2.313261,0.059314,2.372575,-0.032516,-0.380067,0.009745,0.389812,0.052021,2.987159,-0.076594,-3.063753,-0.943981,-1.342028,0.034411,1.376439,1.826767,0.185246,-0.004750,-0.189996,-0.204889,-3.211540,0.082347,3.293887,1.644393,0.957016,-0.024539,-0.981555,0.208507,-1.259693,0.032300,1.291993,0.808318,-1.214699,0.031146,1.245845,-1.166788,0.000000,0.000000,0.000000,3.690213,6.535605,1.165562,-3.355826,-6.509240,1.124664,0.000000,0.000000,0.000000,0.000165,0.000000,0.000000,349.408137,267.726034,1
9.572000,2.354403,-0.161342,0.241452,-0.022993,0.000590,0.023582,-0.183007,-0.520966,0.013358,0.534324,1.196752,-1.339181,0.034338,1.373519,-1.228019,-1.055017,0.027052,1.082068,-0.117754,-0.130442,0.003345,0.133787,-0.044650,0.849488,-0.021782,-0.871270,-0.217252,-0.312137,0.008004,0.320140,1.260927,0.426153,-0.010927,-0.437080,-0.156422,-0.211798,0.005431,0.217229,0.381180,0.277159,-0.007107,-0.284266,0.362835,-0.948630,0.024324,0.972954,0.771723,-0.990177,0.025389,1.015567,-1.271451,0.000000,0.000000,0.000000,3.371269,6.698938,1.589111,-3.826964,-6.231677,0.439298,0.000000,0.000000,0.000000,0.000054,0.000000,0.000000,349.440256,267.719527,1
9.582000,2.354947,-0.161615,0.238971,-0.022993,0.000590,0.023582,-0.196972,-0.520966,0.013358,0.534324,1.307587,-1.339181,0.034338,1.373519,-1.533734,-1.055017,0.027052,1.082068,0.006188,-0.130442,0.003345,0.133787,-0.030497,0.849488,-0.021782,-0.871270,-0.251239,-0.312137,0.008004,0.320140,1.117401,0.426153,-0.010927,-0.437080,-0.187643,-0.211798,0.005431,0.217229,0.243133,0.277159,-0.007107,-0.284266,0.395684,-0.948630,0.024324,0.972954,0.789537,-0.990177,0.025389,1.015567,-1.524024,0.000000,0.000000,0.000000,3.511980,7.004731,1.682025,-4.071908,-6.717527,0.524534,0.000000,0.000000,0.000000,0.000060,0.000000,0.000000,349.499862,267.703622,1
9.586000,2.373412,-0.153778,0.242159,-0.159049,0.004078,0.163127,-0.130631,-0.501821,0.012867,0.514688,1.428348,-0.999134,0.025619,1.024753,-1.604032,-0.513701,0.013172,0.526873,0.116634,-0.127154,0.003260,0.130415,-0.044617,-0.284909,0.007305,0.292215,-0.042076,0.218515,-0.005603,-0.224118,0.189796,0.488461,-0.012525,-0.500986,-0.240755,0.991886,-0.025433,-1.017319,-0.268965,0.121539,-0.003116,-0.124656,0.336062,-0.885903,0.022715,0.908619,0.932042,-0.778319,0.019957,0.798276,-1.304716,0.000000,0.000000,0.000000,3.420097,7.107369,1.288671,-4.107511,-6.020521,0.654331,0.000000,0.000000,0.000000,0.000048,0.000000,0.000000,349.519249,267.700536,1
9.596000,2.374920,-0.153603,0.239621,-0.159049,0.004078,0.163127,-0.145400,-0.501821,0.012867,0.514688,1.508149,-0.999134,0.025619,1.024753,-1.819079,-0.513701,0.013172,0.526873,0.049467,-0.127154,0.003260,0.130415,-0.035153,-0.284909,0.007305,0.292215,0.022993,0.218515,-0.005603,-0.224118,0.211871,0.488461,-0.012525,-0.500986,-0.261054,0.991886,-0.025433,-1.017319,-0.293584,0.121539,-0.003116,-0.124656,0.378709,-0.885903,0.022715,0.908619,0.945548,-0.778319,0.019957,0.798276,-1.511902,0.000000,0.000000,0.000000,3.572747,7.384503,1.311756,-4.266379,-6.347354,0.775748,0.000000,0.000000,0.000000,0.000053,0.000000,0.000000,349.572165,267.689572,1
9.600000,2.373501,-0.158633,0.232756,-0.038763,0.000994,0.039757,-0.357634,-0.206801,0.005303,0.212103,1.664499,-0.808830,0.020739,0.829569,-2.058753,-0.973182,0.024953,0.998135,0.185789,-0.115474,0.002961,0.118435,-0.041532,1.411896,-0.036202,-1.448099,-0.437919,0.364410,-0.009344,-0.373753,0.235135,0.146548,-0.003758,-0.150305,-0.057942,0.253559,-0.006502,-0.260060,0.010043,0.159992,-0.004102,-0.164094,0.643323,-0.311267,0.007981,0.319249,0.519160,-0.986456,0.025294,1.011750,-1.498579,0.000000,0.000000,0.000000,3.518713,6.942811,1.632115,-4.196272,-6.483228,0.560752,0.000000,0.000000,0.000000,0.000048,0.000000,0.000000,349.591311,267.681203,1
9.610000,2.374361,-0.158672,0.229525,-0.038763,0.000994,0.039757,-0.368481,-0.206801,0.005303,0.212103,1.720842,-0.808830,0.020739,0.829569,-2.209516,-0.973182,0.024953,0.998135,0.205864,-0.115474,0.002961,0.118435,-0.029874,1.411896,-0.036202,-1.448099,-0.509884,0.364410,-0.009344,-0.373753,0.218770,0.146548,-0.003758,-0.150305,-0.081083,0.253559,-0.006502,-0.260060,0.001337,0.159992,-0.004102,-0.164094,0.714905,-0.311267,0.007981,0.319249,0.487810,-0.986456,0.025294,1.011750,-1.660842,0.000000,0.000000,0.000000,3.597610,7.064404,1.655037,-4.274750,-6.677480,0.636149,0.000000,0.000000,0.000000,0.000052,0.000000,0.000000,349.643387,267.658662,1
9.614000,2.385844,-0.155212,0.230487,-0.034406,0.000882,0.035289,-0.272144,-0.110078,0.002823,0.112900,1.595692,-0.684687,0.017556,0.702243,-2.130432,-0.559732,0.014352,0.574084,-0.003757,-0.071495,0.001833,0.073328,-0.023014,1.034470,-0.026525,-1.060995,-0.106516,0.189778,-0.004866,-0.194644,0.625914,-0.041711,0.001070,0.042780,-0.000247,-0.347368,0.008907,0.356274,0.242016,0.201790,-0.005174,-0.206964,0.473546,-0.220141,0.005645,0.225786,0.569880,-0.928081,0.023797,0.951878,-1.371704,0.000000,0.000000,0.000000,3.566692,7.036229,1.576791,-4.290919,-6.257575,0.712671,0.000000,0.000000,0.000000,0.000035,0.000000,0.000000,349.657560,267.648554,1
9.624000,2.389220,-0.155903,0.228202,-0.147569,0.003784,0.151352,-0.130391,-0.216101,0.005541,0.221642,1.694409,-0.656887,0.016843,0.673730,-2.261362,-0.373459,0.009576,0.383035,-0.005621,-0.070950,0.001819,0.072769,-0.027687,0.229357,-0.005881,-0.235238,0.011712,-0.030263,0.000776,0.031039,0.626910,-0.003020,0.000077,0.003097,-0.042049,-0.305242,0.007827,0.313068,0.136631,0.095281,-0.002443,-0.097725,0.665076,-0.342837,0.008791,0.351627,0.619482,-0.884449,0.022678,0.907127,-1.514625,0.000000,0.000000,0.000000,3.732574,7.160398,1.609643,-4.341332,-6.375912,0.698099,0.000000,0.000000,0.000000,0.000036,0.000000,0.000000,349.694009,267.625217,1
9.628000,2.387211,-0.154743,0.226665,-0.274143,0.007029,0.281173,-0.176563,0.418914,-0.010741,-0.429655,1.519409,-1.141056,0.029258,1.170314,-2.385321,-1.546074,0.039643,1.585717,0.091812,-0.101963,0.002614,0.104577,-0.061268,4.930795,-0.126431,-5.057226,-1.228330,1.123278,-0.028802,-1.152080,0.404274,0.052139,-0.001337,-0.053475,-0.000012,0.902482,-0.023141,-0.925622,0.193731,-0.171361,0.004394,0.175755,0.809379,0.638361,-0.016368,-0.654730,0.087049,-1.914351,0.049086,1.963437,-1.330078,0.000000,0.000000,0.000000,3.746113,7.607012,1.618770,-4.607273,-7.045951,1.103710,0.000000,0.000000,0.000000,0.000133,0.000000,0.000000,349.747264,267.623960,1
9.638000,2.388059,-0.154381,0.223299,-0.274143,0.007029,0.281173,-0.178501,0.418914,-0.010741,-0.429655,1.547819,-1.141056,0.029258,1.170314,-2.475090,-1.546074,0.039643,1.585717,0.265804,-0.101963,0.002614,0.104577,-0.077218,4.930795,-0.126431,-5.057226,-1.831721,1.123278,-0.028802,-1.152080,0.186621,0.052139,-0.001337,-0.053475,-0.023243,0.902482,-0.023141,-0.925622,-0.031105,-0.171361,0.004394,0.175755,0.897332,0.638361,-0.016368,-0.654730,0.040646,-1.914351,0.049086,1.963437,-1.470139,0.000000,0.000000,0.000000,3.796415,7.586134,1.563959,-4.674298,-7.082834,1.121237,0.000000,0.000000,0.000000,0.000166,0.000000,0.000000,349.913471,267.655206,1
9.644000,2.402660,-0.157821,0.227306,-0.230764,0.005917,0.236681,-0.105241,0.527104,-0.013515,-0.540620,1.307418,-1.792317,0.045957,1.838274,-1.709992,-0.038007,0.000975,0.038981,-0.304380,-0.014757,0.000378,0.015135,-0.057389,2.687325,-0.068906,-2.756231,-1.042872,-0.338727,0.008685,0.347412,1.071011,0.007162,-0.000184,-0.007345,-0.024048,-1.415717,0.036300,1.452018,0.743004,-0.527359,0.013522,0.540881,1.065382,1.120649,-0.028735,-1.149384,-0.246402,-2.836632,0.072734,2.909366,-0.567764,0.000000,0.000000,0.000000,3.271057,6.514681,1.332489,-4.203772,-6.292696,0.922920,-0.013154,0.021675,-0.006642,0.000107,0.000000,0.000000,349.977820,267.653077,1
9.654000,2.403491,-0.158155,0.224653,-0.234983,0.006025,0.241008,-0.091500,0.549972,-0.014102,-0.564074,1.358388,-1.792010,0.045949,1.837959,-1.794726,-0.035566,0.000912,0.036478,-0.311410,-0.014575,0.000374,0.014949,-0.043590,2.645658,-0.067837,-2.713496,-1.099691,-0.299501,0.007680,0.307181,1.003941,0.008115,-0.000208,-0.008323,-0.024819,-1.317408,0.033780,1.351188,0.697083,-0.529123,0.013567,0.542690,1.163662,1.135689,-0.029120,-1.164809,-0.235067,-2.823179,0.072389,2.895568,-0.746636,0.000000,0.000000,0.000000,3.462265,6.938814,1.445137,-4.270194,-6.464397,0.990720,0.015384,0.109946,-0.075652,0.000114,0.000000,0.000000,350.091826,267.641867,1
9.660000,2.405080,-0.155638,0.225689,-0.491764,0.012609,0.504373,-0.035781,1.240762,-0.031814,-1.272576,0.988364,-2.008088,0.051489,2.059577,-1.449873,-0.637290,0.016341,0.653631,-0.205874,0.108317,-0.002777,-0.111095,-0.089715,2.471839,-0.063380,-2.535220,-1.053944,0.426014,-0.010923,-0.436938,0.870018,0.006075,-0.000156,-0.006231,-0.065094,1.107813,-0.028405,-1.136218,-0.152253,-0.975272,0.025007,1.000279,1.433333,2.072568,-0.053143,-2.125711,-0.820615,-3.258726,0.083557,3.342283,-0.301424,0.045368,-1.353056,-0.686957,3.235051,6.804998,1.483612,-4.181698,-5.892215,0.693373,0.000000,0.000000,0.000000,0.000118,0.000000,0.000000,350.162732,267.643363,1
9.670000,2.405817,-0.155264,0.223201,-0.491764,0.012609,0.504373,-0.023818,1.240762,-0.031814,-1.272576,1.062786,-2.008088,0.051489,2.059577,-1.535773,-0.637290,0.016341,0.653631,-0.108248,0.108317,-0.002777,-0.111095,-0.172340,2.471839,-0.063380,-2.535220,-1.306356,0.426014,-0.010923,-0.436938,0.677501,0.006075,-0.000156,-0.006231,-0.043009,1.107813,-0.028405,-1.136218,-0.258840,-0.975272,0.025007,1.000279,1.510257,2.072568,-0.053143,-2.125711,-0.741332,-3.258726,0.083557,3.342283,-0.553285,1.352420,-4.744663,-1.224384,3.381431,7.424559,1.713050,-4.348865,-5.895826,0.606629,0.000000,0.000000,0.000000,0.000135,0.000000,0.000000,350.297287,267.643047,1
9.676000,2.407226,-0.156021,0.225972,-0.414893,0.010638,0.425532,-0.135094,1.221061,-0.031309,-1.252371,0.875846,-2.087950,0.053537,2.141487,-1.266006,-0.304099,0.007797,0.311896,-0.337097,0.329614,-0.008452,-0.338065,0.175761,1.488812,-0.038175,-1.526987,-2.074517,0.110033,-0.002821,-0.112855,0.632489,-0.001239,0.000032,0.001270,-0.019981,0.521680,-0.013376,-0.535056,0.013768,-1.008094,0.025849,1.033942,1.223867,2.250163,-0.057696,-2.307860,-0.621403,-3.569077,0.091515,3.660592,-0.486871,1.348602,-5.048833,-1.145563,3.150119,7.339455,1.873404,-4.283783,-5.235887,0.098975,0.000000,0.000000,0.000000,0.000118,0.000000,0.000000,350.367837,267.642904,1
9.686000,2.407592,-0.155921,0.224084,-0.414893,0.010638,0.425532,-0.185768,1.221061,-0.031309,-1.252371,0.899620,-2.087950,0.053537,2.141487,-1.267546,-0.304099,0.007797,0.311896,-0.429733,0.329614,-0.008452,-0.338065,0.297258,1.488812,-0.038175,-1.526987,-2.475712,0.110033,-0.002821,-0.112855,0.547683,-0.001239,0.000032,0.001270,-0.015041,0.521680,-0.013376,-0.535056,-0.024672,-1.008094,0.025849,1.033942,1.214233,2.250163,-0.057696,-2.307860,-0.618274,-3.569077,0.091515,3.660592,-0.548425,1.217131,-5.005967,-1.264406,3.154453,7.498132,1.964402,-4.181784,-5.120272,0.107097,0.000000,0.000000,0.000000,0.000127,0.000000,0.000000,350.494836,267.645423,1
9.690000,2.423848,-0.153927,0.226440,-0.356788,0.009148,0.365936,-0.176673,1.203460,-0.030858,-1.234318,1.018966,-2.131238,0.054647,2.185885,-1.072716,-0.300000,0.007692,0.307692,-0.448207,0.843870,-0.021638,-0.865507,0.287662,0.156163,-0.004004,-0.160168,-2.316191,-0.169952,0.004358,0.174310,0.637129,-0.006075,0.000156,0.006231,-0.002549,0.105506,-0.002705,-0.108211,0.044882,-1.042431,0.026729,1.069160,1.356489,2.412868,-0.061868,-2.474736,-0.811683,-3.827539,0.098142,3.925681,-0.033064,1.991827,-6.758101,-1.581359,2.929714,6.984611,1.515336,-4.100270,-4.524456,0.192125,0.000000,0.000000,0.000000,0.000081,0.000000,0.000000,350.527356,267.644432,1
9.700000,2.424767,-0.153737,0.224874,-0.356788,0.009148,0.365936,-0.233613,1.203460,-0.030858,-1.234318,1.031340,-2.131238,0.054647,2.185885,-0.981059,-0.300000,0.007692,0.307692,-0.577207,0.843870,-0.021638,-0.865507,0.455245,0.156163,-0.004004,-0.160168,-2.692559,-0.169952,0.004358,0.174310,0.593942,-0.006075,0.000156,0.006231,-0.007307,0.105506,-0.002705,-0.108211,0.027186,-1.042431,0.026729,1.069160,1.309392,2.412868,-0.061868,-2.474736,-0.729026,-3.827539,0.098142,3.925681,-0.112401,1.721210,-6.371293,-1.640818,2.935925,7.336952,1.691696,-3.931182,-4.289231,0.168136,0.000000,0.000000,0.000000,0.000083,0.000000,0.000000,350.609933,267.636633,1
9.708000,2.422107,-0.157075,0.222318,-0.163258,0.004186,0.167444,-0.394714,1.232443,-0.031601,-1.264045,0.796838,-2.401800,0.061585,2.463385,-0.273377,-0.110018,0.002821,0.112839,-0.754674,1.076523,-0.027603,-1.104126,0.333352,-0.708489,0.018166,0.726655,-1.990522,-0.484914,0.012434,0.497348,0.730220,-0.015821,0.000406,0.016226,-0.002883,0.191867,-0.004920,-0.196787,0.013216,-0.906092,0.023233,0.929325,1.146632,2.363241,-0.060596,-2.423837,-0.538049,-3.875253,0.099365,3.974619,-0.157440,1.334809,-5.191763,-1.367182,2.722467,7.007599,1.828496,-3.477153,-3.750774,-0.053624,-0.045885,0.223718,-0.100816,0.000070,0.000000,0.000000,350.665995,267.624297,1
9.718000,2.422210,-0.157484,0.221077,-0.163258,0.004186,0.167444,-0.427880,1.232443,-0.031601,-1.264045,0.822076,-2.401800,0.061585,2.463385,-0.354522,-0.110018,0.002821,0.112839,-0.815329,1.076523,-0.027603,-1.104126,0.223023,-0.708489,0.018166,0.726655,-1.888792,-0.484914,0.012434,0.497348,0.767001,-0.015821,0.000406,0.016226,-0.002985,0.191867,-0.004920,-0.196787,0.005506,-0.906092,0.023233,0.929325,1.134584,2.363241,-0.060596,-2.423837,-0.596159,-3.875253,0.099365,3.974619,-0.163564,1.214458,-4.954969,-1.367978,2.706234,7.038239,1.874194,-3.463038,-3.931994,0.061737,-0.095660,0.428931,-0.190643,0.000072,0.000000,0.000000,350.738264,267.609645,1
9.724000,2.440975,-0.182777,0.239397,1.117735,-0.028660,-1.146395,-1.475054,2.289436,-0.058703,-2.348140,-0.170985,-4.176238,0.107083,4.283321,1.515505,1.215630,-0.031170,-1.246800,-1.603646,2.508191,-0.064313,-2.572504,-1.091150,-3.989570,0.102297,4.091867,1.151402,-1.894923,0.048588,1.943511,1.621337,0.011353,-0.000291,-0.011644,0.258410,-0.081607,0.002092,0.083700,0.047872,0.017075,-0.000438,-0.017513,0.286750,2.505613,-0.064246,-2.569860,-1.772484,-3.466826,0.088893,3.555719,2.166332,1.614816,-3.461768,-0.644563,1.466561,0.995825,-0.554516,-2.950464,-2.237972,-0.761465,-0.980208,0.890618,0.111222,0.000335,0.000000,0.000000,350.939400,267.810685,1
9.734000,2.441642,-0.184107,0.240085,1.117735,-0.028660,-1.146395,-1.395675,2.289436,-0.058703,-2.348140,0.232696,-4.176238,0.107083,4.283321,1.172087,1.215630,-0.031170,-1.246800,-1.465396,2.508191,-0.064313,-2.572504,-0.810698,-3.989570,0.102297,4.091867,0.828432,-1.894923,0.048588,1.943511,1.541564,0.011353,-0.000291,-0.011644,0.159413,-0.081607,0.002092,0.083700,0.011901,0.017075,-0.000438,-0.017513,0.442759,2.505613,-0.064246,-2.569860,-1.434935,-3.466826,0.088893,3.555719,1.689341,2.026695,-3.871764,-0.571252,1.818779,2.440864,0.062813,-2.837854,-3.020184,-0.303292,-1.420005,1.403519,0.122199,0.000272,0.000000,0.000000,351.211103,268.071268,1
9.742000,2.437017,-0.170140,0.234338,1.231760,-0.031584,-1.263343,-0.811288,1.050084,-0.026925,-1.077009,-0.986230,0.132317,-0.003393,-0.135709,0.010984,1.892134,-0.048516,-1.940650,-1.278347,1.333955,-0.034204,-1.368159,-0.231074,-2.394351,0.061394,2.455745,-1.002649,-3.293284,0.084443,3.377727,0.272665,-0.008882,0.000228,0.009110,0.998166,-0.265973,0.006820,0.272793,-1.410474,1.661632,-0.042606,-1.704238,-1.328935,-0.128873,0.003304,0.132177,0.302779,-0.877861,0.022509,0.900370,-0.126539,3.559844,-7.347993,-0.773635,0.000000,0.000000,0.000000,0.000000,0.000000,0.000000,-4.650812,7.727742,-0.731621,0.000111,0.000000,0.000000,351.299755,268.112520,1
9.752000,2.439258,-0.169328,0.240597,3.667435,-0.094037,-3.761472,-3.454245,0.643312,-0.016495,-0.659807,-0.586459,4.779696,-0.122556,-4.902252,-2.732803,0.873366,-0.022394,-0.895760,-0.796679,2.631331,-0.067470,-2.698801,-0.104257,-2.578747,0.066122,2.644868,-1.300472,-2.527411,0.064805,2.592216,0.365230,0.712337,-0.018265,-0.730602,0.437350,-0.056270,0.001443,0.057713,-1.039284,1.756857,-0.045048,-1.801905,-1.286285,-1.845049,0.047309,1.892358,1.027923,1.744183,-0.044723,-1.788906,-1.054186,3.511389,-7.405254,-0.601760,0.000000,0.000000,0.000000,0.000000,0.000000,0.000000,-3.618095,6.163957,-0.678598,0.000387,0.000000,0.000000,351.686620,268.423004,1
9.758000,2.446895,-0.170283,0.241749,-1.338017,0.034308,1.372325,1.153889,0.550159,-0.014107,-0.564265,-0.538314,-2.189817,0.056149,2.245966,0.985427,2.147881,-0.055074,-2.202955,-0.636383,0.797505,-0.020449,-0.817954,0.331963,-1.022220,0.026211,1.048431,-1.299477,0.165233,-0.004237,-0.169470,-0.439460,0.518623,-0.013298,-0.531921,0.130754,-1.136382,0.029138,1.165520,-0.723198,0.418891,-0.010741,-0.429631,-0.943940,-0.364980,0.009358,0.374339,0.007423,0.799657,-0.020504,-0.820161,-0.885909,3.313414,-5.712682,0.072345,0.000000,0.000000,0.000000,0.000000,0.000000,0.000000,-2.303098,6.482203,-1.444134,0.000093,0.000000,0.000000,351.742170,268.447996,1
9.768000,2.447035,-0.170577,0.239860,-1.338017,0.034308,1.372325,1.230056,0.550159,-0.014107,-0.564265,-0.441693,-2.189817,0.056149,2.245966,1.016096,2.147881,-0.055074,-2.202955,-0.712346,0.797505,-0.020449,-0.817954,0.414087,-1.022220,0.026211,1.048431,-1.498621,0.165233,-0.004237,-0.169470,-0.547082,0.518623,-0.013298,-0.531921,0.193822,-1.136382,0.029138,1.165520,-0.978638,0.418891,-0.010741,-0.429631,-0.931961,-0.364980,0.009358,0.374339,0.034804,0.799657,-0.020504,-0.820161,-0.537285,3.470290,-6.194348,-0.024174,0.000000,0.000000,0.000000,0.000000,0.000000,0.000000,-2.566581,7.129963,-1.559864,0.000099,0.000000,0.000000,351.841060,268.483814,1
9.774000,2.455530,-0.160375,0.242418,-0.074321,0.001906,0.076226,2.420073,-0.051072,0.001310,0.052382,-0.021090,1.703566,-0.043681,-1.747247,-0.362323,0.550641,-0.014119,-0.564760,0.280331,-1.782427,0.045703,1.828130,0.961861,-0.503113,0.012900,0.516013,-0.502859,0.764717,-0.019608,-0.784325,-0.671365,-1.013706,0.025992,1.039699,0.017587,-2.339030,0.059975,2.399005,0.038780,-0.611564,0.015681,0.627245,-1.454273,-0.003903,0.000100,0.004003,-0.213672,1.997109,-0.051208,-2.048317,-0.670833,2.034639,-4.165508,-0.241682,0.000000,0.000000,0.000000,0.000000,0.000000,0.000000,-1.666700,5.604699,-1.084375,0.000059,0.000000,0.000000,351.876579,268.503350,1
9.784000,2.457373,-0.160104,0.240910,-0.074321,0.001906,0.076226,1.743782,-0.051072,0.001310,0.052382,-0.027705,1.703566,-0.043681,-1.747247,-0.523278,0.550641,-0.014119,-0.564760,0.189223,-1.782427,0.045703,1.828130,1.174570,-0.503113,0.012900,0.516013,-0.952165,0.764717,-0.019608,-0.784325,-0.771650,-1.013706,0.025992,1.039699,0.228257,-2.339030,0.059975,2.399005,-0.508794,-0.611564,0.015681,0.627245,-0.922413,-0.003903,0.000100,0.004003,-0.135156,1.997109,-0.051208,-2.048317,-0.735276,2.269451,-5.089019,-0.494996,0.000000,0.000000,0.000000,0.000000,0.000000,0.000000,-1.909897,6.611164,-1.328100,0.000079,0.000000,0.000000,351.956004,268.534788,1
9.790000,2.500551,-0.200344,0.232854,0.566638,-0.014529,-0.581167,0.023244,-0.003369,0.000086,0.003456,-0.099294,2.594083,-0.066515,-2.660598,-1.074128,-0.086498,0.002218,0.088716,0.769868,-0.114303,0.002931,0.117234,1.319901,-0.798933,0.020485,0.819419,-1.257211,-0.213805,0.005482,0.219287,0.265547,-0.180409,0.004626,0.185035,0.769588,-1.019506,0.026141,1.045647,-1.028915,-0.447302,0.011469,0.458771,-0.854353,-0.091924,0.002357,0.094281,-0.135908,0.366318,-0.009393,-0.375711,0.008576,3.532461,-4.944194,-0.467856,0.070432,0.080302,-0.015323,0.000000,0.000000,0.000000,-2.119036,7.215888,-1.568445,0.000058,0.000000,0.000000,351.990861,268.539309,1
9.800000,2.502808,-0.202122,0.230382,0.566638,-0.014529,-0.581167,-0.019418,-0.003369,0.000086,0.003456,-0.079475,2.594083,-0.066515,-2.660598,-1.152461,-0.086498,0.002218,0.088716,0.746609,-0.114303,0.002931,0.117234,1.391555,-0.798933,0.020485,0.819419,-1.489996,-0.213805,0.005482,0.219287,0.181077,-0.180409,0.004626,0.185035,0.749403,-1.019506,0.026141,1.045647,-1.219276,-0.447302,0.011469,0.458771,-0.647222,-0.091924,0.002357,0.094281,-0.107505,0.366318,-0.009393,-0.375711,-0.003674,3.689585,-5.364042,-0.691021,0.136603,0.178327,-0.021574,0.000000,0.000000,0.000000,-2.316750,7.581051,-1.522444,0.000063,0.000000,0.000000,352.053759,268.546144,1
9.804000,2.467339,-0.171899,0.235968,0.904205,-0.023185,-0.927389,-0.087281,-0.004076,0.000105,0.004181,-0.066807,2.729202,-0.069980,-2.799181,-0.992647,0.019615,-0.000503,-0.020117,0.283078,-0.086820,0.002226,0.089047,1.203286,-0.860402,0.022062,0.882463,-1.652898,-0.149493,0.003833,0.153327,-0.254686,-0.260198,0.006672,0.266870,0.501790,-0.944382,0.024215,0.968597,-1.131802,-0.648233,0.016621,0.664854,0.013093,-0.036858,0.000945,0.037804,-0.038309,1.356864,-0.034791,-1.391655,-0.343661,3.064352,-6.355655,-0.593565,0.000000,0.000000,0.000000,0.000000,0.000000,0.000000,-2.480911,6.952379,-1.486467,0.000062,0.000000,0.000000,352.078515,268.550088,1
9.814000,2.468140,-0.172150,0.233386,0.904205,-0.023185,-0.927389,-0.131975,-0.004076,0.000105,0.004181,-0.053962,2.729202,-0.069980,-2.799181,-1.133043,0.019615,-0.000503,-0.020117,0.291667,-0.086820,0.002226,0.089047,1.301052,-0.860402,0.022062,0.882463,-1.910166,-0.149493,0.003833,0.153327,-0.311444,-0.260198,0.006672,0.266870,0.519109,-0.944382,0.024215,0.968597,-1.367119,-0.648233,0.016621,0.664854,0.012136,-0.036858,0.000945,0.037804,-0.029945,1.356864,-0.034791,-1.391655,-0.432299,3.201177,-6.739108,-0.694402,0.000000,0.000000,0.000000,0.000000,0.000000,0.000000,-2.622915,7.335483,-1.562171,0.000072,0.000000,0.000000,352.150743,268.561021,1
9.818000,2.470380,-0.170911,0.233541,0.953301,-0.024444,-0.977745,-0.143670,-0.004153,0.000106,0.004259,-0.065977,3.240989,-0.083102,-3.324091,-1.300672,0.249665,-0.006402,-0.256066,0.180208,0.014597,-0.000374,-0.014971,1.282478,-0.794077,0.020361,0.814438,-1.902878,0.092847,-0.002381,-0.095228,-0.473846,0.011258,-0.000289,-0.011547,0.390144,-1.199458,0.030755,1.230214,-1.253689,-0.542861,0.013920,0.556781,-0.029809,-0.039874,0.001022,0.040897,-0.025838,1.107063,-0.028386,-1.135449,-0.238915,3.244153,-6.712158,-0.506398,0.000000,0.000000,0.000000,0.000000,0.000000,0.000000,-2.547882,7.261834,-1.766678,0.000080,0.000000,0.000000,352.182585,268.567423,1
9.828000,2.470981,-0.170985,0.230731,0.953301,-0.024444,-0.977745,-0.183761,-0.004153,0.000106,0.004259,-0.057694,3.240989,-0.083102,-3.324091,-1.412312,0.249665,-0.006402,-0.256066,0.174695,0.014597,-0.000374,-0.014971,1.356917,-0.794077,0.020361,0.814438,-2.118617,0.092847,-0.002381,-0.095228,-0.555212,0.011258,-0.000289,-0.011547,0.375533,-1.199458,0.030755,1.230214,-1.452280,-0.542861,0.013920,0.556781,-0.025994,-0.039874,0.001022,0.040897,-0.022086,1.107063,-0.028386,-1.135449,-0.310006,3.330053,-6.999060,-0.589947,0.000000,0.000000,0.000000,0.000000,0.000000,0.000000,-2.663781,7.494811,-1.807760,0.000089,0.000000,0.000000,352.271347,268.584244,1
9.832000,2.485678,-0.178655,0.239070,0.416342,-0.010675,-0.427017,0.007635,-0.005852,0.000150,0.006002,-0.046315,1.779417,-0.045626,-1.825043,-0.783772,0.243718,-0.006249,-0.249967,0.122915,-0.279363,0.007163,0.286526,1.255333,-0.623290,0.015982,0.639272,-1.751950,0.090383,-0.002318,-0.092701,-0.294180,-0.208457,0.005345,0.213802,0.564328,-1.176666,0.030171,1.206837,-1.036212,-0.034982,0.000897,0.035879,-0.308423,-0.038066,0.000976,0.039043,-0.022274,-0.543189,0.013928,0.557117,0.220048,3.232808,-6.202577,-0.510376,0.000000,0.000000,0.000000,0.000000,0.000000,0.000000,-2.556335,7.194071,-1.527871,0.000045,0.000000,0.000000,352.289257,268.582820,1
9.842000,2.486850,-0.178966,0.236560,0.416342,-0.010675,-0.427017,0.013021,-0.005852,0.000150,0.006002,-0.051531,1.779417,-0.045626,-1.825043,-0.773783,0.243718,-0.006249,-0.249967,0.113379,-0.279363,0.007163,0.286526,1.335708,-0.623290,0.015982,0.639272,-1.978904,0.090383,-0.002318,-0.092701,-0.366780,-0.208457,0.005345,0.213802,0.575682,-1.176666,0.030171,1.206837,-1.259710,-0.034982,0.000897,0.035879,-0.360829,-0.038066,0.000976,0.039043,-0.024760,-0.543189,0.013928,0.557117,0.245683,3.361624,-6.573480,-0.623749,0.000000,0.000000,0.000000,0.000000,0.000000,0.000000,-2.715768,7.551490,-1.572633,0.000049,0.000000,0.000000,352.338480,268.575374,1
9.846000,2.481334,-0.168940,0.232407,0.879105,-0.022541,-0.901646,-0.035311,-0.006972,0.000179,0.007151,-0.057576,2.908282,-0.074571,-2.982853,-1.061225,0.234388,-0.006010,-0.240398,0.162884,-0.026312,0.000675,0.026987,1.437309,-0.769269,0.019725,0.788994,-2.155808,0.038596,-0.000990,-0.039585,-0.618624,-0.071332,0.001829,0.073161,0.365490,-1.152255,0.029545,1.181800,-1.422516,-0.815142,0.020901,0.836043,-0.006285,-0.025062,0.000643,0.025704,-0.025057,1.160851,-0.029765,-1.190616,-0.190216,3.380901,-7.109137,-0.376481,0.000000,0.000000,0.000000,0.000000,0.000000,0.000000,-2.770508,7.168320,-1.920484,0.000069,0.000000,0.000000,352.366245,268.575719,1
9.856000,2.481769,-0.168718,0.229267,0.879105,-0.022541,-0.901646,-0.062535,-0.006972,0.000179,0.007151,-0.048859,2.908282,-0.074571,-2.982853,-1.205542,0.234388,-0.006010,-0.240398,0.167690,-0.026312,0.000675,0.026987,1.494427,-0.769269,0.019725,0.788994,-2.322153,0.038596,-0.000990,-0.039585,-0.694791,-0.071332,0.001829,0.073161,0.337991,-1.152255,0.029545,1.181800,-1.597541,-0.815142,0.020901,0.836043,0.011912,-0.025062,0.000643,0.025704,-0.025348,1.160851,-0.029765,-1.190616,-0.299609,3.430764,-7.316545,-0.433659,0.000000,0.000000,0.000000,0.000000,0.000000,0.000000,-2.870536,7.299640,-1.944797,0.000079,0.000000,0.000000,352.444975,268.579220,1
9.860000,2.489512,-0.174286,0.227923,1.326413,-0.034011,-1.360423,-0.229484,-0.005709,0.000146,0.005856,-0.061103,3.927291,-0.100700,-4.027990,-1.357350,0.256605,-0.006580,-0.263184,0.257519,0.028783,-0.000738,-0.029521,1.532629,-1.063100,0.027259,1.090359,-2.260911,0.021124,-0.000542,-0.021666,-0.577790,-0.177917,0.004562,0.182479,0.452323,-1.228850,0.031509,1.260359,-1.629198,-0.702614,0.018016,0.720630,-0.043646,-0.017696,0.000454,0.018150,-0.035911,1.997132,-0.051209,-2.048340,-0.422684,3.610542,-7.403765,-0.836391,0.000000,0.000000,0.000000,0.000000,0.000000,0.000000,-2.855399,7.723754,-1.729961,0.000114,0.000000,0.000000,352.490594,268.587526,1
9.870000,2.490166,-0.174617,0.224573,1.326413,-0.034011,-1.360423,-0.328750,-0.005709,0.000146,0.005856,-0.060487,3.927291,-0.100700,-4.027990,-1.620304,0.256605,-0.006580,-0.263184,0.259289,0.028783,-0.000738,-0.029521,1.574365,-1.063100,0.027259,1.090359,-2.380017,0.021124,-0.000542,-0.021666,-0.667574,-0.177917,0.004562,0.182479,0.413517,-1.228850,0.031509,1.260359,-1.781793,-0.702614,0.018016,0.720630,-0.022528,-0.017696,0.000454,0.018150,-0.039806,1.997132,-0.051209,-2.048340,-0.631117,3.649456,-7.502116,-0.887350,0.000000,0.000000,0.000000,0.000000,0.000000,0.000000,-2.933176,7.814759,-1.718823,0.000133,0.000000,0.000000,352.623886,268.621363,1
9.874000,2.497752,-0.177800,0.227590,0.601789,-0.015430,-0.617220,-0.007441,-0.004600,0.000118,0.004717,-0.047024,2.521670,-0.064658,-2.586328,-1.060652,0.167193,-0.004287,-0.171480,0.298730,-0.037086,0.000951,0.038037,1.528290,-1.247215,0.031980,1.279195,-2.101122,0.105224,-0.002698,-0.107922,-0.585630,-0.068569,0.001758,0.070327,0.418081,-1.549968,0.039743,1.589711,-1.460105,0.026946,-0.000691,-0.027637,-0.422626,-0.027445,0.000704,0.028149,-0.024237,0.328298,-0.008418,-0.336716,0.008016,3.553828,-7.106860,-0.936622,0.000000,0.000000,0.000000,0.000000,0.000000,0.000000,-2.821409,7.750743,-1.611420,0.000080,0.000000,0.000000,352.655782,268.612748,1
9.884000,2.498677,-0.178289,0.224366,0.601789,-0.015430,-0.617220,0.002552,-0.004600,0.000118,0.004717,-0.055798,2.521670,-0.064658,-2.586328,-1.100070,0.167193,-0.004287,-0.171480,0.316274,-0.037086,0.000951,0.038037,1.574109,-1.247215,0.031980,1.279195,-2.199364,0.105224,-0.002698,-0.107922,-0.670675,-0.068569,0.001758,0.070327,0.379461,-1.549968,0.039743,1.589711,-1.594997,0.026946,-0.000691,-0.027637,-0.483964,-0.027445,0.000704,0.028149,-0.025413,0.328298,-0.008418,-0.336716,0.000626,3.590930,-7.212926,-1.004289,0.000000,0.000000,0.000000,0.000000,0.000000,0.000000,-2.890151,7.848065,-1.596393,0.000084,0.000000,0.000000,352.740016,268.588863,1
9.888000,2.519426,-0.189138,0.231031,-0.688028,0.017642,0.705670,0.545257,0.000984,-0.000025,-0.001010,-0.065393,0.421379,-0.010805,-0.432184,-0.089550,-0.007588,0.000195,0.007782,0.408382,0.136610,-0.003503,-0.140113,1.297232,-1.798227,0.046108,1.844336,-1.451546,0.334338,-0.008573,-0.342911,-0.562232,0.536278,-0.013751,-0.550029,0.072855,-2.451774,0.062866,2.514640,-0.580352,1.274411,-0.032677,-1.307088,-1.476718,-0.043545,0.001117,0.044662,0.039917,-2.595047,0.066540,2.661587,1.299381,3.271646,-6.245566,-0.922004,0.000000,0.000000,0.000000,-0.171696,-0.263511,0.005985,-2.391043,7.065530,-1.190770,0.000104,0.000000,0.000000,352.781490,268.595469,1
9.898000,2.521067,-0.190068,0.228544,-0.688028,0.017642,0.705670,0.620604,0.000984,-0.000025,-0.001010,-0.082192,0.421379,-0.010805,-0.432184,-0.125558,-0.007588,0.000195,0.007782,0.422505,0.136610,-0.003503,-0.140113,1.365430,-1.798227,0.046108,1.844336,-1.548229,0.334338,-0.008573,-0.342911,-0.641174,0.536278,-0.013751,-0.550029,0.079260,-2.451774,0.062866,2.514640,-0.739913,1.274411,-0.032677,-1.307088,-1.567539,-0.043545,0.001117,0.044662,0.012997,-2.595047,0.066540,2.661587,1.313516,3.399562,-6.432961,-0.984239,0.000000,0.000000,0.000000,-0.756629,-1.157903,0.070502,-2.487062,7.551781,-1.287103,0.000112,0.000000,0.000000,352.893609,268.608569,1
9.902000,2.525898,-0.173103,0.233284,-0.649352,0.016650,0.666002,0.989337,0.031377,-0.000805,-0.032181,-0.046455,1.323719,-0.033942,-1.357660,-0.288231,0.303546,-0.007783,-0.311329,0.255982,0.925040,-0.023719,-0.948759,1.241111,-2.127289,0.054546,2.181835,-1.312544,0.830133,-0.021285,-0.851418,-1.123195,1.727413,-0.044293,-1.771705,-0.594539,-3.341308,0.085675,3.426982,0.045365,0.463634,-0.011888,-0.475522,-1.429895,-0.031383,0.000805,0.032188,-0.016984,-0.608842,0.015611,0.624453,0.639381,3.359776,-6.411672,-0.528167,0.000000,0.000000,0.000000,0.000000,0.000000,0.000000,-2.306064,6.462539,-1.512662,0.000084,0.000000,0.000000,352.927279,268.609267,1
9.912000,2.527198,-0.173030,0.231091,-0.649352,0.016650,0.666002,0.965247,0.031377,-0.000805,-0.032181,-0.041482,1.323719,-0.033942,-1.357660,-0.406411,0.303546,-0.007783,-0.311329,0.220801,0.925040,-0.023719,-0.948759,1.317523,-2.127289,0.054546,2.181835,-1.414147,0.830133,-0.021285,-0.851418,-1.238640,1.727413,-0.044293,-1.771705,-0.539727,-3.341308,0.085675,3.426982,-0.187347,0.463634,-0.011888,-0.475522,-1.333408,-0.031383,0.000805,0.032188,-0.032727,-0.608842,0.015611,0.624453,0.470978,3.398893,-6.668129,-0.638329,0.000000,0.000000,0.000000,0.000000,0.000000,0.000000,-2.464403,7.073074,-1.697440,0.000092,0.000000,0.000000,353.019102,268.600144,1
9.920000,2.524754,-0.177542,0.225400,-0.485763,0.012455,0.498218,0.780894,0.080646,-0.002068,-0.082714,-0.159223,1.323027,-0.033924,-1.356951,-0.570162,0.073104,-0.001874,-0.074979,0.317897,1.240381,-0.031805,-1.272186,1.145868,-2.188741,0.056122,2.244862,-1.346033,0.660026,-0.016924,-0.676950,-1.161211,2.048542,-0.052527,-2.101069,-0.485816,-3.294747,0.084481,3.379228,-0.623317,0.375097,-0.009618,-0.384714,-0.997587,-0.029446,0.000755,0.030201,-0.021892,0.017049,-0.000437,-0.017486,0.121516,3.411703,-6.543946,-0.704519,0.187336,0.605825,0.264147,-1.278744,-2.132862,0.335779,-2.519165,7.540733,-1.737089,0.000100,0.000000,0.000000,353.098933,268.574177,1
9.930000,2.525498,-0.177952,0.222864,-0.485763,0.012455,0.498218,0.688702,0.080646,-0.002068,-0.082714,-0.264157,1.323027,-0.033924,-1.356951,-0.935472,0.073104,-0.001874,-0.074979,0.386057,1.240381,-0.031805,-1.272186,1.212389,-2.188741,0.056122,2.244862,-1.484040,0.660026,-0.016924,-0.676950,-1.176833,2.048542,-0.052527,-2.101069,-0.554502,-3.294747,0.084481,3.379228,-0.700271,0.375097,-0.009618,-0.384714,-0.956618,-0.029446,0.000755,0.030201,-0.007365,0.017049,-0.000437,-0.017486,0.063042,3.647553,-6.586366,-0.574000,0.335384,1.080263,0.482119,-3.291062,-5.385347,0.565677,-2.437987,7.562039,-1.803914,0.000112,0.000000,0.000000,353.211279,268.541113,1
9.936000,2.528873,-0.180052,0.222839,-0.442788,0.011354,0.454142,0.903432,0.534070,-0.013694,-0.547764,0.186461,0.138629,-0.003555,-0.142184,-2.289197,-0.016939,0.000434,0.017374,0.571460,1.204414,-0.030882,-1.235296,1.047882,-2.270484,0.058218,2.328702,-1.138413,0.600918,-0.015408,-0.616326,-1.096492,2.067823,-0.053021,-2.120844,-0.864089,-3.438016,0.088154,3.526170,-0.198306,0.451419,-0.011575,-0.462994,-0.885473,-0.029767,0.000763,0.030530,-0.000671,-0.016698,0.000428,0.017126,0.047574,3.473734,-5.359875,-0.115897,0.122668,0.295340,0.114670,-2.999364,-6.160373,1.281842,-2.067808,6.426287,-1.470388,0.000084,0.000000,0.000000,353.261749,268.534621,1
9.946000,2.529498,-0.184067,0.223130,-0.441092,0.011310,0.452402,1.051452,0.552931,-0.014178,-0.567109,0.401867,0.110504,-0.002833,-0.113337,-2.190313,-0.006735,0.000173,0.006907,0.768324,1.195043,-0.030642,-1.225685,0.876878,-2.313089,0.059310,2.372399,-0.820946,0.662020,-0.016975,-0.678995,-0.540283,2.113302,-0.054187,-2.167489,-0.478091,-3.512232,0.090057,3.602289,-0.220314,0.557521,-0.014295,-0.571816,-0.885217,-0.032397,0.000831,0.033228,-0.014252,-0.034506,0.000885,0.035391,0.038494,3.357501,-4.715590,-0.022213,0.368136,0.311244,-0.035137,-1.930815,-4.681257,1.068305,-2.046680,7.533020,-1.835567,0.000067,0.000000,0.000000,353.328592,268.520576,1
9.952000,2.539129,-0.183074,0.226726,-0.569121,0.014593,0.583714,1.276372,1.478986,-0.037923,-1.516909,-0.182816,-1.872935,0.048024,1.920959,-1.414916,-0.330150,0.008465,0.338615,0.890591,1.431740,-0.036711,-1.468452,0.501753,-2.643002,0.067769,2.710771,0.050210,0.442070,-0.011335,-0.453405,-0.838454,2.235997,-0.057333,-2.293330,-1.170093,-3.472076,0.089028,3.561104,0.671875,0.656758,-0.016840,-0.673598,-0.970051,-0.009466,0.000243,0.009709,-0.012468,0.001459,-0.000037,-0.001497,0.029906,2.837933,-3.637009,0.230501,0.023193,0.027105,0.003418,-2.274126,-5.180020,1.213879,-1.615597,5.017090,-0.972412,0.000110,0.000000,0.000000,353.394739,268.545264,1
9.962000,2.539311,-0.182896,0.225834,-0.569121,0.014593,0.583714,1.320877,1.478986,-0.037923,-1.516909,-0.148656,-1.872935,0.048024,1.920959,-1.309959,-0.330150,0.008465,0.338615,0.925341,1.431740,-0.036711,-1.468452,0.643936,-2.643002,0.067769,2.710771,-0.031866,0.442070,-0.011335,-0.453405,-0.780106,2.235997,-0.057333,-2.293330,-0.942061,-3.472076,0.089028,3.561104,0.389414,0.656758,-0.016840,-0.673598,-0.903902,-0.009466,0.000243,0.009709,-0.016739,0.001459,-0.000037,-0.001497,0.021925,2.843651,-3.849164,0.131728,0.104256,0.116524,0.012181,-2.115161,-4.935160,1.210398,-1.754864,6.271639,-1.441998,0.000094,0.000000,0.000000,353.488421,268.567975,1
9.966000,2.557047,-0.165055,0.238487,0.397813,-0.010200,-0.408013,0.812119,1.567463,-0.040191,-1.607655,-0.145655,-5.159835,0.132303,5.292138,0.403859,0.286062,-0.007335,-0.293397,0.865245,0.997322,-0.025572,-1.022895,0.046476,-3.740191,0.095902,3.836093,0.770438,0.987884,-0.025330,-1.013214,-0.310497,0.378575,-0.009707,-0.388282,-0.672792,-1.964529,0.050373,2.014902,1.665568,1.432131,-0.036721,-1.468852,-0.705647,-0.085161,0.002184,0.087344,0.153165,-0.196636,0.005042,0.201678,0.303991,0.024201,-0.037413,-0.000618,1.356944,0.613259,-0.441217,-2.084317,-5.305224,2.039752,0.013440,0.051267,-0.041457,0.000110,0.000000,0.000000,353.532432,268.606923,1
9.976000,2.558515,-0.163578,0.238181,0.397813,-0.010200,-0.408013,0.549483,1.567463,-0.040191,-1.607655,0.075792,-5.159835,0.132303,5.292138,0.332053,0.286062,-0.007335,-0.293397,0.309371,0.997322,-0.025572,-1.022895,-0.208549,-3.740191,0.095902,3.836093,1.408512,0.987884,-0.025330,-1.013214,-0.487846,0.378575,-0.009707,-0.388282,-0.364983,-1.964529,0.050373,2.014902,1.234244,1.432131,-0.036721,-1.468852,-0.659832,-0.085161,0.002184,0.087344,0.119328,-0.196636,0.005042,0.201678,0.141852,0.548824,-0.600190,0.099216,2.332642,1.346414,-0.635595,-2.385679,-5.413398,1.951253,0.015813,0.069001,-0.055348,0.000119,0.000000,0.000000,353.651849,268.717604,1
9.984000,2.558287,-0.189192,0.256344,-5.102674,0.130838,5.233512,2.701766,4.358119,-0.111747,-4.469865,-0.393675,-1.797960,0.046102,1.844061,-0.525311,-8.946754,0.229404,9.176158,8.777893,-1.838964,0.047153,1.886117,0.121391,15.503768,-0.397533,-15.901300,-8.095851,10.575839,-0.271175,-10.847015,-8.506452,-5.551818,0.142354,5.694172,1.790862,24.203300,-0.620597,-24.823898,-13.279506,1.168047,-0.029950,-1.197997,1.323087,0.748129,-0.019183,-0.767312,1.005206,-0.170273,0.004366,0.174639,-1.396893,0.000000,0.000000,0.000000,5.963933,8.138746,1.108978,-5.904513,-3.932523,-1.715366,0.000000,0.000000,0.000000,0.006611,0.000000,0.000000,358.940612,273.949264,1
9.994000,2.557509,-0.189743,0.256894,-5.102674,0.130838,5.233512,2.568313,4.358119,-0.111747,-4.469865,-0.295180,-1.797960,0.046102,1.844061,-0.842763,-8.946754,0.229404,9.176158,8.854569,-1.838964,0.047153,1.886117,0.240747,15.503768,-0.397533,-15.901300,-7.878844,10.575839,-0.271175,-10.847015,-9.417993,-5.551818,0.142354,5.694172,1.885868,24.203300,-0.620597,-24.823898,-12.535593,1.168047,-0.029950,-1.197997,1.311271,0.748129,-0.019183,-0.767312,0.912068,-0.170273,0.004366,0.174639,-1.538349,0.000000,0.000000,0.000000,6.196574,7.685129,0.778416,-6.247319,-4.464446,-1.657273,0.000000,0.000000,0.000000,0.006499,0.000000,0.000000,365.439822,280.366603,1
10.000000,2.557617,-0.182391,0.234727,-0.183563,0.004707,0.188270,-0.308105,-1.625944,0.041691,1.667635,0.938110,-2.339215,0.059980,2.399195,-0.688813,-0.891787,0.022866,0.914653,-0.656065,-0.474890,0.012177,0.487067,0.152084,0.208419,-0.005344,-0.213763,0.049865,-1.019317,0.026136,1.045453,3.250833,0.246718,-0.006326,-0.253045,-0.221897,0.985716,-0.025275,-1.010991,1.209954,1.958951,-0.050230,-2.009180,-0.278671,-1.744905,0.044741,1.789646,1.177966,-0.289330,0.007419,0.296749,-1.228940,0.000000,0.000000,0.000000,3.531826,6.000979,1.605582,-3.699207,-6.301023,0.005169,0.000000,0.000000,0.000000,0.000117,0.000000,0.000000,365.509845,280.389715,1
10.010000,2.557927,-0.182650,0.232549,-0.183563,0.004707,0.188270,-0.384920,-1.625944,0.041691,1.667635,1.093656,-2.339215,0.059980,2.399195,-1.015787,-0.891787,0.022866,0.914653,-0.369408,-0.474890,0.012177,0.487067,0.091806,0.208419,-0.005344,-0.213763,0.011705,-1.019317,0.026136,1.045453,2.668702,0.246718,-0.006326,-0.253045,-0.183021,0.985716,-0.025275,-1.010991,0.421827,1.958951,-0.050230,-2.009180,-0.338587,-1.744905,0.044741,1.789646,1.273682,-0.289330,0.007419,0.296749,-1.494774,0.000000,0.000000,0.000000,3.848752,6.711080,1.868282,-4.075557,-6.933974,-0.002042,0.000000,0.000000,0.000000,0.000114,0.000000,0.000000,365.623690,280.429161,1
10.014000,2.562030,-0.180187,0.235547,0.072226,-0.001852,-0.074078,-0.319323,-0.772758,0.019814,0.792573,0.985674,-1.852240,0.047493,1.899733,-0.971549,-1.149629,0.029478,1.179106,0.013181,0.201562,-0.005168,-0.206730,-0.007240,0.291928,-0.007485,-0.299413,-0.027137,0.500577,-0.012835,-0.513412,0.130432,0.121488,-0.003115,-0.124603,-0.118063,2.531000,-0.064897,-2.595897,-0.785016,1.483015,-0.038026,-1.521041,0.008377,-1.054464,0.027038,1.081501,0.876787,-0.543095,0.013926,0.557021,-1.245100,0.000000,0.000000,0.000000,3.584779,6.146713,1.375431,-3.642322,-6.070303,0.340688,0.000000,0.000000,0.000000,0.000064,0.000000,0.000000,365.649489,280.434009,1
10.024000,2.562362,-0.180282,0.233353,0.072226,-0.001852,-0.074078,-0.367755,-0.772758,0.019814,0.792573,1.111598,-1.852240,0.047493,1.899733,-1.284068,-1.149629,0.029478,1.179106,0.117838,0.201562,-0.005168,-0.206730,-0.070748,0.291928,-0.007485,-0.299413,-0.026064,0.500577,-0.012835,-0.513412,0.038986,0.121488,-0.003115,-0.124603,-0.084902,2.531000,-0.064897,-2.595897,-0.966646,1.483015,-0.038026,-1.521041,0.006805,-1.054464,0.027038,1.081501,0.906637,-0.543095,0.013926,0.557021,-1.464088,0.000000,0.000000,0.000000,3.895917,6.596354,1.455289,-3.957656,-6.626650,0.395434,0.000000,0.000000,0.000000,0.000079,0.000000,0.000000,365.728043,280.446856,1
10.030000,2.576654,-0.174782,0.238130,0.113072,-0.002899,-0.115971,-0.603077,-0.499998,0.012820,0.512819,1.128718,-1.598931,0.040998,1.639929,-0.957577,-1.577836,0.040457,1.618294,0.274144,0.506722,-0.012993,-0.519715,-0.194516,0.422713,-0.010839,-0.433552,-0.036700,0.662051,-0.016976,-0.679027,0.093710,0.081584,-0.002092,-0.083675,-0.128556,1.970248,-0.050519,-2.020768,-0.691389,1.017083,-0.026079,-1.043162,-0.010948,-0.722427,0.018524,0.740951,0.683029,-0.932807,0.023918,0.956725,-0.979657,0.000000,0.000000,0.000000,3.550099,6.427525,1.187382,-3.676075,-5.605499,0.424525,0.000000,0.000000,0.000000,0.000057,0.000000,0.000000,365.762279,280.450238,1
10.040000,2.577594,-0.174476,0.235989,0.113072,-0.002899,-0.115971,-0.611220,-0.499998,0.012820,0.512819,1.254780,-1.598931,0.040998,1.639929,-1.271595,-1.577836,0.040457,1.618294,0.457442,0.506722,-0.012993,-0.519715,-0.251756,0.422713,-0.010839,-0.433552,-0.038148,0.662051,-0.016976,-0.679027,0.018599,0.081584,-0.002092,-0.083675,-0.104842,1.970248,-0.050519,-2.020768,-0.766445,1.017083,-0.026079,-1.043162,0.024499,-0.722427,0.018524,0.740951,0.731302,-0.932807,0.023918,0.956725,-1.253727,0.000000,0.000000,0.000000,3.721315,6.915605,1.325519,-3.982057,-6.176724,0.548874,0.000000,0.000000,0.000000,0.000070,0.000000,0.000000,365.832524,280.454023,1
10.044000,2.579290,-0.179163,0.239612,-0.120377,0.003087,0.123463,-0.327521,-0.376192,0.009646,0.385838,1.051878,-1.310059,0.033591,1.343650,-1.054947,-1.259496,0.032295,1.291791,0.520885,0.248402,-0.006369,-0.254771,-0.169469,1.313904,-0.033690,-1.347594,-0.379594,0.386300,-0.009905,-0.396205,0.176959,0.072444,-0.001858,-0.074302,-0.134688,1.197435,-0.030703,-1.228138,-0.450561,0.497036,-0.012745,-0.509781,0.219695,-0.511893,0.013125,0.525019,0.553606,-1.133812,0.029072,1.162885,-0.894477,0.000000,0.000000,0.000000,3.305647,6.257218,1.609060,-3.723611,-5.649131,0.099909,0.000000,0.000000,0.000000,0.000052,0.000000,0.000000,365.853194,280.453252,1
10.054000,2.579896,-0.179407,0.237541,-0.120377,0.003087,0.123463,-0.328660,-0.376192,0.009646,0.385838,1.177688,-1.310059,0.033591,1.343650,-1.386864,-1.259496,0.032295,1.291791,0.549901,0.248402,-0.006369,-0.254771,-0.167341,1.313904,-0.033690,-1.347594,-0.455816,0.386300,-0.009905,-0.396205,0.126863,0.072444,-0.001858,-0.074302,-0.107487,1.197435,-0.030703,-1.228138,-0.441875,0.497036,-0.012745,-0.509781,0.266259,-0.511893,0.013125,0.525019,0.590641,-1.133812,0.029072,1.162885,-1.169192,0.000000,0.000000,0.000000,3.504268,6.686551,1.745674,-3.987917,-6.219228,0.205120,0.000000,0.000000,0.000000,0.000061,0.000000,0.000000,365.914515,280.445579,1
10.056000,2.587995,-0.177588,0.238759,0.115044,-0.002950,-0.117994,-0.364543,-0.189141,0.004850,0.193991,1.323223,-1.179674,0.030248,1.209922,-1.464132,-1.112070,0.028515,1.140585,0.243020,0.090184,-0.002312,-0.092496,-0.044661,1.418754,-0.036378,-1.455132,-0.324847,0.372051,-0.009540,-0.381590,0.054737,0.051485,-0.001320,-0.052805,-0.073264,1.618582,-0.041502,-1.660085,-0.369392,0.549810,-0.014098,-0.563907,0.271414,-0.511334,0.013111,0.524446,0.696881,-0.763543,0.019578,0.783121,-1.232304,0.000000,0.000000,0.000000,3.528048,6.697129,1.491957,-3.907141,-6.055159,0.385065,0.000000,0.000000,0.000000,0.000049,0.000000,0.000000,365.924409,280.443831,1
10.066000,2.590053,-0.179095,0.241826,-0.029884,0.000766,0.030650,-0.206674,-0.306519,0.007859,0.314379,1.250429,-1.218441,0.031242,1.249683,-1.543376,-1.118745,0.028686,1.147430,0.356669,0.086131,-0.002208,-0.088339,-0.061825,1.804476,-0.046269,-1.850744,-0.697536,0.278927,-0.007152,-0.286079,0.141298,0.048812,-0.001252,-0.050063,-0.084494,1.305527,-0.033475,-1.339002,-0.463033,0.435290,-0.011161,-0.446451,0.265032,-0.534568,0.013707,0.548275,0.676115,-1.065080,0.027310,1.092389,-1.155704,0.000000,0.000000,0.000000,3.564813,6.809039,1.714321,-3.988042,-6.343150,0.232102,0.000000,0.000000,0.000000,0.000065,0.000000,0.000000,365.988909,280.441205,1
10.070000,2.595781,-0.174072,0.234660,0.188631,-0.004837,-0.193468,-0.344065,-0.292581,0.007502,0.300083,1.410270,-1.008912,0.025870,1.034782,-1.612606,-0.656733,0.016839,0.673572,0.048179,-0.028231,0.000724,0.028955,-0.031120,0.948391,-0.024318,-0.972708,-0.311169,0.102705,-0.002633,-0.105339,0.135206,-0.022541,0.000578,0.023119,-0.039999,0.454554,-0.011655,-0.466209,-0.057116,0.495901,-0.012715,-0.508616,0.404920,-0.595655,0.015273,0.610928,0.684676,-0.675110,0.017311,0.692421,-1.336564,0.000000,0.000000,0.000000,3.465327,6.601714,1.339597,-3.782728,-6.077891,0.428343,0.000000,0.000000,0.000000,0.000041,0.000000,0.000000,366.005253,280.435019,1
10.080000,2.596810,-0.173868,0.232096,0.197342,-0.005060,-0.202402,-0.397715,-0.291517,0.007475,0.298992,1.504330,-1.018060,0.026104,1.044164,-1.846204,-0.698411,0.017908,0.716319,0.062442,-0.027759,0.000712,0.028471,-0.040326,1.047358,-0.026855,-1.074214,-0.372795,0.120568,-0.003091,-0.123660,0.168507,-0.023838,0.000611,0.024449,-0.028289,0.475701,-0.012197,-0.487899,-0.063164,0.505884,-0.012971,-0.518855,0.414274,-0.596539,0.015296,0.611835,0.688281,-0.683484,0.017525,0.701009,-1.526107,0.000000,0.000000,0.000000,3.576744,6.895517,1.418226,-3.969222,-6.443400,0.518477,0.000000,0.000000,0.000000,0.000047,0.000000,0.000000,366.051878,280.416942,1
10.084000,2.599771,-0.173580,0.232799,0.066860,-0.001714,-0.068574,-0.464055,-0.131970,0.003384,0.135354,1.518502,-0.906207,0.023236,0.929443,-1.897929,-0.855071,0.021925,0.876996,0.095064,-0.011503,0.000295,0.011798,-0.033220,1.703299,-0.043674,-1.746973,-0.596849,0.352394,-0.009036,-0.361430,0.210689,-0.019056,0.000489,0.019545,-0.014817,0.677374,-0.017369,-0.694743,-0.067785,0.375295,-0.009623,-0.384918,0.416530,-0.315142,0.008081,0.323222,0.543618,-0.859950,0.022050,0.882000,-1.444886,0.000000,0.000000,0.000000,3.476632,6.955086,1.545968,-4.129156,-6.334714,0.574260,0.000000,0.000000,0.000000,0.000049,0.000000,0.000000,366.071325,280.410184,1
10.094000,2.600601,-0.173284,0.229720,0.066860,-0.001714,-0.068574,-0.480132,-0.131970,0.003384,0.135354,1.589444,-0.906207,0.023236,0.929443,-2.082280,-0.855071,0.021925,0.876996,0.111234,-0.011503,0.000295,0.011798,-0.040898,1.703299,-0.043674,-1.746973,-0.661934,0.352394,-0.009036,-0.361430,0.199077,-0.019056,0.000489,0.019545,-0.018044,0.677374,-0.017369,-0.694743,-0.111069,0.375295,-0.009623,-0.384918,0.478103,-0.315142,0.008081,0.323222,0.530021,-0.859950,0.022050,0.882000,-1.630568,0.000000,0.000000,0.000000,3.578183,7.155607,1.584395,-4.235921,-6.573042,0.664178,0.000000,0.000000,0.000000,0.000054,0.000000,0.000000,366.125134,280.391386,1
10.098000,2.615346,-0.173060,0.233850,-0.058200,0.001492,0.059692,-0.367992,-0.079010,0.002026,0.081036,1.564812,-0.820132,0.021029,0.841161,-2.003030,-0.856396,0.021959,0.878355,0.055906,-0.012982,0.000333,0.013315,-0.043643,2.117507,-0.054295,-2.171802,-0.623587,0.524314,-0.013444,-0.537758,0.246824,-0.019449,0.000499,0.019948,-0.023458,0.430234,-0.011032,-0.441265,0.094211,0.239929,-0.006152,-0.246081,0.337214,-0.178415,0.004575,0.182989,0.578930,-1.041548,0.026706,1.068254,-1.292436,0.000000,0.000000,0.000000,3.446977,7.224714,1.551568,-4.260993,-6.309692,0.671515,0.000000,0.000000,0.000000,0.000050,0.000000,0.000000,366.145061,280.384547,1
10.108000,2.616591,-0.172731,0.230870,-0.058200,0.001492,0.059692,-0.362774,-0.079010,0.002026,0.081036,1.627528,-0.820132,0.021029,0.841161,-2.165755,-0.856396,0.021959,0.878355,0.089232,-0.012982,0.000333,0.013315,-0.043706,2.117507,-0.054295,-2.171802,-0.790435,0.524314,-0.013444,-0.537758,0.195572,-0.019449,0.000499,0.019948,-0.027723,0.430234,-0.011032,-0.441265,0.036752,0.239929,-0.006152,-0.246081,0.416536,-0.178415,0.004575,0.182989,0.572492,-1.041548,0.026706,1.068254,-1.482079,0.000000,0.000000,0.000000,3.573799,7.452506,1.575384,-4.363875,-6.520815,0.763421,0.000000,0.000000,0.000000,0.000057,0.000000,0.000000,366.201895,280.368347,1
10.112000,2.621268,-0.169723,0.226838,-0.092772,0.002379,0.095151,-0.242646,-0.071501,0.001833,0.073334,1.480249,-0.609885,0.015638,0.625523,-2.113720,-0.524039,0.013437,0.537476,0.000615,-0.014994,0.000384,0.015378,-0.034736,1.498149,-0.038414,-1.536563,-0.546233,0.280328,-0.007188,-0.287516,0.206283,-0.027541,0.000706,0.028247,0.064688,-0.705526,0.018090,0.723616,0.307837,0.166743,-0.004275,-0.171019,0.453567,-0.089296,0.002290,0.091586,0.469478,-0.981279,0.025161,1.006440,-1.289039,-0.131209,-0.348292,-0.292760,3.502484,6.983437,1.395417,-4.113710,-6.031618,0.654481,0.000000,0.000000,0.000000,0.000040,0.000000,0.000000,366.217878,280.362090,1
10.122000,2.622433,-0.169366,0.223861,-0.090288,0.002315,0.092603,-0.247502,-0.068881,0.001766,0.070647,1.545611,-0.615746,0.015788,0.631534,-2.270979,-0.541289,0.013879,0.555168,-0.005003,-0.014949,0.000383,0.015332,-0.033424,1.549470,-0.039730,-1.589200,-0.662140,0.293145,-0.007517,-0.300662,0.210032,-0.027477,0.000705,0.028182,0.018727,-0.680391,0.017446,0.697837,0.330383,0.170136,-0.004362,-0.174498,0.521564,-0.088117,0.002259,0.090376,0.475733,-0.986516,0.025295,1.011812,-1.478460,-0.285876,-0.821595,-0.689829,3.667086,7.306051,1.445123,-4.199949,-6.207165,0.736960,0.000000,0.000000,0.000000,0.000045,0.000000,0.000000,366.263339,280.345341,1
10.126000,2.626472,-0.173374,0.232641,0.105627,-0.002708,-0.108336,-0.349517,0.289792,-0.007431,-0.297223,1.453869,-1.637821,0.041995,1.679816,-1.952454,-0.228697,0.005864,0.234561,-0.060269,-0.008589,0.000220,0.008809,-0.048030,2.002850,-0.051355,-2.054205,-0.677199,-0.149126,0.003824,0.152950,0.654963,-0.023654,0.000607,0.024261,0.014808,-0.431279,0.011058,0.442338,0.341223,0.009156,-0.000235,-0.009391,0.471521,0.428911,-0.010998,-0.439909,0.283072,-1.973900,0.050613,2.024513,-1.081053,0.000000,0.000000,0.000000,3.489569,7.479578,1.716195,-4.338235,-6.909591,0.964424,0.000000,0.000000,0.000000,0.000077,0.000000,0.000000,366.294236,280.327886,1
10.136000,2.627594,-0.173043,0.229826,0.105627,-0.002708,-0.108336,-0.350345,0.289792,-0.007431,-0.297223,1.494069,-1.637821,0.041995,1.679816,-2.045981,-0.228697,0.005864,0.234561,-0.069776,-0.008589,0.000220,0.008809,-0.046943,2.002850,-0.051355,-2.054205,-0.783254,-0.149126,0.003824,0.152950,0.698051,-0.023654,0.000607,0.024261,-0.003789,-0.431279,0.011058,0.442338,0.282882,0.009156,-0.000235,-0.009391,0.572114,0.428911,-0.010998,-0.439909,0.243821,-1.973900,0.050613,2.024513,-1.214958,0.000000,0.000000,0.000000,3.588183,7.614477,1.710928,-4.378310,-7.002808,1.031215,0.000000,0.000000,0.000000,0.000083,0.000000,0.000000,366.377726,280.281973,1
10.140000,2.627171,-0.172371,0.223098,-0.002870,0.000074,0.002943,-0.292565,0.736876,-0.018894,-0.755770,1.394614,-1.857551,0.047630,1.905180,-2.028672,-0.669177,0.017158,0.686335,0.016906,0.000426,-0.000011,-0.000437,-0.079865,3.956732,-0.101455,-4.058186,-1.541160,0.365337,-0.009368,-0.374704,0.594411,-0.025510,0.000654,0.026164,-0.021860,0.425880,-0.010920,-0.436800,0.141799,-0.185540,0.004757,0.190297,0.826596,1.058719,-0.027147,-1.085865,-0.119921,-2.467244,0.063263,2.530506,-1.055620,-0.078890,-0.226532,-0.194195,3.484943,7.196129,1.541286,-4.344652,-6.908631,1.064466,0.000540,0.003820,-0.002530,0.000144,0.000000,0.000000,366.435445,280.276682,1
10.150000,2.627963,-0.172248,0.221744,-0.025960,0.000666,0.026626,-0.306561,0.755848,-0.019381,-0.775229,1.418220,-1.864078,0.047797,1.911875,-2.073901,-0.686009,0.017590,0.703599,0.019949,0.004560,-0.000117,-0.004676,-0.062267,3.969597,-0.101785,-4.071382,-1.696710,0.414216,-0.010621,-0.424837,0.491895,-0.024360,0.000625,0.024984,-0.025589,0.606867,-0.015561,-0.622428,0.000574,-0.198860,0.005099,0.203959,0.876562,1.073890,-0.027536,-1.101426,-0.128872,-2.482179,0.063646,2.545825,-1.164270,-0.014049,-0.048733,-0.040430,3.555824,7.445896,1.623935,-4.408226,-6.976992,1.083089,0.000431,0.002561,-0.001752,0.000155,0.000000,0.000000,366.590342,280.266645,1
10.154000,2.647823,-0.173370,0.232418,-0.101989,0.002615,0.104604,-0.055590,0.898306,-0.023033,-0.921340,1.193582,-2.414367,0.061907,2.476273,-1.487000,0.428391,-0.010984,-0.439375,-0.335901,0.019473,-0.000499,-0.019973,-0.078165,1.438504,-0.036885,-1.475388,-0.330613,-0.361588,0.009271,0.370860,1.124462,-0.019872,0.000510,0.020381,-0.062997,-0.071871,0.001843,0.073714,0.431754,-0.555369,0.014240,0.569609,1.016591,1.484002,-0.038051,-1.522053,-0.353467,-3.272364,0.083907,3.356270,-0.178604,0.124689,-0.189526,0.017003,3.284932,6.658819,1.217845,-4.252940,-6.412070,0.924339,0.000000,0.000000,0.000000,0.000076,0.000000,0.000000,366.620707,280.253903,1
10.164000,2.649406,-0.173082,0.230197,-0.101989,0.002615,0.104604,-0.088978,0.898306,-0.023033,-0.921340,1.262073,-2.414367,0.061907,2.476273,-1.547642,0.428391,-0.010984,-0.439375,-0.439840,0.019473,-0.000499,-0.019973,-0.063853,1.438504,-0.036885,-1.475388,-0.495002,-0.361588,0.009271,0.370860,1.064870,-0.019872,0.000510,0.020381,-0.056268,-0.071871,0.001843,0.073714,0.236575,-0.555369,0.014240,0.569609,1.077142,1.484002,-0.038051,-1.522053,-0.314863,-3.272364,0.083907,3.356270,-0.343312,0.617758,-0.934767,0.053985,3.458494,7.213134,1.369975,-4.357022,-6.530257,0.966440,0.000000,0.000000,0.000000,0.000086,0.000000,0.000000,366.706586,280.216624,1
10.170000,2.644229,-0.175497,0.225524,0.024049,-0.000617,-0.024665,-0.251668,1.217848,-0.031227,-1.249074,0.936300,-2.329519,0.059731,2.389250,-1.036755,0.368007,-0.009436,-0.377443,-0.583296,0.136330,-0.003496,-0.139825,-0.287525,0.780820,-0.020021,-0.800842,-0.661446,-0.363786,0.009328,0.373113,1.062484,-0.017980,0.000461,0.018442,-0.019988,0.105011,-0.002693,-0.107703,0.124350,-0.642410,0.016472,0.658882,1.254329,2.169859,-0.055637,-2.225496,-0.681959,-3.539314,0.090752,3.630066,-0.330188,2.610576,-5.642982,-0.507475,3.004368,6.575182,1.541783,-4.126035,-5.527176,0.346086,-0.015590,0.075192,-0.032390,0.000084,0.000000,0.000000,366.756961,280.208691,1
10.180000,2.644902,-0.175228,0.223547,0.024049,-0.000617,-0.024665,-0.392565,1.217848,-0.031227,-1.249074,1.034138,-2.329519,0.059731,2.389250,-1.133711,0.368007,-0.009436,-0.377443,-0.639867,0.136330,-0.003496,-0.139825,0.086381,0.780820,-0.020021,-0.800842,-1.744621,-0.363786,0.009328,0.373113,0.908501,-0.017980,0.000461,0.018442,-0.008310,0.105011,-0.002693,-0.107703,0.067206,-0.642410,0.016472,0.658882,1.163280,2.169859,-0.055637,-2.225496,-0.684337,-3.539314,0.090752,3.630066,-0.378746,2.190880,-5.968766,-1.104590,2.919979,6.931617,1.802746,-4.233791,-5.393575,0.207875,-0.049794,0.204975,-0.084261,0.000097,0.000000,0.000000,366.853676,280.197512,1
10.186000,2.655988,-0.170144,0.227926,0.108236,-0.002775,-0.111011,-0.664715,1.339775,-0.034353,-1.374128,0.572215,-2.441356,0.062599,2.503955,-0.170172,0.298413,-0.007652,-0.306064,-0.898542,1.518700,-0.038941,-1.557641,0.344393,-1.876042,0.048104,1.924146,-1.919462,-0.882773,0.022635,0.905408,1.065595,-0.024746,0.000635,0.025380,-0.014925,-0.018395,0.000472,0.018867,0.074716,-0.757422,0.019421,0.776843,0.781978,2.607316,-0.066854,-2.674170,-0.839764,-3.968403,0.101754,4.070157,0.510939,2.021337,-6.680931,-1.534657,2.379847,6.518115,1.596040,-3.501259,-3.222844,-0.299918,0.000000,0.000000,0.000000,0.000117,0.000000,0.000000,366.923818,280.202343,1
10.196000,2.656595,-0.170187,0.227355,0.108236,-0.002775,-0.111011,-0.723294,1.339775,-0.034353,-1.374128,0.616304,-2.441356,0.062599,2.503955,-0.174805,0.298413,-0.007652,-0.306064,-0.990039,1.518700,-0.038941,-1.557641,0.320050,-1.876042,0.048104,1.924146,-1.866003,-0.882773,0.022635,0.905408,1.076350,-0.024746,0.000635,0.025380,-0.017997,-0.018395,0.000472,0.018867,0.047148,-0.757422,0.019421,0.776843,0.707021,2.607316,-0.066854,-2.674170,-0.706525,-3.968403,0.101754,4.070157,0.299604,1.779448,-6.100705,-1.434324,2.510291,7.120347,1.816416,-3.472621,-3.313065,-0.222470,-0.006241,0.005739,0.000864,0.000104,0.000000,0.000000,367.027726,280.198770,1
10.202000,2.646210,-0.176242,0.221062,0.392992,-0.010077,-0.403069,-1.009071,1.232601,-0.031605,-1.264206,0.643140,-2.621572,0.067220,2.688792,-0.360979,0.547534,-0.014039,-0.561574,-1.300365,1.330596,-0.034118,-1.364714,0.058452,-2.001913,0.051331,2.053244,-1.736345,-0.762928,0.019562,0.782490,0.761537,-0.008695,0.000223,0.008918,0.021452,0.033837,-0.000868,-0.034704,0.039920,-0.451237,0.011570,0.462808,0.495169,2.309519,-0.059218,-2.368737,-0.883955,-3.815788,0.097841,3.913628,0.183994,1.814616,-5.922182,-1.498174,2.321044,5.840366,1.662894,-3.185755,-3.704751,-0.077924,-1.099483,1.420199,-0.152087,0.000102,0.000000,0.000000,367.088963,280.194848,1
10.212000,2.645865,-0.176708,0.220202,0.392992,-0.010077,-0.403069,-0.945625,1.232601,-0.031605,-1.264206,0.646233,-2.621572,0.067220,2.688792,-0.304308,0.547534,-0.014039,-0.561574,-1.255492,1.330596,-0.034118,-1.364714,-0.019751,-2.001913,0.051331,2.053244,-1.516536,-0.762928,0.019562,0.782490,0.667374,-0.008695,0.000223,0.008918,0.076382,0.033837,-0.000868,-0.034704,-0.003861,-0.451237,0.011570,0.462808,0.550145,2.309519,-0.059218,-2.368737,-0.814384,-3.815788,0.097841,3.913628,0.100932,1.735377,-5.579469,-1.378373,2.559824,5.949740,1.569983,-2.932178,-3.812622,0.153935,-2.935990,6.009538,-1.619472,0.000090,0.000000,0.000000,367.178602,280.189506,1
10.220000,2.653405,-0.179243,0.225153,0.476404,-0.012215,-0.488619,-0.915818,1.046558,-0.026835,-1.073393,0.855188,-2.866557,0.073501,2.940058,-0.215949,0.632972,-0.016230,-0.649202,-1.300717,0.860670,-0.022068,-0.882739,0.087200,-1.755180,0.045005,1.800185,-1.316522,-0.835398,0.021420,0.856819,0.848880,-0.003390,0.000087,0.003477,0.018358,0.045791,-0.001174,-0.046965,0.005099,-0.360944,0.009255,0.370199,0.703854,1.865127,-0.047824,-1.912950,-0.631621,-3.598813,0.092277,3.691090,0.008125,1.638037,-5.215721,-1.212596,2.637490,6.466096,1.704400,-3.101863,-4.126533,0.274977,-2.138742,3.853196,-0.741506,0.000075,0.000000,0.000000,367.238747,280.185651,1
10.230000,2.647573,-0.177960,0.223617,0.559767,-0.014353,-0.574120,-0.869497,0.896487,-0.022987,-0.919474,0.731873,-3.047911,0.078152,3.126063,-0.248939,0.716677,-0.018376,-0.735054,-1.188355,0.492817,-0.012636,-0.505453,-0.043482,-1.628698,0.041761,1.670459,-1.241417,-0.853319,0.021880,0.875199,0.653263,-0.005253,0.000135,0.005387,0.552273,0.028716,-0.000736,-0.029453,-0.606861,-0.229792,0.005892,0.235684,0.673024,1.560234,-0.040006,-1.600240,-0.628134,-3.571418,0.091575,3.662993,-0.191634,1.825841,-5.405331,-1.170235,2.899770,5.608646,1.055293,-2.736730,-4.671183,0.779276,-2.613530,6.413062,-1.700915,0.000074,0.000000,0.000000,367.312526,280.174893,1
10.236000,2.666046,-0.183122,0.228437,1.198918,-0.030741,-1.229659,-0.688550,1.544583,-0.039605,-1.584188,-0.120616,-3.970678,0.101812,4.072491,0.114620,1.237739,-0.031737,-1.269476,-0.598592,2.245362,-0.057573,-2.302935,-0.033319,-4.510597,0.115656,4.626254,-0.089216,-1.461118,0.037465,1.498583,-0.521280,1.347636,-0.034555,-1.382191,0.035999,-1.584628,0.040631,1.625260,-0.318018,-0.039071,0.001002,0.040073,-0.477854,2.397401,-0.061472,-2.458873,-0.239102,-4.119445,0.105627,4.225071,0.419992,2.553046,-5.791004,-0.891629,3.256219,8.437631,2.224690,-3.135660,-5.680704,1.491103,-2.705120,2.562990,0.720033,0.000065,0.000000,0.000000,367.351426,280.192437,1
10.246000,2.666135,-0.183614,0.228940,1.198918,-0.030741,-1.229659,-0.561129,1.544583,-0.039605,-1.584188,-0.015597,-3.970678,0.101812,4.072491,-0.164535,1.237739,-0.031737,-1.269476,-0.548390,2.245362,-0.057573,-2.302935,-0.223087,-4.510597,0.115656,4.626254,-0.031813,-1.461118,0.037465,1.498583,-0.344270,1.347636,-0.034555,-1.382191,-0.180466,-1.584628,0.040631,1.625260,0.004352,-0.039071,0.001002,0.040073,-0.313198,2.397401,-0.061472,-2.458873,-0.271367,-4.119445,0.105627,4.225071,0.153076,2.492481,-5.591812,-0.862874,2.746579,7.215594,1.936221,-3.281664,-5.741038,1.408653,-1.212710,1.015083,0.377269,0.000048,0.000000,0.000000,367.399834,280.213931,1
10.256000,2.659113,-0.181310,0.234044,1.155473,-0.029628,-1.185101,-1.050378,1.777423,-0.045575,-1.822998,-1.026008,-3.667339,0.094034,3.761373,0.925566,1.257551,-0.032245,-1.289796,-0.870906,2.152358,-0.055189,-2.207547,-0.424819,-3.286667,0.084274,3.370940,-0.579343,-1.535548,0.039373,1.574921,-0.228925,1.744969,-0.044743,-1.789712,-0.388163,-1.789123,0.045875,1.834998,-0.064078,-0.178300,0.004572,0.182872,-0.298987,2.452237,-0.062878,-2.515115,-1.053328,-3.304241,0.084724,3.388965,0.568459,2.805283,-6.929743,-1.033919,1.513376,3.951607,1.079521,0.000000,0.000000,0.000000,-3.621635,5.363841,-0.050241,0.000164,0.000000,0.000000,367.563973,280.328355,1
10.266000,2.659662,-0.184465,0.237981,1.060647,-0.027196,-1.087843,-2.248839,1.960260,-0.050263,-2.010523,-0.752108,-4.310808,0.110534,4.421342,1.839618,1.190607,-0.030528,-1.221136,-0.133783,2.393597,-0.061374,-2.454971,-0.400350,-4.053749,0.103942,4.157692,-0.288833,-1.640402,0.042062,1.682464,0.153871,1.722530,-0.044167,-1.766697,-0.344586,-2.184564,0.056014,2.240578,0.088685,-0.315672,0.008094,0.323766,0.227499,2.322258,-0.059545,-2.381803,-0.881425,-3.344299,0.085751,3.430050,0.540241,3.184739,-6.962749,-0.719616,1.907855,3.804156,0.768390,0.000000,0.000000,0.000000,-2.924829,5.415148,-0.646290,0.000195,0.000000,0.000000,367.759289,280.499654,1
10.272000,2.668162,-0.178183,0.244252,-1.978955,0.050742,2.029697,1.220414,1.552824,-0.039816,-1.592640,-0.698225,-4.417801,0.113277,4.531078,2.124497,2.751614,-0.070554,-2.822169,-1.478341,2.340724,-0.060019,-2.400742,-0.751103,-2.424996,0.062179,2.487175,-0.422616,0.732944,-0.018793,-0.751737,-0.874504,2.536460,-0.065037,-2.601497,-0.857770,-3.161581,0.081066,3.242647,0.791605,1.455141,-0.037311,-1.492452,-0.813591,3.826550,-0.098117,-3.924667,-1.890156,-4.527723,0.116095,4.643818,1.616305,2.600171,-5.357795,-0.180612,1.513065,2.798957,0.591721,0.000000,0.000000,0.000000,-2.496204,5.387624,-1.320524,0.000418,0.000000,0.000000,368.010305,280.738056,1
10.282000,2.667736,-0.178007,0.243871,-1.978955,0.050742,2.029697,1.371267,1.552824,-0.039816,-1.592640,-0.768781,-4.417801,0.113277,4.531078,2.147055,2.751614,-0.070554,-2.822169,-1.667684,2.340724,-0.060019,-2.400742,-0.733112,-2.424996,0.062179,2.487175,-0.608336,0.732944,-0.018793,-0.751737,-1.078112,2.536460,-0.065037,-2.601497,-0.788205,-3.161581,0.081066,3.242647,0.427186,1.455141,-0.037311,-1.492452,-1.019686,3.826550,-0.098117,-3.924667,-1.861528,-4.527723,0.116095,4.643818,1.454855,2.794500,-6.006726,-0.294596,1.542645,2.951767,0.664102,0.000000,0.000000,0.000000,-2.824658,5.936956,-1.419197,0.000415,0.000000,0.000000,368.425761,281.123252,1
10.288000,2.682267,-0.181077,0.245830,4.044838,-0.103714,-4.148552,-1.668223,0.410862,-0.010535,-0.421397,-0.368886,0.496935,-0.012742,-0.509677,-0.407742,1.011356,-0.025932,-1.037288,-1.304214,1.923406,-0.049318,-1.972724,0.049680,-2.171643,0.055683,2.227327,-1.387542,-0.465363,0.011932,0.477295,-1.645047,2.456752,-0.062994,-2.519746,-1.021591,-4.092243,0.104929,4.197172,0.184974,-0.071164,0.001825,0.072988,-0.285136,2.687222,-0.068903,-2.756125,-1.805246,-3.147249,0.080699,3.227948,1.916272,2.650772,-7.425254,-1.612414,0.000000,0.000000,0.000000,0.000000,0.000000,0.000000,-4.055647,6.830627,-0.485158,0.000271,0.000000,0.000000,368.588619,281.238175,1
10.298000,2.682396,-0.180869,0.244543,4.044838,-0.103714,-4.148552,-2.062390,0.410862,-0.010535,-0.421397,-0.388183,0.496935,-0.012742,-0.509677,-0.231789,1.011356,-0.025932,-1.037288,-1.133678,1.923406,-0.049318,-1.972724,0.173089,-2.171643,0.055683,2.227327,-1.618949,-0.465363,0.011932,0.477295,-1.531701,2.456752,-0.062994,-2.519746,-0.966860,-4.092243,0.104929,4.197172,-0.023818,-0.071164,0.001825,0.072988,-0.255986,2.687222,-0.068903,-2.756125,-1.593084,-3.147249,0.080699,3.227948,1.702534,2.939330,-7.791839,-1.577494,0.000000,0.000000,0.000000,0.000000,0.000000,0.000000,-4.079035,7.309879,-0.689296,0.000271,0.000000,0.000000,368.859953,281.413567,1
10.302000,2.685278,-0.187219,0.238661,2.924214,-0.074980,-2.999194,-1.163384,0.235996,-0.006051,-0.242047,-0.380260,0.770078,-0.019746,-0.789824,-0.455966,-0.514372,0.013189,0.527561,0.660906,0.553030,-0.014180,-0.567211,0.735812,-1.623314,0.041623,1.664938,-1.627911,-1.436525,0.036834,1.473359,0.077029,1.031871,-0.026458,-1.058329,-0.385269,-3.274156,0.083953,3.358109,-0.332891,-0.851608,0.021836,0.873444,-0.313165,1.001541,-0.025681,-1.027222,-0.629194,-0.918480,0.023551,0.942031,0.431698,3.131678,-7.248460,-0.844319,0.000000,0.000000,0.000000,0.000000,0.000000,0.000000,-3.021474,6.917395,-1.402245,0.000104,0.000000,0.000000,368.901486,281.418947,1
10.312000,2.685337,-0.187470,0.236665,2.924214,-0.074980,-2.999194,-1.436815,0.235996,-0.006051,-0.242047,-0.330994,0.770078,-0.019746,-0.789824,-0.318619,-0.514372,0.013189,0.527561,0.726013,0.553030,-0.014180,-0.567211,0.841428,-1.623314,0.041623,1.664938,-1.841408,-1.436525,0.036834,1.473359,0.091107,1.031871,-0.026458,-1.058329,-0.317036,-3.274156,0.083953,3.358109,-0.596623,-0.851608,0.021836,0.873444,-0.089860,1.001541,-0.025681,-1.027222,-0.587743,-0.918480,0.023551,0.942031,0.453634,3.232252,-7.513076,-0.902055,0.000000,0.000000,0.000000,0.000000,0.000000,0.000000,-3.177595,7.406737,-1.537459,0.000122,0.000000,0.000000,369.022987,281.427945,1
10.318000,2.705002,-0.195272,0.239535,1.839548,-0.047168,-1.886716,-0.844763,-0.009109,0.000234,0.009342,-0.277631,2.160823,-0.055406,-2.216229,-0.371297,0.646547,-0.016578,-0.663125,0.084155,0.631056,-0.016181,-0.647237,1.080962,-0.740376,0.018984,0.759360,-2.002691,0.083109,-0.002131,-0.085240,-0.389206,1.222703,-0.031351,-1.254054,-0.034912,-2.430947,0.062332,2.493279,-0.658290,-0.450996,0.011564,0.462560,-0.207816,0.375780,-0.009635,-0.385415,-0.220940,-0.714598,0.018323,0.732921,0.607868,3.574723,-6.691498,-1.150206,0.000000,0.000000,0.000000,0.000000,0.000000,0.000000,-2.717474,8.050481,-1.273594,0.000070,0.000000,0.000000,369.065230,281.421994,1
10.328000,2.706187,-0.195956,0.237154,1.839548,-0.047168,-1.886716,-0.950012,-0.009109,0.000234,0.009342,-0.163445,2.160823,-0.055406,-2.216229,-0.702155,0.646547,-0.016578,-0.663125,0.054098,0.631056,-0.016181,-0.647237,1.139768,-0.740376,0.018984,0.759360,-2.178514,0.083109,-0.002131,-0.085240,-0.486862,1.222703,-0.031351,-1.254054,-0.042096,-2.430947,0.062332,2.493279,-0.860232,-0.450996,0.011564,0.462560,-0.231521,0.375780,-0.009635,-0.385415,-0.225614,-0.714598,0.018323,0.732921,0.479685,3.729556,-6.877224,-1.193417,0.000000,0.000000,0.000000,0.000000,0.000000,0.000000,-2.822630,7.967798,-1.139094,0.000086,0.000000,0.000000,369.150856,281.413995,1
10.332000,2.712192,-0.203729,0.237565,0.526736,-0.013506,-0.540242,-0.004626,-0.159078,0.004079,0.163157,-0.125791,2.787166,-0.071466,-2.858631,-1.118246,-0.339501,0.008705,0.348206,0.625548,-0.220587,0.005656,0.226243,1.317915,-0.283027,0.007257,0.290284,-2.096950,-0.596977,0.015307,0.612284,-0.094521,0.468329,-0.012008,-0.480338,0.084014,-1.888558,0.048425,1.936983,-0.835925,1.247116,-0.031977,-1.279093,-1.205416,-0.961919,0.024665,0.986583,0.191999,-0.486172,0.012466,0.498638,0.572285,3.085432,-6.310294,-0.950624,0.000000,0.000000,0.000000,0.000000,0.000000,0.000000,-2.782691,7.200000,-1.184856,0.000081,0.000000,0.000000,369.183170,281.427535,1
10.342000,2.713416,-0.204531,0.234752,0.526736,-0.013506,-0.540242,-0.000863,-0.159078,0.004079,0.163157,-0.069331,2.787166,-0.071466,-2.858631,-1.217602,-0.339501,0.008705,0.348206,0.671959,-0.220587,0.005656,0.226243,1.402659,-0.283027,0.007257,0.290284,-2.289137,-0.596977,0.015307,0.612284,-0.136739,0.468329,-0.012008,-0.480338,0.087019,-1.888558,0.048425,1.936983,-1.040126,1.247116,-0.031977,-1.279093,-1.364760,-0.961919,0.024665,0.986583,0.232598,-0.486172,0.012466,0.498638,0.375122,3.215439,-6.557456,-1.030544,0.000000,0.000000,0.000000,0.000000,0.000000,0.000000,-2.866642,7.506558,-1.231753,0.000090,0.000000,0.000000,369.273277,281.461322,1
10.346000,2.721161,-0.195060,0.239840,0.500552,-0.012835,-0.513386,0.007359,-0.134263,0.003443,0.137706,-0.046821,2.792704,-0.071608,-2.864312,-1.274100,0.267146,-0.006850,-0.273996,0.020473,-0.123102,0.003156,0.126259,1.289536,-0.001992,0.000051,0.002043,-2.300545,0.001035,-0.000027,-0.001062,-0.117706,0.461814,-0.011841,-0.473656,0.392354,-1.500752,0.038481,1.539232,-0.895762,0.873307,-0.022392,-0.895699,-1.060527,-0.170179,0.004364,0.174542,-0.037616,-0.509827,0.013072,0.522899,0.403757,3.302965,-6.452247,-0.719557,0.000000,0.000000,0.000000,0.000000,0.000000,0.000000,-2.854324,7.443877,-1.508619,0.000066,0.000000,0.000000,369.299537,281.474848,1
10.356000,2.722462,-0.195318,0.237173,0.500552,-0.012835,-0.513386,0.008844,-0.134263,0.003443,0.137706,-0.023402,2.792704,-0.071608,-2.864312,-1.270484,0.267146,-0.006850,-0.273996,0.024251,-0.123102,0.003156,0.126259,1.356310,-0.001992,0.000051,0.002043,-2.506809,0.001035,-0.000027,-0.001062,-0.181861,0.461814,-0.011841,-0.473656,0.376292,-1.500752,0.038481,1.539232,-1.072049,0.873307,-0.022392,-0.895699,-1.160968,-0.170179,0.004364,0.174542,-0.030276,-0.509827,0.013072,0.522899,0.315976,3.548180,-6.710960,-0.696818,0.000000,0.000000,0.000000,0.000000,0.000000,0.000000,-3.027161,7.734182,-1.515980,0.000069,0.000000,0.000000,369.368225,281.506472,1
10.360000,2.738354,-0.205236,0.236573,0.464171,-0.011902,-0.476073,-0.009019,-0.161417,0.004139,0.165556,-0.043349,2.758931,-0.070742,-2.829673,-1.026314,0.132750,-0.003404,-0.136154,0.176177,-0.085333,0.002188,0.087522,1.521304,-0.036925,0.000947,0.037872,-2.355964,-0.034951,0.000896,0.035847,-0.340484,0.458930,-0.011767,-0.470697,0.355413,-1.364934,0.034998,1.399933,-1.008506,0.177705,-0.004557,-0.182262,-0.783343,-1.025773,0.026302,1.052075,0.178812,-0.314676,0.008069,0.322745,0.302482,3.558549,-6.433287,-0.924338,0.000000,0.000000,0.000000,0.000000,0.000000,0.000000,-2.816412,7.699851,-1.179926,0.000052,0.000000,0.000000,369.388952,281.513506,1
10.370000,2.740084,-0.206044,0.233527,0.464171,-0.011902,-0.476073,-0.007644,-0.161417,0.004139,0.165556,-0.035625,2.758931,-0.070742,-2.829673,-1.150306,0.132750,-0.003404,-0.136154,0.198452,-0.085333,0.002188,0.087522,1.592346,-0.036925,0.000947,0.037872,-2.519750,-0.034951,0.000896,0.035847,-0.390358,0.458930,-0.011767,-0.470697,0.359076,-1.364934,0.034998,1.399933,-1.190751,0.177705,-0.004557,-0.182262,-0.779651,-1.025773,0.026302,1.052075,0.225059,-0.314676,0.008069,0.322745,0.217504,3.657707,-6.619029,-1.013989,0.000000,0.000000,0.000000,0.000000,0.000000,0.000000,-2.934452,8.006382,-1.187216,0.000058,0.000000,0.000000,369.447206,281.532193,1
10.374000,2.733893,-0.196653,0.225909,-0.399824,0.010252,0.410076,0.492510,-0.108910,0.002793,0.111703,-0.037816,2.836711,-0.072736,-2.909447,-1.194815,-0.554358,0.014214,0.568573,0.741963,-0.016345,0.000419,0.016765,1.607118,-0.985314,0.025264,1.010579,-2.230783,-0.425398,0.010908,0.436306,-0.176040,0.561075,-0.014387,-0.575462,0.142867,-2.131428,0.054652,2.186080,-0.940010,-0.678848,0.017406,0.696254,-0.573362,-1.320730,0.033865,1.354595,0.262511,-0.427658,0.010966,0.438623,0.331379,3.491637,-7.108085,-0.870859,0.098127,0.000289,-0.049061,0.000000,0.000000,0.000000,-2.649030,7.511688,-1.790386,0.000095,0.000000,0.000000,369.485205,281.531218,1
10.384000,2.736665,-0.200351,0.226651,0.547298,-0.014033,-0.561332,0.021649,-0.090643,0.002324,0.092967,-0.069953,3.684123,-0.094465,-3.778588,-1.398618,0.189313,-0.004854,-0.194167,0.359641,0.661855,-0.016971,-0.678826,1.479185,-1.273839,0.032663,1.306501,-2.339701,0.243060,-0.006232,-0.249292,-0.562564,1.077906,-0.027639,-1.105544,0.011040,-2.233895,0.057279,2.291175,-1.107568,-0.777700,0.019941,0.797642,-0.317615,-0.426258,0.010930,0.437188,0.008969,-0.021914,0.000562,0.022476,0.106456,3.838147,-7.399463,-1.038736,0.000000,0.000000,0.000000,0.000000,0.000000,0.000000,-2.703118,7.936694,-1.644657,0.000124,0.000000,0.000000,369.609045,281.516006,1
10.388000,2.750373,-0.195513,0.236941,-0.523417,0.013421,0.536838,0.677475,-0.070643,0.001811,0.072455,-0.030559,1.318278,-0.033802,-1.352080,-0.429985,0.460391,-0.011805,-0.472196,-0.008956,0.719705,-0.018454,-0.738159,1.313341,-1.872120,0.048003,1.920123,-1.767669,0.688700,-0.017659,-0.706359,-0.839395,0.878682,-0.022530,-0.901212,-0.077624,-2.183942,0.055999,2.239940,-0.442918,0.311451,-0.007986,-0.319437,-0.856520,-0.292610,0.007503,0.300113,0.058794,-1.931699,0.049531,1.981230,1.004819,3.330179,-6.883139,-0.973417,0.000000,0.000000,0.000000,0.000000,0.000000,0.000000,-2.389695,6.896093,-1.478672,0.000093,0.000000,0.000000,369.646053,281.510151,1
10.398000,2.751848,-0.195654,0.234533,-0.523417,0.013421,0.536838,0.722128,-0.070643,0.001811,0.072455,-0.024119,1.318278,-0.033802,-1.352080,-0.472582,0.460391,-0.011805,-0.472196,-0.026694,0.719705,-0.018454,-0.738159,1.368276,-1.872120,0.048003,1.920123,-1.816833,0.688700,-0.017659,-0.706359,-0.945400,0.878682,-0.022530,-0.901212,-0.033737,-2.183942,0.055999,2.239940,-0.636350,0.311451,-0.007986,-0.319437,-0.864722,-0.292610,0.007503,0.300113,0.023755,-1.931699,0.049531,1.981230,1.004183,3.378792,-7.008683,-1.033002,0.000000,0.000000,0.000000,0.000000,0.000000,0.000000,-2.553242,7.414581,-1.592530,0.000099,0.000000,0.000000,369.745413,281.490997,1
10.402000,2.748327,-0.200949,0.225068,-0.793237,0.020339,0.813577,0.738221,-0.039417,0.001011,0.040427,-0.095158,0.813050,-0.020847,-0.833898,-0.444489,0.193139,-0.004952,-0.198091,0.485552,1.193957,-0.030614,-1.224572,1.100333,-2.302258,0.059032,2.361291,-1.301345,0.686423,-0.017601,-0.704024,-0.845535,1.683737,-0.043173,-1.726909,-0.536251,-2.944588,0.075502,3.020091,-0.192902,0.476278,-0.012212,-0.488490,-1.101858,-0.313325,0.008034,0.321359,0.145141,-0.858693,0.022018,0.880710,0.721416,3.536823,-6.095170,-0.508712,0.199893,0.104451,-0.044751,-1.036217,-1.743556,0.264766,-2.229245,6.697756,-1.471470,0.000088,0.000000,0.000000,369.780676,281.485437,1
10.412000,2.749347,-0.201548,0.222805,-0.793237,0.020339,0.813577,0.693593,-0.039417,0.001011,0.040427,-0.190853,0.813050,-0.020847,-0.833898,-0.655075,0.193139,-0.004952,-0.198091,0.479762,1.193957,-0.030614,-1.224572,1.166041,-2.302258,0.059032,2.361291,-1.349586,0.686423,-0.017601,-0.704024,-0.927450,1.683737,-0.043173,-1.726909,-0.455775,-2.944588,0.075502,3.020091,-0.425103,0.476278,-0.012212,-0.488490,-1.033150,-0.313325,0.008034,0.321359,0.086343,-0.858693,0.022018,0.880710,0.554971,3.779806,-6.093125,-0.357749,0.441368,0.382053,-0.001112,-3.506355,-5.284562,0.246823,-2.283067,7.320480,-1.711493,0.000096,0.000000,0.000000,369.876406,281.461142,1
10.416000,2.751042,-0.198221,0.225687,-0.572565,0.014681,0.587246,0.744057,-0.032468,0.000833,0.033301,-0.215738,0.957124,-0.024542,-0.981666,-0.609791,0.307783,-0.007892,-0.315675,0.231870,1.338007,-0.034308,-1.372315,1.059057,-2.071297,0.053110,2.124407,-1.303570,0.855617,-0.021939,-0.877556,-1.221726,2.095522,-0.053731,-2.149253,-0.539927,-3.100926,0.079511,3.180436,-0.577208,0.215508,-0.005526,-0.221034,-0.944345,-0.260704,0.006685,0.267388,0.031613,-0.233788,0.005995,0.239783,0.226407,3.732297,-6.185397,-0.346406,0.008832,0.157360,0.092137,-3.828312,-5.453400,0.043767,-2.251190,7.198906,-1.712939,0.000097,0.000000,0.000000,369.915120,281.450745,1
10.426000,2.751716,-0.198642,0.223418,-0.572565,0.014681,0.587246,0.677918,-0.032468,0.000833,0.033301,0.092032,0.957124,-0.024542,-0.981666,-1.786190,0.307783,-0.007892,-0.315675,0.368329,1.338007,-0.034308,-1.372315,1.141208,-2.071297,0.053110,2.124407,-1.389448,0.855617,-0.021939,-0.877556,-1.146968,2.095522,-0.053731,-2.149253,-0.563222,-3.100926,0.079511,3.180436,-0.626563,0.215508,-0.005526,-0.221034,-0.807697,-0.260704,0.006685,0.267388,0.032148,-0.233788,0.005995,0.239783,0.152762,3.911258,-6.015296,-0.144417,0.054174,0.376250,0.203655,-3.189039,-5.857723,0.886307,-2.070335,7.387319,-1.945764,0.000112,0.000000,0.000000,370.027343,281.430430,1
10.434000,2.764524,-0.210540,0.230291,-0.270897,0.006946,0.277843,0.880699,1.302890,-0.033407,-1.336297,0.399721,-1.901910,0.048767,1.950677,-2.076550,0.261731,-0.006711,-0.268442,0.580575,1.233320,-0.031624,-1.264943,0.660775,-2.138460,0.054832,2.193292,-0.654246,1.032696,-0.026479,-1.059175,-0.581218,2.518582,-0.064579,-2.583161,-0.567010,-3.837279,0.098392,3.935671,0.143001,0.649348,-0.016650,-0.665998,-0.909780,-0.244336,0.006265,0.250601,0.103486,-0.821419,0.021062,0.842481,0.421030,3.542472,-4.011275,0.172396,0.000000,0.000000,0.000000,-2.837219,-7.245808,1.308612,-1.910671,8.321629,-1.643066,0.000109,0.000000,0.000000,370.114429,281.405333,1
10.444000,2.765406,-0.211294,0.229471,-0.270897,0.006946,0.277843,0.988972,1.302890,-0.033407,-1.336297,0.394849,-1.901910,0.048767,1.950677,-2.140410,0.261731,-0.006711,-0.268442,0.644660,1.233320,-0.031624,-1.264943,0.630051,-2.138460,0.054832,2.193292,-0.569264,1.032696,-0.026479,-1.059175,-0.509962,2.518582,-0.064579,-2.583161,-0.486560,-3.837279,0.098392,3.935671,-0.025256,0.649348,-0.016650,-0.665998,-0.937613,-0.244336,0.006265,0.250601,0.042878,-0.821419,0.021062,0.842481,0.428397,3.450415,-3.888161,0.158559,0.000000,0.000000,0.000000,-2.567424,-6.791084,1.290158,-1.841169,8.338116,-1.683341,0.000101,0.000000,0.000000,370.215317,281.365804,1
10.450000,2.757288,-0.188016,0.226068,-0.654870,0.016792,0.671661,0.962651,1.756615,-0.045041,-1.801656,-0.017330,-3.060567,0.078476,3.139043,-0.902841,-0.350758,0.008994,0.359752,0.696361,1.325829,-0.033996,-1.359824,0.801494,-2.613890,0.067023,2.680913,0.125892,0.538390,-0.013805,-0.552195,-0.936925,2.529385,-0.064856,-2.594241,-0.836788,-4.024272,0.103186,4.127459,0.480021,0.951555,-0.024399,-0.975954,-0.787346,-0.111046,0.002847,0.113893,0.405708,-0.757718,0.019429,0.777147,0.278266,2.321938,-3.695024,0.053205,3.819633,7.652959,2.933267,-3.084693,-5.539141,1.129728,-1.953515,5.095316,-1.135699,0.000109,0.000000,0.000000,370.280658,281.384057,1
10.460000,2.757076,-0.187129,0.225636,-0.654870,0.016792,0.671661,0.923900,1.756615,-0.045041,-1.801656,-0.144517,-3.060567,0.078476,3.139043,-0.850770,-0.350758,0.008994,0.359752,0.645605,1.325829,-0.033996,-1.359824,0.735437,-2.613890,0.067023,2.680913,-0.006456,0.538390,-0.013805,-0.552195,-0.919236,2.529385,-0.064856,-2.594241,-0.936363,-4.024272,0.103186,4.127459,0.491019,0.951555,-0.024399,-0.975954,-0.789486,-0.111046,0.002847,0.113893,0.829836,-0.757718,0.019429,0.777147,-0.464330,2.067865,-4.072627,-0.314144,3.610175,7.068101,2.666902,-3.197264,-5.583066,1.071036,-1.934277,4.663705,-0.945481,0.000110,0.000000,0.000000,370.390562,281.412985,1
10.466000,2.781231,-0.183813,0.229590,-0.853357,0.021881,0.875238,1.037698,0.935759,-0.023994,-0.959753,0.581047,-3.281228,0.084134,3.365363,-1.427411,-0.652292,0.016725,0.669018,0.765418,0.765623,-0.019631,-0.785255,0.711249,-3.197743,0.081993,3.279736,0.003266,0.187073,-0.004797,-0.191870,-0.491990,1.523880,-0.039074,-1.562954,-0.958767,-3.803387,0.097523,3.900909,2.205419,1.330571,-0.034117,-1.364688,-0.162422,-0.010290,0.000264,0.010553,1.163250,-0.218607,0.005605,0.224212,-1.215906,1.765696,-4.446487,-1.020024,3.624551,6.595919,1.905508,-4.103348,-6.048752,0.288223,-0.303921,0.054724,0.246844,0.000181,0.000000,0.000000,370.498883,281.446995,1
10.476000,2.781382,-0.183454,0.229263,-0.853357,0.021881,0.875238,0.815903,0.935759,-0.023994,-0.959753,0.484417,-3.281228,0.084134,3.365363,-1.148217,-0.652292,0.016725,0.669018,0.526772,0.765623,-0.019631,-0.785255,0.686201,-3.197743,0.081993,3.279736,-0.010304,0.187073,-0.004797,-0.191870,-0.344493,1.523880,-0.039074,-1.562954,-0.889917,-3.803387,0.097523,3.900909,1.919803,1.330571,-0.034117,-1.364688,-0.325203,-0.010290,0.000264,0.010553,1.145020,-0.218607,0.005605,0.224212,-1.196167,1.494965,-3.914894,-0.937006,3.560591,6.433065,1.836801,-3.836170,-5.434880,0.087440,-0.876639,0.280189,0.654224,0.000156,0.000000,0.000000,370.655266,281.499980,1
10.484000,2.769799,-0.186433,0.246355,-0.685279,0.017571,0.702850,-0.490367,0.770082,-0.019746,-0.789828,0.338081,-3.143745,0.080609,3.224354,-0.490220,-0.584583,0.014989,0.599572,1.283064,0.146962,-0.003768,-0.150730,-0.073716,-2.301349,0.059009,2.360358,1.219406,1.324755,-0.033968,-1.358723,-1.086807,-0.633203,0.016236,0.649439,-0.064993,2.342903,-0.060074,-2.402977,-2.669830,0.904410,-0.023190,-0.927600,-0.334122,0.389953,-0.009999,-0.399952,0.247880,-1.857552,0.047630,1.905182,-0.444475,0.000000,0.000000,0.000000,3.112076,6.255534,1.584013,-4.077331,-5.331503,-0.345801,0.000000,0.000000,0.000000,0.000150,0.000000,0.000000,370.775596,281.569422,1
10.494000,2.769718,-0.186121,0.245902,-0.685279,0.017571,0.702850,-0.397937,0.770082,-0.019746,-0.789828,0.360152,-3.143745,0.080609,3.224354,-0.576375,-0.584583,0.014989,0.599572,0.973393,0.146962,-0.003768,-0.150730,-0.069105,-2.301349,0.059009,2.360358,1.140384,1.324755,-0.033968,-1.358723,-0.944157,-0.633203,0.016236,0.649439,0.011787,2.342903,-0.060074,-2.402977,-1.792500,0.904410,-0.023190,-0.927600,-0.185739,0.389953,-0.009999,-0.399952,0.273525,-1.857552,0.047630,1.905182,-0.620293,0.000000,0.000000,0.000000,3.354221,6.699481,1.679667,-4.194073,-5.672898,-0.250175,0.000000,0.000000,0.000000,0.000128,0.000000,0.000000,370.903293,281.622844,1
10.498000,2.780446,-0.184510,0.237243,0.776008,-0.019898,-0.795905,-0.841952,-0.352202,0.009031,0.361233,0.743691,-2.203334,0.056496,2.259830,-0.685757,-1.462880,0.037510,1.500389,0.129793,-0.854291,0.021905,0.876196,0.126490,1.429024,-0.036642,-1.465666,-0.796077,-0.045478,0.001166,0.046644,0.778551,0.154162,-0.003953,-0.158115,-0.291543,-1.790319,0.045906,1.836224,0.805718,1.564563,-0.040117,-1.604680,-0.262513,-0.432599,0.011092,0.443691,0.325630,-1.513538,0.038809,1.552346,-0.738279,0.000000,0.000000,0.000000,3.225167,5.672656,1.278972,-3.269177,-5.590031,0.401046,0.000000,0.000000,0.000000,0.000072,0.000000,0.000000,370.932231,281.630216,1
10.508000,2.780746,-0.183933,0.235566,0.776008,-0.019898,-0.795905,-0.902886,-0.352202,0.009031,0.361233,0.870109,-2.203334,0.056496,2.259830,-0.944981,-1.462880,0.037510,1.500389,0.303766,-0.854291,0.021905,0.876196,0.125166,1.429024,-0.036642,-1.465666,-0.675677,-0.045478,0.001166,0.046644,0.637454,0.154162,-0.003953,-0.158115,-0.206295,-1.790319,0.045906,1.836224,0.848432,1.564563,-0.040117,-1.604680,-0.276531,-0.432599,0.011092,0.443691,0.388655,-1.513538,0.038809,1.552346,-0.983635,0.000000,0.000000,0.000000,3.462165,6.266681,1.461662,-3.549090,-6.136501,0.496744,0.000000,0.000000,0.000000,0.000085,0.000000,0.000000,371.017106,281.641842,1
10.512000,2.789122,-0.184439,0.240567,0.150451,-0.003858,-0.154308,-0.603629,-0.191805,0.004918,0.196723,0.877321,-2.010844,0.051560,2.062405,-0.446874,-0.320411,0.008216,0.328627,-0.916138,-0.097252,0.002494,0.099746,-0.062560,2.005324,-0.051419,-2.056743,-0.734217,0.344681,-0.008838,-0.353519,0.400961,0.177271,-0.004545,-0.181816,-0.212630,-0.029776,0.000763,0.030539,0.048430,0.610766,-0.015661,-0.626427,0.079273,-0.373709,0.009582,0.383292,0.485419,-1.427489,0.036602,1.464092,-0.667826,0.000000,0.000000,0.000000,3.187009,6.085155,1.344945,-3.324602,-5.011328,0.292227,0.000000,0.000000,0.000000,0.000044,0.000000,0.000000,371.034707,281.640258,1
10.522000,2.789932,-0.184208,0.238943,0.150451,-0.003858,-0.154308,-0.583841,-0.191805,0.004918,0.196723,1.001616,-2.010844,0.051560,2.062405,-0.777002,-0.320411,0.008216,0.328627,-0.626115,-0.097252,0.002494,0.099746,-0.042684,2.005324,-0.051419,-2.056743,-0.812182,0.344681,-0.008838,-0.353519,0.305817,0.177271,-0.004545,-0.181816,-0.181107,-0.029776,0.000763,0.030539,0.032103,0.610766,-0.015661,-0.626427,0.144736,-0.373709,0.009582,0.383292,0.520686,-1.427489,0.036602,1.464092,-0.923496,0.000000,0.000000,0.000000,3.408302,6.612817,1.486646,-3.655529,-5.701973,0.450646,0.000000,0.000000,0.000000,0.000056,0.000000,0.000000,371.090251,281.628535,1
10.526000,2.793114,-0.189682,0.241078,-0.299745,0.007686,0.307431,-0.199173,-0.077040,0.001975,0.079016,0.916565,-1.505977,0.038615,1.544592,-0.874311,-0.744222,0.019083,0.763305,0.033854,-0.070986,0.001820,0.072806,-0.098367,1.704919,-0.043716,-1.748635,-0.809716,0.878901,-0.022536,-0.901437,0.005083,0.639404,-0.016395,-0.655799,-0.325571,0.243531,-0.006244,-0.249776,0.123922,0.101470,-0.002602,-0.104072,0.223186,-0.236884,0.006074,0.242958,0.600657,-1.325898,0.033997,1.359896,-0.874447,0.000000,0.000000,0.000000,3.208594,6.642588,1.687476,-3.781549,-5.307322,0.267061,0.000000,0.000000,0.000000,0.000045,0.000000,0.000000,371.108413,281.625362,1
10.536000,2.793872,-0.189659,0.239254,-0.299745,0.007686,0.307431,-0.182657,-0.077040,0.001975,0.079016,1.019181,-1.505977,0.038615,1.544592,-1.188003,-0.744222,0.019083,0.763305,0.079039,-0.070986,0.001820,0.072806,-0.074564,1.704919,-0.043716,-1.748635,-0.776170,0.878901,-0.022536,-0.901437,-0.007278,0.639404,-0.016395,-0.655799,-0.343582,0.243531,-0.006244,-0.249776,0.061147,0.101470,-0.002602,-0.104072,0.296047,-0.236884,0.006074,0.242958,0.600178,-1.325898,0.033997,1.359896,-1.104151,0.000000,0.000000,0.000000,3.417629,6.989756,1.750980,-4.059653,-5.880809,0.412076,0.000000,0.000000,0.000000,0.000053,0.000000,0.000000,371.161613,281.609679,1
10.542000,2.795956,-0.186708,0.236622,-0.113599,0.002913,0.116512,-0.360102,-0.035754,0.000917,0.036671,1.126199,-1.400314,0.035905,1.436219,-1.359013,-0.587039,0.015052,0.602092,-0.001666,-0.183267,0.004699,0.187967,-0.045401,2.246652,-0.057606,-2.304259,-0.870253,0.853917,-0.021895,-0.875812,0.003998,0.456460,-0.011704,-0.468164,-0.227791,0.211195,-0.005415,-0.216610,0.022817,0.237062,-0.006079,-0.243141,0.330226,-0.123564,0.003168,0.126732,0.461131,-1.393837,0.035739,1.429576,-1.153017,0.000000,0.000000,0.000000,3.429949,6.934327,1.681846,-4.044318,-6.021531,0.474991,0.000000,0.000000,0.000000,0.000060,0.000000,0.000000,371.197325,281.600506,1
10.552000,2.796775,-0.186247,0.234002,-0.089571,0.002297,0.091867,-0.387064,-0.035025,0.000898,0.035923,1.212064,-1.420422,0.036421,1.456843,-1.593213,-0.590731,0.015147,0.605878,0.003829,-0.184257,0.004725,0.188981,-0.027727,2.354697,-0.060377,-2.415074,-1.021428,0.865812,-0.022200,-0.888012,-0.003113,0.460362,-0.011804,-0.472166,-0.258684,0.214243,-0.005493,-0.219737,0.007998,0.259647,-0.006658,-0.266304,0.391111,-0.132363,0.003394,0.135756,0.438878,-1.394351,0.035753,1.430104,-1.346927,0.000000,0.000000,0.000000,3.563264,7.125628,1.708295,-4.206618,-6.370132,0.598179,0.000000,0.000000,0.000000,0.000071,0.000000,0.000000,371.268237,281.583538,1
10.556000,2.796779,-0.187643,0.233691,-0.161954,0.004153,0.166106,-0.372461,0.038577,-0.000989,-0.039566,1.259354,-1.653158,0.042389,1.695547,-1.743889,-0.590195,0.015133,0.605328,0.005720,-0.179316,0.004598,0.183914,-0.038059,3.294073,-0.084463,-3.378536,-0.976940,1.655310,-0.042444,-1.697754,-0.031907,0.950076,-0.024361,-0.974436,-0.268753,0.454523,-0.011654,-0.466178,-0.002327,0.247402,-0.006344,-0.253745,0.386233,-0.104982,0.002692,0.107673,0.453719,-1.708984,0.043820,1.752804,-1.390965,0.000000,0.000000,0.000000,3.668426,7.534696,1.837847,-4.468624,-6.952091,0.631156,0.000000,0.000000,0.000000,0.000093,0.000000,0.000000,371.305364,281.575772,1
10.566000,2.797233,-0.187429,0.230911,-0.161954,0.004153,0.166106,-0.395240,0.038577,-0.000989,-0.039566,1.315519,-1.653158,0.042389,1.695547,-1.937629,-0.590195,0.015133,0.605328,0.018857,-0.179316,0.004598,0.183914,-0.050514,3.294073,-0.084463,-3.378536,-1.275146,1.655310,-0.042444,-1.697754,-0.229118,0.950076,-0.024361,-0.974436,-0.392495,0.454523,-0.011654,-0.466178,-0.021412,0.247402,-0.006344,-0.253745,0.436276,-0.104982,0.002692,0.107673,0.409385,-1.708984,0.043820,1.752804,-1.542727,0.000000,0.000000,0.000000,3.731763,7.617359,1.846671,-4.590545,-7.163598,0.684797,0.000000,0.000000,0.000000,0.000114,0.000000,0.000000,371.419086,281.564951,1
10.568000,2.807162,-0.188162,0.233995,-0.016629,0.000426,0.017055,-0.382861,0.080607,-0.002067,-0.082673,1.347872,-1.322637,0.033914,1.356551,-1.823510,-0.383601,0.009836,0.393437,-0.001069,-0.116265,0.002981,0.119246,-0.038187,3.236685,-0.082992,-3.319677,-0.846240,1.602216,-0.041082,-1.643299,-0.028414,0.773345,-0.019829,-0.793174,-0.197108,0.391862,-0.010048,-0.401909,-0.005930,0.312032,-0.008001,-0.320033,0.383374,-0.068788,0.001764,0.070552,0.459649,-1.419406,0.036395,1.455801,-1.359759,0.000000,0.000000,0.000000,3.655513,7.218363,1.758260,-4.364815,-6.669831,0.595316,0.000000,0.000000,0.000000,0.000077,0.000000,0.000000,371.434577,281.561647,1
10.578000,2.807771,-0.187976,0.231149,-0.016629,0.000426,0.017055,-0.414757,0.080607,-0.002067,-0.082673,1.406173,-1.322637,0.033914,1.356551,-2.019853,-0.383601,0.009836,0.393437,-0.013278,-0.116265,0.002981,0.119246,-0.058218,3.236685,-0.082992,-3.319677,-1.198746,1.602216,-0.041082,-1.643299,-0.223003,0.773345,-0.019829,-0.793174,-0.310309,0.391862,-0.010048,-0.401909,-0.020534,0.312032,-0.008001,-0.320033,0.423059,-0.068788,0.001764,0.070552,0.417680,-1.419406,0.036395,1.455801,-1.518926,0.000000,0.000000,0.000000,3.716361,7.338858,1.789539,-4.514915,-6.904072,0.644006,0.000000,0.000000,0.000000,0.000099,0.000000,0.000000,371.533097,281.555723,1
10.582000,2.833998,-0.176901,0.233737,0.064184,-0.001646,-0.065830,-0.660964,-0.311124,0.007978,0.319102,1.609444,-0.804672,0.020633,0.825304,-1.685419,-0.216900,0.005562,0.222461,-0.019635,-0.066827,0.001714,0.068541,-0.029950,2.121123,-0.054388,-2.175511,-0.842140,0.324426,-0.008319,-0.332745,0.189081,-0.241560,0.006194,0.247754,0.011226,-0.018833,0.000483,0.019316,0.044691,0.252060,-0.006463,-0.258523,0.273088,-0.234537,0.006014,0.240551,0.528345,-1.239444,0.031781,1.271225,-1.119530,0.000000,0.000000,0.000000,3.283783,7.075655,1.115723,-4.118949,-5.613029,0.824143,0.000000,0.000000,0.000000,0.000055,0.000000,0.000000,371.554993,281.553986,1
10.592000,2.835862,-0.175991,0.230805,0.064184,-0.001646,-0.065830,-0.656075,-0.311124,0.007978,0.319102,1.690247,-0.804672,0.020633,0.825304,-1.861766,-0.216900,0.005562,0.222461,-0.014657,-0.066827,0.001714,0.068541,-0.025302,2.121123,-0.054388,-2.175511,-0.900091,0.324426,-0.008319,-0.332745,0.211921,-0.241560,0.006194,0.247754,0.001706,-0.018833,0.000483,0.019316,0.030217,0.252060,-0.006463,-0.258523,0.346406,-0.234537,0.006014,0.240551,0.542446,-1.239444,0.031781,1.271225,-1.332340,0.000000,0.000000,0.000000,3.421649,7.420686,1.141129,-4.230867,-5.858556,0.970973,0.000000,0.000000,0.000000,0.000061,0.000000,0.000000,371.615668,281.546756,1
10.598000,2.820181,-0.201950,0.236618,-0.265866,0.006817,0.272683,0.065727,-0.000773,0.000020,0.000792,1.292426,-0.259100,0.006644,0.265743,-2.286107,0.072942,-0.001870,-0.074812,-0.223364,-0.103622,0.002657,0.106279,-0.042118,2.690886,-0.068997,-2.759883,-1.080000,0.654037,-0.016770,-0.670807,0.003918,-0.261056,0.006694,0.267750,0.046270,-1.615753,0.041430,1.657183,0.770315,-0.112950,0.002896,0.115846,0.646837,0.493669,-0.012658,-0.506327,0.112614,-1.476573,0.037861,1.514434,-0.907287,0.000000,0.000000,0.000000,3.343060,6.265969,1.984120,-3.770078,-6.438794,0.246535,0.000000,0.000000,0.000000,0.000064,0.000000,0.000000,371.654223,281.560763,1
10.608000,2.820444,-0.202940,0.233711,-0.265866,0.006817,0.272683,0.045506,-0.000773,0.000020,0.000792,1.353413,-0.259100,0.006644,0.265743,-2.471869,0.072942,-0.001870,-0.074812,-0.293992,-0.103622,0.002657,0.106279,-0.030561,2.690886,-0.068997,-2.759883,-1.154702,0.654037,-0.016770,-0.670807,0.004034,-0.261056,0.006694,0.267750,0.023815,-1.615753,0.041430,1.657183,0.796925,-0.112950,0.002896,0.115846,0.701504,0.493669,-0.012658,-0.506327,0.099547,-1.476573,0.037861,1.514434,-1.095756,0.000000,0.000000,0.000000,3.483197,6.492557,2.087259,-3.896542,-6.702236,0.260305,0.032097,0.030517,-0.033814,0.000070,0.000000,0.000000,371.724256,281.583342,1
10.612000,2.827172,-0.192368,0.229600,-0.011867,0.000304,0.012172,-0.282894,-0.197073,0.005053,0.202126,1.566796,-1.270403,0.032574,1.302977,-2.097247,-0.780077,0.020002,0.800079,0.009501,-0.124436,0.003191,0.127627,-0.068299,2.705123,-0.069362,-2.774486,-0.894252,0.437634,-0.011221,-0.448855,0.134521,-0.256543,0.006578,0.263121,-0.019889,1.664086,-0.042669,-1.706755,-0.391770,0.243261,-0.006237,-0.249499,0.527317,-0.517060,0.013258,0.530318,0.557265,-1.170429,0.030011,1.200440,-1.515084,0.000000,0.000000,0.000000,3.691428,7.000256,1.739054,-4.369143,-6.974011,0.633345,0.000000,0.000000,0.000000,0.000085,0.000000,0.000000,371.758377,281.579377,1
10.622000,2.827839,-0.192446,0.226398,-0.011867,0.000304,0.012172,-0.292513,-0.197073,0.005053,0.202126,1.622972,-1.270403,0.032574,1.302977,-2.228053,-0.780077,0.020002,0.800079,0.012415,-0.124436,0.003191,0.127627,-0.054208,2.705123,-0.069362,-2.774486,-1.073146,0.437634,-0.011221,-0.448855,0.131431,-0.256543,0.006578,0.263121,-0.022219,1.664086,-0.042669,-1.706755,-0.528699,0.243261,-0.006237,-0.249499,0.606211,-0.517060,0.013258,0.530318,0.541980,-1.170429,0.030011,1.200440,-1.686369,0.000000,0.000000,0.000000,3.788880,7.148051,1.773447,-4.432700,-7.107957,0.680178,0.000000,0.000000,0.000000,0.000097,0.000000,0.000000,371.854970,281.572888,1
10.626000,2.852833,-0.179930,0.230533,0.229810,-0.005893,-0.235702,-0.487094,-0.114812,0.002944,0.117756,1.507331,-1.862095,0.047746,1.909841,-1.600994,0.356438,-0.009139,-0.365577,-0.298242,-0.067749,0.001737,0.069486,-0.026316,0.472421,-0.012113,-0.484534,-0.165036,-0.778292,0.019956,0.798248,0.862011,-0.116441,0.002986,0.119427,0.005798,-1.066809,0.027354,1.094164,0.484842,0.109485,-0.002807,-0.112292,0.379995,-0.173210,0.004441,0.177651,0.553707,-1.867925,0.047896,1.915821,-1.123947,0.163444,-0.788213,-0.283168,3.458680,7.511215,1.232146,-4.201573,-6.289540,1.332040,0.000000,0.000000,0.000000,0.000071,0.000000,0.000000,371.883187,281.559063,1
10.636000,2.854548,-0.179075,0.227856,0.238874,-0.006125,-0.244999,-0.521662,-0.070905,0.001818,0.072723,1.557442,-1.856508,0.047603,1.904110,-1.724920,0.238516,-0.006116,-0.244632,-0.338954,-0.066998,0.001718,0.068716,-0.029058,0.913007,-0.023410,-0.936417,-0.366349,-0.706479,0.018115,0.724594,0.979696,-0.118954,0.003050,0.122004,-0.002516,-1.111524,0.028501,1.140025,0.565658,0.116735,-0.002993,-0.119729,0.429908,-0.099381,0.002548,0.101929,0.515637,-1.916010,0.049128,1.965138,-1.249454,0.043763,-0.839517,-0.431108,3.571131,7.768895,1.236907,-4.310954,-6.442501,1.417557,0.000000,0.000000,0.000000,0.000079,0.000000,0.000000,371.961866,281.521870,1
10.640000,2.854685,-0.184716,0.228098,0.118319,-0.003034,-0.121353,-0.193855,0.865340,-0.022188,-0.887528,1.231942,-2.370903,0.060792,2.431696,-1.698432,-0.289452,0.007422,0.296874,-0.180798,-0.037681,0.000966,0.038647,-0.051460,3.901682,-0.100043,-4.001725,-0.775997,0.364308,-0.009341,-0.373649,1.143573,-0.061116,0.001567,0.062683,-0.039157,0.270488,-0.006936,-0.277423,0.293611,-0.220591,0.005656,0.226247,0.898373,1.154123,-0.029593,-1.183716,-0.187229,-2.827718,0.072506,2.900224,-0.694625,0.000702,-0.002969,-0.001133,3.519860,6.887392,1.357106,-4.280308,-6.899452,1.072609,0.000000,0.000000,0.000000,0.000114,0.000000,0.000000,372.007301,281.504866,1
10.650000,2.855737,-0.184265,0.225504,0.118319,-0.003034,-0.121353,-0.251619,0.865340,-0.022188,-0.887528,1.280462,-2.370903,0.060792,2.431696,-1.771268,-0.289452,0.007422,0.296874,-0.206401,-0.037681,0.000966,0.038647,-0.069282,3.901682,-0.100043,-4.001725,-1.337929,0.364308,-0.009341,-0.373649,0.872254,-0.061116,0.001567,0.062683,-0.031238,0.270488,-0.006936,-0.277423,0.149494,-0.220591,0.005656,0.226247,0.927617,1.154123,-0.029593,-1.183716,-0.189686,-2.827718,0.072506,2.900224,-0.848662,-0.013656,-0.056082,-0.043969,3.602835,7.249534,1.479925,-4.420515,-6.999627,1.074578,0.000000,0.000000,0.000000,0.000142,0.000000,0.000000,372.148873,281.479673,1
10.654000,2.861737,-0.182878,0.227577,-0.388976,0.009974,0.398950,-0.011672,1.318987,-0.033820,-1.352808,0.928111,-2.014944,0.051665,2.066609,-1.496189,0.329412,-0.008446,-0.337859,-0.595208,0.035589,-0.000913,-0.036501,-0.062314,1.983025,-0.050847,-2.033871,-0.731002,0.075803,-0.001944,-0.077747,1.088984,-0.048320,0.001239,0.049559,-0.045091,0.162960,-0.004178,-0.167138,0.257279,-0.968225,0.024826,0.993051,1.308456,2.251923,-0.057742,-2.309664,-0.811663,-3.342578,0.085707,3.428285,-0.142266,0.987206,-1.585229,0.078481,3.042334,6.692397,1.367511,-4.201969,-5.939535,0.617787,0.000000,0.000000,0.000000,0.000098,0.000000,0.000000,372.188209,281.479250,1
10.664000,2.862703,-0.182385,0.225261,-0.388976,0.009974,0.398950,-0.063806,1.318987,-0.033820,-1.352808,1.005374,-2.014944,0.051665,2.066609,-1.579697,0.329412,-0.008446,-0.337859,-0.439246,0.035589,-0.000913,-0.036501,-0.174143,1.983025,-0.050847,-2.033871,-1.047698,0.075803,-0.001944,-0.077747,0.895155,-0.048320,0.001239,0.049559,-0.032576,0.162960,-0.004178,-0.167138,0.134732,-0.968225,0.024826,0.993051,1.335142,2.251923,-0.057742,-2.309664,-0.749441,-3.342578,0.085707,3.428285,-0.356330,2.672922,-5.282537,-0.143253,3.113390,7.289578,1.617683,-4.507019,-5.937824,0.436564,0.000000,0.000000,0.000000,0.000113,0.000000,0.000000,372.301289,281.473020,1
10.670000,2.866290,-0.192537,0.228603,-0.506945,0.012999,0.519943,0.173846,1.485782,-0.038097,-1.523879,0.976735,-2.009453,0.051524,2.060977,-1.431834,0.365269,-0.009366,-0.374635,-0.975760,0.678842,-0.017406,-0.696248,-0.279027,0.578183,-0.014825,-0.593008,0.037369,-0.308358,0.007907,0.316264,1.064472,-0.054136,0.001388,0.055524,-0.025239,0.063835,-0.001637,-0.065472,0.141713,-1.195228,0.030647,1.225875,1.504673,2.656038,-0.068104,-2.724141,-0.725973,-3.641408,0.093369,3.734777,-0.254481,1.011013,-1.257989,0.309393,3.197964,7.010704,1.727048,-3.914630,-6.145571,0.781799,0.094291,0.213649,-0.170877,0.000102,0.000000,0.000000,372.362679,281.469338,1
10.680000,2.865908,-0.191750,0.224745,-0.429394,0.011010,0.440404,-0.144437,1.468651,-0.037658,-1.506309,1.058887,-2.098036,0.053796,2.151832,-1.422864,0.440989,-0.011307,-0.452297,-0.447978,0.573324,-0.014701,-0.588025,0.119254,0.660727,-0.016942,-0.677669,-1.974987,-0.333670,0.008556,0.342226,0.838740,-0.053161,0.001363,0.054524,-0.002038,0.066351,-0.001701,-0.068052,0.070423,-1.117333,0.028650,1.145982,1.318657,2.562931,-0.065716,-2.628647,-0.738314,-3.592480,0.092115,3.684595,-0.338338,2.449358,-6.144347,-0.764648,2.821635,7.078761,2.043513,-4.599979,-5.418830,-0.090794,0.022014,0.217561,-0.131959,0.000113,0.000000,0.000000,372.475899,281.461718,1
10.688000,2.893811,-0.195937,0.235798,0.006943,-0.000178,-0.007121,-0.294486,1.325681,-0.033992,-1.359673,1.093082,-2.522092,0.064669,2.586761,-0.762642,0.465570,-0.011938,-0.477508,-0.482073,1.460088,-0.037438,-1.497527,0.507809,-1.927925,0.049434,1.977359,-1.673525,-0.875084,0.022438,0.897522,0.926595,-0.049321,0.001265,0.050585,0.004540,-0.060675,0.001556,0.062230,0.067081,-0.846753,0.021712,0.868464,1.047574,2.495811,-0.063995,-2.559807,-0.776954,-3.946557,0.101194,4.047750,0.667934,3.321415,-8.131119,-1.513689,2.341019,5.965879,1.434318,-4.124352,-4.072300,-0.084502,0.000000,0.000000,0.000000,0.000142,0.000000,0.000000,372.589493,281.454853,1
10.698000,2.895535,-0.196256,0.235007,0.006943,-0.000178,-0.007121,-0.434335,1.325681,-0.033992,-1.359673,1.113539,-2.522092,0.064669,2.586761,-0.621552,0.465570,-0.011938,-0.477508,-0.666135,1.460088,-0.037438,-1.497527,0.747682,-1.927925,0.049434,1.977359,-2.078289,-0.875084,0.022438,0.897522,0.925490,-0.049321,0.001265,0.050585,-0.005304,-0.060675,0.001556,0.062230,0.047217,-0.846753,0.021712,0.868464,0.907124,2.495811,-0.063995,-2.559807,-0.630835,-3.946557,0.101194,4.047750,0.558335,2.871743,-7.368758,-1.474971,2.364769,6.429050,1.670573,-3.935257,-3.753925,-0.137063,0.000000,0.000000,0.000000,0.000142,0.000000,0.000000,372.731180,281.429514,1
10.704000,2.855272,-0.194397,0.220200,0.547381,-0.014035,-0.561416,-0.993436,1.396351,-0.035804,-1.432155,-0.757450,-2.549116,0.065362,2.614478,0.559390,0.557813,-0.014303,-0.572116,-0.670600,3.087142,-0.079157,-3.166299,-0.524265,-5.181933,0.132870,5.314803,-0.064098,-1.672762,0.042891,1.715653,0.112550,-0.038393,0.000984,0.039377,0.447161,-0.180835,0.004637,0.185472,-1.067820,-0.526705,0.013505,0.540210,-0.399594,3.140350,-0.080522,-3.220872,-2.253948,-4.660737,0.119506,4.780243,3.022687,3.196314,-6.817263,-0.484155,0.031627,0.013864,-0.015286,0.011657,-0.125266,0.075471,-2.787231,5.723475,-1.423466,0.000278,0.000000,0.000000,372.898117,281.587396,1
10.714000,2.853871,-0.194661,0.218848,0.547381,-0.014035,-0.561416,-0.543581,1.396351,-0.035804,-1.432155,-0.755858,-2.549116,0.065362,2.614478,0.906618,0.557813,-0.014303,-0.572116,-0.406143,3.087142,-0.079157,-3.166299,-0.448450,-5.181933,0.132870,5.314803,-0.225185,-1.672762,0.042891,1.715653,0.321184,-0.038393,0.000984,0.039377,0.510251,-0.180835,0.004637,0.185472,-1.310020,-0.526705,0.013505,0.540210,-0.155784,3.140350,-0.080522,-3.220872,-1.913303,-4.660737,0.119506,4.780243,2.618102,3.364271,-7.097727,-0.454939,1.186786,0.663040,-0.489450,-0.087112,-0.291895,0.071229,-3.011011,6.099930,-1.506421,0.000262,0.000000,0.000000,373.159947,281.818747,1
10.720000,2.880814,-0.198972,0.247218,6.177073,-0.158386,-6.335459,-5.398767,-1.639072,0.042027,1.681099,0.188641,8.663608,-0.222144,-8.885751,-5.179965,0.484617,-0.012426,-0.497044,-0.013285,1.754066,-0.044976,-1.799042,0.060039,-4.212970,0.108025,4.320995,-0.393401,-2.301650,0.059017,2.360666,0.305218,1.146819,-0.029406,-1.176224,0.179744,-3.635527,0.093219,3.728745,-0.199668,-2.786767,0.071456,2.858222,2.782682,-3.554819,0.091149,3.645968,0.735297,8.278181,-0.212261,-8.490442,-4.633531,3.642659,-7.406320,-0.441853,0.000000,0.000000,0.000000,0.000000,0.000000,0.000000,-3.858285,7.932293,-1.391842,0.001340,0.000000,0.000000,373.964036,282.589670,1
10.730000,2.882287,-0.198165,0.247397,7.953549,-0.203937,-8.157486,-6.810270,-2.213191,0.056748,2.269939,0.487086,11.721153,-0.300542,-12.021696,-5.895957,0.187819,-0.004816,-0.192635,0.138260,1.795064,-0.046027,-1.841092,0.368444,-4.497859,0.115330,4.613189,-0.839531,-2.699896,0.069228,2.769124,0.262615,1.179347,-0.030240,-1.209587,0.132327,-4.092135,0.104927,4.197062,-0.237862,-3.446404,0.088369,3.534774,3.219985,-4.357539,0.111732,4.469270,1.439196,9.882207,-0.253390,-10.135596,-5.017116,3.708599,-8.033736,-0.406042,0.000000,0.000000,0.000000,0.000000,0.000000,0.000000,-4.311742,7.937756,-1.119516,0.002027,0.000000,0.000000,375.990723,284.501632,1
10.734000,2.886515,-0.200185,0.236292,-0.445884,0.011433,0.457317,0.217984,0.229399,-0.005882,-0.235281,-0.402297,-1.896566,0.048630,1.945196,0.525827,0.506901,-0.012997,-0.519899,0.375768,-0.109564,0.002809,0.112373,0.663395,-2.233102,0.057259,2.290361,-0.787456,-0.758973,0.019461,0.778434,0.020972,-0.369585,0.009477,0.379061,0.347906,-1.602591,0.041092,1.643684,-0.756616,-0.249106,0.006387,0.255493,-0.299139,0.536396,-0.013754,-0.550150,-0.651520,-1.360727,0.034890,1.395617,0.095261,3.019593,-5.649100,0.120967,0.000000,0.000000,0.000000,0.000000,0.000000,0.000000,-2.350780,6.021740,-1.452851,0.000053,0.000000,0.000000,376.011724,284.496082,1
10.744000,2.886565,-0.200240,0.234884,-0.445884,0.011433,0.457317,0.353211,0.229399,-0.005882,-0.235281,-0.299109,-1.896566,0.048630,1.945196,0.726076,0.506901,-0.012997,-0.519899,0.377005,-0.109564,0.002809,0.112373,0.725808,-2.233102,0.057259,2.290361,-0.890259,-0.758973,0.019461,0.778434,-0.016335,-0.369585,0.009477,0.379061,0.405989,-1.602591,0.041092,1.643684,-0.965171,-0.249106,0.006387,0.255493,-0.218387,0.536396,-0.013754,-0.550150,-0.517924,-1.360727,0.034890,1.395617,0.392005,3.180197,-6.084259,0.058226,0.000000,0.000000,0.000000,0.000000,0.000000,0.000000,-2.667527,6.540264,-1.520758,0.000066,0.000000,0.000000,376.077742,284.484299,1
10.748000,2.917041,-0.214057,0.263659,0.168598,-0.004323,-0.172921,-0.224894,-0.310843,0.007970,0.318813,0.053288,6.845405,-0.175523,-7.020929,-2.849707,-0.493542,0.012655,0.506197,0.822933,-1.209289,0.031007,1.240297,0.758713,-2.086951,0.053512,2.140462,0.802165,-0.570044,0.014617,0.584660,0.151162,-1.382852,0.035458,1.418310,0.448682,-2.524194,0.064723,2.588917,0.675093,-2.483834,0.063688,2.547522,0.494917,1.114520,-0.028577,-1.143098,-0.718847,0.596516,-0.015295,-0.611812,-0.378339,1.725442,-2.794466,0.162764,0.000000,0.000000,0.000000,0.000000,0.000000,0.000000,-1.165129,4.401398,-1.070961,0.000279,0.000000,0.000000,376.189440,284.595998,1
10.758000,2.919498,-0.214517,0.263865,0.168598,-0.004323,-0.172921,-0.112287,-0.310843,0.007970,0.318813,0.036933,6.845405,-0.175523,-7.020929,-3.134518,-0.493542,0.012655,0.506197,0.917056,-1.209289,0.031007,1.240297,0.956106,-2.086951,0.053512,2.140462,0.411491,-0.570044,0.014617,0.584660,0.231186,-1.382852,0.035458,1.418310,0.621859,-2.524194,0.064723,2.588917,0.251570,-2.483834,0.063688,2.547522,0.962522,1.114520,-0.028577,-1.143098,-0.671060,0.596516,-0.015295,-0.611812,-0.248470,2.105909,-3.994884,-0.057731,0.000000,0.000000,0.000000,0.000000,0.000000,0.000000,-1.426526,5.622771,-1.382997,0.000296,0.000000,0.000000,376.485529,284.892086,1
10.762000,2.906408,-0.208690,0.240816,0.570286,-0.014623,-0.584909,-0.059407,-0.063041,0.001616,0.064658,-0.023713,1.315760,-0.033737,-1.349497,-0.668052,0.143358,-0.003676,-0.147034,0.339636,-0.007759,0.000199,0.007958,0.884971,-0.977886,0.025074,1.002960,-0.697063,-0.019259,0.000494,0.019753,-0.163724,-0.274262,0.007032,0.281295,0.478754,-0.879835,0.022560,0.902395,-0.616403,-1.024773,0.026276,1.051049,0.336526,0.623982,-0.016000,-0.639981,-0.405966,0.263333,-0.006752,-0.270086,-0.088107,2.652803,-4.408071,0.059169,0.000000,0.000000,0.000000,0.000000,0.000000,0.000000,-2.087421,5.795427,-1.389169,0.000030,0.000000,0.000000,376.497630,284.893707,1
10.772000,2.907452,-0.208933,0.239211,0.570286,-0.014623,-0.584909,-0.073912,-0.063041,0.001616,0.064658,-0.023042,1.315760,-0.033737,-1.349497,-0.605083,0.143358,-0.003676,-0.147034,0.319929,-0.007759,0.000199,0.007958,1.008573,-0.977886,0.025074,1.002960,-1.033202,-0.019259,0.000494,0.019753,-0.224548,-0.274262,0.007032,0.281295,0.518585,-0.879835,0.022560,0.902395,-0.882846,-1.024773,0.026276,1.051049,0.321165,0.623982,-0.016000,-0.639981,-0.385982,0.263333,-0.006752,-0.270086,-0.047392,2.905603,-5.160690,-0.110328,0.000000,0.000000,0.000000,0.000000,0.000000,0.000000,-2.311790,6.405754,-1.526973,0.000035,0.000000,0.000000,376.532600,284.890959,1
10.776000,2.912589,-0.203037,0.244541,1.139949,-0.029229,-1.169178,-0.186927,-0.007856,0.000201,0.008058,-0.048713,2.290125,-0.058721,-2.348847,-0.860916,0.110044,-0.002822,-0.112865,0.078741,-0.045239,0.001160,0.046399,0.884960,-1.254566,0.032168,1.286734,-0.870029,-0.133832,0.003432,0.137263,-0.246538,-0.483050,0.012386,0.495436,0.515576,-0.971300,0.024905,0.996205,-0.590291,-1.173436,0.030088,1.203524,0.372113,0.973559,-0.024963,-0.998522,-0.461403,0.383293,-0.009828,-0.393121,-0.040980,2.725670,-5.389646,-0.189188,0.000000,0.000000,0.000000,0.000000,0.000000,0.000000,-2.400467,5.926296,-1.424763,0.000052,0.000000,0.000000,376.553450,284.897804,1
10.786000,2.913568,-0.202986,0.242899,1.139949,-0.029229,-1.169178,-0.288434,-0.007856,0.000201,0.008058,-0.037551,2.290125,-0.058721,-2.348847,-0.951627,0.110044,-0.002822,-0.112865,0.060737,-0.045239,0.001160,0.046399,1.006589,-1.254566,0.032168,1.286734,-1.186391,-0.133832,0.003432,0.137263,-0.296874,-0.483050,0.012386,0.495436,0.586531,-0.971300,0.024905,0.996205,-0.917688,-1.173436,0.030088,1.203524,0.390281,0.973559,-0.024963,-0.998522,-0.482603,0.383293,-0.009828,-0.393121,-0.029967,2.995375,-6.086510,-0.296641,0.000000,0.000000,0.000000,0.000000,0.000000,0.000000,-2.621881,6.560629,-1.599263,0.000064,0.000000,0.000000,376.617068,284.911648,1
10.790000,2.921681,-0.217991,0.238093,0.748605,-0.019195,-0.767800,-0.091678,-0.008357,0.000214,0.008571,-0.041157,2.817606,-0.072246,-2.889853,-1.167757,0.095480,-0.002448,-0.097928,0.464702,0.158587,-0.004066,-0.162653,1.126342,-0.724990,0.018589,0.743580,-1.072161,-0.023582,0.000605,0.024186,-0.426089,0.164687,-0.004223,-0.168910,0.283547,-1.040095,0.026669,1.066764,-0.835152,-0.279128,0.007157,0.286285,-0.173837,-0.135154,0.003465,0.138620,-0.005722,-0.040272,0.001033,0.041305,0.023840,2.995006,-4.990084,-0.490028,0.000000,0.000000,0.000000,0.000000,0.000000,0.000000,-2.290109,6.671365,-1.123617,0.000055,0.000000,0.000000,376.638956,284.917328,1
10.800000,2.923117,-0.219109,0.235701,0.748605,-0.019195,-0.767800,-0.126428,-0.008357,0.000214,0.008571,-0.042877,2.817606,-0.072246,-2.889853,-1.247757,0.095480,-0.002448,-0.097928,0.483535,0.158587,-0.004066,-0.162653,1.255956,-0.724990,0.018589,0.743580,-1.387629,-0.023582,0.000605,0.024186,-0.465404,0.164687,-0.004223,-0.168910,0.308648,-1.040095,0.026669,1.066764,-1.097625,-0.279128,0.007157,0.286285,-0.179765,-0.135154,0.003465,0.138620,-0.005443,-0.040272,0.001033,0.041305,0.019950,3.188257,-5.557320,-0.704041,0.000000,0.000000,0.000000,0.000000,0.000000,0.000000,-2.419864,7.150090,-1.191821,0.000063,0.000000,0.000000,376.701697,284.928662,1
10.804000,2.916590,-0.203290,0.238864,0.822370,-0.021086,-0.843457,-0.057999,-0.011241,0.000288,0.011530,-0.048539,2.177954,-0.055845,-2.233798,-0.739798,0.396820,-0.010175,-0.406995,0.076779,0.149855,-0.003842,-0.153698,1.187831,-0.794766,0.020379,0.815144,-1.521328,0.210317,-0.005393,-0.215710,-0.566140,0.057497,-0.001474,-0.058971,0.459447,-1.024451,0.026268,1.050719,-1.111986,-0.486735,0.012480,0.499215,-0.000677,0.058691,-0.001505,-0.060196,-0.028919,0.142387,-0.003651,-0.146038,0.005757,3.163047,-6.237769,-0.183172,0.000000,0.000000,0.000000,0.000000,0.000000,0.000000,-2.447880,6.931274,-1.914257,0.000045,0.000000,0.000000,376.719603,284.925359,1
10.814000,2.917252,-0.203072,0.236375,0.822370,-0.021086,-0.843457,-0.099227,-0.011241,0.000288,0.011530,-0.041618,2.177954,-0.055845,-2.233798,-0.865911,0.396820,-0.010175,-0.406995,0.052465,0.149855,-0.003842,-0.153698,1.280993,-0.794766,0.020379,0.815144,-1.815657,0.210317,-0.005393,-0.215710,-0.657355,0.057497,-0.001474,-0.058971,0.428716,-1.024451,0.026268,1.050719,-1.308512,-0.486735,0.012480,0.499215,-0.014617,0.058691,-0.001505,-0.060196,-0.048414,0.142387,-0.003651,-0.146038,0.002853,3.295038,-6.700841,-0.288217,0.000000,0.000000,0.000000,0.000000,0.000000,0.000000,-2.592347,7.169840,-1.956372,0.000053,0.000000,0.000000,376.772296,284.915920,1
10.816000,2.966705,-0.245246,0.243117,0.340799,-0.008738,-0.349537,-0.137045,-0.009806,0.000251,0.010058,-0.041133,2.063899,-0.052920,-2.116819,-0.987614,-0.132168,0.003389,0.135557,0.482145,-0.455301,0.011674,0.466975,1.283557,-0.677762,0.017379,0.695141,-0.757801,-0.290814,0.007457,0.298270,0.071970,-0.444811,0.011405,0.456217,0.818345,-1.095754,0.028096,1.123851,-0.359076,0.494121,-0.012670,-0.506791,-0.828710,-0.869795,0.022302,0.892098,0.283276,-0.247387,0.006343,0.253730,0.123586,2.622692,-4.291117,-0.813897,0.000000,0.000000,0.000000,0.000000,0.000000,0.000000,-1.489951,6.603749,-0.651205,0.000048,0.000000,0.000000,376.781961,284.921863,1
10.826000,2.969989,-0.247504,0.240879,0.340799,-0.008738,-0.349537,-0.083180,-0.009806,0.000251,0.010058,-0.038383,2.063899,-0.052920,-2.116819,-0.966749,-0.132168,0.003389,0.135557,0.485929,-0.455301,0.011674,0.466975,1.423933,-0.677762,0.017379,0.695141,-1.070093,-0.290814,0.007457,0.298270,0.030901,-0.444811,0.011405,0.456217,0.866999,-1.095754,0.028096,1.123851,-0.609885,0.494121,-0.012670,-0.506791,-0.874162,-0.869795,0.022302,0.892098,0.248873,-0.247387,0.006343,0.253730,0.117700,2.824639,-4.849509,-1.096911,0.000000,0.000000,0.000000,0.000000,0.000000,0.000000,-1.705923,7.289323,-0.583994,0.000053,0.000000,0.000000,376.835318,284.946626,1
10.832000,2.933636,-0.212176,0.232672,0.868717,-0.022275,-0.890992,-0.081802,-0.029773,0.000763,0.030536,-0.061234,2.726747,-0.069917,-2.796664,-0.988966,0.121081,-0.003105,-0.124186,0.326968,0.292964,-0.007512,-0.300476,1.399761,-0.452067,0.011591,0.463658,-2.075350,-0.046012,0.001180,0.047192,-0.408697,0.305959,-0.007845,-0.313804,0.293010,-0.808477,0.020730,0.829207,-1.218505,-0.624064,0.016002,0.640066,-0.045930,-0.097380,0.002497,0.099877,0.029220,0.003499,-0.000090,-0.003589,0.065206,3.428618,-6.469395,-0.594226,0.000000,0.000000,0.000000,0.000000,0.000000,0.000000,-2.580842,7.137009,-1.600381,0.000054,0.000000,0.000000,376.867827,284.948216,1
10.842000,2.934432,-0.212587,0.229653,0.868717,-0.022275,-0.890992,-0.116908,-0.029773,0.000763,0.030536,-0.048217,2.726747,-0.069917,-2.796664,-1.130360,0.121081,-0.003105,-0.124186,0.321698,0.292964,-0.007512,-0.300476,1.473096,-0.452067,0.011591,0.463658,-2.265179,-0.046012,0.001180,0.047192,-0.485060,0.305959,-0.007845,-0.313804,0.300519,-0.808477,0.020730,0.829207,-1.447276,-0.624064,0.016002,0.640066,-0.016009,-0.097380,0.002497,0.099877,0.007637,0.003499,-0.000090,-0.003589,0.038440,3.511444,-6.719109,-0.687653,0.000000,0.000000,0.000000,0.000000,0.000000,0.000000,-2.703372,7.433947,-1.651607,0.000061,0.000000,0.000000,376.929108,284.952258,1
10.846000,2.953540,-0.220951,0.238906,0.478495,-0.012269,-0.490764,-0.016776,-0.015016,0.000385,0.015401,-0.043035,2.006300,-0.051444,-2.057744,-0.829256,-0.008304,0.000213,0.008517,0.246186,-0.075086,0.001925,0.077012,1.468339,-0.495126,0.012696,0.507821,-1.891016,-0.189671,0.004863,0.194534,-0.361131,-0.081726,0.002096,0.083822,0.524642,-0.885918,0.022716,0.908634,-1.039000,-0.539250,0.013827,0.553077,-0.118878,-0.639179,0.016389,0.655568,0.066100,-0.122792,0.003149,0.125940,0.146587,3.293251,-6.162089,-0.941285,0.000000,0.000000,0.000000,0.000000,0.000000,0.000000,-2.651185,7.236341,-1.168372,0.000040,0.000000,0.000000,376.945015,284.951836,1
10.856000,2.955311,-0.221776,0.236105,0.478495,-0.012269,-0.490764,-0.009562,-0.015016,0.000385,0.015401,-0.049226,2.006300,-0.051444,-2.057744,-0.855577,-0.008304,0.000213,0.008517,0.297378,-0.075086,0.001925,0.077012,1.569732,-0.495126,0.012696,0.507821,-2.093806,-0.189671,0.004863,0.194534,-0.380806,-0.081726,0.002096,0.083822,0.558020,-0.885918,0.022716,0.908634,-1.257574,-0.539250,0.013827,0.553077,-0.069027,-0.639179,0.016389,0.655568,0.080208,-0.122792,0.003149,0.125940,0.097153,3.425001,-6.446986,-1.057534,0.000000,0.000000,0.000000,0.000000,0.000000,0.000000,-2.775522,7.625428,-1.211675,0.000043,0.000000,0.000000,376.988207,284.948649,1
10.860000,2.940353,-0.211552,0.227421,1.113440,-0.028550,-1.141990,-0.188874,-0.009681,0.000248,0.009930,-0.066414,3.885152,-0.099619,-3.984771,-1.546777,0.285903,-0.007331,-0.293234,0.110717,0.239691,-0.006146,-0.245837,1.402777,-0.505149,0.012953,0.518101,-2.377096,0.115141,-0.002952,-0.118093,-0.670862,0.370517,-0.009500,-0.380018,0.193996,-1.137187,0.029159,1.166345,-1.420472,-0.171301,0.004392,0.175693,-0.327782,-0.220068,0.005643,0.225710,0.039671,-0.053891,0.001382,0.055273,0.119528,3.434521,-6.971562,-0.655773,0.000000,0.000000,0.000000,0.000000,0.000000,0.000000,-2.817886,7.328683,-1.703318,0.000099,0.000000,0.000000,377.027694,284.960954,1
10.870000,2.940851,-0.211780,0.224089,1.113440,-0.028550,-1.141990,-0.250978,-0.009681,0.000248,0.009930,-0.053476,3.885152,-0.099619,-3.984771,-1.700183,0.285903,-0.007331,-0.293234,0.109805,0.239691,-0.006146,-0.245837,1.451960,-0.505149,0.012953,0.518101,-2.521383,0.115141,-0.002952,-0.118093,-0.759038,0.370517,-0.009500,-0.380018,0.166413,-1.137187,0.029159,1.166345,-1.594912,-0.171301,0.004392,0.175693,-0.357324,-0.220068,0.005643,0.225710,0.012747,-0.053891,0.001382,0.055273,0.072123,3.492759,-7.125243,-0.708830,-0.000751,0.002632,0.002099,0.000000,0.000000,0.000000,-2.904646,7.482383,-1.725494,0.000108,0.000000,0.000000,377.136096,284.995711,1
10.874000,2.978144,-0.212759,0.252204,-2.419466,0.062038,2.481504,1.335515,-0.002733,0.000070,0.002803,-0.082580,-1.219820,0.031277,1.251097,0.251333,-0.808774,0.020738,0.829512,0.443338,-0.169903,0.004356,0.174259,1.282459,-1.637360,0.041984,1.679343,-1.157749,-0.041695,0.001069,0.042764,-0.067736,0.977618,-0.025067,-1.002685,0.220553,-3.097833,0.079432,3.177265,0.199062,4.129979,-0.105897,-4.235876,-2.931326,-0.240426,0.006165,0.246591,0.268823,-1.240479,0.031807,1.272287,0.779717,2.876730,-6.244684,-0.673194,0.000000,0.000000,0.000000,0.000000,0.000000,0.000000,-2.473124,6.891831,-1.514022,0.000205,0.000000,0.000000,377.218079,285.060346,1
10.884000,2.980379,-0.212617,0.250608,-2.419466,0.062038,2.481504,1.705907,-0.002733,0.000070,0.002803,-0.079968,-1.219820,0.031277,1.251097,0.406911,-0.808774,0.020738,0.829512,0.465568,-0.169903,0.004356,0.174259,1.373999,-1.637360,0.041984,1.679343,-1.360449,-0.041695,0.001069,0.042764,-0.144354,0.977618,-0.025067,-1.002685,0.172307,-3.097833,0.079432,3.177265,0.087453,4.129979,-0.105897,-4.235876,-3.376304,-0.240426,0.006165,0.246591,0.126955,-1.240479,0.031807,1.272287,0.709878,3.052102,-6.639414,-0.747729,0.000000,0.000000,0.000000,0.000000,0.000000,0.000000,-2.628346,7.244335,-1.555717,0.000233,0.000000,0.000000,377.451536,285.244527,1
10.886000,2.965657,-0.217329,0.230935,0.041195,-0.001056,-0.042252,0.683570,0.043825,-0.001124,-0.044949,-0.081384,3.726962,-0.095563,-3.822525,-1.008758,-0.290280,0.007443,0.297723,0.343873,1.431711,-0.036711,-1.468421,1.100154,-2.529107,0.064849,2.593955,-1.599608,0.353632,-0.009067,-0.362700,-0.671405,1.996599,-0.051195,-2.047793,-0.489601,-3.088746,0.079199,3.167945,-0.285263,0.123585,-0.003169,-0.126754,-1.256319,-0.449669,0.011530,0.461199,0.092075,-0.041590,0.001066,0.042656,0.383859,3.271785,-7.244639,-1.107943,0.000000,0.000000,0.000000,0.000000,0.000000,0.000000,-2.434778,6.977524,-1.434642,0.000121,0.000000,0.000000,377.475783,285.241985,1
10.896000,2.966621,-0.217868,0.228704,0.041195,-0.001056,-0.042252,0.602194,0.043825,-0.001124,-0.044949,-0.085046,3.726962,-0.095563,-3.822525,-1.396381,-0.290280,0.007443,0.297723,0.346351,1.431711,-0.036711,-1.468421,1.149390,-2.529107,0.064849,2.593955,-1.664619,0.353632,-0.009067,-0.362700,-0.758767,1.996599,-0.051195,-2.047793,-0.492084,-3.088746,0.079199,3.167945,-0.432053,0.123585,-0.003169,-0.126754,-1.123513,-0.449669,0.011530,0.461199,0.066909,-0.041590,0.001066,0.042656,0.205495,3.321010,-7.347442,-1.159231,0.000787,0.000394,-0.000194,-0.001911,-0.022664,0.013958,-2.550875,7.449936,-1.549857,0.000143,0.000000,0.000000,377.618878,285.237081,1
10.902000,2.970620,-0.221421,0.228323,0.116219,-0.002980,-0.119199,0.528468,0.078440,-0.002011,-0.080451,-0.068786,3.245301,-0.083213,-3.328514,-1.307083,-0.078210,0.002005,0.080215,0.398377,1.584993,-0.040641,-1.625634,1.104560,-2.590344,0.066419,2.656763,-1.525675,0.540004,-0.013846,-0.553851,-0.830400,2.159846,-0.055381,-2.215227,-0.564925,-3.248938,0.083306,3.332244,-0.358236,-0.170553,0.004373,0.174926,-0.990577,-0.048532,0.001244,0.049777,-0.009257,0.107366,-0.002753,-0.110119,0.178866,3.498788,-7.067704,-1.142921,0.000122,0.000233,0.000075,0.004818,-0.283652,0.185965,-2.477603,7.642704,-1.572929,0.000134,0.000000,0.000000,377.699270,285.229883,1
10.912000,2.970614,-0.221059,0.226029,0.097994,-0.002513,-0.100507,0.462510,0.080295,-0.002059,-0.082353,-0.093206,3.237278,-0.083007,-3.320285,-1.466981,0.039336,-0.001009,-0.040345,0.315295,1.654567,-0.042425,-1.696992,1.110751,-2.490648,0.063863,2.554511,-1.654519,0.657528,-0.016860,-0.674387,-0.977355,2.319712,-0.059480,-2.379191,-0.617474,-3.307943,0.084819,3.392762,-0.504426,-0.226288,0.005802,0.232090,-0.838586,-0.051396,0.001318,0.052714,-0.016731,0.115518,-0.002962,-0.118480,0.100050,3.563749,-7.157825,-1.099739,-0.002110,0.008666,0.006483,-0.042681,-0.708831,0.418364,-2.588532,8.113423,-1.719648,0.000151,0.000000,0.000000,377.850230,285.219056,1
10.916000,2.963037,-0.218608,0.227035,-0.200604,0.005144,0.205748,0.528024,0.113315,-0.002906,-0.116221,-0.212932,2.201164,-0.056440,-2.257604,-1.082622,0.228536,-0.005860,-0.234396,0.184556,1.635322,-0.041931,-1.677253,0.879411,-2.320302,0.059495,2.379797,-1.534142,0.891536,-0.022860,-0.914395,-1.036201,2.603006,-0.066744,-2.669750,-0.731162,-3.653997,0.093692,3.747689,-0.515759,-0.070846,0.001817,0.072663,-0.765076,-0.069018,0.001770,0.070787,-0.019765,0.069231,-0.001775,-0.071007,0.110045,3.554613,-6.923242,-0.686178,-0.009387,0.024332,0.020578,-0.851337,-2.016727,0.537664,-2.432930,7.864198,-1.860679,0.000126,0.000000,0.000000,377.900806,285.212297,1
10.926000,2.963373,-0.219061,0.224715,-0.200604,0.005144,0.205748,0.501202,0.113315,-0.002906,-0.116221,-0.282452,2.201164,-0.056440,-2.257604,-1.384498,0.228536,-0.005860,-0.234396,0.212576,1.635322,-0.041931,-1.677253,0.939628,-2.320302,0.059495,2.379797,-1.627101,0.891536,-0.022860,-0.914395,-1.089090,2.603006,-0.066744,-2.669750,-0.767880,-3.653997,0.093692,3.747689,-0.594862,-0.070846,0.001817,0.072663,-0.697726,-0.069018,0.001770,0.070787,-0.012230,0.069231,-0.001775,-0.071007,0.060883,3.705585,-6.860385,-0.568384,-0.020416,0.062991,0.051041,-2.354678,-4.501861,0.652060,-2.419797,8.085774,-1.968506,0.000141,0.000000,0.000000,378.041713,285.197539,1
10.932000,2.977733,-0.220301,0.226869,-0.256838,0.006586,0.263424,0.727139,0.452525,-0.011603,-0.464128,-0.196506,0.956065,-0.024514,-0.980579,-2.016614,0.042376,-0.001087,-0.043463,0.371218,1.847626,-0.047375,-1.895001,0.702568,-2.179248,0.055878,2.235127,-1.059763,0.821641,-0.021068,-0.842709,-1.288887,3.120641,-0.080016,-3.200657,-1.439597,-3.981534,0.102091,4.083625,0.395875,0.228168,-0.005850,-0.234018,-0.871843,-0.042424,0.001088,0.043512,-0.007111,0.045216,-0.001159,-0.046375,0.061465,3.361694,-5.197603,-0.227785,0.000000,0.000000,0.000000,-2.589911,-5.797229,1.310315,-2.103703,6.543171,-1.369261,0.000135,0.000000,0.000000,378.122678,285.233871,1
10.942000,2.978211,-0.220778,0.225366,-0.256838,0.006586,0.263424,0.877943,0.452525,-0.011603,-0.464128,-0.001901,0.956065,-0.024514,-0.980579,-2.490509,0.042376,-0.001087,-0.043463,0.464352,1.847626,-0.047375,-1.895001,0.781840,-2.179248,0.055878,2.235127,-1.028104,0.821641,-0.021068,-0.842709,-1.201177,3.120641,-0.080016,-3.200657,-1.267002,-3.981534,0.102091,4.083625,0.192614,0.228168,-0.005850,-0.234018,-0.737707,-0.042424,0.001088,0.043512,-0.010093,0.045216,-0.001159,-0.046375,0.037577,3.331771,-5.017350,-0.171102,0.000000,0.000000,0.000000,-2.304645,-5.631445,1.469684,-2.087507,7.266526,-1.712822,0.000125,0.000000,0.000000,378.247706,285.282862,1
10.946000,2.970804,-0.210399,0.226467,1.111361,-0.028496,-1.139858,0.060568,3.273622,-0.083939,-3.357561,-0.766825,-5.689798,0.145892,5.835690,-0.040849,1.027616,-0.026349,-1.053966,-0.065767,1.605759,-0.041173,-1.646932,0.068021,-2.530153,0.064876,2.595029,1.021718,1.872962,-0.048025,-1.920987,-1.633902,1.810305,-0.046418,-1.856723,-1.292378,-2.128391,0.054574,2.182966,1.378660,1.467393,-0.037625,-1.505018,-0.773151,-0.096604,0.002477,0.099081,0.165367,-0.193163,0.004953,0.198116,0.137490,1.801316,-1.258618,0.886529,0.000000,0.000000,0.000000,-3.148891,-5.412492,1.639668,-0.226098,0.097207,0.134337,0.000155,0.000000,0.000000,378.309586,285.341386,1
10.956000,2.970299,-0.208620,0.227055,1.111361,-0.028496,-1.139858,-0.113267,3.273622,-0.083939,-3.357561,-0.689510,-5.689798,0.145892,5.835690,0.125968,1.027616,-0.026349,-1.053966,-0.258961,1.605759,-0.041173,-1.646932,0.257820,-2.530153,0.064876,2.595029,0.814607,1.872962,-0.048025,-1.920987,-1.683721,1.810305,-0.046418,-1.856723,-1.039463,-2.128391,0.054574,2.182966,1.103558,1.467393,-0.037625,-1.505018,-0.956583,-0.096604,0.002477,0.099081,0.113765,-0.193163,0.004953,0.198116,0.092079,1.773166,-1.461556,0.757674,0.000000,0.000000,0.000000,-3.115813,-4.986923,1.355525,-0.373652,0.470576,0.081324,0.000150,0.000000,0.000000,378.459920,285.483228,1
10.962000,3.000471,-0.215769,0.242321,-1.602740,0.041096,1.643836,0.842146,2.296512,-0.058885,-2.355397,0.570262,-3.066479,0.078628,3.145106,0.312880,-1.514797,0.038841,1.553638,2.900474,1.480609,-0.037964,-1.518573,-0.885522,-2.593856,0.066509,2.660366,1.418009,5.896460,-0.151191,-6.047651,-5.934730,0.178856,-0.004586,-0.183442,-0.698989,10.721881,-0.274920,-10.996801,-4.685220,1.340715,-0.034377,-1.375092,0.117354,0.383180,-0.009825,-0.393005,1.812640,0.002331,-0.000060,-0.002391,-1.375013,0.000000,0.000000,0.000000,4.696975,11.531409,3.152533,-3.970121,-4.407215,-0.594913,0.000000,0.000000,0.000000,0.001018,0.000000,0.000000,379.070443,286.067148,1
10.972000,3.000540,-0.215715,0.241808,-1.602740,0.041096,1.643836,0.575299,2.296512,-0.058885,-2.355397,0.555847,-3.066479,0.078628,3.145106,-0.148770,-1.514797,0.038841,1.553638,2.295165,1.480609,-0.037964,-1.518573,-0.912572,-2.593856,0.066509,2.660366,1.277797,5.896460,-0.151191,-6.047651,-5.751088,0.178856,-0.004586,-0.183442,-0.567637,10.721881,-0.274920,-10.996801,-5.012260,1.340715,-0.034377,-1.375092,-0.009243,0.383180,-0.009825,-0.393005,1.712998,0.002331,-0.000060,-0.002391,-1.740023,0.000000,0.000000,0.000000,4.385794,10.347846,2.718948,-4.423445,-5.379743,-0.425052,0.000000,0.000000,0.000000,0.001018,0.000000,0.000000,380.088118,287.035816,1
10.976000,2.998025,-0.213529,0.237929,0.101762,-0.002609,-0.104372,-1.289590,-1.113084,0.028541,1.141624,1.372806,-1.256419,0.032216,1.288635,-1.137514,-1.033194,0.026492,1.059686,0.038867,-0.822042,0.021078,0.843120,0.172595,3.718603,-0.095349,-3.813952,-3.324212,0.815958,-0.020922,-0.836879,3.901428,0.123448,-0.003165,-0.126613,-0.255357,3.719603,-0.095374,-3.814977,0.019149,0.011311,-0.000290,-0.011601,-0.782848,-0.971871,0.024920,0.996791,0.986868,-1.744614,0.044734,1.789348,-1.329755,0.000000,0.000000,0.000000,1.198166,7.253215,3.041873,-4.408221,-5.538168,-0.360296,0.000000,0.000000,0.000000,0.000228,0.000000,0.000000,380.179220,287.069451,1
10.986000,2.998688,-0.213348,0.236223,0.101762,-0.002609,-0.104372,-1.347000,-1.113084,0.028541,1.141624,1.478573,-1.256419,0.032216,1.288635,-1.360072,-1.033194,0.026492,1.059686,0.191162,-0.822042,0.021078,0.843120,0.169710,3.718603,-0.095349,-3.813952,-2.462516,0.815958,-0.020922,-0.836879,2.749199,0.123448,-0.003165,-0.126613,-0.215584,3.719603,-0.095374,-3.814977,-0.822690,0.011311,-0.000290,-0.011601,-0.794049,-0.971871,0.024920,0.996791,0.958839,-1.744614,0.044734,1.789348,-1.412552,0.000000,0.000000,0.000000,1.639140,7.536469,2.964810,-4.323330,-5.819626,-0.117980,0.000000,0.000000,0.000000,0.000223,0.000000,0.000000,380.401999,287.160611,1
10.990000,3.015307,-0.207962,0.234643,-1.140019,0.029231,1.169250,-0.227760,-0.197353,0.005060,0.202413,0.996735,-1.035821,0.026560,1.062381,-1.060893,1.782198,-0.045697,-1.827895,-1.470915,0.065228,-0.001673,-0.066900,-0.204868,-3.879259,0.099468,3.978727,1.691589,0.998056,-0.025591,-1.023648,0.947505,0.618428,-0.015857,-0.634285,-0.592264,3.210262,-0.082314,-3.292576,-1.385040,-1.018023,0.026103,1.044126,0.166708,-0.346114,0.008875,0.354989,0.629703,-1.185736,0.030403,1.216140,-0.974345,0.000000,0.000000,0.000000,1.892432,6.614585,2.319189,-3.963840,-4.650521,-0.417787,0.000000,0.000000,0.000000,0.000185,0.000000,0.000000,380.476064,287.206290,1
11.000000,3.016323,-0.207976,0.232726,-1.140019,0.029231,1.169250,-0.123147,-0.197353,0.005060,0.202413,1.079503,-1.035821,0.026560,1.062381,-1.271468,1.782198,-0.045697,-1.827895,-1.537614,0.065228,-0.001673,-0.066900,-0.155860,-3.879259,0.099468,3.978727,1.801967,0.998056,-0.025591,-1.023648,0.565453,0.618428,-0.015857,-0.634285,-0.514345,3.210262,-0.082314,-3.292576,-1.407522,-1.018023,0.026103,1.044126,0.323434,-0.346114,0.008875,0.354989,0.652909,-1.185736,0.030403,1.216140,-1.173271,0.000000,0.000000,0.000000,2.203627,7.027111,2.357608,-3.982140,-5.148436,-0.131745,0.000000,0.000000,0.000000,0.000192,0.000000,0.000000,380.668460,287.328677,1
11.004000,3.014833,-0.205303,0.238154,-0.115144,0.002952,0.118097,-0.256966,-0.200980,0.005153,0.206133,0.793698,-1.186500,0.030423,1.216923,-0.875515,-0.558554,0.014322,0.572876,-0.069177,-0.020049,0.000514,0.020563,-0.107956,2.400189,-0.061543,-2.461732,-1.052330,1.225122,-0.031413,-1.256536,-0.098469,0.080467,-0.002063,-0.082530,-0.182286,1.063657,-0.027273,-1.090930,-0.296792,-0.018123,0.000465,0.018588,0.134624,-0.247359,0.006343,0.253702,0.382144,-1.501601,0.038503,1.540103,-0.631729,0.000000,0.000000,0.000000,2.749758,6.037739,1.360148,-3.174746,-4.559433,0.203911,0.000000,0.000000,0.000000,0.000054,0.000000,0.000000,380.690167,287.333500,1
11.014000,3.015883,-0.204865,0.236533,-0.115144,0.002952,0.118097,-0.258189,-0.200980,0.005153,0.206133,0.898619,-1.186500,0.030423,1.216923,-1.157308,-0.558554,0.014322,0.572876,-0.011564,-0.020049,0.000514,0.020563,-0.075306,2.400189,-0.061543,-2.461732,-1.079242,1.225122,-0.031413,-1.256536,-0.193736,0.080467,-0.002063,-0.082530,-0.138311,1.063657,-0.027273,-1.090930,-0.338745,-0.018123,0.000465,0.018588,0.179863,-0.247359,0.006343,0.253702,0.427311,-1.501601,0.038503,1.540103,-0.882438,0.000000,0.000000,0.000000,3.008612,6.595967,1.468725,-3.489261,-5.166672,0.343126,0.000000,0.000000,0.000000,0.000064,0.000000,0.000000,380.754010,287.341221,1
11.016000,3.013453,-0.213867,0.239736,0.134514,-0.003449,-0.137964,-0.180607,-0.241751,0.006199,0.247950,0.773997,-0.984270,0.025238,1.009508,-0.963816,-0.366947,0.009409,0.376356,-0.166887,-0.050593,0.001297,0.051890,-0.105033,4.060645,-0.104119,-4.164764,-1.676143,0.896953,-0.022999,-0.919952,-0.167846,-0.198392,0.005087,0.203479,-0.045795,-0.260963,0.006691,0.267655,0.031973,0.246359,-0.006317,-0.252675,0.264685,-0.094941,0.002434,0.097375,0.238014,-1.653611,0.042400,1.696011,-0.550639,0.000000,0.000000,0.000000,3.051316,5.557862,1.643964,-3.061943,-5.070760,0.129901,0.000000,0.000000,0.000000,0.000094,0.000000,0.000000,380.772880,287.351886,1
11.026000,3.013820,-0.214364,0.237965,0.134514,-0.003449,-0.137964,-0.191041,-0.241751,0.006199,0.247950,0.903714,-0.984270,0.025238,1.009508,-1.324515,-0.366947,0.009409,0.376356,-0.094600,-0.050593,0.001297,0.051890,-0.065045,4.060645,-0.104119,-4.164764,-1.818216,0.896953,-0.022999,-0.919952,-0.178623,-0.198392,0.005087,0.203479,-0.015752,-0.260963,0.006691,0.267655,0.065889,0.246359,-0.006317,-0.252675,0.307027,-0.094941,0.002434,0.097375,0.259666,-1.653611,0.042400,1.696011,-0.804294,0.000000,0.000000,0.000000,3.280149,6.036388,1.823046,-3.402901,-5.741339,0.196874,0.000000,0.000000,0.000000,0.000109,0.000000,0.000000,380.881391,287.403977,1
11.030000,3.039945,-0.205180,0.250880,0.399556,-0.010245,-0.409801,-0.433141,-0.365061,0.009361,0.374422,1.023853,-0.842013,0.021590,0.863603,-0.549077,-0.036871,0.000945,0.037816,-0.225710,-0.091667,0.002350,0.094018,-0.060083,2.019017,-0.051770,-2.070787,-1.012184,0.018972,-0.000486,-0.019458,0.215349,-0.207291,0.005315,0.212606,-0.010273,-0.967371,0.024804,0.992175,0.646139,0.536075,-0.013746,-0.549820,0.000789,-0.456685,0.011710,0.468395,0.578163,-1.035257,0.026545,1.061802,-0.231172,0.000000,0.000000,0.000000,2.649184,5.423234,1.259518,-2.770434,-4.104443,0.059302,0.000000,0.000000,0.000000,0.000043,0.000000,0.000000,380.898628,287.415290,1
11.040000,3.041601,-0.205290,0.249493,0.399556,-0.010245,-0.409801,-0.437270,-0.365061,0.009361,0.374422,1.187897,-0.842013,0.021590,0.863603,-0.972311,-0.036871,0.000945,0.037816,-0.192225,-0.091667,0.002350,0.094018,-0.040114,2.019017,-0.051770,-2.070787,-0.957778,0.018972,-0.000486,-0.019458,0.236299,-0.207291,0.005315,0.212606,-0.020037,-0.967371,0.024804,0.992175,0.543828,0.536075,-0.013746,-0.549820,0.025379,-0.456685,0.011710,0.468395,0.650789,-1.035257,0.026545,1.061802,-0.557532,0.000000,0.000000,0.000000,3.090298,6.144708,1.364373,-3.204068,-4.968110,0.204679,0.000000,0.000000,0.000000,0.000049,0.000000,0.000000,380.947801,287.435152,1
11.044000,3.035986,-0.206109,0.235323,-0.026855,0.000689,0.027543,-0.346067,-0.042821,0.001098,0.043919,1.275556,-0.693201,0.017774,0.710976,-1.504757,-0.285748,0.007327,0.293074,0.002112,-0.095948,0.002460,0.098408,-0.036276,1.841559,-0.047219,-1.888778,-0.672243,0.754460,-0.019345,-0.773805,-0.011223,0.077419,-0.001985,-0.079404,-0.055066,1.402706,-0.035967,-1.438673,-0.421498,0.140719,-0.003608,-0.144328,0.393463,-0.152484,0.003910,0.156394,0.438357,-0.874334,0.022419,0.896753,-1.042998,0.000000,0.000000,0.000000,2.975034,6.413922,1.426876,-3.635615,-5.451532,0.392939,0.000000,0.000000,0.000000,0.000041,0.000000,0.000000,380.964158,287.434909,1
11.054000,3.037113,-0.205794,0.232772,-0.026855,0.000689,0.027543,-0.352459,-0.042821,0.001098,0.043919,1.375845,-0.693201,0.017774,0.710976,-1.773415,-0.285748,0.007327,0.293074,-0.002760,-0.095948,0.002460,0.098408,-0.028555,1.841559,-0.047219,-1.888778,-0.744929,0.754460,-0.019345,-0.773805,-0.007905,0.077419,-0.001985,-0.079404,-0.064151,1.402706,-0.035967,-1.438673,-0.480182,0.140719,-0.003608,-0.144328,0.447965,-0.152484,0.003910,0.156394,0.454530,-0.874334,0.022419,0.896753,-1.293057,0.000000,0.000000,0.000000,3.139796,6.795999,1.509778,-3.822798,-5.880773,0.531234,0.000000,0.000000,0.000000,0.000047,0.000000,0.000000,381.011548,287.432331,1
11.058000,3.039903,-0.206735,0.237947,0.091345,-0.002342,-0.093687,-0.312937,-0.121628,0.003119,0.124747,1.284515,-0.780966,0.020025,0.800991,-1.600780,-0.361246,0.009263,0.370509,0.003010,-0.061403,0.001574,0.062978,-0.036966,2.404087,-0.061643,-2.465731,-0.899800,0.654569,-0.016784,-0.671353,0.003039,0.036640,-0.000939,-0.037579,-0.033247,0.854600,-0.021913,-0.876513,-0.079522,0.262846,-0.006740,-0.269586,0.294373,-0.223728,0.005737,0.229465,0.518130,-0.986107,0.025285,1.011392,-1.087224,0.000000,0.000000,0.000000,3.234212,6.687494,1.394306,-3.788508,-5.783288,0.547439,0.000000,0.000000,0.000000,0.000051,0.000000,0.000000,381.031807,287.432865,1
11.068000,3.041019,-0.206460,0.235378,0.091345,-0.002342,-0.093687,-0.331147,-0.121628,0.003119,0.124747,1.385378,-0.780966,0.020025,0.800991,-1.862514,-0.361246,0.009263,0.370509,0.002052,-0.061403,0.001574,0.062978,-0.032612,2.404087,-0.061643,-2.465731,-1.001242,0.654569,-0.016784,-0.671353,-0.001938,0.036640,-0.000939,-0.037579,-0.035134,0.854600,-0.021913,-0.876513,-0.170306,0.262846,-0.006740,-0.269586,0.335258,-0.223728,0.005737,0.229465,0.530516,-0.986107,0.025285,1.011392,-1.316283,0.000000,0.000000,0.000000,3.398193,7.036188,1.459397,-3.983133,-6.180080,0.665482,0.000000,0.000000,0.000000,0.000059,0.000000,0.000000,381.090433,287.433180,1
11.072000,3.069894,-0.197112,0.244803,-0.028802,0.000739,0.029541,-0.214291,-0.358397,0.009190,0.367586,1.251707,-0.353398,0.009061,0.362460,-1.230460,-0.113069,0.002899,0.115969,-0.190723,-0.011076,0.000284,0.011360,-0.045904,1.507988,-0.038666,-1.546654,-0.594457,-0.356374,0.009138,0.365512,0.629511,-0.043847,0.001124,0.044972,-0.056605,-2.744326,0.070367,2.814694,1.330381,0.099846,-0.002560,-0.102406,0.203178,-0.148931,0.003819,0.152750,0.631656,-1.054096,0.027028,1.081124,-0.598581,0.000000,0.000000,0.000000,3.191660,6.272934,1.028332,-3.655874,-4.577289,0.533763,0.000000,0.000000,0.000000,0.000066,0.000000,0.000000,381.116817,287.450401,1
11.082000,3.072169,-0.196567,0.242648,-0.028802,0.000739,0.029541,-0.196576,-0.358397,0.009190,0.367586,1.382077,-0.353398,0.009061,0.362460,-1.563462,-0.113069,0.002899,0.115969,-0.138584,-0.011076,0.000284,0.011360,-0.042965,1.507988,-0.038666,-1.546654,-0.620443,-0.356374,0.009138,0.365512,0.688435,-0.043847,0.001124,0.044972,-0.048412,-2.744326,0.070367,2.814694,1.357449,0.099846,-0.002560,-0.102406,0.265242,-0.148931,0.003819,0.152750,0.660859,-1.054096,0.027028,1.081124,-0.844404,0.000000,0.000000,0.000000,3.474826,6.826550,1.077644,-3.967605,-5.119045,0.728212,0.000000,0.000000,0.000000,0.000072,0.000000,0.000000,381.188541,287.491498,1
11.086000,3.049579,-0.212403,0.235076,-0.141872,0.003638,0.145509,-0.167236,0.095669,-0.002453,-0.098122,1.399450,-0.555502,0.014244,0.569745,-1.984120,-1.028164,0.026363,1.054527,0.171607,-0.085184,0.002184,0.087368,-0.055666,2.685942,-0.068870,-2.754812,-0.962978,0.677603,-0.017374,-0.694978,0.023840,-0.018158,0.000466,0.018624,-0.027773,0.635075,-0.016284,-0.651359,0.037187,0.054667,-0.001402,-0.056069,0.581589,0.080237,-0.002057,-0.082295,0.320089,-0.918461,0.023550,0.942012,-1.126048,0.000000,0.000000,0.000000,3.314073,6.529256,1.742660,-3.976523,-6.194161,0.311466,0.000000,0.000000,0.000000,0.000053,0.000000,0.000000,381.209708,287.493002,1
11.096000,3.049527,-0.213410,0.231943,-0.141668,0.003633,0.145301,-0.121875,0.092991,-0.002384,-0.095376,1.470273,-0.520463,0.013345,0.533808,-2.219158,-0.984677,0.025248,1.009925,0.189311,-0.081504,0.002090,0.083594,-0.044884,2.655320,-0.068085,-2.723405,-1.088379,0.673059,-0.017258,-0.690317,0.005243,-0.020340,0.000522,0.020862,-0.021562,0.425511,-0.010911,-0.436422,0.031499,0.049478,-0.001269,-0.050747,0.695950,0.103572,-0.002656,-0.106228,0.308042,-0.922382,0.023651,0.946033,-1.349724,0.000000,0.000000,0.000000,3.498243,6.792413,1.848085,-4.065569,-6.505530,0.366176,0.000000,0.000000,0.000000,0.000059,0.000000,0.000000,381.268351,287.497464,1
11.100000,3.065768,-0.200682,0.227993,-0.119851,0.003073,0.122924,-0.354260,-0.030523,0.000783,0.031306,1.567149,-0.612549,0.015706,0.628255,-1.963813,-0.858213,0.022005,0.880218,0.188333,-0.130988,0.003359,0.134347,-0.048280,2.575468,-0.066038,-2.641506,-1.018561,0.188456,-0.004832,-0.193288,0.262678,-0.024923,0.000639,0.025562,-0.019845,-0.061937,0.001588,0.063525,0.074330,0.085982,-0.002205,-0.088186,0.587882,-0.059438,0.001524,0.060962,0.367560,-0.974522,0.024988,0.999510,-1.291635,-0.007669,-0.019194,-0.016653,3.199136,6.842000,1.413986,-3.950068,-5.929695,0.767128,0.000000,0.000000,0.000000,0.000056,0.000000,0.000000,381.290793,287.498482,1
11.110000,3.067047,-0.200079,0.224811,-0.119851,0.003073,0.122924,-0.357182,-0.030523,0.000783,0.031306,1.644907,-0.612549,0.015706,0.628255,-2.121422,-0.858213,0.022005,0.880218,0.198388,-0.130988,0.003359,0.134347,-0.035395,2.575468,-0.066038,-2.641506,-1.108247,0.188456,-0.004832,-0.193288,0.297476,-0.024923,0.000639,0.025562,-0.017751,-0.061937,0.001588,0.063525,0.049536,0.085982,-0.002205,-0.088186,0.671137,-0.059438,0.001524,0.060962,0.372169,-0.974522,0.024988,0.999510,-1.499310,-0.077555,-0.212191,-0.179882,3.323961,7.138698,1.464430,-4.047422,-6.120585,0.862133,0.000000,0.000000,0.000000,0.000062,0.000000,0.000000,381.352558,287.500305,1
11.114000,3.060861,-0.216956,0.234734,-0.072105,0.001849,0.073954,-0.049790,-0.120053,0.003078,0.123132,1.457407,-0.574898,0.014741,0.589639,-2.139063,-0.656292,0.016828,0.673120,0.030991,-0.167443,0.004293,0.171736,-0.039582,2.221834,-0.056970,-2.278805,-0.871920,0.144655,-0.003709,-0.148365,0.217715,-0.031891,0.000818,0.032709,-0.007718,-0.627794,0.016097,0.643892,0.304786,0.128837,-0.003304,-0.132140,0.585015,-0.121462,0.003114,0.124576,0.425663,-0.979972,0.025127,1.005100,-1.227090,0.000000,0.000000,0.000000,3.387531,6.659672,1.715085,-3.929806,-6.501286,0.425512,0.000000,0.000000,0.000000,0.000051,0.000000,0.000000,381.372764,287.499591,1
11.124000,3.061521,-0.217368,0.231726,-0.072105,0.001849,0.073954,-0.052693,-0.120053,0.003078,0.123132,1.527935,-0.574898,0.014741,0.589639,-2.308087,-0.656292,0.016828,0.673120,0.008064,-0.167443,0.004293,0.171736,-0.027209,2.221834,-0.056970,-2.278805,-0.930464,0.144655,-0.003709,-0.148365,0.244385,-0.031891,0.000818,0.032709,-0.007590,-0.627794,0.016097,0.643892,0.309245,0.128837,-0.003304,-0.132140,0.657308,-0.121462,0.003114,0.124576,0.429365,-0.979972,0.025127,1.005100,-1.424593,0.000000,0.000000,0.000000,3.528044,6.908645,1.790274,-4.032454,-6.746780,0.482428,0.005621,0.015170,-0.010437,0.000055,0.000000,0.000000,381.427677,287.496009,1
11.126000,3.079007,-0.202533,0.229961,-0.163082,0.004182,0.167263,-0.207714,0.782354,-0.020060,-0.802415,1.342461,-1.374216,0.035236,1.409453,-2.076378,-0.691967,0.017743,0.709710,-0.013572,-0.010981,0.000282,0.011262,-0.050255,3.910246,-0.100263,-4.010509,-1.183787,0.667561,-0.017117,-0.684678,0.430807,-0.031157,0.000799,0.031956,-0.053689,0.223775,-0.005738,-0.229513,0.412345,-0.260898,0.006690,0.267588,0.629504,1.167756,-0.029942,-1.197699,-0.015428,-2.189084,0.056130,2.245214,-0.865349,0.000000,0.000000,0.000000,3.341138,7.201565,1.378266,-4.411040,-6.501910,1.016121,0.000000,0.000000,0.000000,0.000113,0.000000,0.000000,381.450311,287.493112,1
11.136000,3.080318,-0.201907,0.227135,-0.163082,0.004182,0.167263,-0.209030,0.782354,-0.020060,-0.802415,1.383045,-1.374216,0.035236,1.409453,-2.157870,-0.691967,0.017743,0.709710,0.017162,-0.010981,0.000282,0.011262,-0.066045,3.910246,-0.100263,-4.010509,-1.536557,0.667561,-0.017117,-0.684678,0.322270,-0.031157,0.000799,0.031956,-0.047842,0.223775,-0.005738,-0.229513,0.214821,-0.260898,0.006690,0.267588,0.718951,1.167756,-0.029942,-1.197699,-0.028485,-2.189084,0.056130,2.245214,-1.014133,0.000000,0.000000,0.000000,3.485070,7.501494,1.405781,-4.469263,-6.569113,1.070873,0.000000,0.000000,0.000000,0.000131,0.000000,0.000000,381.581675,287.489769,1
11.142000,3.084241,-0.211473,0.231342,-0.001791,0.000046,0.001837,0.042934,0.254904,-0.006536,-0.261440,0.718325,-2.749569,0.070502,2.820070,-0.498281,2.281185,-0.058492,-2.339677,-0.701102,-0.389331,0.009983,0.399313,0.002221,-2.023580,0.051887,2.075466,0.680995,-2.628565,0.067399,2.695964,1.221057,-0.111136,0.002850,0.113985,0.092456,-6.809053,0.174591,6.983644,1.143654,-0.641542,0.016450,0.657992,1.200646,0.406340,-0.010419,-0.416759,-0.460316,-2.546321,0.065290,2.611611,0.017552,0.000000,0.000000,0.000000,2.922292,2.108503,-0.789538,-1.746975,-5.250808,1.530960,-4.951035,9.701361,-1.771664,0.000170,0.000000,0.000000,381.683464,287.572442,1
11.152000,3.085019,-0.211448,0.230303,-0.001791,0.000046,0.001837,0.331634,0.254904,-0.006536,-0.261440,0.585298,-2.749569,0.070502,2.820070,-0.572769,2.281185,-0.058492,-2.339677,-0.995144,-0.389331,0.009983,0.399313,0.009210,-2.023580,0.051887,2.075466,0.786068,-2.628565,0.067399,2.695964,1.425475,-0.111136,0.002850,0.113985,0.110707,-6.809053,0.174591,6.983644,0.323835,-0.641542,0.016450,0.657992,1.480697,0.406340,-0.010419,-0.416759,-0.648196,-2.546321,0.065290,2.611611,-0.023854,0.153258,-0.163808,0.042759,2.927257,1.509409,-1.115658,-1.629490,-5.598520,1.826135,-4.470238,9.146528,-1.803085,0.000132,0.000000,0.000000,381.815026,287.667393,1
11.158000,3.085623,-0.215502,0.229265,0.015218,-0.000390,-0.015608,-0.030493,1.071234,-0.027468,-1.098702,0.904017,-3.484392,0.089343,3.573735,-0.659495,-0.279686,0.007171,0.286858,-0.468015,-0.194403,0.004985,0.199387,0.022020,2.732115,-0.070054,-2.802169,-0.882394,-0.063592,0.001631,0.065222,1.438778,0.004569,-0.000117,-0.004686,-0.011954,0.598750,-0.015353,-0.614102,0.110355,-0.459393,0.011779,0.471172,1.329965,0.626873,-0.016074,-0.642947,-0.280601,-2.494599,0.063964,2.558563,-0.451507,0.148124,-0.057922,0.087760,3.146499,5.662282,1.066189,-3.803076,-6.384219,0.835651,-0.054391,0.202973,-0.073765,0.000081,0.000000,0.000000,381.863541,287.659419,1
11.168000,3.086269,-0.215316,0.227148,0.015218,-0.000390,-0.015608,-0.084744,1.071234,-0.027468,-1.098702,1.011422,-3.484392,0.089343,3.573735,-0.805948,-0.279686,0.007171,0.286858,-0.365375,-0.194403,0.004985,0.199387,-0.000847,2.732115,-0.070054,-2.802169,-1.071990,-0.063592,0.001631,0.065222,1.162426,0.004569,-0.000117,-0.004686,-0.020517,0.598750,-0.015353,-0.614102,-0.014054,-0.459393,0.011779,0.471172,1.345029,0.626873,-0.016074,-0.642947,-0.200822,-2.494599,0.063964,2.558563,-0.700312,0.125972,-0.158745,0.000091,3.315048,6.291795,1.301536,-3.965388,-6.725115,0.928876,-0.064332,0.439058,-0.190873,0.000097,0.000000,0.000000,381.960950,287.639063,1
11.174000,3.102137,-0.209796,0.231187,-0.106596,0.002733,0.109329,-0.071469,1.322530,-0.033911,-1.356441,1.071006,-3.019216,0.077416,3.096632,-0.988828,0.502789,-0.012892,-0.515681,-0.588882,-0.105631,0.002708,0.108339,-0.048821,1.847950,-0.047383,-1.895333,-0.879983,-0.154277,0.003956,0.158233,0.864379,-0.121119,0.003106,0.124224,0.015716,0.414369,-0.010625,-0.424994,0.063153,-0.778332,0.019957,0.798289,1.175850,1.634756,-0.041917,-1.676673,-0.174798,-3.133569,0.080348,3.213917,-0.461384,2.803734,-3.944912,0.652884,3.292605,7.310306,1.484238,-4.569534,-6.165189,0.630027,0.000000,0.000000,0.000000,0.000094,0.000000,0.000000,382.017227,287.622890,1
11.184000,3.103405,-0.209384,0.229262,-0.106596,0.002733,0.109329,-0.210893,1.322530,-0.033911,-1.356441,1.149461,-3.019216,0.077416,3.096632,-1.096725,0.502789,-0.012892,-0.515681,-0.495676,-0.105631,0.002708,0.108339,0.387470,1.847950,-0.047383,-1.895333,-1.818625,-0.154277,0.003956,0.158233,0.744100,-0.121119,0.003106,0.124224,0.008732,0.414369,-0.010625,-0.424994,0.023898,-0.778332,0.019957,0.798289,1.113849,1.634756,-0.041917,-1.676673,-0.205104,-3.133569,0.080348,3.213917,-0.538517,2.019014,-4.478418,-0.313014,3.164177,7.418242,1.621666,-4.737896,-6.067760,0.501320,-0.000935,0.007954,-0.003419,0.000118,0.000000,0.000000,382.135384,287.606660,1
11.190000,3.092710,-0.211220,0.225699,-0.161450,0.004140,0.165590,-0.399112,1.320959,-0.033871,-1.354830,0.677892,-2.767602,0.070964,2.838566,-0.413854,0.282121,-0.007234,-0.289355,-0.629827,1.244208,-0.031903,-1.276111,0.002246,-1.286100,0.032977,1.319077,-1.605851,-0.774934,0.019870,0.794804,0.851297,-0.088684,0.002274,0.090958,0.056284,0.142533,-0.003655,-0.146188,0.123172,-1.036905,0.026587,1.063493,1.249483,2.350229,-0.060262,-2.410491,-0.933879,-3.896519,0.099911,3.996430,0.238847,2.159703,-6.001702,-1.182331,2.503293,6.206844,1.583290,-3.634472,-4.042813,-0.186257,-0.060462,0.232458,-0.094801,0.000097,0.000000,0.000000,382.193565,287.613261,1
11.200000,3.092894,-0.211432,0.224675,-0.161450,0.004140,0.165590,-0.450977,1.320959,-0.033871,-1.354830,0.700256,-2.767602,0.070964,2.838566,-0.362317,0.282121,-0.007234,-0.289355,-0.713875,1.244208,-0.031903,-1.276111,0.036652,-1.286100,0.032977,1.319077,-1.687832,-0.774934,0.019870,0.794804,0.889320,-0.088684,0.002274,0.090958,0.021364,0.142533,-0.003655,-0.146188,0.062287,-1.036905,0.026587,1.063493,1.200924,2.350229,-0.060262,-2.410491,-0.837683,-3.896519,0.099911,3.996430,0.092422,1.975553,-5.753934,-1.234059,2.523229,6.598156,1.793577,-3.592143,-4.045335,-0.160554,-0.141066,0.432930,-0.160784,0.000089,0.000000,0.000000,382.282717,287.615731,1
11.208000,3.096923,-0.211662,0.227200,0.681506,-0.017475,-0.698981,-0.417958,0.622674,-0.015966,-0.638640,0.991066,-3.221372,0.082599,3.303971,0.560006,0.938559,-0.024066,-0.962625,-0.543955,0.505976,-0.012974,-0.518950,0.781937,-2.104522,0.053962,2.158484,-0.654739,-0.888530,0.022783,0.911313,0.805765,-0.039498,0.001013,0.040510,0.223155,0.105993,-0.002718,-0.108711,-0.021450,-0.198473,0.005089,0.203563,1.271745,1.472092,-0.037746,-1.509838,-0.559383,-4.006850,0.102740,4.109590,1.689156,2.459411,-4.137564,-0.067572,0.371843,1.155264,0.423714,-2.165372,-2.680789,0.033010,-2.740498,7.849706,-2.422995,0.000139,0.000000,0.000000,382.393988,287.687770,1
11.218000,3.096516,-0.211408,0.225216,0.681506,-0.017475,-0.698981,-0.427083,0.622674,-0.015966,-0.638640,1.007368,-3.221372,0.082599,3.303971,0.377770,0.938559,-0.024066,-0.962625,-0.541819,0.505976,-0.012974,-0.518950,0.768559,-2.104522,0.053962,2.158484,-0.712777,-0.888530,0.022783,0.911313,0.593873,-0.039498,0.001013,0.040510,0.931499,0.105993,-0.002718,-0.108711,-0.448846,-0.198473,0.005089,0.203563,0.777070,1.472092,-0.037746,-1.509838,-0.627953,-4.006850,0.102740,4.109590,1.629322,2.384431,-4.860911,-0.486591,5.997803,13.173455,4.252894,-2.302257,-4.022680,0.729071,-4.174372,10.873957,-3.132929,0.000131,0.000000,0.000000,382.524776,287.766944,1
11.222000,3.110201,-0.218704,0.235741,1.131790,-0.029020,-1.160810,-0.657797,-0.013975,0.000358,0.014333,0.800098,-3.172819,0.081354,3.254173,0.550261,1.285774,-0.032969,-1.318742,-0.566058,0.817237,-0.020955,-0.838191,0.682253,-3.530535,0.090527,3.621062,0.269366,-0.418961,0.010743,0.429704,-0.312695,0.138600,-0.003554,-0.142153,1.768237,-1.717399,0.044036,1.761435,-1.856251,-2.341621,0.060042,2.401663,3.476185,-3.085893,0.079125,3.165019,0.504039,6.964314,-0.178572,-7.142886,-4.757783,3.209100,-4.768922,0.368446,0.000000,0.000000,0.000000,-2.096567,-5.045718,1.739987,-4.027423,13.169532,-3.677639,0.000524,0.000000,0.000000,382.734548,287.942898,1
11.232000,3.109741,-0.218953,0.235217,1.131790,-0.029020,-1.160810,-0.364319,-0.013975,0.000358,0.014333,0.769172,-3.172819,0.081354,3.254173,0.031085,1.285774,-0.032969,-1.318742,-0.315543,0.817237,-0.020955,-0.838191,0.558427,-3.530535,0.090527,3.621062,0.105054,-0.418961,0.010743,0.429704,-0.147019,0.138600,-0.003554,-0.142153,1.616281,-1.717399,0.044036,1.761435,-2.041682,-2.341621,0.060042,2.401663,2.970562,-3.085893,0.079125,3.165019,0.729716,6.964314,-0.178572,-7.142886,-4.053190,3.391880,-5.078095,0.382302,0.000000,0.000000,0.000000,-2.044267,-5.391734,1.991935,-3.365984,11.448044,-3.276694,0.000441,0.000000,0.000000,383.175390,288.296594,1
11.238000,3.110369,-0.220206,0.231835,-1.127126,0.028901,1.156027,1.378033,-0.177237,0.004545,0.181782,-0.000433,-4.839494,0.124090,4.963584,1.603058,-1.000850,0.025663,1.026513,1.531091,-1.086690,0.027864,1.114554,0.968629,-2.664158,0.068312,2.732470,-0.168068,-2.020904,0.051818,2.072722,1.205400,-1.394269,0.035750,1.430019,1.254490,-2.569448,0.065883,2.635332,-1.329464,-0.671676,0.017222,0.688899,0.025746,-0.238971,0.006127,0.245098,-0.175717,-0.041037,0.001052,0.042089,-0.599865,3.119796,-4.555419,0.354259,0.000000,0.000000,0.000000,-1.951832,-4.897419,1.692714,-2.714310,7.713353,-2.374548,0.000205,0.000000,0.000000,383.298646,288.371475,1
11.248000,3.110390,-0.220417,0.230934,-1.127126,0.028901,1.156027,1.570224,-0.177237,0.004545,0.181782,0.189508,-4.839494,0.124090,4.963584,0.941219,-1.000850,0.025663,1.026513,1.727300,-1.086690,0.027864,1.114554,1.007375,-2.664158,0.068312,2.732470,-0.238575,-2.020904,0.051818,2.072722,1.367821,-1.394269,0.035750,1.430019,1.190487,-2.569448,0.065883,2.635332,-1.259631,-0.671676,0.017222,0.688899,0.085919,-0.238971,0.006127,0.245098,-0.056034,-0.041037,0.001052,0.042089,-0.287036,3.235369,-4.629498,0.407991,0.000000,0.000000,0.000000,-2.034292,-5.193798,1.835815,-2.610852,7.587964,-2.382328,0.000180,0.000000,0.000000,383.478759,288.471644,1
11.254000,3.125557,-0.229585,0.255134,-0.720909,0.018485,0.739394,-3.088326,0.235781,-0.006046,-0.241826,1.723226,-5.000477,0.128217,5.128694,0.032812,-0.643115,0.016490,0.659606,3.564885,-0.583623,0.014965,0.598588,0.806789,-3.350187,0.085902,3.436089,1.165117,-1.504617,0.038580,1.543197,2.757874,-1.310314,0.033598,1.343912,0.543862,-3.105315,0.079623,3.184938,0.970570,-1.354271,0.034725,1.388996,0.650394,0.223608,-0.005734,-0.229342,-0.048905,2.558373,-0.065599,-2.623972,-0.856535,3.957248,-2.298193,1.710004,0.000000,0.000000,0.000000,0.000000,0.000000,0.000000,-0.089353,4.252578,-1.767707,0.000209,0.000000,0.000000,383.604438,288.564920,1
11.264000,3.126963,-0.230744,0.255765,-0.720909,0.018485,0.739394,-2.043768,0.235781,-0.006046,-0.241826,0.847014,-5.000477,0.128217,5.128694,1.427994,-0.643115,0.016490,0.659606,3.407107,-0.583623,0.014965,0.598588,0.937660,-3.350187,0.085902,3.436089,0.933930,-1.504617,0.038580,1.543197,2.599862,-1.310314,0.033598,1.343912,0.750772,-3.105315,0.079623,3.184938,0.547711,-1.354271,0.034725,1.388996,0.615159,0.223608,-0.005734,-0.229342,-0.070213,2.558373,-0.065599,-2.623972,-0.996347,3.930119,-3.069458,1.278274,0.000000,0.000000,0.000000,0.000000,0.000000,0.000000,-0.763234,6.031374,-2.091142,0.000253,0.000000,0.000000,383.857517,288.783679,1
11.268000,3.131695,-0.230303,0.241199,-3.802952,0.097512,3.900464,2.346031,1.519383,-0.038959,-1.558342,-1.088955,-11.083230,0.284185,11.367416,4.936468,2.568619,-0.065862,-2.634481,-0.269702,-0.162805,0.004174,0.166979,0.645525,-1.148087,0.029438,1.177525,0.036134,2.023072,-0.051874,-2.074946,-0.820337,-0.629663,0.016145,0.645808,0.761767,-0.771217,0.019775,0.790992,-1.003409,0.331521,-0.008501,-0.340021,-1.147607,1.052592,-0.026990,-1.079581,-0.556914,3.597077,-0.092233,-3.689310,-1.449903,3.367516,-3.236717,0.841898,0.000000,0.000000,0.000000,0.000000,0.000000,0.000000,-1.102879,6.746051,-2.259921,0.000772,0.000000,0.000000,384.166124,289.085936,1
11.278000,3.132618,-0.230652,0.239266,-3.802952,0.097512,3.900464,2.644545,1.519383,-0.038959,-1.558342,-1.012040,-11.083230,0.284185,11.367416,5.267820,2.568619,-0.065862,-2.634481,-0.380299,-0.162805,0.004174,0.166979,0.760499,-1.148087,0.029438,1.177525,-0.323365,2.023072,-0.051874,-2.074946,-0.978865,-0.629663,0.016145,0.645808,0.772037,-0.771217,0.019775,0.790992,-1.313438,0.331521,-0.008501,-0.340021,-1.105654,1.052592,-0.026990,-1.079581,-0.578392,3.597077,-0.092233,-3.689310,-1.556077,3.632735,-4.191040,0.516712,0.000000,0.000000,0.000000,0.000000,0.000000,0.000000,-1.391361,7.169939,-2.270114,0.000836,0.000000,0.000000,385.002054,289.893473,1
11.284000,3.130307,-0.218888,0.240582,0.059687,-0.001530,-0.061218,0.109413,-0.080379,0.002061,0.082440,-0.135548,0.596836,-0.015303,-0.612139,0.079121,-0.392305,0.010059,0.402364,0.551705,-0.285018,0.007308,0.292326,1.194587,-1.210593,0.031041,1.241634,-0.973043,-0.597742,0.015327,0.613068,-0.095901,-0.953691,0.024454,0.978144,0.786828,-0.391876,0.010048,0.401924,-1.059490,-0.795650,0.020401,0.816051,-0.022085,0.557019,-0.014283,-0.571302,-0.211186,3.013830,-0.077278,-3.091108,-0.604473,2.925822,-5.719417,-0.250975,0.000000,0.000000,0.000000,0.000000,0.000000,0.000000,-2.570752,6.169932,-1.518627,0.000051,0.000000,0.000000,385.032696,289.902790,1
11.294000,3.130890,-0.218716,0.238323,0.059687,-0.001530,-0.061218,0.166398,-0.080379,0.002061,0.082440,-0.080516,0.596836,-0.015303,-0.612139,-0.060768,-0.392305,0.010059,0.402364,0.601749,-0.285018,0.007308,0.292326,1.338448,-1.210593,0.031041,1.241634,-1.321682,-0.597742,0.015327,0.613068,-0.094560,-0.953691,0.024454,0.978144,0.833426,-0.391876,0.010048,0.401924,-1.336533,-0.795650,0.020401,0.816051,0.010469,0.557019,-0.014283,-0.571302,-0.205286,3.013830,-0.077278,-3.091108,-1.014754,3.171058,-6.355092,-0.353007,0.000000,0.000000,0.000000,0.000000,0.000000,0.000000,-2.740013,6.637328,-1.661126,0.000070,0.000000,0.000000,385.102710,289.927743,1
11.298000,3.141939,-0.230019,0.241604,0.460197,-0.011800,-0.471997,-0.020640,-0.049538,0.001270,0.050808,-0.088472,1.279174,-0.032799,-1.311973,-0.330696,-0.510042,0.013078,0.523120,0.618752,-0.442650,0.011350,0.454000,1.320957,-1.085855,0.027842,1.113698,-1.292364,-0.690491,0.017705,0.708196,-0.031667,-0.990036,0.025386,1.015421,0.800696,-0.476236,0.012211,0.488447,-1.304864,-0.454537,0.011655,0.466192,-0.049298,0.316938,-0.008127,-0.325065,-0.138293,1.584010,-0.040616,-1.624626,-0.437650,2.938548,-6.087269,-0.744929,0.000000,0.000000,0.000000,0.000000,0.000000,0.000000,-2.561663,6.757031,-1.205985,0.000051,0.000000,0.000000,385.122960,289.930981,1
11.308000,3.142686,-0.231688,0.240454,0.271295,-0.006956,-0.278251,0.070327,-0.046223,0.001185,0.047408,-0.051348,0.477699,-0.012249,-0.489948,-0.068616,-0.392122,0.010054,0.402177,0.545461,-0.415644,0.010658,0.426301,1.381900,-1.120923,0.028742,1.149665,-1.518728,-0.596922,0.015306,0.612228,-0.124287,-1.050248,0.026929,1.077177,0.843249,-0.377557,0.009681,0.387238,-1.571793,-0.454908,0.011664,0.466572,-0.012882,0.497473,-0.012756,-0.510229,-0.243212,2.187399,-0.056087,-2.243486,-0.873810,3.113877,-6.564381,-0.886296,0.000000,0.000000,0.000000,0.000000,0.000000,0.000000,-2.735289,7.097029,-1.167327,0.000063,0.000000,0.000000,385.185897,289.944742,1
11.314000,3.148855,-0.232674,0.234033,0.561181,-0.014389,-0.575570,-0.011641,-0.051657,0.001325,0.052981,-0.060428,2.273614,-0.058298,-2.331912,-0.873361,0.003139,-0.000080,-0.003219,0.499532,-0.059534,0.001527,0.061061,1.427007,-0.918405,0.023549,0.941954,-1.616384,-0.137997,0.003538,0.141535,-0.423187,-0.203168,0.005209,0.208378,0.463110,-1.007221,0.025826,1.033048,-1.334025,-0.389111,0.009977,0.399088,-0.100012,0.079043,-0.002027,-0.081070,-0.046214,1.660469,-0.042576,-1.703045,-0.586148,3.340957,-6.234611,-0.885135,0.000000,0.000000,0.000000,0.000000,0.000000,0.000000,-2.553159,7.208254,-1.406628,0.000062,0.000000,0.000000,385.223302,289.946083,1
11.324000,3.149905,-0.233452,0.231112,0.561181,-0.014389,-0.575570,-0.006080,-0.051657,0.001325,0.052981,-0.046574,2.273614,-0.058298,-2.331912,-0.957068,0.003139,-0.000080,-0.003219,0.527461,-0.059534,0.001527,0.061061,1.523431,-0.918405,0.023549,0.941954,-1.830613,-0.137997,0.003538,0.141535,-0.476771,-0.203168,0.005209,0.208378,0.453232,-1.007221,0.025826,1.033048,-1.529702,-0.389111,0.009977,0.399088,-0.109029,0.079043,-0.002027,-0.081070,-0.054462,1.660469,-0.042576,-1.703045,-0.621937,3.440243,-6.520646,-1.014205,0.000000,0.000000,0.000000,0.000000,0.000000,0.000000,-2.636837,7.461168,-1.438620,0.000069,0.000000,0.000000,385.292364,289.946749,1
11.326000,3.150746,-0.223129,0.242233,0.316161,-0.008107,-0.324268,0.103182,-0.033519,0.000859,0.034378,-0.041371,1.771239,-0.045416,-1.816655,-0.700959,0.264567,-0.006784,-0.271350,-0.087938,-0.225090,0.005772,0.230862,1.178108,-0.508477,0.013038,0.521515,-1.885377,0.111148,-0.002850,-0.113998,-0.438888,-0.084483,0.002166,0.086650,0.422640,-1.176491,0.030166,1.206658,-0.989828,0.135259,-0.003468,-0.138727,-0.475628,-0.047157,0.001209,0.048366,0.012121,-0.887112,0.022746,0.909859,0.428467,2.966160,-6.545552,-0.608585,0.000000,0.000000,0.000000,0.000000,0.000000,0.000000,-2.713455,6.668008,-1.890216,0.000043,0.000000,0.000000,385.301013,289.946549,1
11.336000,3.151444,-0.222778,0.239698,0.316161,-0.008107,-0.324268,0.086893,-0.033519,0.000859,0.034378,-0.040006,1.771239,-0.045416,-1.816655,-0.723552,0.264567,-0.006784,-0.271350,-0.061959,-0.225090,0.005772,0.230862,1.271704,-0.508477,0.013038,0.521515,-2.118137,0.111148,-0.002850,-0.113998,-0.489258,-0.084483,0.002166,0.086650,0.429222,-1.176491,0.030166,1.206658,-1.204248,0.135259,-0.003468,-0.138727,-0.499600,-0.047157,0.001209,0.048366,0.002645,-0.887112,0.022746,0.909859,0.435079,3.134774,-6.908553,-0.644203,0.000000,0.000000,0.000000,0.000000,0.000000,0.000000,-2.859663,6.979122,-1.985190,0.000048,0.000000,0.000000,385.348718,289.942507,1
11.342000,3.172049,-0.239774,0.243382,0.060085,-0.001541,-0.061626,0.139306,-0.024725,0.000634,0.025359,-0.030501,1.065521,-0.027321,-1.092842,-0.354879,-0.246049,0.006309,0.252358,0.372979,-0.467172,0.011979,0.479151,1.433996,-0.925302,0.023726,0.949028,-1.594533,-0.458202,0.011749,0.469950,-0.096437,-0.817048,0.020950,0.837998,0.832285,-0.788848,0.020227,0.809075,-1.268992,-0.418434,0.010729,0.429163,-0.199151,-0.022725,0.000583,0.023308,-0.011438,-0.085910,0.002203,0.088113,0.055873,3.251960,-6.303547,-1.114049,0.000000,0.000000,0.000000,0.000000,0.000000,0.000000,-2.667966,7.306675,-1.009202,0.000046,0.000000,0.000000,385.376028,289.937653,1
11.352000,3.173826,-0.240849,0.240665,0.060085,-0.001541,-0.061626,0.185648,-0.024725,0.000634,0.025359,-0.036149,1.065521,-0.027321,-1.092842,-0.374257,-0.246049,0.006309,0.252358,0.445855,-0.467172,0.011979,0.479151,1.545441,-0.925302,0.023726,0.949028,-1.812708,-0.458202,0.011749,0.469950,-0.082842,-0.817048,0.020950,0.837998,0.861994,-0.788848,0.020227,0.809075,-1.473206,-0.418434,0.010729,0.429163,-0.143582,-0.022725,0.000583,0.023308,-0.013092,-0.085910,0.002203,0.088113,0.046758,3.406869,-6.622162,-1.242366,0.000000,0.000000,0.000000,0.000000,0.000000,0.000000,-2.769980,7.672444,-1.039860,0.000050,0.000000,0.000000,385.426168,289.927284,1
11.356000,3.205040,-0.253298,0.245009,-0.472528,0.012116,0.484644,0.402869,-0.170529,0.004373,0.174902,0.008017,0.521395,-0.013369,-0.534765,-0.275144,0.174939,-0.004486,-0.179425,-0.079987,-0.706968,0.018127,0.725096,1.349528,0.072266,-0.001853,-0.074119,-1.510091,0.082901,-0.002126,-0.085026,-0.303953,-0.240982,0.006179,0.247162,0.581369,-1.098192,0.028159,1.126350,-0.327992,1.539404,-0.039472,-1.578875,-1.415357,-0.083169,0.002133,0.085301,-0.047753,-6.399374,0.164087,6.563460,2.848487,2.478331,-4.883036,-0.728470,0.000000,0.000000,0.000000,0.000000,0.000000,0.000000,-2.293829,6.276256,-0.855025,0.000229,0.000000,0.000000,385.517857,290.015984,1
11.366000,3.207829,-0.254238,0.242645,-0.472528,0.012116,0.484644,0.475537,-0.170529,0.004373,0.174902,0.008080,0.521395,-0.013369,-0.534765,-0.193138,0.174939,-0.004486,-0.179425,-0.039296,-0.706968,0.018127,0.725096,1.498338,0.072266,-0.001853,-0.074119,-1.809146,0.082901,-0.002126,-0.085026,-0.313431,-0.240982,0.006179,0.247162,0.662389,-1.098192,0.028159,1.126350,-0.603249,1.539404,-0.039472,-1.578875,-1.531867,-0.083169,0.002133,0.085301,-0.057858,-6.399374,0.164087,6.563460,3.059315,2.750681,-5.419815,-0.867034,0.000000,0.000000,0.000000,0.000000,0.000000,0.000000,-2.529245,7.001265,-0.924532,0.000249,0.000000,0.000000,385.767215,290.251655,1
11.370000,3.175683,-0.236601,0.231521,0.650059,-0.016668,-0.666727,-0.026093,-0.056974,0.001461,0.058435,-0.070775,3.196007,-0.081949,-3.277955,-1.149037,-0.055160,0.001414,0.056575,0.360593,0.493315,-0.012649,-0.505964,1.240429,-1.301785,0.033379,1.335164,-2.110326,0.042157,-0.001081,-0.043238,-0.369662,0.691892,-0.017741,-0.709633,0.126565,-1.761755,0.045173,1.806929,-1.211880,-0.685680,0.017582,0.703261,-0.190122,-0.023826,0.000611,0.024437,-0.030478,0.132143,-0.003388,-0.135531,0.200651,3.691736,-7.252646,-1.005289,0.000000,0.000000,0.000000,0.000429,-0.001440,0.001203,-2.766914,7.759166,-1.602799,0.000097,0.000000,0.000000,385.806059,290.243373,1
11.380000,3.176380,-0.237318,0.228602,0.650059,-0.016668,-0.666727,-0.020848,-0.056974,0.001461,0.058435,-0.056096,3.196007,-0.081949,-3.277955,-1.329678,-0.055160,0.001414,0.056575,0.398734,0.493315,-0.012649,-0.505964,1.282347,-1.301785,0.033379,1.335164,-2.226487,0.042157,-0.001081,-0.043238,-0.423633,0.691892,-0.017741,-0.709633,0.093335,-1.761755,0.045173,1.806929,-1.360798,-0.685680,0.017582,0.703261,-0.117075,-0.023826,0.000611,0.024437,-0.026868,0.132143,-0.003388,-0.135531,0.107270,3.733180,-7.343739,-1.065734,0.000000,0.000000,0.000000,0.021423,-0.087079,0.069219,-2.854948,7.935328,-1.605801,0.000107,0.000000,0.000000,385.912667,290.225033,1
11.384000,3.188765,-0.228000,0.233334,0.052850,-0.001355,-0.054205,0.160933,-0.003083,0.000079,0.003162,-0.055543,2.378618,-0.060990,-2.439608,-0.812826,-0.063015,0.001616,0.064631,0.266992,0.825975,-0.021179,-0.847154,1.384031,-1.897719,0.048659,1.946378,-1.934192,0.295658,-0.007581,-0.303239,-0.682141,1.228812,-0.031508,-1.260320,-0.057133,-2.455945,0.062973,2.518918,-0.736779,0.365827,-0.009380,-0.375207,-0.851746,-0.025988,0.000666,0.026654,-0.023502,-0.364926,0.009357,0.374283,0.385041,3.577709,-7.333351,-0.865741,0.000000,0.000000,0.000000,0.000000,0.000000,0.000000,-2.767478,7.246730,-1.690591,0.000095,0.000000,0.000000,385.950849,290.208794,1
11.394000,3.189319,-0.224512,0.235295,0.006460,-0.000166,-0.006626,0.224598,-0.006277,0.000161,0.006438,-0.040930,2.415923,-0.061947,-2.477870,-1.000308,-0.066035,0.001693,0.067728,0.177020,0.750075,-0.019233,-0.769308,1.389367,-1.892642,0.048529,1.941171,-1.924270,0.297408,-0.007626,-0.305034,-0.791219,1.182084,-0.030310,-1.212394,-0.045717,-2.503556,0.064194,2.567750,-0.762370,0.473416,-0.012139,-0.485554,-0.907141,-0.030058,0.000771,0.030828,-0.016690,-0.742792,0.019046,0.761838,0.420511,3.527783,-7.419305,-0.791702,0.000000,0.000000,0.000000,0.000000,0.000000,0.000000,-2.901288,7.433891,-1.804142,0.000103,0.000000,0.000000,386.053971,290.176636,1
11.398000,3.191759,-0.231479,0.228293,0.499938,-0.012819,-0.512756,0.166411,0.034571,-0.000886,-0.035458,-0.067618,2.794195,-0.071646,-2.865841,-1.014643,-0.045461,0.001166,0.046627,0.361586,1.194970,-0.030640,-1.225610,1.096981,-2.173515,0.055731,2.229246,-1.546315,0.441257,-0.011314,-0.452571,-0.937972,1.758089,-0.045079,-1.803168,-0.589647,-2.895158,0.074235,2.969392,-0.387082,-0.123134,0.003157,0.126291,-0.957171,-0.015128,0.000388,0.015516,-0.056365,0.880282,-0.022571,-0.902853,0.044471,3.347948,-6.731605,-0.856497,0.000000,0.000000,0.000000,0.005762,-0.079825,0.054299,-2.557423,6.676822,-1.352512,0.000106,0.000000,0.000000,386.096383,290.169542,1
11.408000,3.192478,-0.231973,0.225851,0.499938,-0.012819,-0.512756,0.087863,0.034571,-0.000886,-0.035458,-0.058106,2.794195,-0.071646,-2.865841,-1.159991,-0.045461,0.001166,0.046627,0.374080,1.194970,-0.030640,-1.225610,1.164096,-2.173515,0.055731,2.229246,-1.627952,0.441257,-0.011314,-0.452571,-1.012075,1.758089,-0.045079,-1.803168,-0.553911,-2.895158,0.074235,2.969392,-0.581648,-0.123134,0.003157,0.126291,-0.815668,-0.015128,0.000388,0.015516,-0.046334,0.880282,-0.022571,-0.902853,-0.109575,3.410078,-6.885582,-0.917741,0.000246,0.003792,0.002123,0.028788,-0.372657,0.257527,-2.678182,7.247429,-1.528567,0.000118,0.000000,0.000000,386.214697,290.149221,1
11.412000,3.200371,-0.236657,0.227133,-0.209276,0.005366,0.214642,0.649145,0.087876,-0.002253,-0.090129,-0.194047,1.330746,-0.034122,-1.364868,-0.654379,0.273163,-0.007004,-0.280167,0.249919,1.519423,-0.038960,-1.558383,0.899732,-1.901155,0.048748,1.949903,-1.295166,0.934111,-0.023952,-0.958063,-1.253409,2.703870,-0.069330,-2.773200,-0.967459,-3.545297,0.090905,3.636202,-0.050237,0.074660,-0.001914,-0.076574,-1.055527,-0.021836,0.000560,0.022396,-0.048498,0.539152,-0.013824,-0.552977,0.080155,3.491653,-5.832387,-0.399187,-0.000063,0.001274,0.000813,-1.855082,-3.984885,0.825833,-2.351425,7.209106,-1.610924,0.000092,0.000000,0.000000,386.251658,290.152376,1
11.422000,3.201109,-0.237223,0.224986,-0.209276,0.005366,0.214642,0.594529,0.087876,-0.002253,-0.090129,-0.203756,1.330746,-0.034122,-1.364868,-1.383422,0.273163,-0.007004,-0.280167,0.305861,1.519423,-0.038960,-1.558383,0.988435,-1.901155,0.048748,1.949903,-1.385743,0.934111,-0.023952,-0.958063,-1.250792,2.703870,-0.069330,-2.773200,-0.894195,-3.545297,0.090905,3.636202,-0.245877,0.074660,-0.001914,-0.076574,-0.881740,-0.021836,0.000560,0.022396,-0.026082,0.539152,-0.013824,-0.552977,-0.001837,3.699931,-5.790793,-0.248526,-0.000530,0.010114,0.006497,-2.711454,-5.570457,1.009207,-2.311661,7.817618,-1.922282,0.000110,0.000000,0.000000,386.361694,290.157957,1
11.428000,3.200505,-0.233496,0.224420,-0.282533,0.007244,0.289778,0.625572,0.333026,-0.008539,-0.341565,-0.013472,0.405707,-0.010403,-0.416109,-1.535333,0.131549,-0.003373,-0.134922,0.323851,1.393563,-0.035732,-1.429296,0.997348,-2.099478,0.053833,2.153310,-1.056744,0.854213,-0.021903,-0.876116,-1.264413,2.601070,-0.066694,-2.667764,-0.649008,-3.712776,0.095199,3.807976,-0.536453,0.348122,-0.008926,-0.357048,-0.882960,-0.021716,0.000557,0.022273,-0.016515,0.128763,-0.003302,-0.132064,0.069863,3.681254,-5.520984,-0.059104,0.041296,0.189796,0.094606,-3.182026,-6.468657,1.292519,-2.165910,7.669181,-2.114922,0.000098,0.000000,0.000000,386.420351,290.147049,1
11.438000,3.200913,-0.233701,0.222492,-0.282533,0.007244,0.289778,0.820105,0.333026,-0.008539,-0.341565,0.223498,0.405707,-0.010403,-0.416109,-2.295365,0.131549,-0.003373,-0.134922,0.491421,1.393563,-0.035732,-1.429296,1.046872,-2.099478,0.053833,2.153310,-1.099428,0.854213,-0.021903,-0.876116,-1.144974,2.601070,-0.066694,-2.667764,-0.712035,-3.712776,0.095199,3.807976,-0.496164,0.348122,-0.008926,-0.357048,-0.800830,-0.021716,0.000557,0.022273,-0.005306,0.128763,-0.003302,-0.132064,0.038320,3.593143,-5.328788,-0.031337,0.113443,0.403003,0.188855,-2.902795,-6.384733,1.521495,-2.056162,7.621784,-2.184374,0.000103,0.000000,0.000000,386.523174,290.131854,1
11.446000,3.209159,-0.231489,0.222472,-0.402046,0.010309,0.412355,0.898466,0.909572,-0.023322,-0.932894,0.223925,-2.147933,0.055075,2.203008,-1.652606,-0.214229,0.005493,0.219722,0.658824,0.928974,-0.023820,-0.952794,0.817750,-2.567379,0.065830,2.633209,-0.642566,0.609171,-0.015620,-0.624790,-0.796809,2.197280,-0.056341,-2.253621,-0.775591,-4.168582,0.106887,4.275468,0.288545,0.860770,-0.022071,-0.882841,-0.690527,-0.031895,0.000818,0.032713,0.121348,-0.161647,0.004145,0.165792,0.049470,3.096659,-4.450605,-0.057131,2.120138,3.570505,0.840092,-3.016964,-6.988069,1.549596,-2.248998,6.873976,-1.586498,0.000109,0.000000,0.000000,386.610672,290.118219,1
11.456000,3.210309,-0.231658,0.224528,-0.515714,0.013223,0.528937,1.295391,0.958214,-0.024570,-0.982783,0.200759,-1.975562,0.050655,2.026218,-1.576904,-0.312050,0.008001,0.320051,0.924640,1.086127,-0.027849,-1.113976,0.737561,-2.648956,0.067922,2.716878,-0.116445,0.527214,-0.013518,-0.540732,-0.695616,2.250220,-0.057698,-2.307918,-0.690961,-4.031252,0.103365,4.134617,0.185353,0.899908,-0.023075,-0.922983,-0.874245,-0.026249,0.000673,0.026922,0.013355,-0.140643,0.003606,0.144249,0.041530,2.983260,-3.916227,0.090347,0.778288,0.811913,0.063033,-2.261097,-5.620005,1.378551,-2.002365,7.076372,-1.824679,0.000091,0.000000,0.000000,386.701292,290.118231,1
11.464000,3.212245,-0.238586,0.222169,-0.526144,0.013491,0.539634,1.541977,1.137015,-0.029154,-1.166169,0.006551,-1.995778,0.051174,2.046952,-1.392165,-0.328130,0.008414,0.336544,1.008056,1.234594,-0.031656,-1.266250,0.802179,-2.620950,0.067204,2.688154,-0.003379,0.505051,-0.012950,-0.518001,-0.688955,2.357984,-0.060461,-2.418445,-0.804082,-3.923525,0.100603,4.024128,0.285397,0.852714,-0.021864,-0.874578,-1.014101,-0.018376,0.000471,0.018848,-0.009174,-0.150673,0.003863,0.154536,0.070293,2.800136,-3.732864,-0.102986,0.286362,0.250383,0.001812,-2.007611,-5.225809,1.440342,-1.728983,7.089258,-1.806536,0.000094,0.000000,0.000000,386.776503,290.131325,1
11.474000,3.212457,-0.238398,0.221013,-0.526144,0.013491,0.539634,1.564373,1.137015,-0.029154,-1.166169,-0.040974,-1.995778,0.051174,2.046952,-1.261481,-0.328130,0.008414,0.336544,1.007918,1.234594,-0.031656,-1.266250,0.860800,-2.620950,0.067204,2.688154,-0.052346,0.505051,-0.012950,-0.518001,-0.693705,2.357984,-0.060461,-2.418445,-0.713483,-3.923525,0.100603,4.024128,0.105126,0.852714,-0.021864,-0.874578,-1.017201,-0.018376,0.000471,0.018848,-0.012712,-0.150673,0.003863,0.154536,0.045458,2.781540,-3.921618,-0.219783,0.675648,0.617694,0.021371,-1.944469,-5.125682,1.448353,-1.750335,7.431931,-1.957372,0.000084,0.000000,0.000000,386.860992,290.139551,1
11.480000,3.212661,-0.229338,0.224159,-0.597021,0.015308,0.612329,1.138857,0.822995,-0.021102,-0.844097,-0.096757,-2.070050,0.053078,2.123128,-1.135701,-0.418407,0.010728,0.429136,0.743110,1.112303,-0.028521,-1.140823,0.779877,-2.903896,0.074459,2.978355,-0.331993,0.364972,-0.009358,-0.374330,-0.754181,2.025403,-0.051933,-2.077336,-0.760935,-3.911529,0.100296,4.011824,0.112848,0.894763,-0.022943,-0.917706,-0.630455,-0.016078,0.000412,0.016490,0.620365,-0.251592,0.006451,0.258043,-0.572982,2.312444,-4.829237,-0.786810,3.067688,6.178050,1.847953,-2.493763,-5.460642,1.111694,-2.235147,5.388914,-0.874192,0.000084,0.000000,0.000000,386.911632,290.136940,1
11.490000,3.212109,-0.229055,0.222714,-0.616451,0.015806,0.632257,1.090438,0.798476,-0.020474,-0.818950,-0.210730,-2.050018,0.052565,2.102583,-1.103011,-0.435384,0.011164,0.446548,0.671170,1.112297,-0.028520,-1.140817,0.711899,-2.928598,0.075092,3.003690,-0.372518,0.348922,-0.008947,-0.357868,-0.794537,2.004808,-0.051405,-2.056213,-0.838744,-3.899381,0.099984,3.999365,0.063267,0.906815,-0.023252,-0.930067,-0.686455,-0.013178,0.000338,0.013516,0.724042,-0.251844,0.006458,0.258302,-0.915903,2.214173,-4.983944,-0.929762,2.940473,5.827992,1.745657,-2.571048,-5.471512,1.096191,-2.151991,5.030576,-0.771024,0.000086,0.000000,0.000000,386.997220,290.132791,1
11.498000,3.228123,-0.227809,0.238094,-0.575574,0.014758,0.590332,0.714217,2.700085,-0.069233,-2.769318,-1.175356,-4.602037,0.118001,4.720038,1.954013,-0.570611,0.014631,0.585242,0.411054,2.705217,-0.069365,-2.774581,-0.735312,-4.474940,0.114742,4.589682,1.953958,0.372883,-0.009561,-0.382444,-0.734635,1.072286,-0.027495,-1.099780,-0.849191,-0.641407,0.016446,0.657854,0.625857,0.077039,-0.001975,-0.079015,-0.107003,2.370590,-0.060784,-2.431375,-0.110686,-5.340644,0.136940,5.477583,1.175421,0.716047,-1.557407,-0.325761,1.924733,5.382929,1.383190,-1.568027,-2.176630,0.293847,0.000000,0.000000,0.000000,0.000325,0.000000,0.000000,387.257148,290.392719,1
11.508000,3.228180,-0.227646,0.240276,-0.575574,0.014758,0.590332,0.501773,2.700085,-0.069233,-2.769318,-1.098385,-4.602037,0.118001,4.720038,1.563200,-0.570611,0.014631,0.585242,0.312694,2.705217,-0.069365,-2.774581,-0.757775,-4.474940,0.114742,4.589682,1.690812,0.372883,-0.009561,-0.382444,-0.460728,1.072286,-0.027495,-1.099780,-0.716387,-0.641407,0.016446,0.657854,0.391411,0.077039,-0.001975,-0.079015,-0.173970,2.370590,-0.060784,-2.431375,-0.323434,-5.340644,0.136940,5.477583,1.196210,0.961909,-2.267776,-0.529032,2.003934,5.469398,1.360250,-2.120664,-3.009170,0.437361,0.000000,0.000000,0.000000,0.000293,0.000000,0.000000,387.550510,290.686081,1
11.514000,3.238887,-0.235194,0.286998,5.472903,-0.140331,-5.613234,-2.322992,0.087793,-0.002251,-0.090045,-0.025225,-1.574991,0.040384,1.615375,0.658135,6.017467,-0.154294,-6.171761,-5.817058,4.682057,-0.120053,-4.802110,-2.486425,-8.475200,0.217313,8.692512,4.257014,-3.849573,0.098707,3.948280,1.679485,4.732236,-0.121339,-4.853576,-2.894190,-10.117611,0.259426,10.377037,4.840063,6.037597,-0.154810,-6.192408,-5.115507,-0.122568,0.003143,0.125711,-0.021371,-2.636520,0.067603,2.704123,1.639617,0.000000,0.000000,0.000000,0.953898,0.668227,-0.503850,2.421814,-3.992261,2.468781,0.000000,0.000000,0.000000,0.002060,0.000000,0.000000,388.786319,291.921858,1
11.524000,3.240485,-0.235660,0.286576,5.487168,-0.140697,-5.627865,-2.195043,0.095294,-0.002443,-0.097738,0.395201,-1.577639,0.040452,1.618091,0.100388,6.033068,-0.154694,-6.187762,-6.066332,4.694212,-0.120364,-4.814576,-2.437244,-8.485488,0.217577,8.703065,4.321773,-3.827464,0.098140,3.925604,1.986182,4.730862,-0.121304,-4.852166,-2.570207,-10.111814,0.259277,10.371091,4.962492,6.053607,-0.155221,-6.208828,-5.257468,-0.114516,0.002936,0.117452,0.038504,-2.645168,0.067825,2.712993,1.373075,0.000000,0.000000,0.000000,1.080897,0.770133,-0.582277,0.635770,-5.032516,1.283949,0.000000,0.000000,0.000000,0.002075,0.000000,0.000000,390.861772,293.996539,1
11.528000,3.244155,-0.227675,0.235663,-0.003034,0.000078,0.003111,-0.517601,0.902629,-0.023144,-0.925774,1.014535,-2.591325,0.066444,2.657770,-1.229143,0.464672,-0.011915,-0.476586,-0.615099,0.559659,-0.014350,-0.574009,-0.227375,-1.707095,0.043772,1.750867,0.611921,1.142574,-0.029297,-1.171870,-0.583664,-0.787067,0.020181,0.807248,0.198684,1.594265,-0.040879,-1.635143,-0.284223,0.590211,-0.015134,-0.605345,0.254233,0.195122,-0.005003,-0.200125,0.119240,-2.402534,0.061603,2.464137,-0.518567,0.000000,0.000000,0.000000,3.615792,6.520566,1.089753,-4.130040,-6.004113,0.126703,0.000000,0.000000,0.000000,0.000085,0.000000,0.000000,390.895642,293.985102,1
11.538000,3.245031,-0.227673,0.233681,-0.003034,0.000078,0.003111,-0.510793,0.902629,-0.023144,-0.925774,1.060061,-2.591325,0.066444,2.657770,-1.379194,0.464672,-0.011915,-0.476586,-0.645239,0.559659,-0.014350,-0.574009,-0.291254,-1.707095,0.043772,1.750867,0.737717,1.142574,-0.029297,-1.171870,-0.492281,-0.787067,0.020181,0.807248,0.194830,1.594265,-0.040879,-1.635143,-0.473282,0.590211,-0.015134,-0.605345,0.304418,0.195122,-0.005003,-0.200125,0.142563,-2.402534,0.061603,2.464137,-0.711634,0.000000,0.000000,0.000000,3.795380,6.927883,1.181176,-4.273265,-6.358679,0.229564,0.000000,0.000000,0.000000,0.000099,0.000000,0.000000,390.994535,293.951697,1
11.544000,3.245571,-0.238884,0.241139,0.487967,-0.012512,-0.500479,-0.399404,0.484505,-0.012423,-0.496928,0.884854,-2.068830,0.053047,2.121877,-0.397325,1.091740,-0.027993,-1.119733,-2.342244,0.208441,-0.005345,-0.213785,-0.054878,-1.190756,0.030532,1.221288,0.856349,-0.457885,0.011741,0.469626,0.583118,-0.357304,0.009162,0.366466,-0.001970,-2.021571,0.051835,2.073406,1.006997,0.833403,-0.021369,-0.854773,0.458135,-0.149634,0.003837,0.153471,0.355417,-1.517934,0.038921,1.556855,-0.600092,0.000000,0.000000,0.000000,3.584606,5.470295,1.122293,-3.164963,-5.285420,0.181198,0.000000,0.000000,0.000000,0.000089,0.000000,0.000000,391.047970,293.973820,1
11.554000,3.245260,-0.238497,0.238522,0.476654,-0.012222,-0.488876,-0.459113,0.466721,-0.011967,-0.478688,1.078698,-2.185226,0.056031,2.241257,-0.946434,0.232256,-0.005955,-0.238211,-1.323458,0.236943,-0.006075,-0.243018,-0.104690,0.044105,-0.001131,-0.045236,0.139498,0.219577,-0.005630,-0.225207,0.159211,-0.411469,0.010550,0.422019,-0.005220,-0.340761,0.008737,0.349498,0.220198,0.858997,-0.022026,-0.881022,0.448578,-0.176130,0.004516,0.180646,0.337219,-1.663440,0.042652,1.706093,-0.876494,0.000000,0.000000,0.000000,3.802514,6.139392,1.404706,-3.700880,-6.412607,0.288522,0.000000,0.000000,0.000000,0.000053,0.000000,0.000000,391.100725,293.935125,1
11.558000,3.257987,-0.225288,0.238179,0.775812,-0.019893,-0.795704,-0.731091,-0.119749,0.003070,0.122819,1.150882,-1.853509,0.047526,1.901035,-0.879966,-1.005413,0.025780,1.031193,-0.292773,0.085247,-0.002186,-0.087433,-0.086717,2.527072,-0.064797,-2.591869,-0.729073,0.348622,-0.008939,-0.357561,0.225682,-0.422289,0.010828,0.433117,-0.001344,-0.134086,0.003438,0.137524,0.199859,1.110587,-0.028477,-1.139063,0.064934,-0.664106,0.017028,0.681135,0.561789,-1.389827,0.035637,1.425463,-0.957171,0.000000,0.000000,0.000000,3.675522,6.173574,1.135659,-3.529894,-5.870822,0.628055,0.000000,0.000000,0.000000,0.000065,0.000000,0.000000,391.126825,293.933269,1
11.568000,3.258877,-0.224900,0.236010,0.775812,-0.019893,-0.795704,-0.783667,-0.119749,0.003070,0.122819,1.274967,-1.853509,0.047526,1.901035,-1.212257,-1.005413,0.025780,1.031193,-0.066276,0.085247,-0.002186,-0.087433,-0.085505,2.527072,-0.064797,-2.591869,-0.942846,0.348622,-0.008939,-0.357561,0.167032,-0.422289,0.010828,0.433117,-0.001833,-0.134086,0.003438,0.137524,0.119233,1.110587,-0.028477,-1.139063,0.060191,-0.664106,0.017028,0.681135,0.570682,-1.389827,0.035637,1.425463,-1.191756,0.000000,0.000000,0.000000,3.775811,6.570727,1.273335,-3.861592,-6.419395,0.717213,0.000000,0.000000,0.000000,0.000078,0.000000,0.000000,391.205197,293.927626,1
11.572000,3.268481,-0.223161,0.243621,0.121463,-0.003114,-0.124577,-0.334403,-0.255905,0.006562,0.262467,1.298527,-1.142514,0.029295,1.171810,-1.371067,-0.677500,0.017372,0.694872,0.019113,0.006483,-0.000166,-0.006649,-0.048260,1.637342,-0.041983,-1.679326,-0.606617,0.491021,-0.012590,-0.503611,0.077988,-0.171419,0.004395,0.175814,-0.010438,-0.063241,0.001622,0.064862,0.025263,0.437515,-0.011218,-0.448734,0.215056,-0.494345,0.012676,0.507021,0.671636,-1.279418,0.032806,1.312224,-0.947822,0.000000,0.000000,0.000000,3.178493,6.779403,1.503929,-3.696857,-6.106736,0.346223,0.000000,0.000000,0.000000,0.000047,0.000000,0.000000,391.224177,293.922702,1
11.582000,3.269721,-0.223404,0.240864,0.103146,-0.002645,-0.105791,-0.337897,-0.250260,0.006417,0.256677,1.408355,-1.116831,0.028637,1.145467,-1.676044,-0.636008,0.016308,0.652316,0.011002,0.009255,-0.000237,-0.009492,-0.052837,1.463055,-0.037514,-1.500569,-0.560210,0.489332,-0.012547,-0.501879,0.046974,-0.170925,0.004383,0.175308,-0.006351,-0.078863,0.002022,0.080885,0.034036,0.417685,-0.010710,-0.428395,0.264572,-0.483600,0.012400,0.496000,0.682653,-1.257468,0.032243,1.289711,-1.181127,0.000000,0.000000,0.000000,3.342764,7.149762,1.597519,-3.901645,-6.552926,0.452802,0.000000,0.000000,0.000000,0.000052,0.000000,0.000000,391.275858,293.902759,1
11.586000,3.272097,-0.224559,0.234017,0.032191,-0.000825,-0.033016,-0.404062,-0.039010,0.001000,0.040010,1.484588,-1.033150,0.026491,1.059641,-1.878910,-0.750822,0.019252,0.770074,0.039041,-0.001639,0.000042,0.001681,-0.037850,1.426255,-0.036571,-1.462826,-0.496224,0.360232,-0.009237,-0.369469,0.107716,-0.141003,0.003615,0.144619,-0.010143,0.510707,-0.013095,-0.523803,-0.031358,0.308108,-0.007900,-0.316008,0.348514,-0.265073,0.006797,0.271870,0.565924,-1.111814,0.028508,1.140322,-1.298626,0.000000,0.000000,0.000000,3.410990,7.141200,1.550062,-4.118573,-6.410333,0.607825,0.000000,0.000000,0.000000,0.000046,0.000000,0.000000,391.294347,293.892262,1
11.596000,3.273117,-0.224298,0.231136,0.032191,-0.000825,-0.033016,-0.405724,-0.039010,0.001000,0.040010,1.547172,-1.033150,0.026491,1.059641,-2.051811,-0.750822,0.019252,0.770074,0.049762,-0.001639,0.000042,0.001681,-0.048746,1.426255,-0.036571,-1.462826,-0.540376,0.360232,-0.009237,-0.369469,0.129247,-0.141003,0.003615,0.144619,-0.008790,0.510707,-0.013095,-0.523803,-0.049620,0.308108,-0.007900,-0.316008,0.423142,-0.265073,0.006797,0.271870,0.556143,-1.111814,0.028508,1.140322,-1.489138,0.000000,0.000000,0.000000,3.523243,7.350383,1.579255,-4.216527,-6.637231,0.699304,0.000000,0.000000,0.000000,0.000051,0.000000,0.000000,391.345711,293.862524,1
11.600000,3.282148,-0.227228,0.234558,-0.084176,0.002158,0.086335,-0.217141,0.280075,-0.007181,-0.287257,1.459874,-0.658518,0.016885,0.675404,-2.044028,-1.348235,0.034570,1.382806,0.092075,-0.016738,0.000429,0.017167,-0.033988,3.083653,-0.079068,-3.162721,-0.256090,0.933593,-0.023938,-0.957531,0.324809,-0.010427,0.000267,0.010694,-0.034543,1.257831,-0.032252,-1.290083,0.268200,0.139251,-0.003571,-0.142822,0.419641,0.151922,-0.003895,-0.155818,0.455041,-0.844660,0.021658,0.866318,-1.161423,0.000000,0.000000,0.000000,3.380634,7.000125,1.628916,-4.115518,-6.308344,0.629707,0.000000,0.000000,0.000000,0.000046,0.000000,0.000000,391.363914,293.851818,1
11.610000,3.283172,-0.227081,0.231618,-0.084176,0.002158,0.086335,-0.197190,0.280075,-0.007181,-0.287257,1.524817,-0.658518,0.016885,0.675404,-2.250280,-1.348235,0.034570,1.382806,0.229463,-0.016738,0.000429,0.017167,-0.067578,3.083653,-0.079068,-3.162721,-0.880017,0.933593,-0.023938,-0.957531,0.158134,-0.010427,0.000267,0.010694,-0.054594,1.257831,-0.032252,-1.290083,-0.104586,0.139251,-0.003571,-0.142822,0.497359,0.151922,-0.003895,-0.155818,0.452367,-0.844660,0.021658,0.866318,-1.385411,0.000000,0.000000,0.000000,3.522084,7.304312,1.700218,-4.307137,-6.579407,0.679066,0.000000,0.000000,0.000000,0.000067,0.000000,0.000000,391.430967,293.849475,1
11.614000,3.290942,-0.221810,0.231692,-0.043890,0.001125,0.045016,-0.273822,0.198098,-0.005079,-0.203177,1.559023,-0.600737,0.015404,0.616141,-2.211659,-1.223466,0.031371,1.254836,0.277707,-0.050718,0.001300,0.052018,-0.076666,2.952792,-0.075713,-3.028504,-0.968728,0.742294,-0.019033,-0.761327,0.188820,-0.018271,0.000468,0.018739,-0.034220,0.504883,-0.012946,-0.517828,0.158904,0.166107,-0.004259,-0.170366,0.466018,0.108364,-0.002779,-0.111142,0.483228,-0.836644,0.021452,0.858097,-1.379674,0.000000,0.000000,0.000000,3.447269,7.432573,1.424412,-4.241816,-6.365971,0.873824,0.000000,0.000000,0.000000,0.000065,0.000000,0.000000,391.457054,293.849647,1
11.624000,3.292184,-0.221228,0.228444,-0.043890,0.001125,0.045016,-0.294117,0.198098,-0.005079,-0.203177,1.618717,-0.600737,0.015404,0.616141,-2.366118,-1.223466,0.031371,1.254836,0.342235,-0.050718,0.001300,0.052018,-0.062095,2.952792,-0.075713,-3.028504,-1.181399,0.742294,-0.019033,-0.761327,0.100200,-0.018271,0.000468,0.018739,-0.030983,0.504883,-0.012946,-0.517828,0.047866,0.166107,-0.004259,-0.170366,0.525767,0.108364,-0.002779,-0.111142,0.477454,-0.836644,0.021452,0.858097,-1.571503,0.000000,0.000000,0.000000,3.560826,7.651236,1.436628,-4.334773,-6.533764,0.960739,0.000000,0.000000,0.000000,0.000074,0.000000,0.000000,391.531087,293.855760,1
11.628000,3.295479,-0.222232,0.229696,0.095403,-0.002446,-0.097850,-0.296296,0.382008,-0.009795,-0.391804,1.383250,-1.370604,0.035144,1.405748,-1.894557,-0.130888,0.003356,0.134244,-0.052594,-0.029604,0.000759,0.030363,-0.044532,2.006632,-0.051452,-2.058084,-0.791309,0.490307,-0.012572,-0.502879,0.254466,-0.026174,0.000671,0.026846,-0.022780,-0.859670,0.022043,0.881713,0.506817,-0.049390,0.001266,0.050656,0.696418,0.671021,-0.017206,-0.688227,0.062628,-1.947799,0.049944,1.997742,-0.956128,0.000000,0.000000,0.000000,3.346627,6.982421,1.415808,-4.198237,-6.379626,1.023680,0.000000,0.000000,0.000000,0.000074,0.000000,0.000000,391.560828,293.843137,1
11.638000,3.295817,-0.223498,0.227210,0.088246,-0.002263,-0.090509,-0.294018,0.402563,-0.010322,-0.412885,1.437966,-1.365876,0.035022,1.400899,-2.040064,-0.151127,0.003875,0.155002,-0.123450,-0.029521,0.000757,0.030278,-0.038792,2.059218,-0.052800,-2.112018,-0.836012,0.491969,-0.012615,-0.504584,0.196379,-0.026267,0.000674,0.026941,-0.020034,-0.809963,0.020768,0.830731,0.467714,-0.054581,0.001400,0.055981,0.765539,0.687804,-0.017636,-0.705440,0.039496,-1.937100,0.049669,1.986769,-1.092700,0.000000,0.000000,0.000000,3.502360,7.238279,1.499557,-4.270188,-6.605427,1.065789,0.000000,0.000000,0.000000,0.000080,0.000000,0.000000,391.640768,293.807670,1
11.644000,3.295642,-0.230463,0.230707,0.223436,-0.005729,-0.229165,-0.254822,0.605887,-0.015536,-0.621422,1.222466,-2.128729,0.054583,2.183312,-1.692804,0.082731,-0.002121,-0.084852,-0.431609,-0.002754,0.000071,0.002825,-0.044661,2.184613,-0.056016,-2.240629,-0.816036,-0.631196,0.016185,0.647381,1.085538,-0.032835,0.000842,0.033677,-0.015661,-1.274018,0.032667,1.306685,0.652176,-0.206982,0.005307,0.212289,0.779765,1.031833,-0.026457,-1.058291,-0.216551,-2.647958,0.067896,2.715854,-0.558851,0.000000,0.000000,0.000000,3.340945,6.262703,1.519439,-3.997409,-6.737595,0.604260,0.000000,0.000000,0.000000,0.000098,0.000000,0.000000,391.699851,293.795065,1
11.654000,3.296300,-0.230648,0.228198,0.223436,-0.005729,-0.229165,-0.245815,0.605887,-0.015536,-0.621422,1.279708,-2.128729,0.054583,2.183312,-1.764000,0.082731,-0.002121,-0.084852,-0.433028,-0.002754,0.000071,0.002825,-0.035401,2.184613,-0.056016,-2.240629,-0.888082,-0.631196,0.016185,0.647381,1.105797,-0.032835,0.000842,0.033677,-0.011213,-1.274018,0.032667,1.306685,0.652648,-0.206982,0.005307,0.212289,0.879813,1.031833,-0.026457,-1.058291,-0.193631,-2.647958,0.067896,2.715854,-0.732224,0.000000,0.000000,0.000000,3.518078,6.698776,1.668868,-4.054696,-6.891269,0.654330,-0.022168,0.012950,0.005445,0.000107,0.000000,0.000000,391.806641,293.769141,1
11.658000,3.312324,-0.223510,0.227334,-0.143453,0.003678,0.147132,-0.268192,1.234178,-0.031646,-1.265823,1.071360,-2.331405,0.059780,2.391185,-1.311980,0.233819,-0.005995,-0.239814,-0.660170,0.070288,-0.001802,-0.072091,-0.086207,2.075299,-0.053213,-2.128511,-0.706555,-0.211595,0.005426,0.217021,1.102757,-0.023774,0.000610,0.024384,-0.049092,0.175965,-0.004512,-0.180477,0.274260,-0.698219,0.017903,0.716122,1.138960,2.032367,-0.052112,-2.084479,-0.712850,-3.441362,0.088240,3.529602,-0.074447,0.667425,-1.404289,-0.222374,3.040116,6.973484,1.445434,-4.027241,-5.994670,0.809405,-0.006042,0.020870,-0.008593,0.000091,0.000000,0.000000,391.842863,293.766593,1
11.668000,3.306414,-0.226631,0.224839,0.092970,-0.002384,-0.095354,-0.331068,1.191574,-0.030553,-1.222127,1.066694,-2.302049,0.059027,2.361076,-1.448003,-0.314756,0.008071,0.322827,-0.409771,0.061157,-0.001568,-0.062725,-0.095681,2.888958,-0.074076,-2.963034,-1.269947,0.150537,-0.003860,-0.154396,0.862895,-0.018015,0.000462,0.018477,-0.045086,0.886896,-0.022741,-0.909637,-0.121940,-0.456209,0.011698,0.467907,1.160040,1.859950,-0.047691,-1.907641,-0.669106,-3.158901,0.080997,3.239898,-0.461852,-0.056714,-1.071255,-0.654650,3.371418,7.097946,1.539842,-3.999590,-6.332924,0.830615,0.003939,0.042430,-0.025573,0.000122,0.000000,0.000000,391.965021,293.759047,1
11.674000,3.309130,-0.228742,0.232632,-0.008051,0.000206,0.008258,-0.099799,1.173854,-0.030099,-1.203953,0.609126,-2.499776,0.064097,2.563873,-1.124169,0.353892,-0.009074,-0.362966,-0.877427,0.310637,-0.007965,-0.318602,-0.183285,0.682908,-0.017510,-0.700418,-0.111122,-0.511226,0.013108,0.524334,1.109831,-0.020830,0.000534,0.021364,-0.081897,-0.276129,0.007080,0.283209,0.204014,-0.749096,0.019208,0.768303,0.878397,2.208240,-0.056622,-2.264861,-0.449729,-3.784432,0.097037,3.881468,-0.551664,0.000000,0.000000,0.000000,3.403078,6.977662,1.523707,-4.081117,-6.354344,0.603369,-0.260323,0.078716,0.106503,0.000085,0.000000,0.000000,392.016305,293.741218,1
11.684000,3.309652,-0.228698,0.230863,-0.008051,0.000206,0.008258,-0.077164,1.173854,-0.030099,-1.203953,0.687898,-2.499776,0.064097,2.563873,-1.355446,0.353892,-0.009074,-0.362966,-0.807507,0.310637,-0.007965,-0.318602,-0.196645,0.682908,-0.017510,-0.700418,-0.149881,-0.511226,0.013108,0.524334,1.073203,-0.020830,0.000534,0.021364,-0.078664,-0.276129,0.007080,0.283209,0.118235,-0.749096,0.019208,0.768303,0.987438,2.208240,-0.056622,-2.264861,-0.592347,-3.784432,0.097037,3.881468,-0.509359,0.000000,0.000000,0.000000,3.494517,6.975591,1.463651,-4.185520,-6.681685,0.720941,-0.232290,0.061165,0.085777,0.000094,0.000000,0.000000,392.110704,293.709962,1
11.692000,3.325959,-0.221372,0.224361,0.166803,-0.004277,-0.171080,-0.434126,1.120838,-0.028739,-1.149577,1.658893,-2.870230,0.073596,2.943826,-1.357404,0.216977,-0.005564,-0.222541,-0.193417,1.223845,-0.031381,-1.255226,1.420131,-1.702518,0.043654,1.746172,-1.582240,-0.832693,0.021351,0.854044,0.098027,-0.031505,0.000808,0.032313,0.721613,0.077560,-0.001989,-0.079548,-0.350995,-0.720641,0.018478,0.739119,2.049292,2.156453,-0.055294,-2.211746,-0.931632,-3.923047,0.100591,4.023638,2.209429,3.795534,-7.917458,-0.323887,0.254447,2.165075,1.659245,-4.811249,-6.054817,1.149783,-3.180345,10.990413,-2.973177,0.000232,0.000000,0.000000,392.296031,293.728113,1
11.702000,3.324962,-0.220997,0.222266,0.176265,-0.004520,-0.180784,-0.096945,1.137652,-0.029171,-1.166822,1.346772,-2.862287,0.073392,2.935679,-1.247609,0.227828,-0.005842,-0.233670,-0.029290,1.247534,-0.031988,-1.279522,1.471366,-1.695255,0.043468,1.738723,-2.027181,-0.847656,0.021735,0.869390,0.118263,-0.030798,0.000790,0.031588,1.274525,0.080938,-0.002075,-0.083014,-1.740809,-0.717012,0.018385,0.735397,1.360344,2.185910,-0.056049,-2.241959,-0.978383,-3.928679,0.100735,4.029414,1.905162,2.928430,-7.302442,-0.762865,5.743571,14.040075,8.060307,-3.966307,-5.776468,1.473982,-2.707785,8.989767,-2.376477,0.000218,0.000000,0.000000,392.514270,293.733525,1
11.708000,3.321324,-0.230028,0.227921,-0.017725,0.000454,0.018180,-0.004405,1.427676,-0.036607,-1.464283,-0.715440,-4.331415,0.111062,4.442477,1.997197,0.089608,-0.002298,-0.091906,-0.009208,0.771652,-0.019786,-0.791438,1.203747,-2.402599,0.061605,2.464204,-2.387924,-0.787834,0.020201,0.808035,0.054313,-0.130299,0.003341,0.133640,0.791800,-1.651908,0.042357,1.694265,-1.660192,-0.618488,0.015859,0.634347,1.046347,1.048263,-0.026879,-1.075141,-0.797817,-2.139466,0.054858,2.194324,-0.798242,3.496467,-8.699419,-1.265270,0.000000,0.000000,0.000000,-0.135477,-0.302320,0.112512,-3.362317,8.108789,-1.727944,0.000230,0.000000,0.000000,392.652232,293.734669,1
11.718000,3.321411,-0.230118,0.225722,-0.017725,0.000454,0.018180,0.102530,1.427676,-0.036607,-1.464283,-0.815076,-4.331415,0.111062,4.442477,2.038330,0.089608,-0.002298,-0.091906,0.024181,0.771652,-0.019786,-0.791438,1.145428,-2.402599,0.061605,2.464204,-2.349411,-0.787834,0.020201,0.808035,-0.017912,-0.130299,0.003341,0.133640,0.658096,-1.651908,0.042357,1.694265,-1.658241,-0.618488,0.015859,0.634347,0.696445,1.048263,-0.026879,-1.075141,-0.803396,-2.139466,0.054858,2.194324,0.209412,3.685206,-8.229495,-0.876456,0.000000,0.000000,0.000000,-0.851587,-1.935101,0.745684,-3.315684,7.868307,-1.651443,0.000216,0.000000,0.000000,392.868490,293.760484,1
11.720000,3.335230,-0.233473,0.235702,1.164582,-0.029861,-1.194443,-0.591745,-0.080609,0.002067,0.082675,-0.068768,0.851935,-0.021844,-0.873780,-1.040616,-0.402396,0.010318,0.412714,0.570005,0.527510,-0.013526,-0.541036,0.937500,-2.356353,0.060419,2.416772,-1.274673,-0.875031,0.022437,0.897468,0.262068,-0.107373,0.002753,0.110127,0.459134,-1.823542,0.046757,1.870300,-0.825539,-1.615955,0.041435,1.657390,0.272108,0.180991,-0.004641,-0.185632,-0.302269,1.075124,-0.027567,-1.102691,-0.420820,3.241077,-6.493020,-0.487152,0.000000,0.000000,0.000000,0.000000,0.000000,0.000000,-2.245003,6.553682,-1.618882,0.000082,0.000000,0.000000,392.884981,293.756425,1
11.730000,3.335737,-0.233806,0.234348,1.164582,-0.029861,-1.194443,-0.571662,-0.080609,0.002067,0.082675,-0.096259,0.851935,-0.021844,-0.873780,-0.629531,-0.402396,0.010318,0.412714,0.634491,0.527510,-0.013526,-0.541036,0.973137,-2.356353,0.060419,2.416772,-1.356469,-0.875031,0.022437,0.897468,0.256198,-0.107373,0.002753,0.110127,0.450713,-1.823542,0.046757,1.870300,-0.942259,-1.615955,0.041435,1.657390,0.427027,0.180991,-0.004641,-0.185632,-0.223555,1.075124,-0.027567,-1.102691,-0.393916,3.229442,-6.638255,-0.591874,0.000000,0.000000,0.000000,0.000000,0.000000,0.000000,-2.455666,6.923587,-1.653283,0.000085,0.000000,0.000000,392.970311,293.730254,1
11.734000,3.333776,-0.241435,0.234426,1.097090,-0.028131,-1.125221,-0.260014,-0.222594,0.005708,0.228302,-0.079013,2.443601,-0.062656,-2.506257,-1.512453,-0.348540,0.008937,0.357477,0.801597,0.065091,-0.001669,-0.066760,0.907188,-1.971668,0.050556,2.022224,-0.929362,-0.605387,0.015523,0.620909,0.042167,-0.258594,0.006631,0.265224,0.178873,-1.859998,0.047692,1.907690,-0.668987,-0.573479,0.014705,0.588183,-0.615522,0.029614,-0.000759,-0.030373,-0.091746,0.593798,-0.015226,-0.609023,0.008340,2.691504,-5.264966,-0.263630,0.000000,0.000000,0.000000,0.000000,0.000000,0.000000,-1.991807,5.716192,-1.473437,0.000080,0.000000,0.000000,393.002501,293.733633,1
11.744000,3.333912,-0.243382,0.234719,0.892525,-0.022885,-0.915410,-0.084102,-0.201660,0.005171,0.206831,-0.046610,2.361915,-0.060562,-2.422477,-1.212024,-0.435707,0.011172,0.446879,0.906396,0.065384,-0.001677,-0.067061,0.940962,-1.982442,0.050832,2.033274,-0.926480,-0.656536,0.016834,0.673371,-0.024757,-0.252673,0.006479,0.259152,0.168751,-1.826331,0.046829,1.873160,-0.830933,-0.257843,0.006611,0.264455,-0.575938,-0.000903,0.000023,0.000927,-0.061253,0.123127,-0.003157,-0.126284,0.046957,2.832854,-5.896141,-0.342692,0.000000,0.000000,0.000000,0.000000,0.000000,0.000000,-2.500110,6.254573,-1.450656,0.000071,0.000000,0.000000,393.073999,293.731372,1
11.748000,3.340294,-0.239928,0.238764,0.856550,-0.021963,-0.878513,-0.136534,-0.107025,0.002744,0.109769,-0.077067,1.799441,-0.046140,-1.845581,-0.714630,0.163665,-0.004197,-0.167861,0.287444,0.156864,-0.004022,-0.160886,0.774664,-1.242597,0.031861,1.274459,-0.827907,-0.049147,0.001260,0.050408,-0.260508,0.096747,-0.002481,-0.099227,0.201920,-1.575875,0.040407,1.616282,-0.532340,-0.934266,0.023956,0.958221,0.049155,-0.023945,0.000614,0.024559,-0.069949,0.797642,-0.020452,-0.818094,-0.252537,2.744008,-4.825783,-0.249423,0.000000,0.000000,0.000000,0.000000,0.000000,0.000000,-2.276141,5.920589,-1.249317,0.000038,0.000000,0.000000,393.089296,293.729615,1
11.758000,3.341033,-0.240183,0.237246,0.856550,-0.021963,-0.878513,-0.184528,-0.107025,0.002744,0.109769,-0.042030,1.799441,-0.046140,-1.845581,-0.758099,0.163665,-0.004197,-0.167861,0.287023,0.156864,-0.004022,-0.160886,0.877896,-1.242597,0.031861,1.274459,-1.091684,-0.049147,0.001260,0.050408,-0.308564,0.096747,-0.002481,-0.099227,0.234069,-1.575875,0.040407,1.616282,-0.765659,-0.934266,0.023956,0.958221,0.083897,-0.023945,0.000614,0.024559,-0.049668,0.797642,-0.020452,-0.818094,-0.245485,2.990883,-5.450973,-0.388240,0.000000,0.000000,0.000000,0.000000,0.000000,0.000000,-2.459749,6.480197,-1.382890,0.000047,0.000000,0.000000,393.136350,293.719411,1
11.762000,3.348715,-0.243066,0.238097,0.682437,-0.017498,-0.699935,-0.015919,-0.062700,0.001608,0.064307,-0.093841,1.964726,-0.050378,-2.015103,-0.840062,0.264786,-0.006789,-0.271575,0.142893,-0.041484,0.001064,0.042548,0.830812,-1.161051,0.029771,1.190821,-0.753041,0.100715,-0.002582,-0.103298,-0.454262,-0.079109,0.002028,0.081138,0.348066,-1.520848,0.038996,1.559844,-0.760055,-0.736278,0.018879,0.755157,-0.011513,-0.008371,0.000215,0.008586,-0.073263,0.983458,-0.025217,-1.008675,-0.311785,2.791620,-4.895461,-0.261368,0.000000,0.000000,0.000000,0.000000,0.000000,0.000000,-2.353501,6.140343,-1.313788,0.000043,0.000000,0.000000,393.153411,293.719381,1
11.772000,3.349608,-0.243411,0.236362,0.682437,-0.017498,-0.699935,-0.043158,-0.062700,0.001608,0.064307,-0.061780,1.964726,-0.050378,-2.015103,-0.862999,0.264786,-0.006789,-0.271575,0.162322,-0.041484,0.001064,0.042548,0.953090,-1.161051,0.029771,1.190821,-1.081589,0.100715,-0.002582,-0.103298,-0.485620,-0.079109,0.002028,0.081138,0.339238,-1.520848,0.038996,1.559844,-0.959225,-0.736278,0.018879,0.755157,-0.001313,-0.008371,0.000215,0.008586,-0.054421,0.983458,-0.025217,-1.008675,-0.324604,3.046819,-5.577146,-0.426317,0.000000,0.000000,0.000000,0.000000,0.000000,0.000000,-2.513303,6.591216,-1.409358,0.000050,0.000000,0.000000,393.203898,293.713193,1
11.776000,3.370839,-0.250655,0.254662,0.075304,-0.001931,-0.077235,0.089989,0.000995,-0.000026,-0.001021,-0.080010,1.052729,-0.026993,-1.079722,-0.356966,0.331510,-0.008500,-0.340011,0.087298,-0.321219,0.008236,0.329456,0.853352,-0.629006,0.016128,0.645134,-0.497102,0.211380,-0.005420,-0.216800,-0.207837,-0.223311,0.005726,0.229037,0.470899,-1.247172,0.031979,1.279151,-0.064599,-0.223315,0.005726,0.229041,-0.134464,-0.100256,0.002571,0.102826,-0.033707,0.045865,-0.001176,-0.047041,0.002634,2.458441,-4.108966,-0.089831,0.000000,0.000000,0.000000,0.000000,0.000000,0.000000,-2.006113,5.743361,-1.235956,0.000013,0.000000,0.000000,393.209073,293.714574,1
11.786000,3.372784,-0.250875,0.253443,0.075304,-0.001931,-0.077235,0.063205,0.000995,-0.000026,-0.001021,-0.055433,1.052729,-0.026993,-1.079722,-0.392632,0.331510,-0.008500,-0.340011,0.060586,-0.321219,0.008236,0.329456,1.027449,-0.629006,0.016128,0.645134,-0.938848,0.211380,-0.005420,-0.216800,-0.258823,-0.223311,0.005726,0.229037,0.560158,-1.247172,0.031979,1.279151,-0.416397,-0.223315,0.005726,0.229041,-0.137348,-0.100256,0.002571,0.102826,-0.019171,0.045865,-0.001176,-0.047041,0.006546,2.819608,-5.048774,-0.288743,0.000000,0.000000,0.000000,0.000000,0.000000,0.000000,-2.303412,6.577866,-1.390207,0.000021,0.000000,0.000000,393.230518,293.712067,1
11.790000,3.360745,-0.241888,0.241155,0.670071,-0.017181,-0.687253,-0.048315,-0.008159,0.000209,0.008369,-0.024119,1.483820,-0.038047,-1.521867,-0.425044,0.046830,-0.001201,-0.048031,0.362278,0.049970,-0.001281,-0.051252,1.149499,-0.872132,0.022362,0.894495,-0.988595,-0.097478,0.002499,0.099978,-0.408762,-0.214977,0.005512,0.220490,0.448192,-0.698283,0.017905,0.716188,-0.790999,-0.037534,0.000962,0.038496,-0.218406,0.005146,-0.000132,-0.005278,-0.023855,1.186558,-0.030425,-1.216982,-0.129360,2.972360,-5.131483,-0.110149,0.000000,0.000000,0.000000,0.000000,0.000000,0.000000,-2.432068,5.992198,-1.412671,0.000025,0.000000,0.000000,393.240570,293.709507,1
11.800000,3.361750,-0.241948,0.239003,0.670071,-0.017181,-0.687253,-0.063002,-0.008159,0.000209,0.008369,-0.029215,1.483820,-0.038047,-1.521867,-0.533421,0.046830,-0.001201,-0.048031,0.350690,0.049970,-0.001281,-0.051252,1.286561,-0.872132,0.022362,0.894495,-1.338535,-0.097478,0.002499,0.099978,-0.464503,-0.214977,0.005512,0.220490,0.481120,-0.698283,0.017905,0.716188,-1.069439,-0.037534,0.000962,0.038496,-0.269813,0.005146,-0.000132,-0.005278,-0.033276,1.186558,-0.030425,-1.216982,-0.292513,3.192938,-5.789942,-0.265253,0.000000,0.000000,0.000000,0.000000,0.000000,0.000000,-2.621834,6.520205,-1.552016,0.000034,0.000000,0.000000,393.274774,293.701649,1
11.802000,3.365965,-0.245376,0.236111,0.957721,-0.024557,-0.982278,-0.170348,-0.008202,0.000210,0.008413,-0.053200,2.883222,-0.073929,-2.957150,-1.075406,0.225627,-0.005785,-0.231412,0.313240,0.262055,-0.006719,-0.268774,1.291030,-0.676514,0.017347,0.693860,-1.496323,0.079668,-0.002043,-0.081711,-0.620941,0.224699,-0.005762,-0.230460,0.263501,-0.933035,0.023924,0.956959,-1.091786,-0.163539,0.004193,0.167732,-0.265893,-0.009602,0.000246,0.009849,-0.027624,0.991522,-0.025424,-1.016946,-0.162354,3.233770,-5.831205,-0.493070,0.000000,0.000000,0.000000,0.000000,0.000000,0.000000,-2.493701,6.723923,-1.489615,0.000062,0.000000,0.000000,393.287118,293.703559,1
11.812000,3.366915,-0.245816,0.233353,0.950439,-0.024370,-0.974809,-0.216190,-0.008252,0.000212,0.008464,-0.044721,2.858874,-0.073304,-2.932179,-1.204915,0.226556,-0.005809,-0.232365,0.305099,0.262065,-0.006720,-0.268785,1.396617,-0.673800,0.017277,0.691077,-1.766134,0.081379,-0.002087,-0.083466,-0.699379,0.225198,-0.005774,-0.230972,0.257690,-0.929572,0.023835,0.953408,-1.324208,-0.157300,0.004033,0.161333,-0.305390,-0.009621,0.000247,0.009868,-0.025332,0.980832,-0.025150,-1.005981,-0.243750,3.360838,-6.245974,-0.640397,0.000000,0.000000,0.000000,0.000000,0.000000,0.000000,-2.612439,7.053135,-1.554925,0.000071,0.000000,0.000000,393.357979,293.713645,1
11.816000,3.391296,-0.254421,0.242591,0.262775,-0.006738,-0.269513,0.016007,-0.008126,0.000208,0.008334,-0.050762,1.440601,-0.036938,-1.477539,-0.534482,0.207891,-0.005331,-0.213221,0.267653,0.017111,-0.000439,-0.017549,1.305618,-0.403458,0.010345,0.413803,-1.518215,0.020889,-0.000536,-0.021424,-0.157250,0.092819,-0.002380,-0.095199,0.588851,-0.960036,0.024616,0.984652,-0.726751,-0.326747,0.008378,0.335125,-0.141474,-0.020722,0.000531,0.021253,-0.054619,-0.821692,0.021069,0.842761,0.461812,3.171693,-5.590641,-0.299801,0.000000,0.000000,0.000000,0.000000,0.000000,0.000000,-2.239771,6.985933,-1.522219,0.000027,0.000000,0.000000,393.368841,293.712241,1
11.826000,3.393064,-0.254938,0.240359,0.262775,-0.006738,-0.269513,0.013809,-0.008126,0.000208,0.008334,-0.047348,1.440601,-0.036938,-1.477539,-0.574534,0.207891,-0.005331,-0.213221,0.235591,0.017111,-0.000439,-0.017549,1.404013,-0.403458,0.010345,0.413803,-1.797218,0.020889,-0.000536,-0.021424,-0.241900,0.092819,-0.002380,-0.095199,0.605629,-0.960036,0.024616,0.984652,-0.969430,-0.326747,0.008378,0.335125,-0.162825,-0.020722,0.000531,0.021253,-0.052003,-0.821692,0.021069,0.842761,0.431661,3.330124,-6.086849,-0.461337,0.000000,0.000000,0.000000,0.000000,0.000000,0.000000,-2.439846,7.444663,-1.563725,0.000031,0.000000,0.000000,393.399925,293.705514,1
11.830000,3.384905,-0.255419,0.234582,0.850950,-0.021819,-0.872769,-0.058052,-0.048489,0.001243,0.049732,-0.049552,3.070195,-0.078723,-3.148918,-1.072892,0.264116,-0.006772,-0.270888,0.323241,0.200104,-0.005131,-0.205235,1.334120,-0.534036,0.013693,0.547730,-1.742766,0.082778,-0.002123,-0.084900,-0.457272,0.241630,-0.006196,-0.247826,0.327276,-0.998253,0.025596,1.023849,-1.104162,-0.585349,0.015009,0.600358,-0.223115,-0.023305,0.000598,0.023902,-0.025645,0.214142,-0.005491,-0.219633,0.140251,3.439145,-5.901178,-0.612853,0.000000,0.000000,0.000000,0.000000,0.000000,0.000000,-2.536342,7.092904,-1.452616,0.000062,0.000000,0.000000,393.424578,293.708605,1
11.840000,3.386018,-0.254214,0.233331,0.977887,-0.025074,-1.002961,-0.130996,-0.031561,0.000809,0.032370,-0.064143,3.472819,-0.089047,-3.561866,-1.352088,0.324211,-0.008313,-0.332524,0.181381,0.303008,-0.007769,-0.310778,1.406006,-0.478154,0.012260,0.490414,-2.131641,0.135910,-0.003485,-0.139395,-0.537221,0.401959,-0.010307,-0.412266,0.319061,-1.056895,0.027100,1.083995,-1.289592,-0.744970,0.019102,0.764072,-0.106938,-0.025328,0.000649,0.025978,-0.032643,0.377933,-0.009691,-0.387624,0.076774,3.573459,-6.495030,-0.767982,0.000000,0.000000,0.000000,0.000000,0.000000,0.000000,-2.702163,7.610394,-1.566497,0.000082,0.000000,0.000000,393.506665,293.726962,1
11.846000,3.391846,-0.248946,0.233867,0.867371,-0.022240,-0.889611,-0.026857,-0.028513,0.000731,0.029244,-0.047947,2.973958,-0.076255,-3.050213,-1.055896,0.200552,-0.005142,-0.205695,0.131387,0.221541,-0.005681,-0.227222,1.481215,-0.570988,0.014641,0.585628,-2.153864,0.022203,-0.000569,-0.022772,-0.511475,0.242544,-0.006219,-0.248763,0.438815,-0.987491,0.025320,1.012812,-1.202468,-0.607734,0.015583,0.623317,-0.068785,-0.024912,0.000639,0.025551,-0.019342,0.202534,-0.005193,-0.207727,0.142801,3.479461,-6.715196,-0.459350,0.000000,0.000000,0.000000,0.000000,0.000000,0.000000,-2.786910,7.414515,-1.730747,0.000063,0.000000,0.000000,393.544361,293.728341,1
11.856000,3.392918,-0.249139,0.230906,0.867371,-0.022240,-0.889611,-0.063691,-0.028513,0.000731,0.029244,-0.044787,2.973958,-0.076255,-3.050213,-1.223658,0.200552,-0.005142,-0.205695,0.129276,0.221541,-0.005681,-0.227222,1.546805,-0.570988,0.014641,0.585628,-2.345049,0.022203,-0.000569,-0.022772,-0.585665,0.242544,-0.006219,-0.248763,0.422737,-0.987491,0.025320,1.012812,-1.383955,-0.607734,0.015583,0.623317,-0.040053,-0.024912,0.000639,0.025551,-0.019732,0.202534,-0.005193,-0.207727,0.074027,3.560457,-6.961459,-0.540978,0.000000,0.000000,0.000000,0.000000,0.000000,0.000000,-2.906381,7.635139,-1.754361,0.000071,0.000000,0.000000,393.615389,293.733361,1
11.858000,3.402481,-0.253441,0.236387,0.428663,-0.010991,-0.439654,0.011687,-0.026271,0.000674,0.026945,-0.029052,1.861075,-0.047720,-1.908794,-0.763932,0.219699,-0.005633,-0.225332,0.244479,0.096499,-0.002474,-0.098973,1.489832,-0.424259,0.010878,0.435138,-2.017451,0.059296,-0.001520,-0.060817,-0.480381,0.197695,-0.005069,-0.202764,0.396731,-0.944901,0.024228,0.969129,-1.132688,0.010312,-0.000264,-0.010576,-0.445687,-0.037192,0.000954,0.038146,-0.033442,-1.275371,0.032702,1.308073,0.573727,3.405686,-6.293164,-0.557106,0.000000,0.000000,0.000000,0.000000,0.000000,0.000000,-2.558548,7.218828,-1.524352,0.000045,0.000000,0.000000,393.624406,293.733315,1
11.868000,3.403940,-0.253643,0.233171,0.414979,-0.010640,-0.425620,0.012791,-0.026473,0.000679,0.027152,-0.034266,1.800562,-0.046168,-1.846730,-0.751096,0.231491,-0.005936,-0.237426,0.213789,0.103443,-0.002652,-0.106095,1.573091,-0.416411,0.010677,0.427088,-2.214525,0.070619,-0.001811,-0.072430,-0.583872,0.205469,-0.005268,-0.210737,0.399645,-0.938225,0.024057,0.962282,-1.333269,0.006253,-0.000160,-0.006413,-0.480916,-0.036748,0.000942,0.037691,-0.033305,-1.242961,0.031871,1.274832,0.602339,3.482472,-6.573029,-0.671111,0.000000,0.000000,0.000000,0.000000,0.000000,0.000000,-2.699282,7.544093,-1.566318,0.000047,0.000000,0.000000,393.671792,293.729935,1
11.872000,3.402822,-0.254622,0.229065,-0.076113,0.001952,0.078065,0.180882,-0.014225,0.000365,0.014590,-0.035972,1.853985,-0.047538,-1.901524,-0.522725,-0.055363,0.001420,0.056783,0.283291,0.430540,-0.011039,-0.441580,1.337321,-1.203540,0.030860,1.234400,-1.935686,0.090237,-0.002314,-0.092551,-0.558323,0.737111,-0.018900,-0.756012,0.130881,-1.794478,0.046012,1.840490,-1.032763,0.512044,-0.013129,-0.525173,-0.800926,-0.068991,0.001769,0.070760,-0.049408,-0.143754,0.003686,0.147440,0.349843,3.364268,-6.769838,-0.898815,0.000000,0.000000,0.000000,0.000000,0.000000,0.000000,-2.680342,7.440714,-1.643013,0.000065,0.000000,0.000000,393.697919,293.716192,1
11.882000,3.403762,-0.255151,0.226184,-0.076113,0.001952,0.078065,0.248183,-0.014225,0.000365,0.014590,-0.038788,1.853985,-0.047538,-1.901524,-0.673089,-0.055363,0.001420,0.056783,0.319705,0.430540,-0.011039,-0.441580,1.396157,-1.203540,0.030860,1.234400,-2.080151,0.090237,-0.002314,-0.092551,-0.624165,0.737111,-0.018900,-0.756012,0.083727,-1.794478,0.046012,1.840490,-1.175239,0.512044,-0.013129,-0.525173,-0.883241,-0.068991,0.001769,0.070760,-0.042185,-0.143754,0.003686,0.147440,0.196247,3.452362,-6.950483,-0.964325,0.000000,0.000000,0.000000,0.000000,0.000000,0.000000,-2.758036,7.603401,-1.652442,0.000073,0.000000,0.000000,393.770740,293.680731,1
11.886000,3.427161,-0.266789,0.233850,-0.149316,0.003829,0.153145,0.851562,0.004834,-0.000124,-0.004958,0.407343,-0.090223,0.002313,0.092537,-1.204456,-0.651683,0.016710,0.668392,0.761597,0.525922,-0.013485,-0.539407,1.014977,-2.527867,0.064817,2.592684,-0.800182,0.224963,-0.005768,-0.230731,-0.328474,1.274543,-0.032681,-1.307224,-0.252917,-3.166466,0.081191,3.247657,0.080479,3.133578,-0.080348,-3.213926,-2.386725,-2.077151,0.053260,2.130411,0.594710,-0.751662,0.019273,0.770935,0.599888,3.060477,-5.025591,-0.805927,0.029242,0.008885,-0.011296,-2.363227,-5.490245,0.913902,-2.198342,6.748580,-1.106683,0.000134,0.000000,0.000000,393.824512,293.712619,1
11.896000,3.428819,-0.268014,0.232502,-0.149316,0.003829,0.153145,0.955271,0.004834,-0.000124,-0.004958,0.717484,-0.090223,0.002313,0.092537,-1.777667,-0.651683,0.016710,0.668392,0.798446,0.525922,-0.013485,-0.539407,1.043649,-2.527867,0.064817,2.592684,-0.694374,0.224963,-0.005768,-0.230731,-0.353259,1.274543,-0.032681,-1.307224,-0.136168,-3.166466,0.081191,3.247657,-0.077274,3.133578,-0.080348,-3.213926,-2.680804,-2.077151,0.053260,2.130411,0.748419,-0.751662,0.019273,0.770935,0.448701,3.026937,-4.771051,-0.723215,0.624692,0.206409,-0.242499,-2.216055,-5.672040,1.136991,-2.218297,7.621737,-1.399488,0.000143,0.000000,0.000000,393.967292,293.799753,1
11.902000,3.424595,-0.257112,0.229575,-0.313553,0.008040,0.321593,0.666149,0.010248,-0.000263,-0.010510,-0.068265,1.427340,-0.036598,-1.463938,-0.477261,-0.239788,0.006148,0.245937,0.237854,1.288447,-0.033037,-1.321484,1.063178,-2.337664,0.059940,2.397605,-1.312335,0.567757,-0.014558,-0.582315,-0.969633,2.257772,-0.057892,-2.315663,-0.381500,-3.452066,0.088515,3.540581,-0.392738,1.247219,-0.031980,-1.279198,-1.900001,-1.044939,0.026793,1.071733,0.333689,-0.404891,0.010382,0.415273,0.303661,3.302362,-6.523442,-0.988268,0.181385,0.048460,-0.075951,-0.578642,-1.043966,0.127797,-2.698873,7.964575,-1.738068,0.000113,0.000000,0.000000,394.034950,293.796108,1
11.912000,3.423563,-0.253126,0.227476,-0.314739,0.008070,0.322809,0.663562,0.010401,-0.000267,-0.010668,-0.063027,1.483564,-0.038040,-1.521604,-0.541747,-0.167990,0.004307,0.172297,0.203073,1.347050,-0.034540,-1.381590,1.140584,-2.294005,0.058821,2.352825,-1.518558,0.647994,-0.016615,-0.664609,-1.123336,2.346908,-0.060177,-2.407085,-0.501931,-3.446738,0.088378,3.535116,-0.478654,1.248810,-0.032021,-1.280831,-1.721823,-1.038720,0.026634,1.065354,0.278222,-0.353553,0.009065,0.362618,0.150957,3.260514,-6.862841,-1.047872,0.838300,0.207836,-0.349846,0.000000,0.000000,0.000000,-2.823801,7.926591,-1.782086,0.000124,0.000000,0.000000,394.159213,293.783555,1
11.916000,3.425304,-0.251549,0.227918,-0.526265,0.013494,0.539759,0.865243,0.013168,-0.000338,-0.013505,-0.185281,0.643476,-0.016499,-0.659975,-0.352248,-0.324588,0.008323,0.332911,0.505433,1.318235,-0.033801,-1.352036,0.955045,-2.433394,0.062395,2.495789,-1.012116,0.552447,-0.014165,-0.566612,-1.098080,2.408087,-0.061746,-2.469832,-0.898333,-3.657955,0.093794,3.751749,0.084655,1.110135,-0.028465,-1.138600,-1.741662,-0.657167,0.016850,0.674017,0.241838,-0.343033,0.008796,0.351829,0.239472,3.299480,-5.836555,-0.487647,0.557291,0.246082,-0.166789,-2.788435,-5.098059,0.607201,-2.442366,6.827662,-1.516469,0.000101,0.000000,0.000000,394.199519,293.793322,1
11.926000,3.426077,-0.251946,0.226073,-0.526265,0.013494,0.539759,0.885786,0.013168,-0.000338,-0.013505,0.018327,0.643476,-0.016499,-0.659975,-1.416395,-0.324588,0.008323,0.332911,0.608034,1.318235,-0.033801,-1.352036,1.042972,-2.433394,0.062395,2.495789,-1.080598,0.552447,-0.014165,-0.566612,-1.037289,2.408087,-0.061746,-2.469832,-0.820556,-3.657955,0.093794,3.751749,-0.115484,1.110135,-0.028465,-1.138600,-1.509673,-0.657167,0.016850,0.674017,0.220284,-0.343033,0.008796,0.351829,0.137714,3.425053,-5.718322,-0.352586,0.955795,0.517160,-0.235669,-2.543647,-5.454457,1.060999,-2.357014,7.321195,-1.817698,0.000107,0.000000,0.000000,394.306380,293.809371,1
11.932000,3.470753,-0.260030,0.245160,-0.355823,0.009124,0.364946,0.330252,3.062980,-0.078538,-3.141518,1.386102,-5.333568,0.136758,5.470326,-0.302881,-0.410974,0.010538,0.421512,0.438574,1.322593,-0.033913,-1.356506,1.057202,-2.597159,0.066594,2.663753,0.121432,0.621854,-0.015945,-0.637799,-1.073787,2.799777,-0.071789,-2.871566,-0.972358,-4.302609,0.110323,4.412933,2.556262,0.880658,-0.022581,-0.903239,-0.157086,0.007987,-0.000205,-0.008192,0.277573,-1.177933,0.030203,1.208136,0.759805,3.588004,-2.791723,0.282683,0.000000,0.000000,0.000000,-3.482912,-8.036981,1.215865,-1.462774,13.529020,-6.841043,0.000239,0.000000,0.000000,394.449744,293.863363,1
11.942000,3.473369,-0.260758,0.244584,-0.355823,0.009124,0.364946,0.483533,3.062980,-0.078538,-3.141518,1.364000,-5.333568,0.136758,5.470326,-0.561975,-0.410974,0.010538,0.421512,0.573200,1.322593,-0.033913,-1.356506,1.072336,-2.597159,0.066594,2.663753,-0.037132,0.621854,-0.015945,-0.637799,0.180345,2.799777,-0.071789,-2.871566,-0.014118,-4.302609,0.110323,4.412933,1.528328,0.880658,-0.022581,-0.903239,-0.542195,0.007987,-0.000205,-0.008192,0.076904,-1.177933,0.030203,1.208136,0.686746,3.631027,-3.088836,0.109721,0.000000,0.000000,0.000000,-2.969133,-8.118213,1.716571,-3.457159,12.492973,-4.418998,0.000176,0.000000,0.000000,394.625253,293.858303,1
11.946000,3.432117,-0.258804,0.237460,1.894350,-0.048573,-1.942923,-0.657183,1.576408,-0.040421,-1.616829,1.179675,-4.884356,0.125240,5.009596,-0.031801,2.147011,-0.055052,-2.202063,-1.489049,0.578656,-0.014837,-0.593493,-0.072093,-3.108020,0.079693,3.187713,1.959247,2.940607,-0.075400,-3.016007,-2.276532,-1.627025,0.041719,1.668744,0.635920,5.887952,-0.150973,-6.038926,-4.044913,0.590824,-0.015149,-0.605973,-0.899800,-0.488549,0.012527,0.501076,1.650017,-0.355221,0.009108,0.364329,-0.898734,0.000000,0.000000,0.000000,3.712493,11.554756,4.672075,-3.258166,-6.517813,0.710590,0.000000,0.000000,0.000000,0.000470,0.000000,0.000000,394.813110,294.027008,1
11.956000,3.431777,-0.258600,0.236175,1.894350,-0.048573,-1.942923,-0.785155,1.576408,-0.040421,-1.616829,1.104911,-4.884356,0.125240,5.009596,-0.240851,2.147011,-0.055052,-2.202063,-1.789310,0.578656,-0.014837,-0.593493,-0.242096,-3.108020,0.079693,3.187713,1.700284,2.940607,-0.075400,-3.016007,-2.208546,-1.627025,0.041719,1.668744,0.458975,5.887952,-0.150973,-6.038926,-3.365391,0.590824,-0.015149,-0.605973,-0.938613,-0.488549,0.012527,0.501076,1.824423,-0.355221,0.009108,0.364329,-1.583819,0.077743,-0.037055,0.033639,3.524155,10.731821,4.302108,-3.588004,-7.005953,0.652891,0.000000,0.000000,0.000000,0.000438,0.000000,0.000000,395.251437,294.393933,1
11.960000,3.438147,-0.251815,0.233826,1.113711,-0.028557,-1.142268,-0.895391,0.975133,-0.025003,-1.000136,1.215376,-3.630936,0.093101,3.724037,-1.245099,1.318383,-0.033805,-1.352187,-0.591459,0.134017,-0.003436,-0.137454,-0.136002,-1.016351,0.026060,1.042412,-0.035789,2.009546,-0.051527,-2.061073,-1.156110,-0.840850,0.021560,0.862410,0.068552,4.179316,-0.107162,-4.286478,-2.367562,0.367893,-0.009433,-0.377326,-0.761582,-0.230778,0.005917,0.236695,1.329765,-1.150275,0.029494,1.179769,-1.765819,0.000000,0.000000,0.000000,2.959343,9.068562,3.287836,-4.178293,-7.228131,0.507166,0.000000,0.000000,0.000000,0.000230,0.000000,0.000000,395.343463,294.422177,1
11.970000,3.438084,-0.251483,0.232519,1.113711,-0.028557,-1.142268,-0.924769,0.975133,-0.025003,-1.000136,1.119373,-3.630936,0.093101,3.724037,-1.246341,1.318383,-0.033805,-1.352187,-0.869799,0.134017,-0.003436,-0.137454,-0.193114,-1.016351,0.026060,1.042412,0.215781,2.009546,-0.051527,-2.061073,-1.091402,-0.840850,0.021560,0.862410,0.071385,4.179316,-0.107162,-4.286478,-2.131052,0.367893,-0.009433,-0.377326,-0.665619,-0.230778,0.005917,0.236695,1.146530,-1.150275,0.029494,1.179769,-1.809342,0.000000,0.000000,0.000000,2.817479,8.287753,2.951811,-4.058710,-7.120687,0.562273,0.000000,0.000000,0.000000,0.000223,0.000000,0.000000,395.566941,294.487744,1
11.974000,3.451188,-0.249329,0.233306,0.624077,-0.016002,-0.640079,-0.781392,0.179131,-0.004593,-0.183724,1.031577,-2.572105,0.065951,2.638056,-0.827106,-0.254865,0.006535,0.261400,-0.038173,-0.334204,0.008569,0.342774,-0.078393,1.450571,-0.037194,-1.487765,-0.559454,1.021463,-0.026191,-1.047654,0.000386,-0.479844,0.012304,0.492148,-0.014794,2.588537,-0.066373,-2.654909,-1.150232,0.212049,-0.005437,-0.217487,-0.116632,-0.468058,0.012001,0.480060,0.814087,-1.408245,0.036109,1.444354,-1.429124,0.000000,0.000000,0.000000,2.600310,6.851350,1.815701,-3.238963,-5.728096,0.562677,0.000000,0.000000,0.000000,0.000093,0.000000,0.000000,395.604071,294.489033,1
11.984000,3.451658,-0.248957,0.231843,0.624077,-0.016002,-0.640079,-0.779462,0.179131,-0.004593,-0.183724,1.049862,-2.572105,0.065951,2.638056,-0.970639,-0.254865,0.006535,0.261400,-0.025059,-0.334204,0.008569,0.342774,-0.035637,1.450571,-0.037194,-1.487765,-0.593602,1.021463,-0.026191,-1.047654,-0.032606,-0.479844,0.012304,0.492148,0.001389,2.588537,-0.066373,-2.654909,-1.142849,0.212049,-0.005437,-0.217487,-0.029346,-0.468058,0.012001,0.480060,0.686451,-1.408245,0.036109,1.444354,-1.435994,0.000000,0.000000,0.000000,2.732020,6.689192,1.653887,-3.414715,-6.048073,0.626263,0.000000,0.000000,0.000000,0.000096,0.000000,0.000000,395.700404,294.488439,1
11.990000,3.458794,-0.246685,0.237490,0.230841,-0.005919,-0.236760,-0.431350,-0.100867,0.002586,0.103454,0.960322,-1.974814,0.050636,2.025450,-0.678958,-0.263642,0.006760,0.270402,-0.076443,-0.252677,0.006479,0.259156,-0.042187,1.086748,-0.027865,-1.114614,-0.371620,0.469791,-0.012046,-0.481837,0.248728,-0.285940,0.007332,0.293272,-0.016070,1.894736,-0.048583,-1.943319,-0.804280,0.040663,-0.001043,-0.041706,0.194021,-0.568012,0.014564,0.582577,0.641676,-1.267720,0.032506,1.300225,-1.020977,0.000000,0.000000,0.000000,2.569601,5.975468,1.456839,-3.079392,-4.950106,0.426083,0.000000,0.000000,0.000000,0.000054,0.000000,0.000000,395.732921,294.486552,1
12.000000,3.459519,-0.246362,0.235989,0.230841,-0.005919,-0.236760,-0.453827,-0.100867,0.002586,0.103454,1.024582,-1.974814,0.050636,2.025450,-0.869593,-0.263642,0.006760,0.270402,-0.043898,-0.252677,0.006479,0.259156,-0.021445,1.086748,-0.027865,-1.114614,-0.401249,0.469791,-0.012046,-0.481837,0.152571,-0.285940,0.007332,0.293272,-0.003714,1.894736,-0.048583,-1.943319,-0.795673,0.040663,-0.001043,-0.041706,0.239631,-0.568012,0.014564,0.582577,0.607126,-1.267720,0.032506,1.300225,-1.141159,0.000000,0.000000,0.000000,2.722333,6.297367,1.521779,-3.324972,-5.435688,0.536646,0.000000,0.000000,0.000000,0.000059,0.000000,0.000000,395.791998,294.478687,1
12.002000,3.462558,-0.249411,0.238979,0.256738,-0.006583,-0.263321,-0.304419,-0.126174,0.003235,0.129410,0.952799,-1.516410,0.038882,1.555293,-0.756935,-0.323815,0.008303,0.332118,-0.086586,-0.153602,0.003939,0.157541,-0.050452,1.773585,-0.045477,-1.819062,-0.727653,0.451857,-0.011586,-0.463443,0.050369,-0.168358,0.004317,0.172675,-0.003766,1.523265,-0.039058,-1.562323,-0.635823,0.191111,-0.004900,-0.196012,0.290910,-0.407481,0.010448,0.417929,0.515897,-1.231380,0.031574,1.262954,-0.779959,0.000000,0.000000,0.000000,2.748498,5.892821,1.303242,-2.968205,-4.859893,0.414374,0.000000,0.000000,0.000000,0.000050,0.000000,0.000000,395.802031,294.479600,1
12.012000,3.463323,-0.249317,0.237307,0.256738,-0.006583,-0.263321,-0.340035,-0.126174,0.003235,0.129410,1.051636,-1.516410,0.038882,1.555293,-1.023449,-0.323815,0.008303,0.332118,-0.038987,-0.153602,0.003939,0.157541,-0.026894,1.773585,-0.045477,-1.819062,-0.753632,0.451857,-0.011586,-0.463443,0.020267,-0.168358,0.004317,0.172675,-0.000908,1.523265,-0.039058,-1.562323,-0.620512,0.191111,-0.004900,-0.196012,0.313306,-0.407481,0.010448,0.417929,0.525634,-1.231380,0.031574,1.262954,-0.990774,0.000000,0.000000,0.000000,2.934860,6.363961,1.426057,-3.266635,-5.458668,0.536544,0.000000,0.000000,0.000000,0.000057,0.000000,0.000000,395.859199,294.478144,1
12.018000,3.463751,-0.249956,0.235107,0.088578,-0.002271,-0.090850,-0.237739,-0.260736,0.006686,0.267422,0.963112,-1.415479,0.036294,1.451773,-0.888893,-0.215941,0.005537,0.221478,-0.154505,-0.095443,0.002447,0.097890,-0.038264,2.012325,-0.051598,-2.063923,-0.826791,0.279985,-0.007179,-0.287164,0.125095,-0.093930,0.002408,0.096339,-0.017196,1.728599,-0.044323,-1.772922,-0.682368,0.115063,-0.002950,-0.118013,0.534449,-0.495293,0.012700,0.507993,0.371627,-1.322482,0.033910,1.356391,-0.892490,0.000000,0.000000,0.000000,2.920128,5.888219,1.362095,-3.123083,-5.245362,0.344400,0.000000,0.000000,0.000000,0.000060,0.000000,0.000000,395.895342,294.482611,1
12.028000,3.464300,-0.249946,0.232974,0.080305,-0.002059,-0.082364,-0.269637,-0.259013,0.006641,0.265654,1.087876,-1.413793,0.036251,1.450044,-1.196288,-0.215284,0.005520,0.220804,-0.130010,-0.095320,0.002444,0.097764,-0.024470,1.987607,-0.050964,-2.038571,-0.847760,0.279721,-0.007172,-0.286893,0.103764,-0.093733,0.002403,0.096136,-0.012245,1.738591,-0.044579,-1.783171,-0.702903,0.106994,-0.002743,-0.109737,0.560793,-0.493490,0.012654,0.506144,0.400480,-1.320952,0.033871,1.354822,-1.145044,0.000000,0.000000,0.000000,3.092078,6.358679,1.513510,-3.398654,-5.838165,0.457224,0.000000,0.000000,0.000000,0.000069,0.000000,0.000000,395.964393,294.483470,1
12.032000,3.478798,-0.243345,0.242069,-0.108877,0.002792,0.111669,-0.056927,-0.100047,0.002565,0.102612,0.919590,-1.086039,0.027847,1.113886,-1.117820,-0.500862,0.012843,0.513705,-0.001113,-0.062852,0.001612,0.064463,-0.059006,3.306605,-0.084785,-3.391389,-1.374759,0.398317,-0.010213,-0.408531,0.062702,-0.070847,0.001817,0.072663,-0.019528,1.129385,-0.028959,-1.158343,-0.341547,-0.004575,0.000117,0.004692,0.390932,-0.065399,0.001677,0.067076,0.341534,-1.559780,0.039994,1.599774,-0.626035,0.000000,0.000000,0.000000,2.870443,6.449308,1.166202,-3.288637,-5.361903,0.536273,0.000000,0.000000,0.000000,0.000075,0.000000,0.000000,395.994239,294.495041,1
12.042000,3.480062,-0.242999,0.240172,-0.108877,0.002792,0.111669,-0.076344,-0.100047,0.002565,0.102612,1.045553,-1.086039,0.027847,1.113886,-1.434931,-0.500862,0.012843,0.513705,0.005723,-0.062852,0.001612,0.064463,-0.041323,3.306605,-0.084785,-3.391389,-1.472629,0.398317,-0.010213,-0.408531,0.051520,-0.070847,0.001817,0.072663,-0.016204,1.129385,-0.028959,-1.158343,-0.373060,-0.004575,0.000117,0.004692,0.419168,-0.065399,0.001677,0.067076,0.385890,-1.559780,0.039994,1.599774,-0.888297,0.000000,0.000000,0.000000,3.087356,6.992775,1.263895,-3.552844,-5.908487,0.676765,0.000000,0.000000,0.000000,0.000086,0.000000,0.000000,396.080412,294.520157,1
12.044000,3.480755,-0.249418,0.240725,-0.190971,0.004897,0.195868,-0.137295,-0.044374,0.001138,0.045512,1.111243,-0.697426,0.017883,0.715309,-1.370975,-0.250260,0.006417,0.256677,-0.012776,-0.036779,0.000943,0.037722,-0.055618,2.425114,-0.062182,-2.487296,-1.097106,0.266871,-0.006843,-0.273713,0.094089,-0.054049,0.001386,0.055434,-0.025471,0.057882,-0.001484,-0.059366,0.010691,-0.098723,0.002531,0.101254,0.481706,0.127091,-0.003259,-0.130350,0.361714,-1.346617,0.034529,1.381145,-0.835663,0.000000,0.000000,0.000000,3.055455,6.525729,1.514212,-3.613896,-5.339077,0.370947,0.000000,0.000000,0.000000,0.000051,0.000000,0.000000,396.090553,294.521330,1
12.054000,3.481754,-0.249450,0.238501,-0.190971,0.004897,0.195868,-0.134323,-0.044374,0.001138,0.045512,1.216000,-0.697426,0.017883,0.715309,-1.664732,-0.250260,0.006417,0.256677,-0.013338,-0.036779,0.000943,0.037722,-0.049406,2.425114,-0.062182,-2.487296,-1.102945,0.266871,-0.006843,-0.273713,0.128954,-0.054049,0.001386,0.055434,-0.022151,0.057882,-0.001484,-0.059366,0.010543,-0.098723,0.002531,0.101254,0.547876,0.127091,-0.003259,-0.130350,0.360688,-1.346617,0.034529,1.381145,-1.056266,0.000000,0.000000,0.000000,3.247339,6.892326,1.586310,-3.833801,-5.836538,0.512763,0.000000,0.000000,0.000000,0.000056,0.000000,0.000000,396.146748,294.522217,1
12.058000,3.482703,-0.249990,0.236035,-0.022464,0.000576,0.023040,-0.240789,0.060343,-0.001547,-0.061890,1.277238,-0.911788,0.023379,0.935167,-1.681509,-0.370750,0.009506,0.380256,-0.025426,-0.035414,0.000908,0.036322,-0.035313,2.733399,-0.070087,-2.803486,-0.915051,0.629913,-0.016152,-0.646065,0.047108,-0.038256,0.000981,0.039237,-0.023104,1.318935,-0.033819,-1.352754,-0.209028,0.115277,-0.002956,-0.118233,0.470444,0.009686,-0.000248,-0.009935,0.417802,-1.192691,0.030582,1.223273,-1.166542,0.000000,0.000000,0.000000,3.196776,6.996849,1.516758,-3.806494,-6.130812,0.627193,0.000000,0.000000,0.000000,0.000060,0.000000,0.000000,396.170885,294.520865,1
12.068000,3.483530,-0.249845,0.233339,-0.022464,0.000576,0.023040,-0.260766,0.060343,-0.001547,-0.061890,1.370907,-0.911788,0.023379,0.935167,-1.933601,-0.370750,0.009506,0.380256,-0.003646,-0.035414,0.000908,0.036322,-0.040002,2.733399,-0.070087,-2.803486,-1.094949,0.629913,-0.016152,-0.646065,0.007625,-0.038256,0.000981,0.039237,-0.028409,1.318935,-0.033819,-1.352754,-0.353536,0.115277,-0.002956,-0.118233,0.518152,0.009686,-0.000248,-0.009935,0.405489,-1.192691,0.030582,1.223273,-1.363836,0.000000,0.000000,0.000000,3.326649,7.248376,1.559731,-3.971867,-6.478334,0.726151,0.000000,0.000000,0.000000,0.000072,0.000000,0.000000,396.242781,294.519928,1
12.070000,3.488506,-0.248317,0.234619,-0.015910,0.000408,0.016318,-0.301830,-0.044459,0.001140,0.045599,1.307776,-0.850545,0.021809,0.872354,-1.771410,-0.292981,0.007512,0.300494,-0.002086,-0.030423,0.000780,0.031203,-0.035211,2.381183,-0.061056,-2.442239,-0.976105,0.512285,-0.013136,-0.525420,0.101308,-0.037730,0.000967,0.038697,-0.014595,0.670072,-0.017181,-0.687254,-0.103336,0.135002,-0.003462,-0.138464,0.398216,-0.070989,0.001820,0.072809,0.438892,-1.194652,0.030632,1.225285,-1.227861,0.000000,0.000000,0.000000,3.232795,7.054311,1.518654,-3.903567,-6.116730,0.659923,0.000000,0.000000,0.000000,0.000057,0.000000,0.000000,396.254204,294.518690,1
12.080000,3.489384,-0.248026,0.231825,-0.015910,0.000408,0.016318,-0.323190,-0.044459,0.001140,0.045599,1.393551,-0.850545,0.021809,0.872354,-1.993186,-0.292981,0.007512,0.300494,-0.004135,-0.030423,0.000780,0.031203,-0.039258,2.381183,-0.061056,-2.442239,-1.026900,0.512285,-0.013136,-0.525420,0.075029,-0.037730,0.000967,0.038697,-0.017919,0.670072,-0.017181,-0.687254,-0.125482,0.135002,-0.003462,-0.138464,0.450968,-0.070989,0.001820,0.072809,0.431813,-1.194652,0.030632,1.225285,-1.425546,0.000000,0.000000,0.000000,3.360417,7.300185,1.555475,-4.042573,-6.423253,0.766525,0.000000,0.000000,0.000000,0.000063,0.000000,0.000000,396.317054,294.509624,1
12.086000,3.503733,-0.245916,0.236292,-0.139884,0.003587,0.143471,-0.323779,-0.193829,0.004970,0.198799,1.432525,-0.688780,0.017661,0.706441,-1.674981,-0.231960,0.005948,0.237908,-0.021795,-0.020877,0.000535,0.021412,-0.033953,1.619977,-0.041538,-1.661515,-0.671229,0.054598,-0.001400,-0.055998,0.404316,-0.037613,0.000964,0.038578,-0.032465,-0.633198,0.016236,0.649433,0.288902,0.027532,-0.000706,-0.028238,0.395898,-0.142495,0.003654,0.146149,0.524853,-1.198576,0.030733,1.229309,-1.062405,0.000000,0.000000,0.000000,3.070412,7.027976,1.427504,-3.857734,-5.742478,0.571350,0.000000,0.000000,0.000000,0.000042,0.000000,0.000000,396.342500,294.504150,1
12.096000,3.505086,-0.245619,0.233592,-0.139884,0.003587,0.143471,-0.308995,-0.193829,0.004970,0.198799,1.520693,-0.688780,0.017661,0.706441,-1.896469,-0.231960,0.005948,0.237908,-0.018845,-0.020877,0.000535,0.021412,-0.040411,1.619977,-0.041538,-1.661515,-0.680217,0.054598,-0.001400,-0.055998,0.431326,-0.037613,0.000964,0.038578,-0.034385,-0.633198,0.016236,0.649433,0.304327,0.027532,-0.000706,-0.028238,0.479559,-0.142495,0.003654,0.146149,0.528990,-1.198576,0.030733,1.229309,-1.273061,0.000000,0.000000,0.000000,3.228171,7.347934,1.466051,-3.996887,-6.086841,0.709388,0.000000,0.000000,0.000000,0.000047,0.000000,0.000000,396.389509,294.491290,1
12.100000,3.502727,-0.249855,0.231104,-0.024099,0.000618,0.024717,-0.248215,-0.044788,0.001148,0.045937,1.489566,-0.723869,0.018561,0.742430,-2.082648,-0.185431,0.004755,0.190186,-0.056256,-0.021680,0.000556,0.022236,-0.044091,1.969071,-0.050489,-2.019560,-0.686512,0.405862,-0.010407,-0.416269,0.195774,-0.031875,0.000817,0.032693,-0.013249,0.079939,-0.002050,-0.081989,0.072962,0.161634,-0.004144,-0.165778,0.483894,-0.066861,0.001714,0.068576,0.444888,-1.108986,0.028436,1.137422,-1.326697,0.000000,0.000000,0.000000,3.273061,7.120609,1.592693,-3.930217,-6.469266,0.578015,0.000000,0.000000,0.000000,0.000047,0.000000,0.000000,396.408415,294.484267,1
12.110000,3.503588,-0.249751,0.228011,-0.024099,0.000618,0.024717,-0.267550,-0.044788,0.001148,0.045937,1.561649,-0.723869,0.018561,0.742430,-2.261391,-0.185431,0.004755,0.190186,-0.079226,-0.021680,0.000556,0.022236,-0.042130,1.969071,-0.050489,-2.019560,-0.778743,0.405862,-0.010407,-0.416269,0.175761,-0.031875,0.000817,0.032693,-0.014850,0.079939,-0.002050,-0.081989,0.042154,0.161634,-0.004144,-0.165778,0.541351,-0.066861,0.001714,0.068576,0.432597,-1.108986,0.028436,1.137422,-1.506613,0.000000,0.000000,0.000000,3.380533,7.313825,1.624854,-4.029426,-6.698776,0.654790,0.000000,0.000000,0.000000,0.000053,0.000000,0.000000,396.460977,294.465188,1
12.114000,3.524554,-0.238340,0.236416,-0.068872,0.001766,0.070638,-0.270712,-0.184315,0.004726,0.189041,1.432331,-0.559847,0.014355,0.574202,-1.922097,-0.120213,0.003082,0.123296,-0.197847,-0.018289,0.000469,0.018758,-0.038248,1.634519,-0.041911,-1.676430,-0.587556,0.116041,-0.002975,-0.119016,0.502774,-0.040518,0.001039,0.041557,0.032382,-1.306087,0.033489,1.339576,0.543017,0.139516,-0.003577,-0.143093,0.275621,-0.116504,0.002987,0.119491,0.564413,-1.141984,0.029282,1.171265,-1.104446,0.000000,0.000000,0.000000,3.293819,7.285721,1.091431,-4.036379,-5.873087,0.993459,0.000000,0.000000,0.000000,0.000046,0.000000,0.000000,396.479348,294.463232,1
12.124000,3.526345,-0.237520,0.233495,-0.068872,0.001766,0.070638,-0.283156,-0.184315,0.004726,0.189041,1.511870,-0.559847,0.014355,0.574202,-2.109445,-0.120213,0.003082,0.123296,-0.169649,-0.018289,0.000469,0.018758,-0.043272,1.634519,-0.041911,-1.676430,-0.644315,0.116041,-0.002975,-0.119016,0.491211,-0.040518,0.001039,0.041557,-0.009704,-1.306087,0.033489,1.339576,0.614397,0.139516,-0.003577,-0.143093,0.333046,-0.116504,0.002987,0.119491,0.579546,-1.141984,0.029282,1.171265,-1.307433,-0.013674,-0.032220,-0.027905,3.453001,7.632241,1.101678,-4.171379,-6.108854,1.115735,0.000000,0.000000,0.000000,0.000051,0.000000,0.000000,396.530839,294.456906,1
12.128000,3.521070,-0.252708,0.230176,-0.103596,0.002656,0.106253,-0.125558,0.354499,-0.009090,-0.363589,1.400664,-1.535981,0.039384,1.575365,-1.950301,-0.467325,0.011983,0.479308,-0.088868,0.041289,-0.001059,-0.042347,-0.056988,2.239261,-0.057417,-2.296678,-0.751202,-0.295962,0.007589,0.303550,0.910041,-0.034975,0.000897,0.035871,0.024095,-0.966524,0.024783,0.991307,0.614622,-0.235006,0.006026,0.241032,0.760725,0.612166,-0.015697,-0.627863,0.059078,-2.123033,0.054437,2.177470,-0.836610,0.000000,0.000000,0.000000,3.309972,6.881792,1.702784,-4.070224,-6.763487,0.740481,0.000000,0.000000,0.000000,0.000083,0.000000,0.000000,396.564014,294.446110,1
12.138000,3.522023,-0.252826,0.227437,-0.103596,0.002656,0.106253,-0.104592,0.354499,-0.009090,-0.363589,1.448509,-1.535981,0.039384,1.575365,-2.047670,-0.467325,0.011983,0.479308,-0.032013,0.041289,-0.001059,-0.042347,-0.055490,2.239261,-0.057417,-2.296678,-0.875192,-0.295962,0.007589,0.303550,0.911509,-0.034975,0.000897,0.035871,0.000806,-0.966524,0.024783,0.991307,0.556258,-0.235006,0.006026,0.241032,0.877281,0.612166,-0.015697,-0.627863,0.042839,-2.123033,0.054437,2.177470,-0.992041,0.000000,0.000000,0.000000,3.449015,7.157562,1.770795,-4.132633,-6.905819,0.795340,-0.059454,0.084214,-0.015244,0.000090,0.000000,0.000000,396.654194,294.416970,1
12.142000,3.515420,-0.257922,0.228537,0.223208,-0.005723,-0.228932,-0.154335,0.645391,-0.016548,-0.661939,1.057107,-1.935841,0.049637,1.985478,-1.647682,-0.220184,0.005646,0.225830,-0.040720,0.023834,-0.000611,-0.024445,-0.034229,1.399303,-0.035880,-1.435183,-0.468921,-1.262405,0.032369,1.294775,1.271530,-0.095176,0.002440,0.097616,-0.004026,-0.210677,0.005402,0.216079,0.487114,-0.213052,0.005463,0.218515,0.882880,1.123865,-0.028817,-1.152682,-0.378456,-2.560791,0.065661,2.626453,-0.536309,0.000000,0.000000,0.000000,3.215258,5.670682,1.356849,-3.580132,-6.516717,0.544592,-0.333808,0.238023,0.058234,0.000085,0.000000,0.000000,396.688111,294.407773,1
12.152000,3.515614,-0.258297,0.226040,0.223208,-0.005723,-0.228932,-0.136519,0.645391,-0.016548,-0.661939,1.110662,-1.935841,0.049637,1.985478,-1.741248,-0.220184,0.005646,0.225830,-0.044605,0.023834,-0.000611,-0.024445,-0.035291,1.399303,-0.035880,-1.435183,-0.512387,-1.262405,0.032369,1.294775,1.343604,-0.095176,0.002440,0.097616,-0.031409,-0.210677,0.005402,0.216079,0.261697,-0.213052,0.005463,0.218515,0.988370,1.123865,-0.028817,-1.152682,-0.371248,-2.560791,0.065661,2.626453,-0.711446,0.000000,0.000000,0.000000,3.422860,6.096354,1.496793,-3.620866,-6.722647,0.616272,-0.914250,0.764171,0.096105,0.000093,0.000000,0.000000,396.780928,294.379107,1
12.156000,3.540101,-0.244303,0.227781,-0.371719,0.009531,0.381251,-0.073176,1.494588,-0.038323,-1.532911,0.959869,-1.958094,0.050208,2.008301,-1.479486,0.585188,-0.015005,-0.600192,-0.575530,0.107064,-0.002745,-0.109810,-0.139242,1.590688,-0.040787,-1.631475,-0.623392,-0.146640,0.003760,0.150400,1.147108,-0.025962,0.000666,0.026628,-0.060592,0.118298,-0.003033,-0.121331,0.300740,-0.953545,0.024450,0.977995,1.225393,2.541020,-0.065154,-2.606174,-0.857230,-3.495131,0.089619,3.584750,0.001341,3.016962,-5.132771,0.195641,2.852122,7.143553,1.482194,-4.325820,-5.734937,0.555205,0.000000,0.000000,0.000000,0.000095,0.000000,0.000000,396.818913,294.381023,1
12.166000,3.533979,-0.248962,0.225019,-0.103533,0.002655,0.106188,-0.239220,1.320058,-0.033848,-1.353906,1.057917,-2.064237,0.052929,2.117166,-1.532158,0.249020,-0.006385,-0.255405,-0.484651,0.088043,-0.002258,-0.090301,-0.168215,1.990675,-0.051043,-2.041718,-0.979260,0.030786,-0.000789,-0.031575,0.945505,-0.018240,0.000468,0.018708,-0.037405,0.157058,-0.004027,-0.161085,0.125769,-0.665219,0.017057,0.682276,1.219706,2.169076,-0.055617,-2.224693,-0.769162,-3.258775,0.083558,3.342333,-0.351896,2.138797,-4.624986,-0.523646,3.040173,7.125990,1.632331,-4.213313,-6.068248,0.557354,0.007282,0.040628,-0.027576,0.000106,0.000000,0.000000,396.925015,294.368555,1
12.174000,3.542501,-0.250949,0.227847,-0.121537,0.003116,0.124653,-0.111766,1.338397,-0.034318,-1.372715,1.084244,-2.135881,0.054766,2.190648,-1.313343,0.378976,-0.009717,-0.388693,-0.736253,0.184072,-0.004720,-0.188791,-0.147041,1.220382,-0.031292,-1.251674,-0.415830,-0.205253,0.005263,0.210516,0.933755,-0.023859,0.000612,0.024471,-0.020719,0.091896,-0.002356,-0.094252,0.094024,-0.764062,0.019591,0.783654,1.309419,2.338342,-0.059957,-2.398300,-0.596846,-3.504868,0.089868,3.594736,-0.419442,0.625926,-1.072812,-0.012576,3.137143,7.257584,1.601008,-4.006714,-6.246355,0.809036,0.000000,0.000000,0.000000,0.000094,0.000000,0.000000,397.000096,294.349291,1
12.184000,3.542934,-0.250613,0.224571,-0.115082,0.002951,0.118032,-0.257315,1.357288,-0.034802,-1.392091,1.184461,-2.143228,0.054955,2.198182,-1.439084,0.375243,-0.009622,-0.384864,-0.583457,0.183944,-0.004717,-0.188660,0.063500,1.241909,-0.031844,-1.273753,-1.683949,-0.200552,0.005142,0.205695,0.781971,-0.023533,0.000603,0.024136,-0.001775,0.093437,-0.002396,-0.095833,0.051766,-0.756854,0.019407,0.776261,1.256230,2.344029,-0.060103,-2.404133,-0.650123,-3.488829,0.089457,3.578286,-0.481359,2.291840,-5.475621,-0.814988,2.871296,7.372800,1.880452,-4.380549,-5.936952,0.400479,0.002026,0.115656,-0.064282,0.000117,0.000000,0.000000,397.116601,294.334155,1
12.192000,3.545830,-0.250650,0.227644,0.312153,-0.008004,-0.320157,-0.745777,1.426276,-0.036571,-1.462847,0.697519,-2.484792,0.063713,2.548504,-0.266150,0.577260,-0.014802,-0.592061,-1.051924,1.047333,-0.026855,-1.074188,0.160170,-0.903764,0.023173,0.926937,-1.811266,-0.454757,0.011660,0.466417,0.926292,-0.001379,0.000035,0.001415,-0.000905,0.078823,-0.002021,-0.080844,0.036940,-0.442540,0.011347,0.453887,0.925129,2.313148,-0.059311,-2.372459,-0.987222,-3.491076,0.089515,3.580591,0.404315,1.953894,-5.526884,-1.207406,2.334155,5.812628,1.393343,-3.328304,-3.596231,-0.215429,-0.040080,0.070980,-0.014930,0.000091,0.000000,0.000000,397.189049,294.349761,1
12.202000,3.542400,-0.252029,0.220780,0.117632,-0.003016,-0.120648,-0.380424,1.369223,-0.035108,-1.404331,0.416508,-2.472002,0.063385,2.535387,-0.503769,0.369955,-0.009486,-0.379441,-0.512793,1.346877,-0.034535,-1.381413,-0.071476,-1.558704,0.039967,1.598670,-1.405012,-0.770627,0.019760,0.790386,0.611575,-0.033401,0.000856,0.034257,0.309395,-0.058470,0.001499,0.059969,-0.514453,-0.685600,0.017579,0.703179,0.728048,2.543918,-0.065229,-2.609146,-0.863764,-3.944366,0.101138,4.045504,0.259318,2.075587,-5.344767,-1.143600,2.348785,5.699836,1.464888,-3.117693,-4.510445,0.434063,-1.290334,3.080660,-0.915096,0.000088,0.000000,0.000000,397.276919,294.354848,1
12.208000,3.547231,-0.249446,0.228396,0.576945,-0.014793,-0.591738,-0.655035,1.025463,-0.026294,-1.051757,0.797350,-2.896457,0.074268,2.970725,0.024206,0.738696,-0.018941,-0.757637,-0.829955,1.061272,-0.027212,-1.088484,0.560454,-2.169483,0.055628,2.225111,-1.516808,-1.083911,0.027793,1.111703,0.949045,0.006147,-0.000158,-0.006305,0.031070,0.069002,-0.001769,-0.070771,0.007876,-0.325924,0.008357,0.334281,0.809577,2.025897,-0.051946,-2.077843,-0.813914,-3.877056,0.099412,3.976467,1.219288,2.236846,-5.583706,-1.136664,3.784747,10.642666,3.277021,-2.985081,-3.618094,-0.006516,-0.649315,0.769876,0.003846,0.000138,0.000000,0.000000,397.359588,294.379623,1
12.218000,3.546836,-0.249655,0.227094,0.576945,-0.014793,-0.591738,-0.846557,1.025463,-0.026294,-1.051757,0.822289,-2.896457,0.074268,2.970725,-0.054487,0.738696,-0.018941,-0.757637,-1.056051,1.061272,-0.027212,-1.088484,0.409299,-2.169483,0.055628,2.225111,-1.370966,-1.083911,0.027793,1.111703,0.909639,0.006147,-0.000158,-0.006305,-0.004153,0.069002,-0.001769,-0.070771,0.000022,-0.325924,0.008357,0.334281,0.662638,2.025897,-0.051946,-2.077843,-0.371433,-3.877056,0.099412,3.976467,0.226243,1.834457,-5.409032,-1.365046,3.398911,9.989753,3.192953,-3.205159,-4.039591,0.073041,-1.418617,1.604861,0.042958,0.000087,0.000000,0.000000,397.446868,294.376448,1
12.224000,3.572115,-0.256260,0.230052,0.783433,-0.020088,-0.803521,0.002017,0.877343,-0.022496,-0.899839,0.635302,-3.192266,0.081853,3.274118,-0.155377,0.880822,-0.022585,-0.903407,-0.131977,1.333960,-0.034204,-1.368164,0.772937,-3.252231,0.083391,3.335622,-1.403490,-1.390177,0.035646,1.425822,0.504667,0.009132,-0.000234,-0.009366,1.019275,-0.010773,0.000276,0.011049,-1.250828,-0.160130,0.004106,0.164236,0.088352,2.035231,-0.052185,-2.087416,-0.150889,-4.216527,0.108116,4.324643,0.414698,3.331410,-6.617509,-0.595897,4.082436,9.486884,1.856361,-3.126830,-6.076680,1.233837,-3.490337,5.488763,-0.605468,0.000098,0.000000,0.000000,397.505705,294.353152,1
12.234000,3.571199,-0.256218,0.229046,0.783609,-0.020093,-0.803702,-0.226366,0.916267,-0.023494,-0.939761,0.700174,-3.169751,0.081276,3.251026,-0.618193,0.881232,-0.022596,-0.903828,-0.385497,1.398156,-0.035850,-1.434006,0.445626,-3.264551,0.083706,3.348258,-1.218440,-1.373623,0.035221,1.408844,0.324525,0.010371,-0.000266,-0.010636,0.757133,-0.006260,0.000161,0.006421,-1.121990,-0.166074,0.004258,0.170332,0.293712,2.085499,-0.053474,-2.138973,-0.057517,-4.210244,0.107955,4.318199,-0.153078,3.043467,-6.408540,-0.728016,3.175891,8.949247,2.222704,-3.003448,-6.328774,1.455057,-2.876304,3.924414,-0.263405,0.000092,0.000000,0.000000,397.597938,294.284131,1
12.242000,3.558340,-0.255344,0.230702,1.084488,-0.027807,-1.112296,-0.554344,0.105259,-0.002699,-0.107958,-0.041743,-1.113539,0.028552,1.142092,0.327010,0.642959,-0.016486,-0.659445,0.267401,1.184357,-0.030368,-1.214725,0.426150,-2.998641,0.076888,3.075529,-0.970258,-1.393519,0.035731,1.429250,0.369999,-0.039070,0.001002,0.040072,0.449784,-0.481895,0.012356,0.494251,-0.907593,-0.227773,0.005840,0.233613,-1.154416,3.071103,-0.078746,-3.149849,-1.752002,-6.207755,0.159173,6.366928,2.649099,3.792237,-6.346812,0.253586,0.000000,0.000000,0.000000,0.000000,0.000000,0.000000,-2.697368,6.084291,-1.517410,0.000283,0.000000,0.000000,397.824521,294.440373,1
12.252000,3.558210,-0.255859,0.229071,1.084488,-0.027807,-1.112296,-0.536967,0.105259,-0.002699,-0.107958,-0.071091,-1.113539,0.028552,1.142092,0.439123,0.642959,-0.016486,-0.659445,0.244203,1.184357,-0.030368,-1.214725,0.482435,-2.998641,0.076888,3.075529,-1.077128,-1.393519,0.035731,1.429250,0.320274,-0.039070,0.001002,0.040072,0.539412,-0.481895,0.012356,0.494251,-1.132185,-0.227773,0.005840,0.233613,-0.838925,3.071103,-0.078746,-3.149849,-1.716651,-6.207755,0.159173,6.366928,2.945697,3.889005,-6.662592,0.183369,0.000000,0.000000,0.000000,0.000000,0.000000,0.000000,-2.990540,6.754102,-1.680538,0.000306,0.000000,0.000000,398.130156,294.649700,1
12.256000,3.580487,-0.273008,0.246295,2.807851,-0.071996,-2.879847,-1.479142,-0.427047,0.010950,0.437997,0.012370,3.741733,-0.095942,-3.837675,-1.722386,0.306243,-0.007852,-0.314096,0.926457,0.590803,-0.015149,-0.605952,0.492444,-3.076530,0.078885,3.155416,0.471565,-0.993763,0.025481,1.019244,0.320732,-0.144769,0.003712,0.148481,0.456833,-1.839785,0.047174,1.886958,-0.309755,-2.214877,0.056792,2.271669,0.322716,2.251610,-0.057734,-2.309343,-1.124956,3.488794,-0.089456,-3.578251,-0.825604,3.159449,-4.757655,0.150144,0.000000,0.000000,0.000000,0.000000,0.000000,0.000000,-2.117865,6.660480,-1.364886,0.000202,0.000000,0.000000,398.211023,294.721176,1
12.266000,3.581615,-0.274528,0.245653,2.807851,-0.071996,-2.879847,-1.761164,-0.427047,0.010950,0.437997,0.007103,3.741733,-0.095942,-3.837675,-1.747826,0.306243,-0.007852,-0.314096,0.877050,0.590803,-0.015149,-0.605952,0.624662,-3.076530,0.078885,3.155416,0.081646,-0.993763,0.025481,1.019244,0.254785,-0.144769,0.003712,0.148481,0.510752,-1.839785,0.047174,1.886958,-0.612491,-2.214877,0.056792,2.271669,0.608912,2.251610,-0.057734,-2.309343,-1.145099,3.488794,-0.089456,-3.578251,-1.227767,3.411731,-5.643121,-0.128735,0.000000,0.000000,0.000000,0.000000,0.000000,0.000000,-2.328822,7.347002,-1.458255,0.000226,0.000000,0.000000,398.437087,294.911046,1
12.270000,3.582898,-0.254635,0.240574,0.680561,-0.017450,-0.698011,-0.149864,-0.117625,0.003016,0.120641,-0.005837,0.726271,-0.018622,-0.744894,-0.121894,-0.233542,0.005988,0.239530,0.448635,-0.196672,0.005043,0.201715,1.144105,-1.030517,0.026424,1.056941,-0.793523,-0.389585,0.009989,0.399575,-0.284235,-0.583108,0.014951,0.598059,0.616612,-0.587882,0.015074,0.602956,-0.843364,-0.422990,0.010846,0.433836,-0.080895,0.217912,-0.005587,-0.223499,-0.248554,1.397549,-0.035835,-1.433383,-0.345813,2.686843,-5.020876,-0.066511,0.000000,0.000000,0.000000,0.000000,0.000000,0.000000,-2.299700,5.736362,-1.378483,0.000030,0.000000,0.000000,398.448888,294.910874,1
12.280000,3.583815,-0.254591,0.238577,0.680561,-0.017450,-0.698011,-0.111925,-0.117625,0.003016,0.120641,-0.014303,0.726271,-0.018622,-0.744894,-0.181100,-0.233542,0.005988,0.239530,0.495307,-0.196672,0.005043,0.201715,1.288325,-1.030517,0.026424,1.056941,-1.146143,-0.389585,0.009989,0.399575,-0.279580,-0.583108,0.014951,0.598059,0.645137,-0.587882,0.015074,0.602956,-1.098466,-0.422990,0.010846,0.433836,-0.029715,0.217912,-0.005587,-0.223499,-0.185346,1.397549,-0.035835,-1.433383,-0.460314,2.936759,-5.752656,-0.203594,0.000000,0.000000,0.000000,0.000000,0.000000,0.000000,-2.471582,6.276998,-1.539365,0.000037,0.000000,0.000000,398.485675,294.907659,1
12.284000,3.585963,-0.255980,0.238531,0.967877,-0.024817,-0.992694,-0.038597,-0.071745,0.001840,0.073584,-0.013649,1.749601,-0.044862,-1.794463,-0.244924,-0.099908,0.002562,0.102470,0.481486,-0.141633,0.003632,0.145265,1.266565,-1.102871,0.028279,1.131150,-1.249097,-0.269701,0.006915,0.276617,-0.238668,-0.516844,0.013252,0.530096,0.604490,-0.791683,0.020300,0.811983,-1.064286,-0.274228,0.007031,0.281259,-0.098223,0.247148,-0.006337,-0.253485,-0.168690,1.897663,-0.048658,-1.946321,-0.380650,3.070957,-6.036647,-0.312503,0.000000,0.000000,0.000000,0.000000,0.000000,0.000000,-2.503391,6.376192,-1.552728,0.000042,0.000000,0.000000,398.502423,294.905433,1
12.294000,3.586787,-0.256029,0.236148,0.967877,-0.024817,-0.992694,-0.120754,-0.071745,0.001840,0.073584,-0.041092,1.749601,-0.044862,-1.794463,-0.512478,-0.099908,0.002562,0.102470,0.458855,-0.141633,0.003632,0.145265,1.381883,-1.102871,0.028279,1.131150,-1.555231,-0.269701,0.006915,0.276617,-0.317172,-0.516844,0.013252,0.530096,0.611218,-0.791683,0.020300,0.811983,-1.298714,-0.274228,0.007031,0.281259,-0.140960,0.247148,-0.006337,-0.253485,-0.141718,1.897663,-0.048658,-1.946321,-0.602760,3.235320,-6.540547,-0.431079,0.000000,0.000000,0.000000,0.000000,0.000000,0.000000,-2.672319,6.803001,-1.658291,0.000058,0.000000,0.000000,398.560068,294.904195,1
12.298000,3.596494,-0.264637,0.239269,0.853510,-0.021885,-0.875395,-0.118849,-0.042356,0.001086,0.043442,-0.039712,1.971582,-0.050553,-2.022135,-0.663596,-0.109584,0.002810,0.112394,0.508955,-0.139509,0.003577,0.143086,1.304318,-0.996065,0.025540,1.021605,-1.391205,-0.284625,0.007298,0.291923,-0.169208,-0.425307,0.010905,0.436212,0.563809,-0.884298,0.022674,0.906973,-0.992204,-0.292164,0.007491,0.299655,-0.151086,0.118405,-0.003036,-0.121442,-0.077133,1.151669,-0.029530,-1.181199,-0.246709,3.179141,-5.904505,-0.444694,0.000000,0.000000,0.000000,0.000000,0.000000,0.000000,-2.593054,6.727941,-1.357319,0.000047,0.000000,0.000000,398.578684,294.903471,1
12.308000,3.597720,-0.265175,0.236840,0.853510,-0.021885,-0.875395,-0.150178,-0.042356,0.001086,0.043442,-0.035551,1.971582,-0.050553,-2.022135,-0.773292,-0.109584,0.002810,0.112394,0.503516,-0.139509,0.003577,0.143086,1.415512,-0.996065,0.025540,1.021605,-1.661298,-0.284625,0.007298,0.291923,-0.229369,-0.425307,0.010905,0.436212,0.602203,-0.884298,0.022674,0.906973,-1.249746,-0.292164,0.007491,0.299655,-0.164195,0.118405,-0.003036,-0.121442,-0.076812,1.151669,-0.029530,-1.181199,-0.331251,3.342272,-6.354111,-0.575998,0.000000,0.000000,0.000000,0.000000,0.000000,0.000000,-2.745977,7.190097,-1.450356,0.000056,0.000000,0.000000,398.634344,294.900163,1
12.310000,3.601161,-0.264559,0.235333,0.640488,-0.016423,-0.656911,-0.113955,-0.025183,0.000646,0.025829,-0.044651,2.196942,-0.056332,-2.253274,-1.010699,-0.026119,0.000670,0.026789,0.667799,-0.040459,0.001037,0.041496,1.391012,-0.772349,0.019804,0.792152,-1.442087,-0.172048,0.004411,0.176460,-0.298573,-0.118409,0.003036,0.121445,0.375517,-0.989691,0.025377,1.015068,-0.965837,-0.187749,0.004814,0.192563,-0.227836,-0.154211,0.003954,0.158165,-0.008101,-0.082831,0.002124,0.084955,0.060256,3.248491,-5.684157,-0.144453,0.000000,0.000000,0.000000,0.000000,0.000000,0.000000,-2.469600,6.515094,-1.632359,0.000047,0.000000,0.000000,398.643744,294.900677,1
12.320000,3.602127,-0.264823,0.232752,0.640488,-0.016423,-0.656911,-0.100831,-0.025183,0.000646,0.025829,-0.042431,2.196942,-0.056332,-2.253274,-0.994842,-0.026119,0.000670,0.026789,0.650992,-0.040459,0.001037,0.041496,1.491839,-0.772349,0.019804,0.792152,-1.699803,-0.172048,0.004411,0.176460,-0.381713,-0.118409,0.003036,0.121445,0.394486,-0.989691,0.025377,1.015068,-1.216821,-0.187749,0.004814,0.192563,-0.244879,-0.154211,0.003954,0.158165,-0.009017,-0.082831,0.002124,0.084955,0.043210,3.374167,-6.127874,-0.282062,0.000000,0.000000,0.000000,0.000000,0.000000,0.000000,-2.609445,6.915971,-1.737554,0.000051,0.000000,0.000000,398.695119,294.898078,1
12.324000,3.607503,-0.263676,0.234878,0.495158,-0.012696,-0.507854,-0.003668,-0.021144,0.000542,0.021686,-0.030928,1.142201,-0.029287,-1.171489,-0.370330,0.052567,-0.001348,-0.053915,0.343548,-0.090087,0.002310,0.092397,1.381907,-0.756280,0.019392,0.775672,-1.586728,-0.148419,0.003806,0.152225,-0.514308,-0.287367,0.007368,0.294735,0.476388,-0.818964,0.020999,0.839963,-1.201976,-0.185576,0.004758,0.190334,-0.121360,-0.056104,0.001439,0.057542,-0.007811,0.222753,-0.005712,-0.228465,0.004531,3.161028,-6.104657,-0.455269,0.000000,0.000000,0.000000,0.000000,0.000000,0.000000,-2.608804,6.632172,-1.543996,0.000031,0.000000,0.000000,398.707384,294.891443,1
12.334000,3.608433,-0.263922,0.232126,0.495158,-0.012696,-0.507854,0.002318,-0.021144,0.000542,0.021686,-0.037330,1.142201,-0.029287,-1.171489,-0.407642,0.052567,-0.001348,-0.053915,0.363044,-0.090087,0.002310,0.092397,1.480120,-0.756280,0.019392,0.775672,-1.830123,-0.148419,0.003806,0.152225,-0.569445,-0.287367,0.007368,0.294735,0.474477,-0.818964,0.020999,0.839963,-1.417909,-0.185576,0.004758,0.190334,-0.159429,-0.056104,0.001439,0.057542,-0.007216,0.222753,-0.005712,-0.228465,0.001795,3.288217,-6.493258,-0.570513,0.000000,0.000000,0.000000,0.000000,0.000000,0.000000,-2.721086,6.949695,-1.623716,0.000035,0.000000,0.000000,398.742426,294.871485,1
12.338000,3.616478,-0.262001,0.238477,0.395359,-0.010137,-0.405497,0.004537,-0.016771,0.000430,0.017201,-0.030663,1.196900,-0.030690,-1.227590,-0.352611,0.058393,-0.001497,-0.059890,0.166469,-0.134581,0.003451,0.138032,1.474255,-0.635298,0.016290,0.651588,-1.878175,-0.140180,0.003594,0.143774,-0.345015,-0.241993,0.006205,0.248197,0.629458,-0.867414,0.022241,0.889655,-1.096156,-0.125076,0.003207,0.128283,-0.361712,-0.046199,0.001185,0.047384,-0.013114,-0.394795,0.010123,0.404918,0.229912,3.320989,-6.393526,-0.580975,0.000000,0.000000,0.000000,0.000000,0.000000,0.000000,-2.711926,7.145120,-1.507691,0.000032,0.000000,0.000000,398.755200,294.865796,1
12.348000,3.617800,-0.262140,0.235749,0.395359,-0.010137,-0.405497,0.005877,-0.016771,0.000430,0.017201,-0.034467,1.196900,-0.030690,-1.227590,-0.410841,0.058393,-0.001497,-0.059890,0.175821,-0.134581,0.003451,0.138032,1.563643,-0.635298,0.016290,0.651588,-2.094285,-0.140180,0.003594,0.143774,-0.400286,-0.241993,0.006205,0.248197,0.643395,-0.867414,0.022241,0.889655,-1.308264,-0.125076,0.003207,0.128283,-0.364204,-0.046199,0.001185,0.047384,-0.012395,-0.394795,0.010123,0.404918,0.210535,3.445049,-6.719855,-0.675636,0.000000,0.000000,0.000000,0.000000,0.000000,0.000000,-2.849300,7.475733,-1.563942,0.000036,0.000000,0.000000,398.791320,294.848978,1
12.352000,3.613603,-0.266094,0.227701,0.424588,-0.010887,-0.435475,-0.008152,-0.019320,0.000495,0.019815,-0.061045,2.717165,-0.069671,-2.786836,-0.963243,-0.086608,0.002221,0.088829,0.469347,-0.008904,0.000228,0.009132,1.541370,-0.831878,0.021330,0.853209,-2.103923,-0.304395,0.007805,0.312200,-0.443748,-0.160591,0.004118,0.164709,0.400910,-1.021742,0.026199,1.047941,-1.503150,-0.636371,0.016317,0.652688,-0.123580,-0.037250,0.000955,0.038205,-0.020842,0.631159,-0.016184,-0.647343,-0.025282,3.477533,-6.871237,-0.785739,0.000000,0.000000,0.000000,0.000000,0.000000,0.000000,-2.839146,7.238057,-1.609515,0.000064,0.000000,0.000000,398.816991,294.845917,1
12.362000,3.614333,-0.266578,0.224389,0.424588,-0.010887,-0.435475,-0.009486,-0.019320,0.000495,0.019815,-0.048649,2.717165,-0.069671,-2.786836,-1.109635,-0.086608,0.002221,0.088829,0.523124,-0.008904,0.000228,0.009132,1.614214,-0.831878,0.021330,0.853209,-2.260730,-0.304395,0.007805,0.312200,-0.479828,-0.160591,0.004118,0.164709,0.382045,-1.021742,0.026199,1.047941,-1.675305,-0.636371,0.016317,0.652688,-0.051845,-0.037250,0.000955,0.038205,-0.017246,0.631159,-0.016184,-0.647343,-0.076925,3.552039,-7.038820,-0.849709,0.000000,0.000000,0.000000,0.014484,-0.060075,0.049238,-2.914545,7.416415,-1.639920,0.000071,0.000000,0.000000,398.888392,294.839924,1
12.366000,3.637801,-0.275359,0.235959,0.467907,-0.011998,-0.479904,0.004042,-0.017933,0.000460,0.018393,-0.042870,2.125723,-0.054506,-2.180228,-0.819069,-0.027632,0.000709,0.028340,0.313618,-0.255419,0.006549,0.261968,1.550200,-0.859913,0.022049,0.881962,-1.881236,-0.283433,0.007268,0.290700,-0.269921,-0.434058,0.011130,0.445188,0.701314,-1.092095,0.028002,1.120098,-1.156643,-0.597014,0.015308,0.612322,-0.104401,-0.032450,0.000832,0.033282,-0.020081,-0.129263,0.003314,0.132577,0.120894,3.461603,-6.442772,-1.027789,0.000000,0.000000,0.000000,0.000000,0.000000,0.000000,-2.808659,7.568918,-1.133178,0.000056,0.000000,0.000000,398.910911,294.837637,1
12.376000,3.639616,-0.276243,0.233054,0.467907,-0.011998,-0.479904,-0.002567,-0.017933,0.000460,0.018393,-0.042458,2.125723,-0.054506,-2.180228,-0.881220,-0.027632,0.000709,0.028340,0.360988,-0.255419,0.006549,0.261968,1.638192,-0.859913,0.022049,0.881962,-2.055101,-0.283433,0.007268,0.290700,-0.297001,-0.434058,0.011130,0.445188,0.724830,-1.092095,0.028002,1.120098,-1.349702,-0.597014,0.015308,0.612322,-0.050913,-0.032450,0.000832,0.033282,-0.017228,-0.129263,0.003314,0.132577,0.091706,3.587322,-6.686540,-1.134049,0.000000,0.000000,0.000000,0.000000,0.000000,0.000000,-2.914964,7.903863,-1.158573,0.000061,0.000000,0.000000,398.972310,294.830173,1
12.380000,3.632861,-0.266496,0.228694,0.296514,-0.007603,-0.304117,0.048420,-0.008018,0.000206,0.008223,-0.057644,3.742267,-0.095956,-3.838223,-0.711018,-0.244272,0.006263,0.250536,0.397290,0.573429,-0.014703,-0.588132,1.396347,-1.725104,0.044233,1.769338,-2.001644,-0.151317,0.003880,0.155197,-0.550454,0.662387,-0.016984,-0.679371,0.056668,-2.041356,0.052342,2.093698,-1.018692,-0.639138,0.016388,0.655527,-0.666644,-0.023359,0.000599,0.023958,-0.027577,1.240001,-0.031795,-1.271796,0.140041,3.513157,-7.394160,-1.062731,0.000000,0.000000,0.000000,0.000000,0.000000,0.000000,-2.887476,7.425433,-1.531880,0.000101,0.000000,0.000000,399.012626,294.812485,1
12.390000,3.633704,-0.266971,0.225792,0.296514,-0.007603,-0.304117,0.116211,-0.008018,0.000206,0.008223,-0.086504,3.742267,-0.095956,-3.838223,-1.265834,-0.244272,0.006263,0.250536,0.476966,0.573429,-0.014703,-0.588132,1.450206,-1.725104,0.044233,1.769338,-2.109978,-0.151317,0.003880,0.155197,-0.563885,0.662387,-0.016984,-0.679371,0.024024,-2.041356,0.052342,2.093698,-1.152685,-0.639138,0.016388,0.655527,-0.449824,-0.023359,0.000599,0.023958,-0.044589,1.240001,-0.031795,-1.271796,-0.158382,3.652932,-7.508150,-1.054036,0.000000,0.000000,0.000000,0.000066,-0.000318,0.000262,-2.908892,7.652543,-1.617420,0.000126,0.000000,0.000000,399.138775,294.789926,1
12.394000,3.650224,-0.273125,0.229206,-0.600808,0.015405,0.616213,0.745979,0.014614,-0.000375,-0.014989,-0.027324,1.326676,-0.034017,-1.360693,-0.447186,0.058930,-0.001511,-0.060441,0.431200,0.988452,-0.025345,-1.013797,1.276976,-1.944679,0.049864,1.994543,-1.686270,0.470961,-0.012076,-0.483037,-0.683351,1.554710,-0.039864,-1.594575,-0.299743,-2.771276,0.071058,2.842334,-0.425767,0.230547,-0.005911,-0.236459,-1.244587,-0.025215,0.000647,0.025861,-0.050752,-0.040501,0.001038,0.041539,0.232259,3.679542,-6.652985,-0.843983,0.000000,0.000000,0.000000,-0.349659,-0.562174,0.032805,-2.420180,7.082648,-1.406315,0.000081,0.000000,0.000000,399.171079,294.775066,1
12.404000,3.654129,-0.275555,0.227686,-0.671898,0.017228,0.689127,0.783846,0.008558,-0.000219,-0.008777,-0.081699,1.198600,-0.030733,-1.229334,-0.507251,0.018090,-0.000464,-0.018554,0.502939,0.888188,-0.022774,-0.910962,1.384052,-2.014853,0.051663,2.066516,-1.655521,0.432609,-0.011093,-0.443702,-0.712267,1.424001,-0.036513,-1.460514,-0.194250,-2.791990,0.071589,2.863579,-0.566158,0.333023,-0.008539,-0.341563,-1.197786,-0.025739,0.000660,0.026398,-0.034544,-0.189651,0.004863,0.194514,0.184202,3.754120,-6.649323,-0.943822,0.009452,0.006894,-0.001248,-0.891465,-1.488363,0.209254,-2.499671,7.684671,-1.493623,0.000085,0.000000,0.000000,399.256305,294.734023,1
12.408000,3.650636,-0.274853,0.227497,-0.907901,0.023280,0.931180,0.691184,0.053457,-0.001371,-0.054828,0.096901,-0.031128,0.000798,0.031926,-1.572561,0.270748,-0.006942,-0.277690,0.495926,1.354018,-0.034718,-1.388737,0.934716,-2.006790,0.051456,2.058246,-1.268551,0.916019,-0.023488,-0.939506,-0.774558,2.390111,-0.061285,-2.451396,-0.711113,-3.398827,0.087149,3.485976,0.010392,0.647913,-0.016613,-0.664526,-1.126480,-0.037994,0.000974,0.038968,0.001673,0.019435,-0.000498,-0.019933,0.286217,3.983938,-5.188092,0.171355,0.000000,0.000000,0.000000,-3.191056,-6.325023,0.737890,-1.989702,7.450694,-1.939922,0.000080,0.000000,0.000000,399.288335,294.733189,1
12.418000,3.653168,-0.272683,0.225368,-0.830197,0.021287,0.851484,0.759975,0.059381,-0.001523,-0.060903,0.026145,0.263127,-0.006747,-0.269874,-1.464308,0.232722,-0.005967,-0.238689,0.469388,1.394962,-0.035768,-1.430730,1.054660,-1.907048,0.048899,1.955947,-1.398644,0.872808,-0.022380,-0.895187,-1.006366,2.458914,-0.063049,-2.521964,-0.810936,-3.346573,0.085810,3.432383,-0.151235,0.479114,-0.012285,-0.491399,-1.089632,-0.031752,0.000814,0.032566,-0.018032,0.062338,-0.001598,-0.063936,0.121761,3.996450,-5.554108,0.001862,0.075797,0.077948,0.003416,-3.331714,-6.342256,0.835141,-2.034556,7.293979,-1.909666,0.000094,0.000000,0.000000,399.382429,294.729569,1
12.426000,3.654258,-0.266373,0.226594,-0.517786,0.013277,0.531063,0.739531,0.624584,-0.016015,-0.640599,-0.467917,-0.366124,0.009388,0.375512,0.003295,0.126918,-0.003254,-0.130173,0.267999,1.344089,-0.034464,-1.378552,1.056634,-1.924597,0.049349,1.973946,-1.421492,0.823756,-0.021122,-0.844878,-1.294594,2.512104,-0.064413,-2.576517,-0.879702,-3.475394,0.089113,3.564507,-0.237582,0.443078,-0.011361,-0.454439,-1.081906,-0.025761,0.000661,0.026421,-0.007391,0.060078,-0.001540,-0.061618,0.083232,3.718799,-6.062615,-0.343335,0.039932,0.166159,0.076843,-4.342970,-6.946034,0.406290,-2.382587,7.089955,-1.691642,0.000097,0.000000,0.000000,399.459992,294.724738,1
12.436000,3.654958,-0.266605,0.224478,-0.517786,0.013277,0.531063,0.741962,0.624584,-0.016015,-0.640599,-0.088240,-0.366124,0.009388,0.375512,-1.481546,0.126918,-0.003254,-0.130173,0.420775,1.344089,-0.034464,-1.378552,1.144713,-1.924597,0.049349,1.973946,-1.460759,0.823756,-0.021122,-0.844878,-1.175733,2.512104,-0.064413,-2.576517,-0.833156,-3.475394,0.089113,3.564507,-0.344300,0.443078,-0.011361,-0.454439,-0.926840,-0.025761,0.000661,0.026421,0.004791,0.060078,-0.001540,-0.061618,0.045284,3.898963,-5.751404,-0.068996,0.141450,0.388697,0.151016,-3.714470,-7.274467,1.238681,-2.142308,7.316270,-1.998650,0.000103,0.000000,0.000000,399.563138,294.701830,1
12.444000,3.657279,-0.270521,0.224866,-0.655299,0.016803,0.672101,1.151470,0.705107,-0.018080,-0.723187,0.322779,-1.017658,0.026094,1.043752,-2.125956,-0.129625,0.003324,0.132949,0.797886,1.266763,-0.032481,-1.299244,0.876206,-2.252998,0.057769,2.310767,-0.587769,0.580982,-0.014897,-0.595879,-0.740627,2.281187,-0.058492,-2.339679,-0.743943,-3.521697,0.090300,3.611997,0.056492,0.630876,-0.016176,-0.647053,-0.875741,-0.022551,0.000578,0.023129,-0.007320,0.026582,-0.000682,-0.027264,0.031367,3.199838,-4.106153,0.181992,0.296130,0.337675,0.031719,-2.709893,-5.942182,1.304540,-1.827219,6.776717,-1.803268,0.000088,0.000000,0.000000,399.633399,294.692891,1
12.454000,3.657467,-0.270446,0.223536,-0.655299,0.016803,0.672101,1.263632,0.705107,-0.018080,-0.723187,0.293485,-1.017658,0.026094,1.043752,-2.056956,-0.129625,0.003324,0.132949,0.870070,1.266763,-0.032481,-1.299244,0.886310,-2.252998,0.057769,2.310767,-0.523883,0.580982,-0.014897,-0.595879,-0.680873,2.281187,-0.058492,-2.339679,-0.666054,-3.521697,0.090300,3.611997,-0.064154,0.630876,-0.016176,-0.647053,-0.821260,-0.022551,0.000578,0.023129,-0.008334,0.026582,-0.000682,-0.027264,0.019077,3.121230,-4.103335,0.130452,0.593355,0.709175,0.084043,-2.430647,-5.497918,1.260822,-1.841022,7.076592,-1.946235,0.000084,0.000000,0.000000,399.717540,294.677957,1
12.460000,3.674607,-0.263208,0.223578,-0.487754,0.012507,0.500261,-0.493317,2.133476,-0.054705,-2.188181,0.435258,-5.342450,0.136986,5.479436,1.618025,-0.582436,0.014934,0.597371,-0.449960,0.987079,-0.025310,-1.012389,0.115721,-3.356693,0.086069,3.442762,1.226274,0.334505,-0.008577,-0.343082,-0.229032,2.121142,-0.054388,-2.175530,0.624726,-4.601825,0.117996,4.719821,1.065412,1.486113,-0.038105,-1.524218,-0.026314,-0.015963,0.000409,0.016373,1.315892,-0.250163,0.006414,0.256578,-1.099361,1.136025,-3.497882,-1.122667,3.376339,3.561581,-0.189835,-2.357204,-4.007778,0.135349,-3.264070,12.670754,-5.228732,0.000215,0.000000,0.000000,399.846437,294.768138,1
12.470000,3.674457,-0.262434,0.224225,-0.487754,0.012507,0.500261,-0.208360,2.133476,-0.054705,-2.188181,0.030433,-5.342450,0.136986,5.479436,1.256817,-0.582436,0.014934,0.597371,-0.186494,0.987079,-0.025310,-1.012389,0.033557,-3.356693,0.086069,3.442762,0.655884,0.334505,-0.008577,-0.343082,-0.002774,2.121142,-0.054388,-2.175530,0.512690,-4.601825,0.117996,4.719821,0.378093,1.486113,-0.038105,-1.524218,0.040284,-0.015963,0.000409,0.016373,0.729549,-0.250163,0.006414,0.256578,-0.761065,2.041327,-4.489818,-1.013716,2.768839,1.700890,-0.736761,-2.410460,-4.766534,0.544356,-2.900728,10.646596,-4.204135,0.000126,0.000000,0.000000,399.972741,294.860677,1
12.478000,3.670927,-0.261155,0.233173,-1.228561,0.031502,1.260063,0.234314,2.088656,-0.053555,-2.142212,-0.100138,-4.798390,0.123036,4.921426,0.721764,-1.236443,0.031704,1.268146,0.214129,0.943127,-0.024183,-0.967309,0.067585,-3.308323,0.084829,3.393152,0.491351,-0.050534,0.001296,0.051830,-0.085752,2.350032,-0.060257,-2.410290,-0.001975,-4.632794,0.118790,4.751584,0.452994,1.587314,-0.040700,-1.628015,0.050618,0.028789,-0.000738,-0.029527,0.684935,-0.162063,0.004155,0.166218,-0.750673,1.810837,-4.643064,-1.053865,2.701839,1.931472,-0.708437,-2.768928,-5.020316,0.667321,-2.850922,9.394801,-3.835537,0.000085,0.000000,0.000000,400.040381,294.923562,1
12.488000,3.670283,-0.260588,0.233543,-1.228561,0.031502,1.260063,0.434293,2.088656,-0.053555,-2.142212,-0.319463,-4.798390,0.123036,4.921426,0.566676,-1.236443,0.031704,1.268146,0.391992,0.943127,-0.024183,-0.967309,0.076054,-3.308323,0.084829,3.393152,0.181963,-0.050534,0.001296,0.051830,-0.005879,2.350032,-0.060257,-2.410290,-0.136341,-4.632794,0.118790,4.751584,0.167141,1.587314,-0.040700,-1.628015,0.003681,0.028789,-0.000738,-0.029527,0.344838,-0.162063,0.004155,0.166218,-0.457707,2.108119,-4.909099,-0.963105,1.878778,1.195430,-0.556182,-2.716448,-5.097991,0.767219,-2.397867,7.991281,-3.301088,0.000064,0.000000,0.000000,400.104620,294.984478,1
12.498000,3.669178,-0.263237,0.260580,-1.593237,0.040852,1.634089,0.783933,1.661029,-0.042590,-1.703619,-0.703206,-4.037205,0.103518,4.140723,1.052958,-1.584741,0.040634,1.625376,2.037822,1.103479,-0.028294,-1.131774,-0.349613,-3.747421,0.096088,3.843509,1.996259,-0.403940,0.010357,0.414297,-1.318306,1.621049,-0.041565,-1.662615,-0.822668,-3.384077,0.086771,3.470848,1.493897,0.446101,-0.011438,-0.457539,1.106603,0.626591,-0.016066,-0.642657,-0.634354,-2.781046,0.071309,2.852355,0.576541,0.000000,0.000000,0.000000,3.222373,3.008908,-0.247229,-2.656106,-4.016746,0.269517,0.000000,0.000000,0.000000,0.000279,0.000000,0.000000,400.383391,295.242199,1
12.508000,3.668730,-0.263092,0.261117,-1.593237,0.040852,1.634089,0.761390,1.661029,-0.042590,-1.703619,-0.527285,-4.037205,0.103518,4.140723,0.708038,-1.584741,0.040634,1.625376,1.778415,1.103479,-0.028294,-1.131774,-0.417074,-3.747421,0.096088,3.843509,1.920056,-0.403940,0.010357,0.414297,-0.673713,1.621049,-0.041565,-1.662615,-0.783109,-3.384077,0.086771,3.470848,1.564277,0.446101,-0.011438,-0.457539,1.095515,0.626591,-0.016066,-0.642657,-0.498859,-2.781046,0.071309,2.852355,0.270243,0.000000,0.000000,0.000000,3.527254,4.165890,0.154558,-3.308624,-5.333259,0.523585,0.000000,0.000000,0.000000,0.000244,0.000000,0.000000,400.627589,295.470790,1
12.514000,3.686747,-0.257813,0.247569,-0.052442,0.001345,0.053787,-1.135035,0.489762,-0.012558,-0.502320,0.716824,-2.579580,0.066143,2.645723,-0.424949,-1.774649,0.045504,1.820152,1.832219,-1.392694,0.035710,1.428404,0.598930,0.645324,-0.016547,-0.661871,-2.224338,0.636351,-0.016317,-0.652668,0.872935,-0.117954,0.003024,0.120978,-0.094526,-0.383138,0.009824,0.392962,2.368688,1.045147,-0.026799,-1.071946,-0.742906,-0.093491,0.002397,0.095888,0.467034,-1.774992,0.045513,1.820504,-0.477188,0.000000,0.000000,0.000000,2.471168,6.938852,1.951047,-4.352225,-5.421346,-0.159527,0.000000,0.000000,0.000000,0.000104,0.000000,0.000000,400.690169,295.497426,1
12.524000,3.687197,-0.257103,0.246488,-0.052442,0.001345,0.053787,-1.144141,0.489762,-0.012558,-0.502320,0.817641,-2.579580,0.066143,2.645723,-0.669819,-1.774649,0.045504,1.820152,1.727990,-1.392694,0.035710,1.428404,0.432014,0.645324,-0.016547,-0.661871,-1.197419,0.636351,-0.016317,-0.652668,0.631522,-0.117954,0.003024,0.120978,-0.021641,-0.383138,0.009824,0.392962,1.270547,1.045147,-0.026799,-1.071946,-0.720632,-0.093491,0.002397,0.095888,0.551274,-1.774992,0.045513,1.820504,-0.775270,0.000000,0.000000,0.000000,2.813722,7.490988,2.003678,-4.461503,-5.930436,0.074631,-0.338001,0.266890,0.103631,0.000100,0.000000,0.000000,400.789669,295.515515,1
12.528000,3.694321,-0.258436,0.244078,-1.866908,0.047869,1.914777,-0.036438,0.027012,-0.000693,-0.027704,0.794263,-1.281358,0.032855,1.314213,-0.659342,1.536390,-0.039395,-1.575785,-1.033602,1.153753,-0.029583,-1.183336,-0.907568,-4.764596,0.122169,4.886765,1.699556,0.067233,-0.001724,-0.068957,1.475810,-0.002610,0.000067,0.002676,-0.170582,1.995036,-0.051155,-2.046190,-0.290593,-1.214578,0.031143,1.245721,0.377103,-0.111135,0.002850,0.113984,0.578665,-1.330249,0.034109,1.364358,-0.830736,0.000000,0.000000,0.000000,2.242189,7.329907,2.415343,-4.123038,-4.515510,-0.396778,0.000000,0.000000,0.000000,0.000143,0.000000,0.000000,400.846998,295.555292,1
12.538000,3.695027,-0.258505,0.242169,-1.866908,0.047869,1.914777,0.070923,0.027012,-0.000693,-0.027704,0.892548,-1.281358,0.032855,1.314213,-0.963153,1.536390,-0.039395,-1.575785,-1.154320,1.153753,-0.029583,-1.183336,-0.818225,-4.764596,0.122169,4.886765,2.038623,0.067233,-0.001724,-0.068957,1.256725,-0.002610,0.000067,0.002676,-0.121449,1.995036,-0.051155,-2.046190,-0.574654,-1.214578,0.031143,1.245721,0.528951,-0.111135,0.002850,0.113984,0.619266,-1.330249,0.034109,1.364358,-1.133753,0.000000,0.000000,0.000000,2.538534,7.708010,2.446713,-4.367268,-5.172286,-0.176250,0.000000,0.000000,0.000000,0.000177,0.000000,0.000000,401.024148,295.673955,1
12.542000,3.705014,-0.260566,0.238047,-0.532830,0.013662,0.546492,0.263231,-0.244968,0.006281,0.251249,1.118727,-1.101216,0.028236,1.129452,-1.383180,-0.401161,0.010286,0.411447,-0.102162,0.180596,-0.004631,-0.185227,-0.389299,0.216191,-0.005543,-0.221734,0.298022,0.349123,-0.008952,-0.358075,0.241646,-0.204529,0.005244,0.209773,-0.096737,0.547206,-0.014031,-0.561237,-0.389070,-0.136047,0.003488,0.139536,0.767746,-0.310975,0.007974,0.318949,0.575124,-1.271417,0.032600,1.304018,-1.113027,0.000000,0.000000,0.000000,3.451808,6.826212,1.490172,-3.581319,-5.762178,0.816592,0.000000,0.000000,0.000000,0.000042,0.000000,0.000000,401.041086,295.665065,1
12.552000,3.706081,-0.260697,0.235645,-0.532830,0.013662,0.546492,0.193179,-0.244968,0.006281,0.251249,1.233455,-1.101216,0.028236,1.129452,-1.671266,-0.401161,0.010286,0.411447,-0.073768,0.180596,-0.004631,-0.185227,-0.282034,0.216191,-0.005543,-0.221734,0.145977,0.349123,-0.008952,-0.358075,0.175880,-0.204529,0.005244,0.209773,-0.045941,0.547206,-0.014031,-0.561237,-0.238423,-0.136047,0.003488,0.139536,0.773775,-0.310975,0.007974,0.318949,0.566804,-1.271417,0.032600,1.304018,-1.305928,0.000000,0.000000,0.000000,3.578224,7.072322,1.544435,-3.851837,-6.215380,0.912761,0.000000,0.000000,0.000000,0.000046,0.000000,0.000000,401.087248,295.636708,1
12.556000,3.726384,-0.250753,0.255809,0.133188,-0.003415,-0.136603,-0.103613,-0.934571,0.023963,0.958534,1.173559,-0.613353,0.015727,0.629080,-1.237915,-0.067220,0.001724,0.068944,-0.850074,-0.349875,0.008971,0.358846,-0.097475,2.999784,-0.076918,-3.076702,-0.898554,-1.112675,0.028530,1.141205,1.298182,-0.038314,0.000982,0.039296,-0.141883,-3.063046,0.078540,3.141586,1.169487,0.258365,-0.006625,-0.264990,0.077614,-0.925203,0.023723,0.948927,0.743321,-0.976399,0.025036,1.001435,-0.669439,0.000000,0.000000,0.000000,3.103697,6.082066,0.923151,-3.224638,-5.301025,0.656549,0.000000,0.000000,0.000000,0.000113,0.000000,0.000000,401.132582,295.669491,1
12.566000,3.719770,-0.257440,0.238055,0.050079,-0.001284,-0.051363,-0.219630,-0.383952,0.009845,0.393797,1.457111,-0.579583,0.014861,0.594444,-1.886745,-0.091642,0.002350,0.093992,-0.114782,-0.421030,0.010796,0.431826,0.030515,2.866153,-0.073491,-2.939644,-1.462067,0.359024,-0.009206,-0.368230,0.131649,-0.019271,0.000494,0.019765,-0.071223,-0.178260,0.004571,0.182831,0.355467,0.185605,-0.004759,-0.190364,0.435511,-0.315247,0.008083,0.323330,0.564764,-1.043006,0.026744,1.069750,-1.160204,0.000000,0.000000,0.000000,3.352941,6.942731,1.425193,-3.877294,-6.057977,0.511325,0.000000,0.000000,0.000000,0.000077,0.000000,0.000000,401.209083,295.695866,1
12.570000,3.735441,-0.259736,0.238581,-0.352597,0.009041,0.361638,0.035781,0.055646,-0.001427,-0.057073,1.287523,-0.237759,0.006096,0.243855,-1.912695,-0.653627,0.016760,0.670387,0.152165,-0.134040,0.003437,0.137476,-0.022035,1.997433,-0.051216,-2.048649,-0.805495,0.118518,-0.003039,-0.121557,0.334711,-0.030025,0.000770,0.030795,-0.001109,-0.932605,0.023913,0.956518,0.676958,-0.195517,0.005013,0.200530,0.248413,0.257621,-0.006606,-0.264227,0.428459,-0.941119,0.024131,0.965250,-0.693224,0.000000,0.000000,0.000000,2.867395,6.386349,1.672167,-3.569881,-5.688339,0.199203,0.000000,0.000000,0.000000,0.000038,0.000000,0.000000,401.224397,295.700252,1
12.580000,3.736908,-0.259865,0.236181,-0.352597,0.009041,0.361638,0.076657,0.055646,-0.001427,-0.057073,1.380689,-0.237759,0.006096,0.243855,-2.165919,-0.653627,0.016760,0.670387,0.136298,-0.134040,0.003437,0.137476,-0.018724,1.997433,-0.051216,-2.048649,-0.844692,0.118518,-0.003039,-0.121557,0.359568,-0.030025,0.000770,0.030795,-0.019091,-0.932605,0.023913,0.956518,0.565831,-0.195517,0.005013,0.200530,0.328727,0.257621,-0.006606,-0.264227,0.464426,-0.941119,0.024131,0.965250,-0.952645,0.000000,0.000000,0.000000,3.140443,6.863588,1.761014,-3.750432,-6.089531,0.287018,0.000000,0.000000,0.000000,0.000042,0.000000,0.000000,401.265925,295.707859,1
12.584000,3.723983,-0.260987,0.236337,-0.019360,0.000496,0.019856,-0.309121,0.063934,-0.001639,-0.065573,1.417532,-0.665077,0.017053,0.682131,-1.830916,-0.708551,0.018168,0.726719,0.017248,-0.160856,0.004125,0.164980,-0.041710,1.933778,-0.049584,-1.983362,-0.612418,0.572928,-0.014690,-0.587619,0.091647,-0.010356,0.000266,0.010621,-0.028879,0.803690,-0.020607,-0.824297,-0.015402,0.206336,-0.005291,-0.211627,0.406980,-0.122322,0.003136,0.125459,0.508460,-0.735965,0.018871,0.754836,-1.186357,0.000000,0.000000,0.000000,3.249561,6.758415,1.616962,-3.984824,-6.027341,0.433308,0.000000,0.000000,0.000000,0.000037,0.000000,0.000000,401.280702,295.703511,1
12.594000,3.724955,-0.260881,0.233527,-0.019360,0.000496,0.019856,-0.314399,0.063934,-0.001639,-0.065573,1.505309,-0.665077,0.017053,0.682131,-2.060975,-0.708551,0.018168,0.726719,0.021212,-0.160856,0.004125,0.164980,-0.035936,1.933778,-0.049584,-1.983362,-0.737372,0.572928,-0.014690,-0.587619,0.052240,-0.010356,0.000266,0.010621,-0.028592,0.803690,-0.020607,-0.824297,-0.122140,0.206336,-0.005291,-0.211627,0.471070,-0.122322,0.003136,0.125459,0.517935,-0.735965,0.018871,0.754836,-1.408332,0.000000,0.000000,0.000000,3.410918,7.071841,1.684432,-4.122303,-6.343898,0.535569,0.000000,0.000000,0.000000,0.000044,0.000000,0.000000,401.324242,295.692841,1
12.600000,3.728489,-0.260929,0.232173,-0.132781,0.003405,0.136185,-0.152403,0.229866,-0.005894,-0.235760,1.489274,-0.958111,0.024567,0.982678,-2.216197,-1.456256,0.037340,1.493595,0.077411,-0.133430,0.003421,0.136851,-0.042653,4.300363,-0.110266,-4.410629,-0.864292,1.046310,-0.026828,-1.073138,0.110325,-0.007729,0.000198,0.007927,-0.037651,2.117836,-0.054303,-2.172139,-0.231825,0.147921,-0.003793,-0.151714,0.554770,0.063788,-0.001636,-0.065424,0.428245,-1.197752,0.030712,1.228463,-1.439173,0.000000,0.000000,0.000000,3.634961,7.449583,1.632187,-4.260569,-6.972896,0.957877,0.000000,0.000000,0.000000,0.000090,0.000000,0.000000,401.378156,295.692102,1
12.610000,3.731862,-0.258268,0.228483,-0.188830,0.004842,0.193672,-0.232871,0.149203,-0.003826,-0.153029,1.590902,-0.659103,0.016900,0.676003,-2.265732,-0.913280,0.023417,0.936698,0.119391,-0.133892,0.003433,0.137325,-0.039496,2.531151,-0.064901,-2.596052,-0.998928,0.543129,-0.013926,-0.557055,0.138530,-0.011888,0.000305,0.012193,-0.026131,1.010891,-0.025920,-1.036811,-0.220814,0.055512,-0.001423,-0.056935,0.629403,0.041551,-0.001065,-0.042617,0.435675,-0.917294,0.023520,0.940814,-1.599566,0.000000,0.000000,0.000000,3.479735,7.423730,1.622956,-4.284871,-6.512653,0.909015,0.000000,0.000000,0.000000,0.000064,0.000000,0.000000,401.442121,295.686819,1
12.614000,3.767721,-0.245906,0.239013,-0.121849,0.003124,0.124973,-0.108403,-0.276911,0.007100,0.284011,1.400036,0.056128,-0.001439,-0.057567,-2.044621,-0.205065,0.005258,0.210323,-0.067962,-0.184570,0.004733,0.189302,-0.000248,1.811315,-0.046444,-1.857759,-0.547049,-0.030618,0.000785,0.031403,0.499581,-0.063177,0.001620,0.064797,-0.071365,-3.685578,0.094502,3.780080,2.206198,0.055196,-0.001415,-0.056611,0.133043,0.148648,-0.003811,-0.152459,0.501604,-1.100300,0.028213,1.128513,-0.686090,0.000000,0.000000,0.000000,3.097868,6.886188,1.006013,-3.916194,-5.392458,0.852470,0.000000,0.000000,0.000000,0.000108,0.000000,0.000000,401.485231,295.722803,1
12.624000,3.779656,-0.234293,0.243801,0.431783,-0.011071,-0.442854,-0.286393,-0.815260,0.020904,0.836164,1.373587,-0.132939,0.003409,0.136347,-1.699161,0.369932,-0.009485,-0.379418,-0.300091,-0.243746,0.006250,0.249996,0.000476,0.747312,-0.019162,-0.766474,-0.288951,-0.078489,0.002013,0.080502,0.454160,-0.070392,0.001805,0.072197,-0.078493,-5.374618,0.137811,5.512428,2.559623,0.629496,-0.016141,-0.645637,-0.199948,-0.583256,0.014955,0.598211,0.865455,-0.979183,0.025107,1.004290,-0.841358,0.000000,0.000000,0.000000,3.090925,7.127278,0.565370,-3.666404,-5.110456,1.411107,0.000000,0.000000,0.000000,0.000175,0.000000,0.000000,401.660094,295.876020,1
12.628000,3.752398,-0.252777,0.227915,-0.170370,0.004368,0.174738,-0.155076,0.687303,-0.017623,-0.704927,1.312384,-1.462129,0.037490,1.499620,-1.948397,-0.794354,0.020368,0.814722,0.123017,-0.063911,0.001639,0.065550,-0.077618,3.673713,-0.094198,-3.767911,-1.343748,-0.426513,0.010936,0.437450,0.886172,-0.274759,0.007045,0.281804,-0.011176,0.197296,-0.005059,-0.202355,0.364188,-0.361809,0.009277,0.371086,0.775761,1.000837,-0.025662,-1.026500,-0.031017,-2.024539,0.051911,2.076451,-0.901657,-0.000756,-0.002043,-0.001761,3.236705,6.982616,1.380271,-4.095701,-6.388874,0.990300,0.000000,0.000000,0.000000,0.000117,0.000000,0.000000,401.706890,295.876189,1
12.638000,3.753572,-0.253939,0.227043,-0.234882,0.006023,0.240905,-0.035927,0.754294,-0.019341,-0.773635,1.318143,-1.423360,0.036496,1.459856,-2.101838,-0.793168,0.020338,0.813505,0.051977,-0.055128,0.001414,0.056542,-0.069318,3.608681,-0.092530,-3.701212,-1.463763,-0.360201,0.009236,0.369437,0.958660,-0.258476,0.006628,0.265103,-0.030027,0.389177,-0.009979,-0.399156,0.170143,-0.415262,0.010648,0.425910,0.875213,1.080724,-0.027711,-1.108435,-0.032645,-2.021658,0.051837,2.073495,-1.030572,-0.000092,-0.000298,-0.000247,3.399149,7.274332,1.455713,-4.224677,-6.600117,0.991369,0.000000,0.000000,0.000000,0.000125,0.000000,0.000000,401.832255,295.875286,1
12.642000,3.756041,-0.269135,0.233993,-0.147174,0.003774,0.150948,0.185539,0.792999,-0.020333,-0.813333,1.248087,-2.134536,0.054732,2.189268,-1.686302,0.244252,-0.006263,-0.250514,-0.261924,-0.043257,0.001109,0.044366,-0.041784,1.826752,-0.046840,-1.873591,-0.676398,-0.743801,0.019072,0.762873,1.069434,-0.632908,0.016228,0.649137,0.134044,-1.019258,0.026135,1.045393,0.548022,-0.509988,0.013077,0.523065,0.920502,0.863578,-0.022143,-0.885721,0.083780,-2.087935,0.053537,2.141471,-0.591717,0.000000,0.000000,0.000000,3.352738,6.729399,1.804639,-3.809079,-6.745621,0.599353,-0.738489,0.698600,0.062297,0.000094,0.000000,0.000000,401.869728,295.864358,1
12.652000,3.756926,-0.269691,0.231643,-0.147174,0.003774,0.150948,0.198740,0.792999,-0.020333,-0.813333,1.282810,-2.134536,0.054732,2.189268,-1.772816,0.244252,-0.006263,-0.250514,-0.349897,-0.043257,0.001109,0.044366,-0.031351,1.826752,-0.046840,-1.873591,-0.734863,-0.743801,0.019072,0.762873,0.989637,-0.632908,0.016228,0.649137,0.139710,-1.019258,0.026135,1.045393,0.395695,-0.509988,0.013077,0.523065,1.026453,0.863578,-0.022143,-0.885721,0.063732,-2.087935,0.053537,2.141471,-0.732070,0.000000,0.000000,0.000000,3.566302,6.042689,1.242560,-3.709418,-7.020911,0.808920,-1.768826,5.667443,-1.447967,0.000098,0.000000,0.000000,401.968136,295.831764,1
12.656000,3.757887,-0.257898,0.225637,-0.124520,0.003193,0.127713,-0.076629,0.970451,-0.024883,-0.995334,1.184734,-2.516472,0.064525,2.580997,-1.406495,0.195252,-0.005006,-0.200258,-0.416331,-0.044921,0.001152,0.046073,-0.046875,1.947204,-0.049928,-1.997132,-0.708230,-0.399002,0.010231,0.409233,1.128066,-0.666409,0.017087,0.683497,0.180792,0.210468,-0.005397,-0.215865,0.215584,-0.490840,0.012586,0.503426,1.149956,0.840652,-0.021555,-0.862207,-0.064055,-2.131507,0.054654,2.186161,-0.884117,0.520514,-0.721143,0.053231,3.322410,6.886123,1.419908,-4.151704,-6.436231,0.838273,-0.030043,0.073835,-0.023942,0.000095,0.000000,0.000000,402.006207,295.815430,1
12.666000,3.758960,-0.259098,0.223424,-0.129712,0.003326,0.133038,-0.084076,0.983393,-0.025215,-1.008608,1.244706,-2.490370,0.063856,2.554225,-1.539955,0.152569,-0.003912,-0.156481,-0.363067,-0.045142,0.001157,0.046300,-0.064720,2.004479,-0.051397,-2.055876,-0.903857,-0.339478,0.008705,0.348182,1.036178,-0.655405,0.016805,0.672210,0.162412,0.219741,-0.005634,-0.225375,0.097624,-0.488455,0.012524,0.500979,1.185596,0.849506,-0.021782,-0.871289,-0.043948,-2.105934,0.053998,2.159932,-1.036192,0.801621,-1.404411,-0.095390,3.412086,7.086328,1.508877,-4.318296,-6.660403,0.813734,-0.030608,0.227163,-0.110496,0.000105,0.000000,0.000000,402.111011,295.770972,1
12.672000,3.764926,-0.261760,0.225650,-0.333818,0.008559,0.342378,-0.056612,1.040355,-0.026676,-1.067031,1.007025,-2.687587,0.068912,2.756500,-0.916120,0.280124,-0.007183,-0.287307,-0.434201,-0.182181,0.004671,0.186852,-0.084628,0.805433,-0.020652,-0.826085,-0.535506,-0.252251,0.006468,0.258719,1.059376,-0.780222,0.020006,0.800227,0.294397,0.135041,-0.003463,-0.138504,0.092274,-0.746043,0.019129,0.765172,1.350106,0.848397,-0.021754,-0.870150,-0.254808,-2.151591,0.055169,2.206760,-0.616853,2.790340,-5.004505,-0.039234,2.971198,6.499147,1.482358,-4.122449,-5.554521,0.279086,0.011070,0.174628,-0.102699,0.000073,0.000000,0.000000,402.155054,295.754907,1
12.682000,3.765587,-0.261419,0.223480,-0.333818,0.008559,0.342378,-0.173692,1.040355,-0.026676,-1.067031,1.101879,-2.687587,0.068912,2.756500,-0.981775,0.280124,-0.007183,-0.287307,-0.410780,-0.182181,0.004671,0.186852,0.288045,0.805433,-0.020652,-0.826085,-1.570139,-0.252251,0.006468,0.258719,0.892888,-0.780222,0.020006,0.800227,0.296331,0.135041,-0.003463,-0.138504,0.046171,-0.746043,0.019129,0.765172,1.271598,0.848397,-0.021754,-0.870150,-0.142553,-2.151591,0.055169,2.206760,-0.857323,2.248592,-5.451415,-0.794232,2.908648,7.150194,1.892809,-4.311323,-5.509709,0.137547,-0.000355,0.423874,-0.235935,0.000089,0.000000,0.000000,402.243793,295.726850,1
12.688000,3.766850,-0.262812,0.223316,-0.186144,0.004773,0.190917,-0.276417,0.923977,-0.023692,-0.947669,1.106845,-2.903294,0.074443,2.977738,-0.848066,0.307489,-0.007884,-0.315373,-0.497976,0.048066,-0.001232,-0.049299,0.397686,-0.258458,0.006627,0.265086,-1.743139,-0.442789,0.011354,0.454143,0.954120,-0.794009,0.020359,0.814368,0.353709,0.074712,-0.001916,-0.076628,0.048913,-0.687751,0.017635,0.705386,1.188827,0.767370,-0.019676,-0.787046,-0.125961,-2.334171,0.059851,2.394022,-0.799432,2.304636,-5.751472,-0.907368,2.725802,6.174334,1.532313,-4.134938,-5.376819,0.118465,-0.211395,1.063571,-0.469028,0.000078,0.000000,0.000000,402.290847,295.701589,1
12.698000,3.767154,-0.262702,0.221480,-0.186144,0.004773,0.190917,-0.359346,0.923977,-0.023692,-0.947669,1.144959,-2.903294,0.074443,2.977738,-0.824132,0.307489,-0.007884,-0.315373,-0.619163,0.048066,-0.001232,-0.049299,0.511223,-0.258458,0.006627,0.265086,-1.982750,-0.442789,0.011354,0.454143,0.886957,-0.794009,0.020359,0.814368,0.414872,0.074712,-0.001916,-0.076628,0.008676,-0.687751,0.017635,0.705386,1.125788,0.767370,-0.019676,-0.787046,-0.073528,-2.334171,0.059851,2.394022,-0.867106,2.122068,-5.587055,-0.999048,2.825241,6.093738,1.417189,-3.855562,-5.254502,0.254142,-1.677655,5.885721,-2.176864,0.000080,0.000000,0.000000,402.371077,295.657118,1
12.704000,3.769260,-0.262661,0.222188,0.192941,-0.004947,-0.197888,-0.550066,1.007936,-0.025845,-1.033780,0.776991,-3.177476,0.081474,3.258949,-0.349892,0.602939,-0.015460,-0.618399,-0.853036,0.195223,-0.005006,-0.200228,0.322208,-0.732190,0.018774,0.750964,-1.863319,-0.414023,0.010616,0.424638,0.822788,-0.463419,0.011883,0.475301,0.364355,-0.254096,0.006515,0.260611,0.027053,-0.401007,0.010282,0.411289,0.968110,0.875289,-0.022443,-0.897732,-0.406274,-2.534306,0.064982,2.599288,-0.398747,1.965305,-5.407827,-1.074173,2.644561,5.097487,0.890456,-3.394128,-4.591134,0.257066,-1.998245,6.145506,-1.978558,0.000064,0.000000,0.000000,402.409313,295.642028,1
12.714000,3.769184,-0.262649,0.220840,0.192941,-0.004947,-0.197888,-0.564608,1.007936,-0.025845,-1.033780,0.746073,-3.177476,0.081474,3.258949,-0.346095,0.602939,-0.015460,-0.618399,-0.878107,0.195223,-0.005006,-0.200228,0.266458,-0.732190,0.018774,0.750964,-1.826080,-0.414023,0.010616,0.424638,0.779321,-0.463419,0.011883,0.475301,0.694104,-0.254096,0.006515,0.260611,-0.600029,-0.401007,0.010282,0.411289,0.907176,0.875289,-0.022443,-0.897732,-0.394124,-2.534306,0.064982,2.599288,-0.495261,2.024330,-5.318520,-0.973888,2.637872,4.758929,0.703881,-3.175132,-4.846181,0.560615,-1.907770,6.081990,-2.023804,0.000068,0.000000,0.000000,402.477414,295.614778,1
12.720000,3.788054,-0.271759,0.226184,0.453611,-0.011631,-0.465242,-0.773494,0.577028,-0.014796,-0.591823,0.747406,-3.168641,0.081247,3.249888,-0.789087,0.663442,-0.017011,-0.680454,-0.946964,0.790763,-0.020276,-0.811039,0.281922,-2.825146,0.072440,2.897586,-1.428529,-0.265630,0.006811,0.272441,-0.002841,0.199548,-0.005117,-0.204665,0.521138,-2.876359,0.073753,2.950112,-0.713544,-0.383224,0.009826,0.393050,0.076185,1.141698,-0.029274,-1.170972,-0.891065,-3.421239,0.087724,3.508963,0.804158,2.833407,-6.186704,-1.088791,1.733612,2.781802,0.285678,-2.863394,-5.201455,1.033275,-2.130615,6.436038,-1.788874,0.000145,0.000000,0.000000,402.564333,295.586651,1
12.730000,3.788709,-0.272094,0.226069,0.453611,-0.011631,-0.465242,-0.550832,0.577028,-0.014796,-0.591823,0.629256,-3.168641,0.081247,3.249888,-0.625925,0.663442,-0.017011,-0.680454,-0.724333,0.790763,-0.020276,-0.811039,0.202345,-2.825146,0.072440,2.897586,-1.194955,-0.265630,0.006811,0.272441,0.153515,0.199548,-0.005117,-0.204665,0.419950,-2.876359,0.073753,2.950112,-0.508658,-0.383224,0.009826,0.393050,0.219990,1.141698,-0.029274,-1.170972,-0.756061,-3.421239,0.087724,3.508963,0.631766,2.682414,-5.699589,-0.949688,1.793797,3.167857,0.485440,-2.616837,-4.908262,1.030436,-2.060603,6.006980,-1.611053,0.000116,0.000000,0.000000,402.680326,295.550250,1
12.736000,3.781522,-0.266870,0.244630,0.431678,-0.011069,-0.442746,-1.261726,0.228226,-0.005852,-0.234078,-0.030204,-3.189967,0.081794,3.271761,1.706403,0.588758,-0.015096,-0.603854,-0.794106,1.200726,-0.030788,-1.231514,-0.453848,-4.039871,0.103586,4.143458,1.023971,-0.426640,0.010939,0.437580,-1.263221,0.625062,-0.016027,-0.641090,-0.486256,-4.553226,0.116749,4.669975,0.622178,-0.589253,0.015109,0.604362,2.940794,1.577504,-0.040449,-1.617953,-0.487097,-4.324750,0.110891,4.435641,1.162618,1.505348,-3.773619,-0.703947,0.000000,0.000000,0.000000,-0.017647,-0.041872,0.015296,-2.989509,3.359135,0.112112,0.000229,0.000000,0.000000,402.817860,295.681150,1
12.746000,3.781413,-0.266653,0.245510,0.431678,-0.011069,-0.442746,-0.832386,0.228226,-0.005852,-0.234078,-0.065937,-3.189967,0.081794,3.271761,1.608896,0.588758,-0.015096,-0.603854,-0.578808,1.200726,-0.030788,-1.231514,-0.338551,-4.039871,0.103586,4.143458,0.743472,-0.426640,0.010939,0.437580,-1.102096,0.625062,-0.016027,-0.641090,-0.537205,-4.553226,0.116749,4.669975,0.530226,-0.589253,0.015109,0.604362,2.200920,1.577504,-0.040449,-1.617953,-0.626591,-4.324750,0.110891,4.435641,1.689977,1.958334,-4.635122,-0.776459,0.000000,0.000000,0.000000,-0.094949,-0.196232,0.066707,-3.032513,3.979315,-0.161199,0.000226,0.000000,0.000000,403.044237,295.897883,1
12.752000,3.794503,-0.274760,0.260398,2.678617,-0.068682,-2.747299,-3.423234,-6.067058,0.155566,6.222623,2.987842,8.794145,-0.225491,-9.019635,-5.072793,-3.136747,0.080429,3.217176,3.446714,-0.935654,0.023991,0.959645,0.654111,-3.554262,0.091135,3.645397,1.131641,-3.517946,0.090204,3.608150,2.739952,-1.315668,0.033735,1.349403,0.198044,-3.798562,0.097399,3.895961,1.385368,0.826387,-0.021189,-0.847577,-0.211848,-0.779856,0.019996,0.799853,0.312200,-5.625685,0.144248,5.769933,2.776293,1.917314,-3.301371,0.307216,0.000000,0.000000,0.000000,0.000000,0.000000,0.000000,-1.637587,3.085153,-0.502490,0.001216,0.000000,0.000000,403.773791,296.627437,1
12.762000,3.795641,-0.275365,0.261393,2.678617,-0.068682,-2.747299,-3.185900,-6.067058,0.155566,6.222623,2.906953,8.794145,-0.225491,-9.019635,-4.647118,-3.136747,0.080429,3.217176,3.508085,-0.935654,0.023991,0.959645,0.888077,-3.554262,0.091135,3.645397,0.741871,-3.517946,0.090204,3.608150,2.764005,-1.315668,0.033735,1.349403,0.403505,-3.798562,0.097399,3.895961,0.964408,0.826387,-0.021189,-0.847577,-0.339166,-0.779856,0.019996,0.799853,0.289277,-5.625685,0.144248,5.769933,2.813225,2.377936,-4.784374,0.115059,0.000000,0.000000,0.000000,0.000000,0.000000,0.000000,-2.007974,4.593841,-0.967453,0.001146,0.000000,0.000000,404.920044,297.773689,1
12.766000,3.804280,-0.280367,0.249997,-2.039664,0.052299,2.091963,1.007846,0.631968,-0.016204,-0.648173,-0.629720,-5.661485,0.145166,5.806651,2.122927,0.656313,-0.016829,-0.673141,0.467726,-0.505161,0.012953,0.518114,0.778850,-1.353758,0.034712,1.388470,0.156171,0.379273,-0.009725,-0.388998,-0.080625,-0.712058,0.018258,0.730316,0.712407,-1.489265,0.038186,1.527451,-0.371565,1.022017,-0.026206,-1.048222,-1.519648,0.085215,-0.002185,-0.087400,-0.114550,-0.303920,0.007793,0.311713,0.459803,2.895277,-3.474072,0.284610,0.000000,0.000000,0.000000,0.000000,0.000000,0.000000,-1.699867,6.461610,-1.517105,0.000186,0.000000,0.000000,404.994621,297.841208,1
12.776000,3.805791,-0.280884,0.248628,-2.039664,0.052299,2.091963,1.305759,0.631968,-0.016204,-0.648173,-0.533295,-5.661485,0.145166,5.806651,2.470241,0.656313,-0.016829,-0.673141,0.463414,-0.505161,0.012953,0.518114,0.945887,-1.353758,0.034712,1.388470,-0.265182,0.379273,-0.009725,-0.388998,-0.116087,-0.712058,0.018258,0.730316,0.772310,-1.489265,0.038186,1.527451,-0.696053,1.022017,-0.026206,-1.048222,-1.500150,0.085215,-0.002185,-0.087400,-0.089437,-0.303920,0.007793,0.311713,0.277259,3.235182,-4.471730,-0.012363,0.000000,0.000000,0.000000,0.000000,0.000000,0.000000,-1.932521,7.078413,-1.597087,0.000219,0.000000,0.000000,405.213926,298.025645,1
12.780000,3.803192,-0.273633,0.241160,0.836350,-0.021445,-0.857795,-0.021474,-0.041386,0.001061,0.042447,-0.175234,0.945386,-0.024241,-0.969627,-0.230027,0.288717,-0.007403,-0.296120,0.066109,-0.013218,0.000339,0.013557,1.020949,-1.477100,0.037874,1.514974,-1.109901,-0.010814,0.000277,0.011091,-0.495364,-0.329432,0.008447,0.337879,0.494507,-1.496855,0.038381,1.535236,-0.942042,-1.351405,0.034651,1.386057,0.339000,0.315634,-0.008093,-0.323727,-0.243427,0.205920,-0.005280,-0.211200,0.000142,3.148057,-6.195360,-0.501589,0.000000,0.000000,0.000000,0.000000,0.000000,0.000000,-2.630257,6.974153,-1.491460,0.000041,0.000000,0.000000,405.230451,298.016888,1
12.790000,3.804013,-0.273628,0.239105,0.836350,-0.021445,-0.857795,-0.053745,-0.041386,0.001061,0.042447,-0.115633,0.945386,-0.024241,-0.969627,-0.295106,0.288717,-0.007403,-0.296120,0.089779,-0.013218,0.000339,0.013557,1.139241,-1.477100,0.037874,1.514974,-1.406292,-0.010814,0.000277,0.011091,-0.528267,-0.329432,0.008447,0.337879,0.510555,-1.496855,0.038381,1.535236,-1.167410,-1.351405,0.034651,1.386057,0.393117,0.315634,-0.008093,-0.323727,-0.220836,0.205920,-0.005280,-0.211200,0.001151,3.321875,-6.701706,-0.625824,0.000000,0.000000,0.000000,0.000000,0.000000,0.000000,-2.767909,7.336635,-1.570134,0.000051,0.000000,0.000000,405.281420,297.988651,1
12.794000,3.826181,-0.278496,0.248119,0.119172,-0.003056,-0.122228,0.076129,-0.252797,0.006482,0.259279,-0.141070,3.888347,-0.099701,-3.988048,-1.752332,-0.320000,0.008205,0.328205,-0.006593,-0.051541,0.001322,0.052863,1.109612,-1.068326,0.027393,1.095719,-1.349826,-0.463465,0.011884,0.475348,-0.246094,-0.229283,0.005879,0.235162,0.546792,-1.159748,0.029737,1.189485,-0.670330,-1.494307,0.038316,1.532623,0.513446,0.557720,-0.014301,-0.572021,-0.441181,0.326869,-0.008381,-0.335250,-0.037727,2.809127,-6.237431,-0.224354,0.000000,0.000000,0.000000,0.000000,0.000000,0.000000,-2.690847,6.381729,-1.486738,0.000107,0.000000,0.000000,405.324096,298.011795,1
12.804000,3.827582,-0.278256,0.246276,0.119172,-0.003056,-0.122228,0.151080,-0.252797,0.006482,0.259279,-0.069082,3.888347,-0.099701,-3.988048,-1.806335,-0.320000,0.008205,0.328205,0.082228,-0.051541,0.001322,0.052863,1.244684,-1.068326,0.027393,1.095719,-1.666570,-0.463465,0.011884,0.475348,-0.197429,-0.229283,0.005879,0.235162,0.583951,-1.159748,0.029737,1.189485,-0.891626,-1.494307,0.038316,1.532623,0.618731,0.557720,-0.014301,-0.572021,-0.383188,0.326869,-0.008381,-0.335250,-0.020031,3.002299,-6.773851,-0.294087,0.000000,0.000000,0.000000,0.000000,0.000000,0.000000,-2.877471,6.872515,-1.616893,0.000116,0.000000,0.000000,405.440345,298.067707,1
12.806000,3.823809,-0.290636,0.235026,0.305535,-0.007834,-0.313369,-0.000340,-0.099486,0.002551,0.102037,-0.053360,1.747388,-0.044805,-1.792192,-0.665830,0.089814,-0.002303,-0.092117,0.541075,0.044668,-0.001145,-0.045813,1.245764,-0.774515,0.019859,0.794374,-1.345433,-0.033407,0.000857,0.034264,-0.309379,-0.088302,0.002264,0.090566,0.482836,-0.837998,0.021487,0.859485,-1.272679,-0.812649,0.020837,0.833487,-0.019941,0.256175,-0.006569,-0.262744,-0.106381,0.177512,-0.004552,-0.182064,-0.003009,3.369383,-5.537646,-0.537337,0.000000,0.000000,0.000000,0.000000,0.000000,0.000000,-2.450704,6.975579,-1.327007,0.000036,0.000000,0.000000,405.447481,298.065634,1
12.816000,3.824938,-0.291697,0.232288,0.305535,-0.007834,-0.313369,0.001831,-0.099486,0.002551,0.102037,-0.033261,1.747388,-0.044805,-1.792192,-0.722382,0.089814,-0.002303,-0.092117,0.557126,0.044668,-0.001145,-0.045813,1.345867,-0.774515,0.019859,0.794374,-1.626126,-0.033407,0.000857,0.034264,-0.357540,-0.088302,0.002264,0.090566,0.461925,-0.837998,0.021487,0.859485,-1.472343,-0.812649,0.020837,0.833487,-0.005237,0.256175,-0.006569,-0.262744,-0.144700,0.177512,-0.004552,-0.182064,-0.004245,3.511130,-5.964957,-0.719995,0.000000,0.000000,0.000000,0.000000,0.000000,0.000000,-2.566227,7.297354,-1.355349,0.000041,0.000000,0.000000,405.488141,298.052479,1
12.822000,3.826840,-0.281287,0.236587,0.181956,-0.004666,-0.186622,0.019877,-0.063878,0.001638,0.065516,-0.040432,2.587191,-0.066338,-2.653530,-1.076003,0.109081,-0.002797,-0.111878,0.419203,0.038058,-0.000976,-0.039034,1.438108,-0.367485,0.009423,0.376908,-1.681486,0.015024,-0.000385,-0.015409,-0.554956,0.279165,-0.007158,-0.286323,0.281812,-1.095402,0.028087,1.123489,-1.049249,-0.503774,0.012917,0.516691,-0.042677,-0.129495,0.003320,0.132816,-0.005389,-0.129982,0.003333,0.133315,0.088095,3.314153,-5.878833,-0.503851,0.000000,0.000000,0.000000,0.000000,0.000000,0.000000,-2.465921,6.945833,-1.451533,0.000049,0.000000,0.000000,405.517547,298.057579,1
12.832000,3.827946,-0.281655,0.233798,0.181956,-0.004666,-0.186622,0.034133,-0.063878,0.001638,0.065516,-0.028799,2.587191,-0.066338,-2.653530,-1.134434,0.109081,-0.002797,-0.111878,0.433308,0.038058,-0.000976,-0.039034,1.540750,-0.367485,0.009423,0.376908,-1.937588,0.015024,-0.000385,-0.015409,-0.607714,0.279165,-0.007158,-0.286323,0.274931,-1.095402,0.028087,1.123489,-1.264824,-0.503774,0.012917,0.516691,-0.026480,-0.129495,0.003320,0.132816,-0.006830,-0.129982,0.003333,0.133315,0.071016,3.429634,-6.265415,-0.647352,0.000000,0.000000,0.000000,0.000000,0.000000,0.000000,-2.572643,7.264860,-1.513004,0.000054,0.000000,0.000000,405.571453,298.064255,1
12.834000,3.836709,-0.283889,0.237199,0.238728,-0.006121,-0.244849,0.059186,-0.100171,0.002568,0.102740,-0.067214,3.368478,-0.086371,-3.454849,-1.263673,0.116364,-0.002984,-0.119347,0.200617,-0.061183,0.001569,0.062752,1.331673,-0.799501,0.020500,0.820001,-1.865901,-0.019205,0.000492,0.019697,-0.315506,-0.044560,0.001143,0.045703,0.488108,-1.213502,0.031115,1.244617,-1.087961,0.033001,-0.000846,-0.033847,-0.439418,-0.624973,0.016025,0.640998,0.037459,0.031740,-0.000814,-0.032553,0.099351,3.468405,-6.509192,-0.685573,0.000000,0.000000,0.000000,0.000000,0.000000,0.000000,-2.768430,7.206308,-1.469261,0.000074,0.000000,0.000000,405.586352,298.067398,1
12.844000,3.837928,-0.284353,0.234533,0.238728,-0.006121,-0.244849,0.053479,-0.100171,0.002568,0.102740,-0.052038,3.368478,-0.086371,-3.454849,-1.432400,0.116364,-0.002984,-0.119347,0.196377,-0.061183,0.001569,0.062752,1.408662,-0.799501,0.020500,0.820001,-2.068637,-0.019205,0.000492,0.019697,-0.389993,-0.044560,0.001143,0.045703,0.491148,-1.213502,0.031115,1.244617,-1.294524,0.033001,-0.000846,-0.033847,-0.486472,-0.624973,0.016025,0.640998,0.060009,0.031740,-0.000814,-0.032553,0.059600,3.575157,-6.782148,-0.783944,0.000000,0.000000,0.000000,0.000000,0.000000,0.000000,-2.914934,7.550031,-1.514004,0.000085,0.000000,0.000000,405.671086,298.084954,1
12.850000,3.834547,-0.281094,0.230785,0.555781,-0.014251,-0.570031,-0.011203,-0.083544,0.002142,0.085686,-0.062910,3.956161,-0.101440,-4.057601,-1.271699,0.374067,-0.009591,-0.383658,0.220368,0.338260,-0.008673,-0.346933,1.485601,-0.909041,0.023309,0.932350,-2.216389,0.158913,-0.004075,-0.162987,-0.597928,0.284296,-0.007290,-0.291585,0.342400,-1.305660,0.033478,1.339139,-1.417663,-1.048150,0.026876,1.075025,-0.222056,0.060385,-0.001548,-0.061934,-0.007809,0.302986,-0.007769,-0.310755,0.039264,3.749468,-7.166865,-0.744293,0.000000,0.000000,0.000000,0.000000,0.000000,0.000000,-2.735238,7.871508,-1.807624,0.000102,0.000000,0.000000,405.732199,298.087014,1
12.860000,3.835395,-0.281723,0.226211,0.535834,-0.013739,-0.549573,-0.005725,-0.083387,0.002138,0.085525,-0.043620,3.466121,-0.088875,-3.554995,-1.531446,0.274375,-0.007035,-0.281410,0.293003,0.178863,-0.004586,-0.183449,1.589648,-0.749876,0.019228,0.769103,-2.295784,0.111474,-0.002858,-0.114332,-0.708724,0.187230,-0.004801,-0.192030,0.288513,-1.168742,0.029968,1.198710,-1.560137,-0.476029,0.012206,0.488235,-0.217847,-0.316642,0.008119,0.324761,-0.002548,0.141986,-0.003641,-0.145627,0.022686,3.629904,-6.965090,-0.772215,0.000000,0.000000,0.000000,0.000000,0.000000,0.000000,-2.785515,7.669513,-1.675535,0.000097,0.000000,0.000000,405.829279,298.100503,1
12.864000,3.837780,-0.283996,0.227333,0.473759,-0.012148,-0.485907,-0.022871,-0.102217,0.002621,0.104838,-0.068292,4.294905,-0.110126,-4.405030,-1.760061,0.314792,-0.008072,-0.322864,0.333452,0.159110,-0.004080,-0.163190,1.461893,-0.952043,0.024411,0.976454,-2.276585,0.094874,-0.002433,-0.097307,-0.500192,0.152850,-0.003919,-0.156769,0.302895,-1.478710,0.037916,1.516626,-1.498175,-1.002689,0.025710,1.028399,-0.137636,-0.086478,0.002217,0.088695,-0.011485,0.237947,-0.006101,-0.244048,0.035971,3.854345,-7.137781,-0.806209,0.000000,0.000000,0.000000,0.000000,0.000000,0.000000,-2.842011,7.852066,-1.719975,0.000129,0.000000,0.000000,405.880720,298.111565,1
12.874000,3.838501,-0.284574,0.224013,0.473759,-0.012148,-0.485907,-0.014747,-0.102217,0.002621,0.104838,-0.050891,4.294905,-0.110126,-4.405030,-1.913652,0.314792,-0.008072,-0.322864,0.356799,0.159110,-0.004080,-0.163190,1.507425,-0.952043,0.024411,0.976454,-2.386458,0.094874,-0.002433,-0.097307,-0.568802,0.152850,-0.003919,-0.156769,0.278087,-1.478710,0.037916,1.516626,-1.656922,-1.002689,0.025710,1.028399,-0.033691,-0.086478,0.002217,0.088695,-0.010639,0.237947,-0.006101,-0.244048,0.017122,3.869102,-7.214322,-0.876029,0.000000,0.000000,0.000000,0.000000,0.000000,0.000000,-2.941547,7.978100,-1.699828,0.000138,0.000000,0.000000,406.018573,298.143556,1
12.878000,3.853380,-0.287676,0.229278,0.233021,-0.005975,-0.238996,0.048376,-0.049288,0.001264,0.050552,-0.031219,2.676757,-0.068635,-2.745392,-0.907818,0.376822,-0.009662,-0.386484,0.375611,0.418050,-0.010719,-0.428769,1.392299,-1.513652,0.038812,1.552463,-1.893973,0.514597,-0.013195,-0.527792,-0.583735,0.779003,-0.019974,-0.798977,0.068295,-2.342434,0.060062,2.402497,-0.896153,0.167007,-0.004282,-0.171289,-1.289585,-0.499185,0.012800,0.511985,0.213124,-0.013653,0.000350,0.014004,0.153377,3.769596,-6.883085,-0.894241,0.000000,0.000000,0.000000,0.000000,0.000000,0.000000,-2.475972,7.771257,-1.686432,0.000090,0.000000,0.000000,406.054716,298.132474,1
12.888000,3.854574,-0.288348,0.226482,0.233021,-0.005975,-0.238996,0.035852,-0.049288,0.001264,0.050552,-0.036475,2.676757,-0.068635,-2.745392,-1.075753,0.376822,-0.009662,-0.386484,0.350700,0.418050,-0.010719,-0.428769,1.426681,-1.513652,0.038812,1.552463,-1.980451,0.514597,-0.013195,-0.527792,-0.703199,0.779003,-0.019974,-0.798977,0.038004,-2.342434,0.060062,2.402497,-1.046102,0.167007,-0.004282,-0.171289,-1.180610,-0.499185,0.012800,0.511985,0.118666,-0.013653,0.000350,0.014004,0.098927,3.811295,-6.998612,-0.974552,0.000000,0.000000,0.000000,0.000000,0.000000,0.000000,-2.579476,8.026476,-1.703777,0.000100,0.000000,0.000000,406.154363,298.104604,1
12.892000,3.862246,-0.289361,0.227724,-0.958297,0.024572,0.982869,1.036668,0.000516,-0.000013,-0.000529,-0.040164,2.316910,-0.059408,-2.376318,-0.631876,-0.403878,0.010356,0.414234,0.834707,0.558033,-0.014309,-0.572342,1.358867,-1.964140,0.050363,2.014502,-1.548675,0.008156,-0.000209,-0.008365,-0.249730,1.130308,-0.028982,-1.159290,0.006804,-2.861075,0.073361,2.934436,-0.634452,-0.870096,0.022310,0.892406,-0.778579,-0.761839,0.019534,0.781373,0.396808,-0.161763,0.004148,0.165911,0.264145,3.646871,-6.596886,-0.827871,0.000000,0.000000,0.000000,-0.000589,-0.000527,-0.000156,-2.405199,7.506560,-1.574809,0.000097,0.000000,0.000000,406.193100,298.091645,1
12.902000,3.862706,-0.293267,0.225061,-1.495159,0.038337,1.533496,1.416232,-0.046593,0.001195,0.047787,-0.025934,1.413203,-0.036236,-1.449439,-0.544593,-0.826274,0.021187,0.847460,1.156341,0.126120,-0.003234,-0.129354,1.425125,-1.909121,0.048952,1.958073,-1.583966,-0.384676,0.009863,0.394540,-0.050416,0.685467,-0.017576,-0.703043,0.023904,-2.740403,0.070267,2.810670,-0.766939,-0.812737,0.020839,0.833576,-0.573510,-1.205287,0.030905,1.236192,0.456762,-0.361299,0.009264,0.370563,0.266085,3.487761,-6.625474,-1.072504,0.000000,0.000000,0.000000,-0.248335,-0.385111,0.005108,-2.260355,7.779622,-1.692469,0.000106,0.000000,0.000000,406.298718,298.078113,1
12.908000,3.868544,-0.281751,0.227379,-0.605497,0.015526,0.621023,0.938390,0.023736,-0.000609,-0.024344,-0.059767,2.461607,-0.063118,-2.524725,-0.873696,0.047532,-0.001219,-0.048751,0.436922,1.044198,-0.026774,-1.070973,1.327734,-2.167768,0.055584,2.223352,-1.536744,0.537579,-0.013784,-0.551363,-0.835996,1.724162,-0.044209,-1.768371,-0.260123,-3.179653,0.081530,3.261183,-0.572738,-0.488726,0.012531,0.501257,-0.541958,-0.261829,0.006714,0.268542,0.137709,-0.333115,0.008541,0.341656,0.182788,3.460172,-7.025807,-0.927441,0.738821,4.799372,2.213130,0.000000,0.000000,0.000000,-2.609541,7.074779,-1.459384,0.000108,0.000000,0.000000,406.363577,298.058979,1
12.918000,3.866107,-0.284471,0.222064,-0.502841,0.012893,0.515735,0.904069,0.022649,-0.000581,-0.023229,-0.082289,2.647628,-0.067888,-2.715516,-1.170825,-0.110818,0.002841,0.113660,0.631979,1.020646,-0.026170,-1.046816,1.335236,-2.242809,0.057508,2.300317,-1.657889,0.364741,-0.009352,-0.374093,-0.756766,1.600742,-0.041045,-1.641787,-0.288380,-3.088617,0.079195,3.167812,-0.828794,-0.498805,0.012790,0.511595,-0.444116,-0.260655,0.006683,0.267339,0.029392,-0.228154,0.005850,0.234004,0.155202,3.669630,-7.066585,-0.903289,-0.009410,0.318701,0.197326,-0.334333,-0.854294,0.285142,-2.634071,7.857106,-1.789517,0.000126,0.000000,0.000000,406.489419,298.023540,1
12.924000,3.874246,-0.279047,0.225227,-0.746958,0.019153,0.766111,0.826764,0.288867,-0.007407,-0.296274,-0.329069,0.519630,-0.013324,-0.532954,-0.362948,0.050154,-0.001286,-0.051440,0.415141,1.235903,-0.031690,-1.267592,1.086808,-2.442892,0.062638,2.505531,-1.099150,0.765539,-0.019629,-0.785168,-1.178502,2.214640,-0.056786,-2.271425,-0.897487,-3.720732,0.095403,3.816136,0.077844,0.388596,-0.009964,-0.398560,-0.895483,-0.157861,0.004048,0.161909,0.080991,-1.015558,0.026040,1.041598,0.543243,3.362135,-6.040552,-0.614081,1.707749,4.703226,1.838256,-3.809654,-5.591845,0.264686,-2.291786,6.137228,-1.257467,0.000093,0.000000,0.000000,406.545064,298.029349,1
12.934000,3.875073,-0.279256,0.223498,-0.746958,0.019153,0.766111,0.771156,0.288867,-0.007407,-0.296274,-0.036458,0.519630,-0.013324,-0.532954,-1.603301,0.050154,-0.001286,-0.051440,0.456922,1.235903,-0.031690,-1.267592,1.086479,-2.442892,0.062638,2.505531,-1.146681,0.765539,-0.019629,-0.785168,-1.120050,2.214640,-0.056786,-2.271425,-0.917442,-3.720732,0.095403,3.816136,-0.045032,0.388596,-0.009964,-0.398560,-0.919009,-0.157861,0.004048,0.161909,0.331941,-1.015558,0.026040,1.041598,-0.093847,3.335032,-5.985055,-0.623649,2.035686,5.017912,1.867957,-3.586100,-6.160723,0.890779,-2.103101,5.755706,-1.206667,0.000094,0.000000,0.000000,406.638892,298.032309,1
12.940000,3.874975,-0.280058,0.223935,-0.650538,0.016680,0.667219,1.024690,0.596689,-0.015300,-0.611989,0.144128,-0.119895,0.003074,0.122969,-1.924581,-0.154209,0.003954,0.158163,0.706547,1.247973,-0.031999,-1.279972,1.014803,-2.560852,0.065663,2.626515,-0.875652,0.618394,-0.015856,-0.634251,-0.937651,2.178425,-0.055857,-2.234282,-0.827639,-3.666545,0.094014,3.760559,-0.062982,0.428637,-0.010991,-0.439627,-0.809310,-0.117708,0.003018,0.120727,0.085645,-0.777533,0.019937,0.797470,0.309086,3.314058,-5.395317,-0.301907,2.116099,4.873586,1.738710,-2.959367,-5.851768,1.072438,-2.141207,6.092394,-1.329686,0.000080,0.000000,0.000000,406.686967,298.030458,1
12.950000,3.875066,-0.283506,0.225042,-0.655523,0.016808,0.672331,1.106020,0.687592,-0.017631,-0.705223,0.328440,-0.156252,0.004006,0.160258,-1.881532,-0.160833,0.004124,0.164956,0.851363,1.324183,-0.033953,-1.358137,0.883373,-2.558675,0.065607,2.624282,-0.726921,0.604280,-0.015494,-0.619775,-0.485607,2.262555,-0.058014,-2.320569,-0.522307,-3.689649,0.094606,3.784256,-0.104697,0.441127,-0.011311,-0.452438,-0.748025,-0.089130,0.002285,0.091415,-0.010762,-0.880148,0.022568,0.902716,0.449463,3.387222,-4.923314,-0.140537,0.697736,0.633028,-0.023565,-2.004606,-4.458810,0.881140,-2.068937,7.467691,-1.922420,0.000072,0.000000,0.000000,406.758757,298.021493,1
12.956000,3.879084,-0.274479,0.223357,-0.667255,0.017109,0.684364,0.654875,0.512175,-0.013133,-0.525308,0.242450,-0.945218,0.024236,0.969455,-1.868584,-0.266450,0.006832,0.273282,0.379225,0.953374,-0.024445,-0.977819,0.703760,-2.792674,0.071607,2.864282,-0.617390,0.535144,-0.013722,-0.548866,-0.862725,1.801039,-0.046180,-1.847220,-0.804705,-3.723366,0.095471,3.818837,0.111723,0.376747,-0.009660,-0.386407,-0.755330,0.059309,-0.001521,-0.060830,0.587677,-1.718674,0.044069,1.762742,-0.686193,2.586827,-5.158137,-0.655904,2.272570,5.872077,2.049524,-3.420371,-6.125824,0.892795,-1.609180,3.062021,-0.268455,0.000089,0.000000,0.000000,406.811983,298.007031,1
12.966000,3.879954,-0.274500,0.222656,-0.650131,0.016670,0.666801,0.629110,0.503631,-0.012914,-0.516545,0.199395,-0.958968,0.024589,0.983557,-1.881705,-0.251398,0.006446,0.257844,0.351496,0.937891,-0.024048,-0.961939,0.616723,-2.783830,0.071380,2.855210,-0.644484,0.544894,-0.013972,-0.558866,-0.797495,1.793731,-0.045993,-1.839724,-0.904185,-3.738721,0.095865,3.834585,0.268135,0.387201,-0.009928,-0.397130,-0.716078,0.045409,-0.001164,-0.046573,0.471896,-1.711437,0.043883,1.755320,-0.692766,2.512686,-5.172579,-0.723697,2.172606,5.257571,1.719906,-3.179319,-5.738247,0.832551,-1.912114,4.558235,-0.831808,0.000096,0.000000,0.000000,406.907553,297.990097,1
12.974000,3.881184,-0.277918,0.225874,-1.057480,0.027115,1.084595,0.337882,1.685056,-0.043207,-1.728262,0.020023,-2.844548,0.072937,2.917486,-0.801343,-0.778292,0.019956,0.798249,0.105845,0.699426,-0.017934,-0.717360,0.100590,-2.337788,0.059943,2.397732,0.686580,0.681837,-0.017483,-0.699320,-0.682627,-0.085113,0.002182,0.087295,-0.169281,1.024848,-0.026278,-1.051126,-0.401782,0.247541,-0.006347,-0.253888,-0.884438,0.928834,-0.023816,-0.952650,0.621270,-3.541120,0.090798,3.631917,-0.382523,1.093801,-2.635573,-0.538476,3.210702,8.012003,2.804675,-3.551273,-5.220292,0.229206,-0.379628,0.161787,0.226084,0.000077,0.000000,0.000000,406.968849,297.980344,1
12.984000,3.880945,-0.278094,0.225543,-1.057480,0.027115,1.084595,0.406110,1.685056,-0.043207,-1.728262,-0.058133,-2.844548,0.072937,2.917486,-0.824270,-0.778292,0.019956,0.798249,0.191984,0.699426,-0.017934,-0.717360,0.127759,-2.337788,0.059943,2.397732,0.373633,0.681837,-0.017483,-0.699320,-0.463659,-0.085113,0.002182,0.087295,-0.134753,1.024848,-0.026278,-1.051126,-0.450510,0.247541,-0.006347,-0.253888,-0.705574,0.928834,-0.023816,-0.952650,0.453543,-3.541120,0.090798,3.631917,-0.398447,1.182474,-3.310614,-0.821972,3.222469,7.775405,2.667180,-3.722399,-5.281621,0.116283,-0.379091,0.144076,0.235098,0.000070,0.000000,0.000000,407.038393,297.962140,1
12.994000,3.896385,-0.269321,0.240289,-1.658285,0.042520,1.700805,0.848652,2.192805,-0.056226,-2.249031,-0.657961,-3.743724,0.095993,3.839717,-0.682118,-1.462942,0.037511,1.500453,0.673094,0.417338,-0.010701,-0.428039,-0.375040,-1.796395,0.046061,1.842456,0.387459,2.126051,-0.054514,-2.180565,1.230488,-2.392012,0.061334,2.453346,1.286669,11.767991,-0.301743,-12.069734,-5.967937,-0.361184,0.009261,0.370445,0.128553,1.758653,-0.045094,-1.803747,-1.173776,-5.099336,0.130752,5.230088,1.555132,0.915856,-3.193961,-0.908339,1.998612,4.798563,1.576062,-4.090284,-5.500604,0.167719,0.000000,0.000000,0.000000,0.000956,0.000000,0.000000,407.994354,298.812056,1
13.004000,3.897018,-0.269059,0.240914,-1.658285,0.042520,1.700805,0.826383,2.192805,-0.056226,-2.249031,-0.533522,-3.743724,0.095993,3.839717,-0.590405,-1.462942,0.037511,1.500453,0.667155,0.417338,-0.010701,-0.428039,-0.122367,-1.796395,0.046061,1.842456,0.049584,2.126051,-0.054514,-2.180565,0.366618,-2.392012,0.061334,2.453346,1.176462,11.767991,-0.301743,-12.069734,-5.847700,-0.361184,0.009261,0.370445,0.082616,1.758653,-0.045094,-1.803747,-0.796253,-5.099336,0.130752,5.230088,1.120499,0.853501,-3.416398,-1.037198,2.772103,6.405441,2.025903,-4.183692,-5.360115,0.028620,0.000000,0.000000,0.000000,0.000876,0.000000,0.000000,408.870457,299.626829,1
13.010000,3.892571,-0.276509,0.234513,-0.056421,0.001447,0.057868,-1.016861,0.054230,-0.001391,-0.055621,0.615493,-3.264157,0.083696,3.347853,-0.129498,0.159046,-0.004078,-0.163124,-1.011966,-0.241796,0.006200,0.247996,0.522635,-3.499623,0.089734,3.589357,0.085336,2.176908,-0.055818,-2.232726,-0.858263,-0.250290,0.006418,0.256707,0.102552,3.925085,-0.100643,-4.025728,-1.854334,1.065236,-0.027314,-1.092550,-0.999355,-0.917661,0.023530,0.941190,0.652832,-2.856087,0.073233,2.929320,-0.226337,0.782495,-4.007564,-1.091962,2.807051,6.698528,1.991679,-3.752836,-4.150378,-0.504351,0.000000,0.000000,0.000000,0.000129,0.000000,0.000000,408.947884,299.689981,1
13.020000,3.892761,-0.276832,0.234086,-0.056421,0.001447,0.057868,-0.964025,0.054230,-0.001391,-0.055621,0.641866,-3.264157,0.083696,3.347853,-0.128028,0.159046,-0.004078,-0.163124,-0.959234,-0.241796,0.006200,0.247996,0.524615,-3.499623,0.089734,3.589357,0.096603,2.176908,-0.055818,-2.232726,-1.007876,-0.250290,0.006418,0.256707,0.046347,3.925085,-0.100643,-4.025728,-1.820271,1.065236,-0.027314,-1.092550,-0.941925,-0.917661,0.023530,0.941190,0.787292,-2.856087,0.073233,2.929320,-0.453157,0.773860,-3.952326,-1.090995,3.072920,7.283163,2.160582,-3.820901,-4.342614,-0.449515,0.000000,0.000000,0.000000,0.000138,0.000000,0.000000,409.086295,299.791441,1
13.026000,3.912077,-0.270047,0.269774,1.178728,-0.030224,-1.208952,-1.726555,-0.406054,0.010412,0.416465,0.415623,-3.935140,0.100901,4.036042,1.739973,1.190301,-0.030521,-1.220822,-1.648973,-0.430135,0.011029,0.441164,0.435090,-4.390192,0.112569,4.502761,2.437852,0.988910,-0.025357,-1.014267,-0.298492,-0.160482,0.004115,0.164597,-0.076934,0.986115,-0.025285,-1.011400,-0.613753,1.942555,-0.049809,-1.992364,-1.463252,-1.776569,0.045553,1.822122,1.215857,-2.442690,0.062633,2.505323,0.075225,0.000000,0.000000,0.000000,2.500552,5.744131,1.442668,-2.708681,-3.619518,-0.219980,0.000000,0.000000,0.000000,0.000287,0.000000,0.000000,409.258618,299.963612,1
13.036000,3.913228,-0.270052,0.269910,1.178728,-0.030224,-1.208952,-1.713237,-0.406054,0.010412,0.416465,0.643527,-3.935140,0.100901,4.036042,1.067298,1.190301,-0.030521,-1.220822,-1.527552,-0.430135,0.011029,0.441164,0.237567,-4.390192,0.112569,4.502761,2.314951,0.988910,-0.025357,-1.014267,-0.289711,-0.160482,0.004115,0.164597,-0.046261,0.986115,-0.025285,-1.011400,-0.466076,1.942555,-0.049809,-1.992364,-1.430926,-1.776569,0.045553,1.822122,1.202527,-2.442690,0.062633,2.505323,-0.217149,0.000000,0.000000,0.000000,2.832574,6.394862,1.564356,-3.570459,-5.589659,0.093161,0.000000,0.000000,0.000000,0.000254,0.000000,0.000000,409.512610,300.206571,1
13.040000,3.919549,-0.268017,0.239874,0.711107,-0.018234,-0.729341,-0.355140,-0.314144,0.008055,0.322199,1.230559,-2.108457,0.054063,2.162520,-1.411482,-1.336216,0.034262,1.370478,0.849516,-0.361534,0.009270,0.370805,-0.057558,1.596960,-0.040948,-1.637908,-0.322985,0.501822,-0.012867,-0.514689,0.046592,-0.115271,0.002956,0.118226,-0.002279,-0.700062,0.017950,0.718012,0.273796,1.125169,-0.028850,-1.154020,0.190450,-1.007003,0.025821,1.032824,0.640836,-1.450458,0.037191,1.487649,-1.114937,0.000000,0.000000,0.000000,3.908865,6.234789,0.977500,-4.034581,-7.016097,0.972304,0.000000,0.000000,0.000000,0.000082,0.000000,0.000000,409.545344,300.199494,1
13.050000,3.920662,-0.267693,0.237670,0.711107,-0.018234,-0.729341,-0.486351,-0.314144,0.008055,0.322199,1.344384,-2.108457,0.054063,2.162520,-1.625924,-1.336216,0.034262,1.370478,0.719386,-0.361534,0.009270,0.370805,-0.047268,1.596960,-0.040948,-1.637908,-0.503356,0.501822,-0.012867,-0.514689,0.032791,-0.115271,0.002956,0.118226,0.001251,-0.700062,0.017950,0.718012,0.309738,1.125169,-0.028850,-1.154020,0.123167,-1.007003,0.025821,1.032824,0.675672,-1.450458,0.037191,1.487649,-1.306316,0.000000,0.000000,0.000000,4.010790,6.626209,1.106979,-4.213366,-7.248636,1.008707,0.000000,0.000000,0.000000,0.000092,0.000000,0.000000,409.636890,300.178321,1
13.054000,3.939894,-0.261879,0.241999,-0.164924,0.004229,0.169153,-0.218194,0.375112,-0.009618,-0.384731,1.172723,-0.429634,0.011016,0.440650,-1.526744,-0.711391,0.018241,0.729632,0.456672,0.292820,-0.007508,-0.300328,-0.251447,0.364267,-0.009340,-0.373607,-0.459910,0.489851,-0.012560,-0.502412,0.091491,-0.037287,0.000956,0.038244,-0.026467,-0.732080,0.018771,0.750851,0.801147,-0.056829,0.001457,0.058286,0.225228,0.632333,-0.016214,-0.648547,0.270325,-1.216455,0.031191,1.247646,-0.436463,0.000000,0.000000,0.000000,2.782444,6.537754,1.208809,-3.706258,-4.829125,0.487818,0.000000,0.000000,0.000000,0.000031,0.000000,0.000000,409.649382,300.175391,1
13.064000,3.941765,-0.261317,0.239854,-0.164924,0.004229,0.169153,-0.211007,0.375112,-0.009618,-0.384731,1.267457,-0.429634,0.011016,0.440650,-1.764672,-0.711391,0.018241,0.729632,0.391944,0.292820,-0.007508,-0.300328,-0.248727,0.364267,-0.009340,-0.373607,-0.249544,0.489851,-0.012560,-0.502412,0.077569,-0.037287,0.000956,0.038244,-0.049401,-0.732080,0.018771,0.750851,0.566912,-0.056829,0.001457,0.058286,0.278893,0.632333,-0.016214,-0.648547,0.316937,-1.216455,0.031191,1.247646,-0.695424,0.000000,0.000000,0.000000,3.045625,7.129980,1.278790,-3.934445,-5.244246,0.638934,0.000000,0.000000,0.000000,0.000033,0.000000,0.000000,409.682490,300.160199,1
13.070000,3.947273,-0.277093,0.244130,-0.263848,0.006765,0.270613,0.057501,0.001521,-0.000039,-0.001560,0.995295,-0.155715,0.003993,0.159708,-1.467399,-0.092328,0.002367,0.094695,-0.160883,-0.078517,0.002013,0.080530,-0.075652,1.671482,-0.042859,-1.714341,-0.480909,-0.054447,0.001396,0.055843,0.428344,-0.040615,0.001041,0.041656,-0.003357,-1.656231,0.042467,1.698698,0.836704,-0.187504,0.004808,0.192311,0.305013,0.337303,-0.008649,-0.345951,0.395064,-1.010492,0.025910,1.036402,-0.662188,0.000000,0.000000,0.000000,3.015380,6.024756,1.628662,-3.638170,-5.433013,0.158406,0.000000,0.000000,0.000000,0.000034,0.000000,0.000000,409.703035,300.167781,1
13.080000,3.948000,-0.277546,0.241990,-0.263848,0.006765,0.270613,0.088721,0.001521,-0.000039,-0.001560,1.108515,-0.155715,0.003993,0.159708,-1.814692,-0.092328,0.002367,0.094695,-0.156204,-0.078517,0.002013,0.080530,-0.051852,1.671482,-0.042859,-1.714341,-0.611770,-0.054447,0.001396,0.055843,0.453550,-0.040615,0.001041,0.041656,-0.004999,-1.656231,0.042467,1.698698,0.832682,-0.187504,0.004808,0.192311,0.370368,0.337303,-0.008649,-0.345951,0.404018,-1.010492,0.025910,1.036402,-0.934621,0.000000,0.000000,0.000000,3.293568,6.484662,1.742556,-3.960793,-6.028891,0.236546,0.000000,0.000000,0.000000,0.000040,0.000000,0.000000,409.743065,300.179428,1
13.084000,3.940228,-0.279438,0.237176,-0.133730,0.003429,0.137158,-0.024794,0.070567,-0.001809,-0.072377,1.453078,-0.402950,0.010332,0.413282,-2.242533,-0.787660,0.020196,0.807857,0.021572,-0.104455,0.002678,0.107133,-0.062255,2.698178,-0.069184,-2.767362,-0.923384,0.587272,-0.015058,-0.602330,0.024274,-0.028404,0.000728,0.029132,-0.024260,-0.119058,0.003053,0.122111,0.172277,0.030152,-0.000773,-0.030925,0.542253,0.170360,-0.004368,-0.174729,0.313343,-0.960996,0.024641,0.985637,-1.008583,0.000000,0.000000,0.000000,3.421003,6.294293,1.857018,-3.905390,-6.396448,0.271891,0.000000,0.000000,0.000000,0.000047,0.000000,0.000000,409.761932,300.181311,1
13.094000,3.941040,-0.280074,0.234296,-0.133730,0.003429,0.137158,-0.022607,0.070567,-0.001809,-0.072377,1.530663,-0.402950,0.010332,0.413282,-2.440141,-0.787660,0.020196,0.807857,0.025678,-0.104455,0.002678,0.107133,-0.049118,2.698178,-0.069184,-2.767362,-1.082377,0.587272,-0.015058,-0.602330,0.002125,-0.028404,0.000728,0.029132,-0.020597,-0.119058,0.003053,0.122111,0.109292,0.030152,-0.000773,-0.030925,0.610206,0.170360,-0.004368,-0.174729,0.326282,-0.960996,0.024641,0.985637,-1.221904,0.000000,0.000000,0.000000,3.605163,6.589612,1.955116,-4.073212,-6.636863,0.268170,0.000000,0.000000,0.000000,0.000054,0.000000,0.000000,409.816323,300.187508,1
13.098000,3.960580,-0.262347,0.235673,-0.238149,0.006106,0.244255,-0.248772,0.266664,-0.006838,-0.273501,1.499222,-0.369926,0.009485,0.379411,-2.101870,-0.720986,0.018487,0.739473,0.038047,-0.067172,0.001722,0.068895,-0.035278,2.576835,-0.066073,-2.642907,-0.912178,0.360794,-0.009251,-0.370045,0.407450,-0.034746,0.000891,0.035636,-0.047003,-0.621979,0.015948,0.637927,0.405128,-0.049189,0.001261,0.050450,0.354537,0.385336,-0.009880,-0.395216,0.432102,-0.980179,0.025133,1.005311,-1.083494,0.000000,0.000000,0.000000,3.258098,7.360082,1.352168,-4.255681,-5.824583,0.775567,0.000000,0.000000,0.000000,0.000054,0.000000,0.000000,409.837917,300.187636,1
13.108000,3.962303,-0.261667,0.232693,-0.238149,0.006106,0.244255,-0.223445,0.266664,-0.006838,-0.273501,1.568652,-0.369926,0.009485,0.379411,-2.279385,-0.720986,0.018487,0.739473,0.066960,-0.067172,0.001722,0.068895,-0.036446,2.576835,-0.066073,-2.642907,-1.056173,0.360794,-0.009251,-0.370045,0.381061,-0.034746,0.000891,0.035636,-0.047167,-0.621979,0.015948,0.637927,0.361201,-0.049189,0.001261,0.050450,0.448656,0.385336,-0.009880,-0.395216,0.435103,-0.980179,0.025133,1.005311,-1.282011,0.000000,0.000000,0.000000,3.424382,7.650162,1.346991,-4.351203,-6.026195,0.895419,0.000000,0.000000,0.000000,0.000060,0.000000,0.000000,409.898401,300.189031,1
13.112000,3.962764,-0.260357,0.234844,0.446915,-0.011459,-0.458374,-0.037575,-0.416110,0.010669,0.426780,1.115902,0.215121,-0.005516,-0.220637,-2.097877,0.431278,-0.011058,-0.442337,-0.238380,-0.019536,0.000501,0.020037,-0.037417,1.230837,-0.031560,-1.262397,-0.571348,-1.404143,0.036004,1.440147,0.823899,-2.183602,0.055990,2.239591,0.662022,-0.742227,0.019031,0.761258,0.832149,0.486174,-0.012466,-0.498640,0.006442,-0.036634,0.000939,0.037573,0.433563,-0.585392,0.015010,0.600402,-1.020694,0.000000,0.000000,0.000000,3.153387,6.124421,0.968033,-3.195328,-5.559885,0.687691,0.000000,0.000000,0.000000,0.000057,0.000000,0.000000,409.921276,300.206972,1
13.122000,3.962945,-0.260142,0.231656,0.490114,-0.012567,-0.502681,-0.056960,-0.422731,0.010839,0.433571,1.183956,0.225365,-0.005779,-0.231143,-2.343050,0.485973,-0.012461,-0.498434,-0.399280,-0.019557,0.000501,0.020059,-0.040430,1.171336,-0.030034,-1.201370,-0.504306,-1.489297,0.038187,1.527484,1.128886,-2.248069,0.057643,2.305712,0.826891,-0.771598,0.019785,0.791383,0.552807,0.527113,-0.013516,-0.540629,0.014738,-0.043820,0.001124,0.044944,0.456903,-0.568660,0.014581,0.583241,-1.267031,0.289059,-0.244663,0.163407,3.279229,6.545067,1.094418,-3.400122,-5.958543,0.744564,0.000000,0.000000,0.000000,0.000067,0.000000,0.000000,409.988527,300.259268,1
13.128000,3.964600,-0.274567,0.229692,-0.041333,0.001060,0.042393,-0.158334,0.741455,-0.019012,-0.760467,1.450032,-1.560982,0.040025,1.601007,-2.136777,-0.642872,0.016484,0.659355,-0.038932,0.004208,-0.000108,-0.004316,-0.066008,3.287072,-0.084284,-3.371356,-0.820010,0.489230,-0.012544,-0.501774,0.626495,-0.055664,0.001427,0.057092,0.042970,0.121467,-0.003115,-0.124582,0.156571,-0.177764,0.004558,0.182322,0.668522,0.862225,-0.022108,-0.884333,0.160107,-1.854389,0.047548,1.901937,-1.089589,0.000000,0.000000,0.000000,3.489531,7.570661,1.842388,-4.499041,-7.146594,0.919839,0.000000,0.000000,0.000000,0.000100,0.000000,0.000000,410.048485,300.233980,1
13.138000,3.965503,-0.274401,0.226741,-0.041333,0.001060,0.042393,-0.157691,0.741455,-0.019012,-0.760467,1.483637,-1.560982,0.040025,1.601007,-2.239862,-0.642872,0.016484,0.659355,0.004329,0.004208,-0.000108,-0.004316,-0.077101,3.287072,-0.084284,-3.371356,-1.196974,0.489230,-0.012544,-0.501774,0.509528,-0.055664,0.001427,0.057092,0.011425,0.121467,-0.003115,-0.124582,0.080759,-0.177764,0.004558,0.182322,0.762696,0.862225,-0.022108,-0.884333,0.111505,-1.854389,0.047548,1.901937,-1.222274,-0.000120,-0.000374,-0.000317,3.584447,7.698495,1.846919,-4.544242,-7.213626,0.959923,0.000000,0.000000,0.000000,0.000116,0.000000,0.000000,410.164368,300.201663,1
13.144000,3.968702,-0.272615,0.227061,0.204190,-0.005236,-0.209426,-0.238479,0.769815,-0.019739,-0.789554,1.178468,-2.039530,0.052296,2.091826,-1.736122,-0.317212,0.008134,0.325346,-0.196754,0.008184,-0.000210,-0.008394,-0.036263,1.980547,-0.050783,-2.031330,-0.678965,-0.851722,0.021839,0.873561,1.233238,-0.090119,0.002311,0.092429,-0.008530,-0.205389,0.005266,0.210656,0.319232,-0.242264,0.006212,0.248476,0.855245,1.174414,-0.030113,-1.204527,-0.266714,-2.532332,0.064932,2.597263,-0.701063,-0.001425,-0.054481,-0.030018,3.352673,6.408419,1.297548,-4.018025,-6.658103,1.003464,-0.053818,0.038935,0.010804,0.000096,0.000000,0.000000,410.221702,300.181623,1
13.154000,3.969411,-0.272321,0.224413,0.204190,-0.005236,-0.209426,-0.236403,0.769815,-0.019739,-0.789554,1.225381,-2.039530,0.052296,2.091826,-1.794020,-0.317212,0.008134,0.325346,-0.148000,0.008184,-0.000210,-0.008394,-0.039010,1.980547,-0.050783,-2.031330,-0.777184,-0.851722,0.021839,0.873561,1.276074,-0.090119,0.002311,0.092429,-0.020594,-0.205389,0.005266,0.210656,0.198363,-0.242264,0.006212,0.248476,0.953372,1.174414,-0.030113,-1.204527,-0.256555,-2.532332,0.064932,2.597263,-0.873055,-0.025962,-0.446417,-0.262546,3.506755,6.836999,1.423138,-4.077730,-6.751122,1.045146,-0.254214,0.201585,0.041690,0.000104,0.000000,0.000000,410.325390,300.144554,1
13.158000,3.977827,-0.272303,0.227414,-0.016127,0.000414,0.016540,-0.202626,1.274598,-0.032682,-1.307280,0.981523,-2.156699,0.055300,2.211999,-1.337887,0.163258,-0.004186,-0.167444,-0.608729,0.011867,-0.000304,-0.012171,-0.060330,1.683242,-0.043160,-1.726402,-0.620736,-0.284107,0.007285,0.291392,1.245863,-0.038732,0.000993,0.039725,-0.023704,-0.006849,0.000176,0.007025,0.238033,-0.630064,0.016155,0.646219,1.184627,2.039003,-0.052282,-2.091285,-0.777168,-3.117813,0.079944,3.197756,-0.153290,0.552353,-1.440117,-0.271716,3.114848,6.357665,1.369630,-3.991806,-5.895280,0.684003,-0.012254,0.045120,-0.017316,0.000087,0.000000,0.000000,410.360058,300.141326,1
13.168000,3.978598,-0.271980,0.225105,-0.016127,0.000414,0.016540,-0.240832,1.274598,-0.032682,-1.307280,1.067535,-2.156699,0.055300,2.211999,-1.436107,0.163258,-0.004186,-0.167444,-0.507988,0.011867,-0.000304,-0.012171,-0.167753,1.683242,-0.043160,-1.726402,-0.888176,-0.284107,0.007285,0.291392,1.102800,-0.038732,0.000993,0.039725,-0.023165,-0.006849,0.000176,0.007025,0.129458,-0.630064,0.016155,0.646219,1.216413,2.039003,-0.052282,-2.091285,-0.701773,-3.117813,0.079944,3.197756,-0.401530,2.130687,-4.947612,-0.596292,3.204183,6.966120,1.636693,-4.249861,-5.933998,0.554839,-0.013414,0.134037,-0.065221,0.000101,0.000000,0.000000,410.460633,300.124678,1
13.176000,3.988551,-0.268142,0.226373,-0.018779,0.000482,0.019261,-0.445400,1.283761,-0.032917,-1.316678,1.126389,-2.192510,0.056218,2.248728,-1.137128,0.222261,-0.005699,-0.227960,-0.674184,0.055977,-0.001435,-0.057413,0.488966,1.394928,-0.035767,-1.430695,-2.382003,-0.356312,0.009136,0.365448,0.932900,-0.038872,0.000997,0.039869,-0.013601,-0.021438,0.000550,0.021987,0.090700,-0.665448,0.017063,0.682511,0.982181,2.105737,-0.053993,-2.159730,-0.487830,-3.227382,0.082753,3.310135,-0.368780,1.751282,-5.351924,-1.173752,2.918391,7.249264,1.750756,-4.191507,-4.967730,0.286360,0.000000,0.000000,0.000000,0.000109,0.000000,0.000000,410.548045,300.127321,1
13.186000,3.989430,-0.267769,0.224472,-0.018779,0.000482,0.019261,-0.520333,1.283761,-0.032917,-1.316678,1.150234,-2.192510,0.056218,2.248728,-1.103239,0.222261,-0.005699,-0.227960,-0.814795,0.055977,-0.001435,-0.057413,0.605851,1.394928,-0.035767,-1.430695,-2.692357,-0.356312,0.009136,0.365448,0.874255,-0.038872,0.000997,0.039869,-0.013588,-0.021438,0.000550,0.021987,0.055614,-0.665448,0.017063,0.682511,0.945990,2.105737,-0.053993,-2.159730,-0.457553,-3.227382,0.082753,3.310135,-0.443268,1.552962,-5.154230,-1.258785,2.915662,7.461102,1.857976,-4.082914,-4.819004,0.286227,-0.000709,0.001669,-0.000464,0.000115,0.000000,0.000000,410.663048,300.132163,1
13.194000,3.986191,-0.278315,0.225700,0.175966,-0.004512,-0.180478,-0.550669,1.351522,-0.034654,-1.386177,0.765602,-2.585068,0.066284,2.651352,-0.426865,0.373963,-0.009589,-0.383552,-0.852987,1.085029,-0.027821,-1.112850,0.115579,-1.241420,0.031831,1.273251,-1.792292,-0.820599,0.021041,0.841640,1.064107,-0.034311,0.000880,0.035191,0.000454,-0.087983,0.002256,0.090239,0.064834,-0.637353,0.016342,0.653696,1.122419,2.299710,-0.058967,-2.358677,-0.997487,-3.647774,0.093533,3.741307,0.300685,2.082503,-6.134939,-1.306095,2.511289,5.748560,1.468456,-3.467438,-3.810531,-0.097365,-0.134293,0.251151,-0.056287,0.000101,0.000000,0.000000,410.744193,300.139649,1
13.204000,3.986451,-0.278567,0.224633,0.175966,-0.004512,-0.180478,-0.632487,1.351522,-0.034654,-1.386177,0.802172,-2.585068,0.066284,2.651352,-0.361847,0.373963,-0.009589,-0.383552,-0.974215,1.085029,-0.027821,-1.112850,0.156677,-1.241420,0.031831,1.273251,-1.823127,-0.820599,0.021041,0.841640,1.007931,-0.034311,0.000880,0.035191,-0.007070,-0.087983,0.002256,0.090239,0.041318,-0.637353,0.016342,0.653696,1.035493,2.299710,-0.058967,-2.358677,-0.867782,-3.647774,0.093533,3.741307,0.139670,1.854154,-5.707400,-1.294368,2.539352,6.182231,1.708163,-3.427535,-3.803139,-0.080128,-0.286032,0.514759,-0.109478,0.000092,0.000000,0.000000,410.835726,300.139838,1
13.210000,3.987879,-0.270735,0.222683,0.192833,-0.004944,-0.197777,-0.728282,1.286272,-0.032981,-1.319254,0.755409,-2.525785,0.064764,2.590548,-0.089531,0.363572,-0.009322,-0.372895,-1.136921,1.100655,-0.028222,-1.128877,-0.057816,-1.427976,0.036615,1.464591,-1.410104,-0.635876,0.016305,0.652181,0.872564,-0.026959,0.000691,0.027650,-0.014272,-0.044793,0.001149,0.045941,0.028937,-0.577318,0.014803,0.592121,0.968454,2.215231,-0.056801,-2.272032,-0.790817,-3.598599,0.092272,3.690870,0.099933,1.430636,-5.072855,-1.394758,2.458832,6.599752,1.746472,-3.213023,-3.571440,-0.006158,-0.075056,0.141470,-0.038488,0.000072,0.000000,0.000000,410.879147,300.143730,1
13.220000,3.987870,-0.271038,0.221395,0.192833,-0.004944,-0.197777,-0.756119,1.286272,-0.032981,-1.319254,0.824862,-2.525785,0.064764,2.590548,-0.164274,0.363572,-0.009322,-0.372895,-1.191463,1.100655,-0.028222,-1.128877,-0.085530,-1.427976,0.036615,1.464591,-1.347018,-0.635876,0.016305,0.652181,0.876049,-0.026959,0.000691,0.027650,-0.012322,-0.044793,0.001149,0.045941,0.022719,-0.577318,0.014803,0.592121,0.945452,2.215231,-0.056801,-2.272032,-0.709032,-3.598599,0.092272,3.690870,-0.083609,1.400749,-5.022039,-1.412189,2.485821,6.924987,1.921308,-3.250279,-3.791117,0.096117,-0.214116,0.393203,-0.104880,0.000072,0.000000,0.000000,410.951438,300.140110,1
13.228000,3.998826,-0.280628,0.229136,0.624986,-0.016025,-0.641012,-0.539812,1.034514,-0.026526,-1.061040,0.675500,-3.154428,0.080883,3.235311,0.459911,0.710312,-0.018213,-0.728526,-0.678064,1.063641,-0.027273,-1.090914,0.332776,-2.688793,0.068943,2.757736,-0.185607,-0.965826,0.024765,0.990590,0.327386,-0.015288,0.000392,0.015680,0.968626,-0.083952,0.002153,0.086105,-0.800983,-0.208269,0.005340,0.213609,0.662708,1.842668,-0.047248,-1.889916,-0.343699,-3.889774,0.099738,3.989512,0.880374,1.734230,-4.974851,-0.923245,4.218591,9.652806,3.157475,-2.500138,-4.159313,0.774059,-3.198531,7.765558,-2.034863,0.000086,0.000000,0.000000,411.020489,300.182592,1
13.238000,3.998328,-0.281117,0.228516,0.624986,-0.016025,-0.641012,-0.532668,1.034514,-0.026526,-1.061040,0.543557,-3.154428,0.080883,3.235311,0.130866,0.710312,-0.018213,-0.728526,-0.721424,1.063641,-0.027273,-1.090914,0.056098,-2.688793,0.068943,2.757736,-0.367726,-0.965826,0.024765,0.990590,0.354573,-0.015288,0.000392,0.015680,0.961884,-0.083952,0.002153,0.086105,-1.133730,-0.208269,0.005340,0.213609,0.620674,1.842668,-0.047248,-1.889916,-0.259951,-3.889774,0.099738,3.989512,0.077052,1.918076,-5.453846,-1.007927,3.587344,7.970804,2.525439,-2.724371,-4.808063,0.991382,-2.716963,6.192929,-1.534108,0.000043,0.000000,0.000000,411.063866,300.190975,1
13.244000,4.011844,-0.279421,0.233300,1.640974,-0.042076,-1.683051,-0.314871,-0.200651,0.005145,0.205796,0.162203,-3.165024,0.081154,3.246179,1.147162,1.665297,-0.042700,-1.707997,-0.311063,0.493634,-0.012657,-0.506291,0.543799,-3.983686,0.102146,4.085832,0.296359,0.485594,-0.012451,-0.498045,-0.050006,-0.273977,0.007025,0.281002,1.442521,-2.361010,0.060539,2.421549,-1.178798,-6.552804,0.168021,6.720824,3.559280,0.005349,-0.000137,-0.005487,-0.309382,11.416901,-0.292741,-11.709642,-5.600362,3.418841,-5.124044,0.419669,0.000000,0.000000,0.000000,-0.412686,-2.280025,1.030328,-2.344578,9.649946,-3.525080,0.000991,0.000000,0.000000,411.658410,300.747962,1
13.254000,4.011957,-0.278689,0.233119,1.640974,-0.042076,-1.683051,-0.256722,-0.200651,0.005145,0.205796,0.249817,-3.165024,0.081154,3.246179,0.813601,1.665297,-0.042700,-1.707997,-0.244948,0.493634,-0.012657,-0.506291,0.537110,-3.983686,0.102146,4.085832,0.137971,0.485594,-0.012451,-0.498045,-0.063904,-0.273977,0.007025,0.281002,1.312416,-2.361010,0.060539,2.421549,-1.215529,-6.552804,0.168021,6.720824,4.262985,0.005349,-0.000137,-0.005487,-0.292817,11.416901,-0.292741,-11.709642,-5.578071,3.609801,-5.533159,0.405637,0.000000,0.000000,0.000000,-0.726689,-2.915993,1.230543,-2.407587,9.372601,-3.362301,0.001017,0.000000,0.000000,412.675333,301.700577,1
13.260000,4.005352,-0.277970,0.234922,-0.465240,0.011929,0.477170,0.437550,0.556289,-0.014264,-0.570552,-0.075166,-4.285552,0.109886,4.395438,2.082247,-0.451291,0.011572,0.462862,1.454803,0.315699,-0.008095,-0.323794,0.598944,-3.828877,0.098176,3.927053,0.056490,-1.303789,0.033430,1.337220,1.269727,-0.736675,0.018889,0.755565,0.795728,-2.037061,0.052232,2.089293,-0.550059,-1.972928,0.050588,2.023516,1.344900,0.302510,-0.007757,-0.310267,-0.273522,2.542513,-0.065193,-2.607705,-1.147942,3.281756,-5.935784,0.103747,0.000000,0.000000,0.000000,-0.003467,-0.646309,0.395903,-1.956067,6.657928,-1.942141,0.000197,0.000000,0.000000,412.793781,301.802907,1
13.270000,4.005333,-0.278151,0.234032,-0.465240,0.011929,0.477170,0.490717,0.556289,-0.014264,-0.570552,-0.206355,-4.285552,0.109886,4.395438,1.978706,-0.451291,0.011572,0.462862,1.349909,0.315699,-0.008095,-0.323794,0.681245,-3.828877,0.098176,3.927053,-0.183479,-1.303789,0.033430,1.337220,1.111140,-0.736675,0.018889,0.755565,0.812382,-2.037061,0.052232,2.089293,-0.752978,-1.972928,0.050588,2.023516,1.242664,0.302510,-0.007757,-0.310267,-0.234072,2.542513,-0.065193,-2.607705,-1.132013,3.369679,-6.395741,-0.040768,0.000000,0.000000,0.000000,-0.031588,-1.033687,0.628896,-2.246380,7.274042,-2.049718,0.000198,0.000000,0.000000,412.992052,301.950891,1
13.278000,4.026701,-0.286780,0.281906,2.892117,-0.074157,-2.966274,-4.114949,-3.323955,0.085230,3.409185,1.738422,3.630393,-0.093087,-3.723480,-3.039322,-1.755373,0.045010,1.800383,3.341764,-0.396636,0.010170,0.406807,0.760569,-3.288899,0.084331,3.373230,1.514966,-2.196454,0.056319,2.252773,2.911332,-1.056278,0.027084,1.083362,0.919854,-2.269748,0.058199,2.327947,1.060560,-0.292341,0.007496,0.299837,-0.049829,-0.234118,0.006003,0.240121,0.022702,-0.496179,0.012723,0.508902,0.503888,2.835136,-2.550440,0.999984,0.000000,0.000000,0.000000,0.000000,0.000000,0.000000,-0.745077,5.641087,-1.988545,0.000512,0.000000,0.000000,413.401544,302.360145,1
13.288000,4.028265,-0.287052,0.282724,2.892117,-0.074157,-2.966274,-3.801692,-3.323955,0.085230,3.409185,1.570923,3.630393,-0.093087,-3.723480,-2.305035,-1.755373,0.045010,1.800383,3.235852,-0.396636,0.010170,0.406807,0.955454,-3.288899,0.084331,3.373230,1.021290,-2.196454,0.056319,2.252773,2.773459,-1.056278,0.027084,1.083362,1.083852,-2.269748,0.058199,2.327947,0.560271,-0.292341,0.007496,0.299837,-0.074244,-0.234118,0.006003,0.240121,-0.018014,-0.496179,0.012723,0.508902,0.377138,3.232172,-4.189421,0.655167,0.000000,0.000000,0.000000,0.000000,0.000000,0.000000,-1.228754,6.887105,-2.206894,0.000438,0.000000,0.000000,413.839741,302.797810,1
13.292000,4.025676,-0.277740,0.235726,1.067740,-0.027378,-1.095118,-0.223504,0.205495,-0.005269,-0.210764,-0.685848,-2.133911,0.054716,2.188627,3.492847,-0.217317,0.005572,0.222889,0.498436,-0.696449,0.017858,0.714307,1.492929,-1.874347,0.048060,1.922407,-1.108423,-0.666157,0.017081,0.683238,-0.197508,-1.504227,0.038570,1.542797,1.159634,-0.748740,0.019198,0.767939,-1.546034,-1.117097,0.028644,1.145740,0.262659,0.564576,-0.014476,-0.579052,-0.241486,2.653377,-0.068035,-2.721412,-0.836214,3.079214,-6.939209,-0.696939,0.000000,0.000000,0.000000,0.000000,0.000000,0.000000,-2.830193,7.159562,-1.569619,0.000172,0.000000,0.000000,413.908421,302.838865,1
13.302000,4.026407,-0.277499,0.233133,1.067740,-0.027378,-1.095118,-0.183009,0.205495,-0.005269,-0.210764,-0.409153,-2.133911,0.054716,2.188627,2.124505,-0.217317,0.005572,0.222889,0.525949,-0.696449,0.017858,0.714307,1.597669,-1.874347,0.048060,1.922407,-1.420691,-0.666157,0.017081,0.683238,-0.250370,-1.504227,0.038570,1.542797,1.109427,-0.748740,0.019198,0.767939,-1.725068,-1.117097,0.028644,1.145740,0.252139,0.564576,-0.014476,-0.579052,-0.260575,2.653377,-0.068035,-2.721412,-1.010930,3.279434,-7.393890,-0.756794,0.000000,0.000000,0.000000,0.009806,-0.072443,0.049719,-2.886777,7.300386,-1.611363,0.000153,0.000000,0.000000,414.061664,302.907569,1
13.308000,4.042252,-0.289541,0.240523,0.919001,-0.023564,-0.942565,-0.393830,0.157600,-0.004041,-0.161642,-0.197807,1.256656,-0.032222,-1.288878,0.093455,-0.402853,0.010330,0.413183,0.350376,-0.761796,0.019533,0.781329,1.378033,-1.725177,0.044235,1.769412,-1.201701,-0.668116,0.017131,0.685247,-0.307322,-1.552829,0.039816,1.592645,0.986593,-0.628087,0.016105,0.644192,-1.475545,0.389586,-0.009989,-0.399576,-0.674597,0.023687,-0.000607,-0.024294,-0.035327,-0.037609,0.000964,0.038573,0.034271,3.103239,-6.737846,-1.416709,0.000000,0.000000,0.000000,0.000000,0.000000,0.000000,-2.795053,6.750655,-0.848935,0.000069,0.000000,0.000000,414.102918,302.907928,1
13.318000,4.043595,-0.290372,0.237922,0.919001,-0.023564,-0.942565,-0.293011,0.157600,-0.004041,-0.161642,-0.140993,1.256656,-0.032222,-1.288878,-0.234388,-0.402853,0.010330,0.413183,0.469087,-0.761796,0.019533,0.781329,1.498051,-1.725177,0.044235,1.769412,-1.428949,-0.668116,0.017131,0.685247,-0.263369,-1.552829,0.039816,1.592645,1.014615,-0.628087,0.016105,0.644192,-1.686882,0.389586,-0.009989,-0.399576,-0.684835,0.023687,-0.000607,-0.024294,-0.020680,-0.037609,0.000964,0.038573,0.027743,3.269614,-7.042800,-1.519426,0.000000,0.000000,0.000000,0.012807,-0.027747,0.024951,-2.856980,7.158265,-0.940733,0.000077,0.000000,0.000000,414.179438,302.908538,1
13.322000,4.045529,-0.289862,0.236296,1.453393,-0.037266,-1.490660,-0.410178,0.089524,-0.002295,-0.091819,-0.134759,4.377387,-0.112241,-4.489628,-1.270373,0.040321,-0.001034,-0.041354,0.264608,-0.024565,0.000630,0.025194,1.381559,-1.126056,0.028873,1.154929,-1.832102,-0.150698,0.003864,0.154562,-0.399688,-0.104048,0.002668,0.106716,0.512891,-1.326047,0.034001,1.360049,-1.245453,-1.178635,0.030221,1.208857,0.007528,-0.065836,0.001688,0.067524,-0.013840,1.606313,-0.041188,-1.647500,-0.060603,3.335081,-6.982976,-1.103811,0.000000,0.000000,0.000000,0.000000,0.000000,0.000000,-2.696899,7.601284,-1.428251,0.000104,0.000000,0.000000,414.221075,302.919107,1
13.332000,4.051463,-0.299690,0.226038,0.534560,-0.013707,-0.548267,-0.274251,0.047692,-0.001223,-0.048915,-0.136930,2.014409,-0.051652,-2.066061,-1.024458,-0.055470,0.001422,0.056892,0.520881,-0.460964,0.011820,0.472784,1.528197,-1.129237,0.028955,1.158192,-1.853457,-0.226941,0.005819,0.232760,-0.361560,-0.681601,0.017477,0.699078,0.565573,-1.084174,0.027799,1.111973,-1.418340,-0.122066,0.003130,0.125196,-0.137422,-0.129252,0.003314,0.132566,-0.013786,-0.094398,0.002420,0.096819,0.027050,3.163772,-6.533775,-0.711539,0.000000,0.000000,0.000000,0.000000,0.000000,0.000000,-2.542503,7.191035,-1.349553,0.000073,0.000000,0.000000,414.293583,302.915075,1
13.338000,4.075050,-0.286954,0.256888,-0.884507,0.022680,0.907186,0.513041,-0.009508,0.000244,0.009751,-0.114848,-0.432979,0.011102,0.444081,-0.199367,0.518653,-0.013299,-0.531952,0.002550,-0.452358,0.011599,0.463957,1.464692,0.185979,-0.004769,-0.190747,-1.621115,0.495623,-0.012708,-0.508332,-0.495272,0.125433,-0.003216,-0.128649,0.439393,-1.110215,0.028467,1.138682,-0.346995,1.201061,-0.030796,-1.231857,-0.868212,-0.059694,0.001531,0.061224,0.001605,-4.237396,0.108651,4.346047,1.990302,2.456398,-5.410167,-0.133472,0.000000,0.000000,0.000000,0.000000,0.000000,0.000000,-1.817248,6.424252,-1.803469,0.000120,0.000000,0.000000,414.365392,302.980372,1
13.348000,4.077034,-0.286383,0.254734,-0.884507,0.022680,0.907186,0.641018,-0.009508,0.000244,0.009751,-0.095938,-0.432979,0.011102,0.444081,-0.013530,0.518653,-0.013299,-0.531952,-0.047533,-0.452358,0.011599,0.463957,1.577518,0.185979,-0.004769,-0.190747,-1.880548,0.495623,-0.012708,-0.508332,-0.607896,0.125433,-0.003216,-0.128649,0.487303,-1.110215,0.028467,1.138682,-0.627248,1.201061,-0.030796,-1.231857,-1.077312,-0.059694,0.001531,0.061224,-0.010345,-4.237396,0.108651,4.346047,2.068523,2.608581,-5.974478,-0.235591,0.000000,0.000000,0.000000,0.000000,0.000000,0.000000,-2.017323,6.980474,-1.942866,0.000131,0.000000,0.000000,414.496471,303.095761,1
13.354000,4.060944,-0.291578,0.229813,0.931467,-0.023884,-0.955351,-0.046140,-0.067956,0.001742,0.069699,-0.064036,2.744418,-0.070370,-2.814788,-0.943505,-0.116526,0.002988,0.119514,0.399588,-0.106283,0.002725,0.109008,1.457923,-0.863475,0.022140,0.885615,-2.009484,-0.339608,0.008708,0.348316,-0.287876,-0.400765,0.010276,0.411041,0.535397,-0.813431,0.020857,0.834289,-1.431099,-0.809940,0.020768,0.830708,-0.006098,-0.171002,0.004385,0.175386,-0.027132,0.898759,-0.023045,-0.921804,-0.031538,3.219750,-6.891643,-0.792967,0.000000,0.000000,0.000000,0.000000,0.000000,0.000000,-2.585940,7.152371,-1.447655,0.000062,0.000000,0.000000,414.533934,303.096166,1
13.364000,4.061758,-0.292027,0.226690,0.931467,-0.023884,-0.955351,-0.084785,-0.067956,0.001742,0.069699,-0.051193,2.744418,-0.070370,-2.814788,-1.108812,-0.116526,0.002988,0.119514,0.428542,-0.106283,0.002725,0.109008,1.536986,-0.863475,0.022140,0.885615,-2.192426,-0.339608,0.008708,0.348316,-0.333938,-0.400765,0.010276,0.411041,0.541044,-0.813431,0.020857,0.834289,-1.639076,-0.809940,0.020768,0.830708,0.010572,-0.171002,0.004385,0.175386,-0.026150,0.898759,-0.023045,-0.921804,-0.155997,3.306168,-7.116946,-0.870031,0.000000,0.000000,0.000000,0.000000,0.000000,0.000000,-2.688671,7.447503,-1.502947,0.000072,0.000000,0.000000,414.606228,303.099789,1
13.370000,4.073059,-0.294453,0.230043,1.638858,-0.042022,-1.680880,-0.112775,-0.014912,0.000382,0.015295,-0.083503,6.617989,-0.169692,-6.787681,-1.977062,0.382865,-0.009817,-0.392682,0.023100,0.882909,-0.022639,-0.905548,1.324703,-1.475319,0.037829,1.513148,-2.298941,0.456857,-0.011714,-0.468571,-0.841171,1.306393,-0.033497,-1.339890,-0.087242,-2.498923,0.064075,2.562998,-1.031189,-0.917751,0.023532,0.941283,-0.299038,-0.037803,0.000969,0.038772,-0.055080,1.601875,-0.041074,-1.642948,0.077091,3.534839,-7.709403,-1.344794,0.000000,0.000000,0.000000,0.000000,0.000000,0.000000,-2.786675,8.084471,-1.482432,0.000219,0.000000,0.000000,414.737400,303.138060,1
13.380000,4.074026,-0.295085,0.227072,1.638858,-0.042022,-1.680880,-0.304673,-0.014912,0.000382,0.015295,-0.106115,6.617989,-0.169692,-6.787681,-2.638217,0.382865,-0.009817,-0.392682,0.020865,0.882909,-0.022639,-0.905548,1.355096,-1.475319,0.037829,1.513148,-2.389153,0.456857,-0.011714,-0.468571,-0.934482,1.306393,-0.033497,-1.339890,-0.124730,-2.498923,0.064075,2.562998,-1.174488,-0.917751,0.023532,0.941283,-0.186083,-0.037803,0.000969,0.038772,-0.061797,1.601875,-0.041074,-1.642948,-0.282706,3.684201,-7.730029,-1.294456,0.000000,0.000000,0.000000,0.000000,0.000000,0.000000,-2.867814,8.281560,-1.488689,0.000275,0.000000,0.000000,415.012688,303.252551,1
13.384000,4.083393,-0.295823,0.225890,0.311202,-0.007980,-0.319181,0.036097,0.001877,-0.000048,-0.001925,-0.056317,1.953960,-0.050102,-2.004062,-0.602010,0.079246,-0.002032,-0.081278,0.257520,0.686817,-0.017611,-0.704427,1.368717,-1.702344,0.043650,1.745994,-1.796930,0.487521,-0.012501,-0.500022,-0.994618,1.195981,-0.030666,-1.226647,-0.214300,-2.445353,0.062701,2.508054,-0.786623,1.135243,-0.029109,-1.164352,-1.474861,-0.704957,0.018076,0.723033,0.124688,-0.120748,0.003096,0.123844,0.304978,3.088710,-6.822753,-1.041231,0.084358,0.031063,-0.022912,0.000000,0.000000,0.000000,-2.390836,7.000963,-1.373357,0.000099,0.000000,0.000000,415.052364,303.243371,1
13.394000,4.084414,-0.296383,0.223039,0.311202,-0.007980,-0.319181,0.021077,0.001877,-0.000048,-0.001925,-0.045282,1.953960,-0.050102,-2.004062,-0.730196,0.079246,-0.002032,-0.081278,0.256289,0.686817,-0.017611,-0.704427,1.417418,-1.702344,0.043650,1.745994,-1.858203,0.487521,-0.012501,-0.500022,-1.102780,1.195981,-0.030666,-1.226647,-0.228202,-2.445353,0.062701,2.508054,-0.943470,1.135243,-0.029109,-1.164352,-1.536696,-0.704957,0.018076,0.723033,0.141195,-0.120748,0.003096,0.123844,0.170896,3.131887,-6.920330,-1.097872,0.373685,0.145334,-0.097767,-0.008612,-0.099453,0.058688,-2.472084,7.333019,-1.446037,0.000108,0.000000,0.000000,415.160804,303.219077,1
13.398000,4.098316,-0.299994,0.231347,-1.442396,0.036985,1.479380,1.211161,0.106944,-0.002742,-0.109686,-0.141635,-0.553988,0.014205,0.568193,0.089517,0.821946,-0.021076,-0.843022,-0.001366,1.978611,-0.050734,-2.029344,0.766465,-1.283323,0.032906,1.316229,-0.937866,1.750576,-0.044887,-1.795463,-1.419893,3.896977,-0.099922,-3.996900,-0.852382,-3.925887,0.100664,4.026551,0.162586,0.193668,-0.004966,-0.198634,-1.478361,-0.242504,0.006218,0.248722,0.541803,0.025597,-0.000656,-0.026253,0.356164,3.416073,-4.699173,0.124912,0.000000,0.000000,0.000000,-1.980239,-2.142947,-0.402833,-1.778907,8.799426,-2.272833,0.000117,0.000000,0.000000,415.207595,303.243475,1
13.408000,4.099394,-0.300698,0.229527,-1.442396,0.036985,1.479380,1.003447,0.106944,-0.002742,-0.109686,-0.366099,-0.553988,0.014205,0.568193,-0.112168,0.821946,-0.021076,-0.843022,0.100554,1.978611,-0.050734,-2.029344,0.807657,-1.283323,0.032906,1.316229,-1.164056,1.750576,-0.044887,-1.795463,-1.390784,3.896977,-0.099922,-3.996900,-0.948226,-3.925887,0.100664,4.026551,-0.011803,0.193668,-0.004966,-0.198634,-1.266293,-0.242504,0.006218,0.248722,0.244054,0.025597,-0.000656,-0.026253,0.199415,4.024887,-5.104458,0.333074,0.000000,0.000000,0.000000,-6.295496,-7.895600,-0.701305,-1.541469,8.624452,-2.366697,0.000115,0.000000,0.000000,415.322559,303.290989,1
13.412000,4.085499,-0.285284,0.223106,-1.603216,0.041108,1.644325,1.648504,0.112358,-0.002881,-0.115239,-0.208490,-0.818937,0.020998,0.839935,0.299903,0.852308,-0.021854,-0.874163,0.305288,1.975658,-0.050658,-2.026316,0.879146,-1.336313,0.034264,1.370577,-1.048446,1.807570,-0.046348,-1.853918,-1.594620,4.003411,-0.102652,-4.106063,-0.976219,-4.169589,0.106913,4.276501,-0.582345,0.300896,-0.007715,-0.308611,-1.091485,-0.271929,0.006973,0.278901,0.162339,-0.053235,0.001365,0.054600,0.188308,3.407728,-5.475396,0.269097,-0.000810,0.006034,0.004708,-1.010920,-1.234668,-0.158212,-1.592226,7.918877,-2.736043,0.000163,0.000000,0.000000,415.387837,303.308462,1
13.422000,4.085581,-0.285124,0.220757,-1.603216,0.041108,1.644325,1.512790,0.112358,-0.002881,-0.115239,-0.316562,-0.818937,0.020998,0.839935,0.153468,0.852308,-0.021854,-0.874163,0.300688,1.975658,-0.050658,-2.026316,0.917488,-1.336313,0.034264,1.370577,-1.312311,1.807570,-0.046348,-1.853918,-1.715213,4.003411,-0.102652,-4.106063,-1.278249,-4.169589,0.106913,4.276501,-0.474689,0.300896,-0.007715,-0.308611,-1.087386,-0.271929,0.006973,0.278901,0.072251,-0.053235,0.001365,0.054600,0.110833,3.782271,-5.753330,0.454061,-0.003328,0.033299,0.025450,-6.075852,-8.184807,-0.540598,-1.425274,7.511266,-2.688043,0.000174,0.000000,0.000000,415.561774,303.363387,1
13.428000,4.109871,-0.296434,0.226101,-0.633703,0.016249,0.649951,0.495129,1.372974,-0.035204,-1.408178,1.149052,-2.693949,0.069076,2.763025,-2.258192,0.399885,-0.010253,-0.410139,0.551801,1.407754,-0.036096,-1.443850,1.396921,-1.914057,0.049078,1.963135,-1.606095,1.410940,-0.036178,-1.447118,-2.283867,3.302150,-0.084671,-3.386821,-1.861901,-4.421134,0.113362,4.534497,2.018794,1.039920,-0.026665,-1.066585,-0.292644,-0.117686,0.003018,0.120703,0.843549,-0.497800,0.012764,0.510565,-0.829368,3.906840,-5.877951,-0.131854,4.366539,9.638711,2.582784,-6.408987,-9.368909,0.444455,0.001569,0.010780,-0.007873,0.000332,0.000000,0.000000,415.760843,303.398329,1
13.438000,4.110297,-0.297002,0.223473,-0.633703,0.016249,0.649951,0.278973,1.372974,-0.035204,-1.408178,1.332858,-2.693949,0.069076,2.763025,-2.627276,0.399885,-0.010253,-0.410139,0.233425,1.407754,-0.036096,-1.443850,1.368517,-1.914057,0.049078,1.963135,-1.538116,1.410940,-0.036178,-1.447118,-1.857795,3.302150,-0.084671,-3.386821,-1.788075,-4.421134,0.113362,4.534497,2.133953,1.039920,-0.026665,-1.066585,-0.392661,-0.117686,0.003018,0.120703,1.127526,-0.497800,0.012764,0.510565,-1.455106,3.016604,-5.250671,-0.499211,4.075010,9.344261,2.640195,-5.957894,-8.673829,0.352215,0.054706,0.644560,-0.450373,0.000341,0.000000,0.000000,416.102115,303.440196,1
13.446000,4.100829,-0.281503,0.227842,-0.891704,0.022864,0.914568,-0.228989,1.592458,-0.040832,-1.633290,0.878222,-4.106468,0.105294,4.211762,-1.800061,-0.307392,0.007882,0.315274,1.102638,0.804297,-0.020623,-0.824920,-0.491368,-2.423312,0.062136,2.485448,0.970239,4.695062,-0.120386,-4.815448,-3.252042,1.685846,-0.043227,-1.729073,-0.998089,6.441960,-0.165178,-6.607139,-3.205270,0.412491,-0.010577,-0.423067,-0.535030,0.007238,-0.000186,-0.007424,1.099884,-2.109986,0.054102,2.164089,-1.863897,0.000000,0.000000,0.000000,4.167790,9.849031,3.329766,-6.269490,-8.211948,0.257485,0.000000,0.000000,0.000000,0.000552,0.000000,0.000000,416.543885,303.669694,1
13.456000,4.098740,-0.280008,0.228609,-1.104522,0.028321,1.132843,-0.350016,1.941865,-0.049791,-1.991656,0.538637,-4.364907,0.111921,4.476828,-1.199522,-0.520273,0.013340,0.533613,0.925628,0.851791,-0.021841,-0.873631,-0.477666,-2.255703,0.057839,2.313542,1.010761,5.850582,-0.150015,-6.000597,-4.182730,1.678904,-0.043049,-1.721953,-0.982983,8.502540,-0.218014,-8.720553,-3.996199,0.292744,-0.007506,-0.300250,-0.462143,0.200181,-0.005133,-0.205314,0.741423,-2.191106,0.056182,2.247288,-1.534060,0.000000,0.000000,0.000000,3.570860,8.728940,2.710266,-5.770209,-7.098701,-0.129944,0.000000,0.000000,0.000000,0.000755,0.000000,0.000000,417.298566,304.215594,1
13.462000,4.114084,-0.291902,0.228142,0.107921,-0.002767,-0.110688,-0.106319,0.326620,-0.008375,-0.334995,1.282116,-2.654985,0.068077,2.723061,-2.045509,-0.351685,0.009018,0.360703,-0.067914,0.432082,-0.011079,-0.443161,-0.532201,-0.431109,0.011054,0.442163,0.374747,1.496885,-0.038382,-1.535266,-0.945244,0.995724,-0.025531,-1.021255,-0.741721,1.206426,-0.030934,-1.237360,-0.854861,0.716997,-0.018385,-0.735381,0.077491,-0.450633,0.011555,0.462188,0.907130,-1.653881,0.042407,1.696288,-1.673953,0.000000,0.000000,0.000000,4.314099,7.751090,1.744570,-4.344891,-7.334491,0.780205,0.000000,0.000000,0.000000,0.000130,0.000000,0.000000,417.376683,304.186665,1
13.472000,4.114478,-0.291664,0.226270,0.107921,-0.002767,-0.110688,-0.138008,0.326620,-0.008375,-0.334995,1.188279,-2.654985,0.068077,2.723061,-1.957225,-0.351685,0.009018,0.360703,-0.086874,0.432082,-0.011079,-0.443161,-0.435361,-0.431109,0.011054,0.442163,0.255001,1.496885,-0.038382,-1.535266,-0.846977,0.995724,-0.025531,-1.021255,-0.685934,1.206426,-0.030934,-1.237360,-0.628431,0.716997,-0.018385,-0.735381,0.134227,-0.450633,0.011555,0.462188,0.785112,-1.653881,0.042407,1.696288,-1.682434,0.000000,0.000000,0.000000,4.202525,7.402544,1.616804,-4.315824,-7.135726,0.716781,0.000000,0.000000,0.000000,0.000122,0.000000,0.000000,417.498423,304.134171,1
13.474000,4.123827,-0.287289,0.235269,0.524776,-0.013456,-0.538232,-0.578941,-0.091955,0.002358,0.094313,0.888297,-2.440280,0.062571,2.502851,-0.887580,-0.491233,0.012596,0.503829,-0.023697,0.002283,-0.000059,-0.002342,-0.178151,2.898289,-0.074315,-2.972604,-1.663563,0.978002,-0.025077,-1.003079,-0.072359,0.458628,-0.011760,-0.470387,-0.389666,1.490602,-0.038221,-1.528823,-0.692596,0.846111,-0.021695,-0.867806,0.029641,-0.513512,0.013167,0.526679,0.474479,-1.921501,0.049269,1.970770,-1.008200,0.000000,0.000000,0.000000,3.277096,5.728087,1.222030,-3.514387,-5.741618,0.409776,0.000000,0.000000,0.000000,0.000112,0.000000,0.000000,417.520726,304.139490,1
13.484000,4.124456,-0.287033,0.233998,0.524776,-0.013456,-0.538232,-0.649479,-0.091955,0.002358,0.094313,0.949969,-2.440280,0.062571,2.502851,-1.040874,-0.491233,0.012596,0.503829,-0.005525,0.002283,-0.000059,-0.002342,-0.145350,2.898289,-0.074315,-2.972604,-1.482182,0.978002,-0.025077,-1.003079,-0.144450,0.458628,-0.011760,-0.470387,-0.328640,1.490602,-0.038221,-1.528823,-0.641423,0.846111,-0.021695,-0.867806,0.024182,-0.513512,0.013167,0.526679,0.428755,-1.921501,0.049269,1.970770,-1.046544,0.000000,0.000000,0.000000,3.467202,5.955135,1.234433,-3.685384,-6.060774,0.477276,0.000000,0.000000,0.000000,0.000110,0.000000,0.000000,417.631154,304.156090,1
13.488000,4.135756,-0.285882,0.243232,-0.135850,0.003483,0.139334,-0.377645,-0.302340,0.007752,0.310092,0.886749,-0.937566,0.024040,0.961607,-0.415500,-0.039586,0.001015,0.040601,-0.080775,-0.046843,0.001201,0.048045,-0.164465,1.632485,-0.041859,-1.674344,-0.903304,0.430111,-0.011028,-0.441140,0.042658,0.060515,-0.001552,-0.062066,-0.152647,1.013938,-0.025998,-1.039937,-0.553229,-0.059201,0.001518,0.060719,0.309622,-0.259201,0.006646,0.265848,0.349291,-1.318890,0.033818,1.352707,-0.338993,0.000000,0.000000,0.000000,2.576615,5.032624,1.065783,-2.857783,-3.257172,-0.044512,0.000000,0.000000,0.000000,0.000034,0.000000,0.000000,417.644852,304.162262,1
13.498000,4.137193,-0.285629,0.242084,-0.135850,0.003483,0.139334,-0.357652,-0.302340,0.007752,0.310092,1.003461,-0.937566,0.024040,0.961607,-0.704258,-0.039586,0.001015,0.040601,-0.057993,-0.046843,0.001201,0.048045,-0.104183,1.632485,-0.041859,-1.674344,-0.811535,0.430111,-0.011028,-0.441140,0.021187,0.060515,-0.001552,-0.062066,-0.123453,1.013938,-0.025998,-1.039937,-0.451749,-0.059201,0.001518,0.060719,0.362185,-0.259201,0.006646,0.265848,0.401762,-1.318890,0.033818,1.352707,-0.596661,0.000000,0.000000,0.000000,2.863888,5.710045,1.230024,-3.258577,-3.999641,0.144037,0.000000,0.000000,0.000000,0.000038,0.000000,0.000000,417.683123,304.169516,1
13.502000,4.136493,-0.286113,0.235973,-0.041190,0.001056,0.042246,-0.328859,0.022274,-0.000571,-0.022845,0.901486,-0.841981,0.021589,0.863570,-0.872653,-0.524025,0.013437,0.537462,0.008212,-0.062046,0.001591,0.063637,-0.057850,3.229716,-0.082813,-3.312529,-1.473051,0.795496,-0.020397,-0.815894,-0.134055,-0.147237,0.003775,0.151013,-0.020118,0.772129,-0.019798,-0.791927,-0.236248,0.079517,-0.002039,-0.081556,0.548061,0.132662,-0.003402,-0.136063,0.071600,-1.381209,0.035416,1.416624,-0.595099,0.000000,0.000000,0.000000,2.792669,5.164032,1.092031,-3.034784,-4.137794,0.038456,0.000000,0.000000,0.000000,0.000069,0.000000,0.000000,417.710614,304.183468,1
13.512000,4.137336,-0.285811,0.234213,-0.041190,0.001056,0.042246,-0.350658,0.022274,-0.000571,-0.022845,1.003507,-0.841981,0.021589,0.863570,-1.143207,-0.524025,0.013437,0.537462,0.006913,-0.062046,0.001591,0.063637,-0.033652,3.229716,-0.082813,-3.312529,-1.503643,0.795496,-0.020397,-0.815894,-0.128352,-0.147237,0.003775,0.151013,-0.011225,0.772129,-0.019798,-0.791927,-0.234862,0.079517,-0.002039,-0.081556,0.572791,0.132662,-0.003402,-0.136063,0.094440,-1.381209,0.035416,1.416624,-0.824095,0.000000,0.000000,0.000000,3.007157,5.728296,1.257166,-3.340421,-4.767450,0.185051,0.000000,0.000000,0.000000,0.000075,0.000000,0.000000,417.785925,304.213663,1
13.516000,4.148790,-0.281064,0.242497,-0.329925,0.008460,0.338384,-0.359373,-0.019250,0.000494,0.019744,0.763660,-1.010181,0.025902,1.036083,-0.347192,-0.093627,0.002401,0.096027,-0.009483,-0.010860,0.000278,0.011138,-0.071222,4.045705,-0.103736,-4.149441,-1.846607,0.078892,-0.002023,-0.080915,0.352479,-0.024373,0.000625,0.024998,-0.046868,1.173443,-0.030088,-1.203531,-0.346854,-0.127358,0.003266,0.130624,0.385140,0.124015,-0.003180,-0.127195,0.176687,-1.733317,0.044444,1.777762,-0.245762,0.000000,0.000000,0.000000,2.452345,5.234903,1.292318,-3.083250,-3.809303,-0.252699,0.000000,0.000000,0.000000,0.000091,0.000000,0.000000,417.822394,304.242355,1
13.526000,4.149934,-0.280902,0.241187,-0.329925,0.008460,0.338384,-0.327483,-0.019250,0.000494,0.019744,0.908864,-1.010181,0.025902,1.036083,-0.758534,-0.093627,0.002401,0.096027,-0.007267,-0.010860,0.000278,0.011138,-0.043972,4.045705,-0.103736,-4.149441,-1.906852,0.078892,-0.002023,-0.080915,0.340503,-0.024373,0.000625,0.024998,-0.036007,1.173443,-0.030088,-1.203531,-0.396209,-0.127358,0.003266,0.130624,0.455481,0.124015,-0.003180,-0.127195,0.198418,-1.733317,0.044444,1.777762,-0.501507,0.000000,0.000000,0.000000,2.756082,5.940884,1.472183,-3.435325,-4.648406,-0.036770,0.000000,0.000000,0.000000,0.000103,0.000000,0.000000,417.925492,304.308590,1
13.530000,4.145121,-0.287199,0.239618,-0.115147,0.002952,0.118099,-0.264401,0.041922,-0.001075,-0.042997,1.101728,-0.830909,0.021305,0.852215,-1.139743,-0.510527,0.013090,0.523617,-0.005075,-0.009480,0.000243,0.009723,-0.036038,2.654509,-0.068064,-2.722574,-0.628218,0.427114,-0.010952,-0.438065,0.138343,-0.005574,0.000143,0.005717,-0.023976,1.579497,-0.040500,-1.619997,-0.308049,0.053261,-0.001366,-0.054626,0.399716,-0.032611,0.000836,0.033447,0.427962,-1.048512,0.026885,1.075397,-0.840436,0.000000,0.000000,0.000000,3.045496,6.187038,1.444895,-3.573133,-5.083229,0.262064,0.000000,0.000000,0.000000,0.000043,0.000000,0.000000,417.942544,304.309328,1
13.540000,4.154292,-0.282017,0.238937,0.100511,-0.002577,-0.103088,-0.494869,-0.182612,0.004682,0.187294,1.339724,-0.886453,0.022730,0.909183,-1.185936,-0.391265,0.010032,0.401297,0.002240,-0.008649,0.000222,0.008871,-0.034367,2.017903,-0.051741,-2.069644,-0.852332,0.221691,-0.005684,-0.227376,0.072628,-0.002889,0.000074,0.002963,-0.023307,1.037446,-0.026601,-1.064047,-0.331904,0.269059,-0.006899,-0.275958,0.391540,-0.359703,0.009223,0.368926,0.495477,-0.915514,0.023475,0.938989,-0.937296,0.000000,0.000000,0.000000,3.149967,6.352581,1.219145,-3.650853,-5.126879,0.538835,0.000000,0.000000,0.000000,0.000047,0.000000,0.000000,417.989405,304.314523,1
13.542000,4.148692,-0.292886,0.241614,-0.103878,0.002664,0.106541,-0.087098,-0.100650,0.002581,0.103231,1.197285,-0.772397,0.019805,0.792202,-1.350089,-0.302155,0.007748,0.309902,-0.039290,-0.010628,0.000273,0.010901,-0.049244,1.608045,-0.041232,-1.649277,-0.472979,0.409806,-0.010508,-0.420314,0.005322,-0.002694,0.000069,0.002763,-0.041795,1.180849,-0.030278,-1.211127,-0.359265,0.081712,-0.002095,-0.083807,0.464184,-0.203374,0.005215,0.208589,0.555459,-0.972695,0.024941,0.997636,-0.906577,0.000000,0.000000,0.000000,3.169893,6.236166,1.710725,-3.635402,-5.622576,0.113177,0.000000,0.000000,0.000000,0.000035,0.000000,0.000000,417.996389,304.313358,1
13.552000,4.149065,-0.292647,0.240753,-0.001179,0.000030,0.001209,-0.215269,-0.132595,0.003400,0.135995,1.280451,-0.812273,0.020828,0.833100,-1.601323,-0.317014,0.008129,0.325143,-0.005386,-0.010513,0.000270,0.010783,-0.038352,2.544670,-0.065248,-2.609918,-1.072906,0.471223,-0.012083,-0.483305,-0.001163,-0.010251,0.000263,0.010514,-0.020879,0.891976,-0.022871,-0.914847,-0.254289,0.183508,-0.004705,-0.188213,0.382705,-0.186402,0.004780,0.191182,0.528578,-1.121350,0.028753,1.150102,-1.037095,0.000000,0.000000,0.000000,3.297640,6.558217,1.842433,-3.846752,-6.093965,0.150955,0.000000,0.000000,0.000000,0.000059,0.000000,0.000000,418.055490,304.320429,1
13.556000,4.158955,-0.284766,0.238444,-0.075361,0.001932,0.077293,-0.259618,0.082837,-0.002124,-0.084961,1.285559,-0.716386,0.018369,0.734755,-1.652811,-0.493658,0.012658,0.506316,-0.002438,-0.008985,0.000230,0.009215,-0.034722,2.533336,-0.064957,-2.598293,-0.793211,0.554141,-0.014209,-0.568349,0.090986,-0.007593,0.000195,0.007788,-0.020690,1.067042,-0.027360,-1.094402,-0.079665,0.108428,-0.002780,-0.111208,0.382088,0.045495,-0.001167,-0.046661,0.428192,-1.033176,0.026492,1.059668,-1.006772,0.000000,0.000000,0.000000,3.260567,6.692849,1.494835,-3.945769,-5.765023,0.473843,0.000000,0.000000,0.000000,0.000047,0.000000,0.000000,418.074188,304.318916,1
13.566000,4.160049,-0.284534,0.235890,-0.075361,0.001932,0.077293,-0.254169,0.082837,-0.002124,-0.084961,1.382534,-0.716386,0.018369,0.734755,-1.913952,-0.493658,0.012658,0.506316,0.006694,-0.008985,0.000230,0.009215,-0.042677,2.533336,-0.064957,-2.598293,-0.986654,0.554141,-0.014209,-0.568349,0.061509,-0.007593,0.000195,0.007788,-0.028724,1.067042,-0.027360,-1.094402,-0.225090,0.108428,-0.002780,-0.111208,0.446382,0.045495,-0.001167,-0.046661,0.437978,-1.033176,0.026492,1.059668,-1.234047,0.000000,0.000000,0.000000,3.439688,7.061224,1.568499,-4.132402,-6.134319,0.583625,0.000000,0.000000,0.000000,0.000058,0.000000,0.000000,418.131889,304.317482,1
13.570000,4.170635,-0.279247,0.235461,-0.062687,0.001607,0.064295,-0.394697,-0.095225,0.002442,0.097666,1.330698,-0.715884,0.018356,0.734240,-1.638321,-0.674434,0.017293,0.691727,0.023472,-0.010621,0.000272,0.010893,-0.043143,2.900917,-0.074382,-2.975299,-1.197481,0.476196,-0.012210,-0.488406,0.117940,-0.018694,0.000479,0.019173,-0.019958,0.276273,-0.007084,-0.283357,0.000774,0.132404,-0.003395,-0.135799,0.312137,-0.069585,0.001784,0.071370,0.428942,-1.187110,0.030439,1.217548,-1.029517,0.000000,0.000000,0.000000,3.278562,6.753818,1.383407,-4.043519,-5.581491,0.605492,0.000000,0.000000,0.000000,0.000063,0.000000,0.000000,418.157179,304.322110,1
13.580000,4.171941,-0.278678,0.232822,-0.062687,0.001607,0.064295,-0.390373,-0.095225,0.002442,0.097666,1.421686,-0.715884,0.018356,0.734240,-1.865496,-0.674434,0.017293,0.691727,0.037403,-0.010621,0.000272,0.010893,-0.040375,2.900917,-0.074382,-2.975299,-1.276781,0.476196,-0.012210,-0.488406,0.102494,-0.018694,0.000479,0.019173,-0.026367,0.276273,-0.007084,-0.283357,-0.002823,0.132404,-0.003395,-0.135799,0.381380,-0.069585,0.001784,0.071370,0.447004,-1.187110,0.030439,1.217548,-1.265294,0.000000,0.000000,0.000000,3.461492,7.141590,1.443128,-4.204495,-5.913092,0.742369,0.000000,0.000000,0.000000,0.000070,0.000000,0.000000,418.227523,304.331690,1
13.584000,4.191102,-0.283825,0.242706,-0.194413,0.004985,0.199398,-0.279224,0.058532,-0.001501,-0.060033,1.483677,-0.286308,0.007341,0.293649,-1.734373,-0.127110,0.003259,0.130369,-0.044038,-0.011415,0.000293,0.011707,-0.023034,0.352816,-0.009047,-0.361863,0.006912,0.052307,-0.001341,-0.053649,0.571362,-0.027821,0.000713,0.028534,-0.001624,-1.275736,0.032711,1.308447,0.836106,-0.009012,0.000231,0.009243,0.131398,0.165356,-0.004240,-0.169596,0.558326,-0.872137,0.022362,0.894500,-0.557665,0.000000,0.000000,0.000000,3.128297,6.632030,1.633485,-4.024844,-5.089826,0.153284,0.000000,0.000000,0.000000,0.000024,0.000000,0.000000,418.237051,304.330924,1
13.594000,4.193082,-0.283819,0.240335,-0.194413,0.004985,0.199398,-0.211531,0.058532,-0.001501,-0.060033,1.573360,-0.286308,0.007341,0.293649,-1.972723,-0.127110,0.003259,0.130369,-0.027264,-0.011415,0.000293,0.011707,-0.031389,0.352816,-0.009047,-0.361863,-0.023895,0.052307,-0.001341,-0.053649,0.567435,-0.027821,0.000713,0.028534,-0.019181,-1.275736,0.032711,1.308447,0.737248,-0.009012,0.000231,0.009243,0.249172,0.165356,-0.004240,-0.169596,0.611002,-0.872137,0.022362,0.894500,-0.833719,0.000000,0.000000,0.000000,3.426080,7.126967,1.695859,-4.210933,-5.504625,0.298793,0.000000,0.000000,0.000000,0.000026,0.000000,0.000000,418.262809,304.324678,1
13.600000,4.209231,-0.272234,0.237857,0.008147,-0.000209,-0.008356,-0.379021,0.036016,-0.000923,-0.036940,1.572379,-0.311491,0.007987,0.319478,-1.721211,-0.660109,0.016926,0.677035,0.008287,-0.178291,0.004572,0.182863,-0.024894,2.841030,-0.072847,-2.913877,-1.165958,0.143782,-0.003687,-0.147469,0.201369,-0.049516,0.001270,0.050785,0.014274,-2.061231,0.052852,2.114083,1.216550,0.162883,-0.004176,-0.167060,0.470813,0.194700,-0.004992,-0.199692,0.390549,-0.888818,0.022790,0.911608,-0.978218,-0.000277,-0.000644,-0.000565,3.194422,6.695312,0.787414,-3.928951,-5.122689,1.114223,0.000000,0.000000,0.000000,0.000077,0.000000,0.000000,418.308826,304.350407,1
13.610000,4.211664,-0.271028,0.234812,0.008147,-0.000209,-0.008356,-0.387984,0.036016,-0.000923,-0.036940,1.670791,-0.311491,0.007987,0.319478,-1.905456,-0.660109,0.016926,0.677035,0.029470,-0.178291,0.004572,0.182863,-0.023347,2.841030,-0.072847,-2.913877,-1.249767,0.143782,-0.003687,-0.147469,0.267032,-0.049516,0.001270,0.050785,-0.010080,-2.061231,0.052852,2.114083,1.126932,0.162883,-0.004176,-0.167060,0.526960,0.194700,-0.004992,-0.199692,0.412205,-0.888818,0.022790,0.911608,-1.189145,-0.062080,-0.140426,-0.124734,3.352795,7.136997,0.815142,-4.063561,-5.347031,1.265260,0.000000,0.000000,0.000000,0.000080,0.000000,0.000000,418.388989,304.391190,1
13.614000,4.192393,-0.286373,0.231247,-0.372228,0.009544,0.381772,-0.056996,0.309118,-0.007926,-0.317044,1.417390,-0.268615,0.006888,0.275503,-2.263699,-0.820740,0.021045,0.841784,0.043058,-0.187405,0.004805,0.192210,-0.038752,3.293793,-0.084456,-3.378249,-1.138357,0.655261,-0.016802,-0.672063,0.136208,-0.035935,0.000921,0.036856,-0.018852,-0.075396,0.001933,0.077329,0.287193,-0.113880,0.002920,0.116800,0.554521,0.553153,-0.014183,-0.567336,0.253190,-1.180473,0.030269,1.210742,-1.104163,0.000000,0.000000,0.000000,3.475760,6.969381,1.769827,-4.321942,-6.085463,0.484191,0.000000,0.000000,0.000000,0.000066,0.000000,0.000000,418.415564,304.396366,1
13.624000,4.192398,-0.287339,0.228007,-0.310939,0.007973,0.318912,-0.070934,0.287245,-0.007365,-0.294611,1.473842,-0.238800,0.006123,0.244923,-2.476500,-0.829508,0.021269,0.850777,0.091669,-0.171477,0.004397,0.175873,-0.043604,3.599291,-0.092290,-3.691581,-1.536211,0.607789,-0.015584,-0.623373,0.096666,-0.039616,0.001016,0.040632,-0.020693,-0.437917,0.011229,0.449146,0.316329,-0.055123,0.001413,0.056537,0.586424,0.563311,-0.014444,-0.577755,0.232132,-1.206713,0.030941,1.237655,-1.270796,0.000000,0.000000,0.000000,3.657980,7.188595,1.867308,-4.434340,-6.324350,0.470703,0.000000,0.000000,0.000000,0.000088,0.000000,0.000000,418.503198,304.427217,1
13.628000,4.190627,-0.283919,0.223958,-0.208202,0.005339,0.213541,-0.173215,0.610981,-0.015666,-0.626647,1.293747,-1.048758,0.026891,1.075649,-2.043121,-0.065078,0.001669,0.066747,-0.074303,-0.090062,0.002309,0.092372,-0.029092,2.615252,-0.067058,-2.682310,-1.131786,-0.360855,0.009253,0.370107,0.902266,-0.047547,0.001219,0.048766,-0.069659,-1.599067,0.041002,1.640069,0.644164,-0.374768,0.009609,0.384377,0.947456,1.216897,-0.031202,-1.248100,-0.261157,-2.170856,0.055663,2.226519,-0.945280,0.000000,0.000000,0.000000,3.256682,6.369106,1.589971,-4.009467,-6.205144,0.638406,-0.244631,0.585981,-0.253029,0.000103,0.000000,0.000000,418.544308,304.427038,1
13.638000,4.191183,-0.283760,0.220951,-0.208202,0.005339,0.213541,-0.165285,0.610981,-0.015666,-0.626647,1.328367,-1.048758,0.026891,1.075649,-2.131122,-0.065078,0.001669,0.066747,-0.103866,-0.090062,0.002309,0.092372,-0.021201,2.615252,-0.067058,-2.682310,-1.162948,-0.360855,0.009253,0.370107,0.938677,-0.047547,0.001219,0.048766,-0.093903,-1.599067,0.041002,1.640069,0.502126,-0.374768,0.009609,0.384377,1.046722,1.216897,-0.031202,-1.248100,-0.295877,-2.170856,0.055663,2.226519,-1.094237,0.003166,-0.027017,-0.011347,3.549665,6.081814,1.231502,-3.839557,-6.439589,0.929595,-2.137642,6.717721,-2.348875,0.000107,0.000000,0.000000,418.651026,304.421559,1
13.642000,4.219193,-0.281618,0.229729,-0.083281,0.002135,0.085417,0.015614,0.536648,-0.013760,-0.550409,1.160562,-2.969926,0.076152,3.046078,-0.775537,1.740934,-0.044639,-1.785573,-0.611018,-0.407045,0.010437,0.417483,0.014838,-0.694788,0.017815,0.712603,0.098650,-2.041156,0.052337,2.093493,1.433601,-0.105752,0.002712,0.108464,-0.073343,-5.348510,0.137141,5.485651,1.691381,-0.666616,0.017093,0.683709,1.058386,0.488290,-0.012520,-0.500810,0.001041,-2.520275,0.064622,2.584897,-0.010449,1.733510,-1.506706,0.784037,3.091937,4.329938,0.146030,-2.870884,-5.497771,1.142599,-5.050212,9.992443,-1.324152,0.000172,0.000000,0.000000,418.719860,304.466101,1
13.652000,4.221054,-0.281450,0.228412,-0.083281,0.002135,0.085417,0.189724,0.536648,-0.013760,-0.550409,1.080868,-2.969926,0.076152,3.046078,-0.832672,1.740934,-0.044639,-1.785573,-0.449296,-0.407045,0.010437,0.417483,-0.030271,-0.694788,0.017815,0.712603,-0.008751,-2.041156,0.052337,2.093493,1.196093,-0.105752,0.002712,0.108464,0.289256,-5.348510,0.137141,5.485651,0.644694,-0.666616,0.017093,0.683709,1.252741,0.488290,-0.012520,-0.500810,-0.119731,-2.520275,0.064622,2.584897,-0.105279,5.612023,-6.276908,1.957676,2.930437,3.288179,-0.375417,-2.914429,-5.728020,1.282617,-3.982464,9.472023,-1.783186,0.000112,0.000000,0.000000,418.832152,304.509946,1
13.656000,4.212873,-0.278061,0.227927,-0.318934,0.008178,0.327112,-0.134246,1.286734,-0.032993,-1.319727,0.953962,-3.198084,0.082002,3.280086,-0.914912,0.285215,-0.007313,-0.292528,-0.549253,-0.416044,0.010668,0.426712,0.103609,3.185791,-0.081687,-3.267478,-1.075299,0.531093,-0.013618,-0.544710,0.943119,-0.330923,0.008485,0.339408,0.023247,0.357640,-0.009170,-0.366811,0.315313,-0.701159,0.017978,0.719137,1.142394,0.722980,-0.018538,-0.741518,-0.205711,-2.075890,0.053228,2.129118,-0.562307,1.769237,-2.259420,0.508697,2.973771,6.390355,1.236419,-4.481444,-6.067170,0.782001,0.001007,0.013195,-0.007770,0.000108,0.000000,0.000000,418.875476,304.504226,1
13.666000,4.213974,-0.277195,0.225733,-0.318934,0.008178,0.327112,-0.221843,1.286734,-0.032993,-1.319727,1.041841,-3.198084,0.082002,3.280086,-0.991654,0.285215,-0.007313,-0.292528,-0.456682,-0.416044,0.010668,0.426712,0.376413,3.185791,-0.081687,-3.267478,-1.877680,0.531093,-0.013618,-0.544710,0.645508,-0.330923,0.008485,0.339408,0.022722,0.357640,-0.009170,-0.366811,0.157170,-0.701159,0.017978,0.719137,1.127108,0.722980,-0.018538,-0.741518,-0.116443,-2.075890,0.053228,2.129118,-0.786600,1.431668,-3.157467,-0.230614,3.061425,7.040360,1.493726,-4.672106,-6.088137,0.709706,0.005759,0.053425,-0.033011,0.000141,0.000000,0.000000,419.016659,304.509724,1
13.672000,4.213560,-0.279558,0.232106,-0.774216,0.019852,0.794067,0.066850,1.206635,-0.030939,-1.237574,0.733324,-3.117871,0.079945,3.197816,-0.926057,0.857636,-0.021991,-0.879627,-1.006441,-0.298644,0.007658,0.306301,-0.019244,1.037302,-0.026597,-1.063899,-0.315922,0.174584,-0.004477,-0.179060,0.585999,-0.786071,0.020156,0.806226,0.201650,-0.093314,0.002393,0.095706,0.191481,-1.208436,0.030986,1.239421,1.195216,0.814315,-0.020880,-0.835195,-0.360590,-2.210447,0.056678,2.267125,-0.413510,1.316391,-1.340620,0.529355,2.772858,5.803625,1.063663,-4.218930,-5.994107,0.741280,0.013514,0.022983,-0.019755,0.000082,0.000000,0.000000,419.065590,304.499649,1
13.682000,4.214373,-0.278863,0.230085,-0.773358,0.019830,0.793188,0.074182,1.206895,-0.030946,-1.237841,0.836079,-3.118003,0.079949,3.197952,-1.014300,0.858514,-0.022013,-0.880527,-0.782849,-0.298342,0.007650,0.305992,-0.042898,1.035359,-0.026548,-1.061907,-0.538948,0.175338,-0.004496,-0.179834,0.507433,-0.786164,0.020158,0.806322,0.227680,-0.095009,0.002436,0.097445,0.110397,-1.207225,0.030954,1.238179,1.264070,0.814364,-0.020881,-0.835245,-0.215928,-2.210677,0.056684,2.267361,-0.711195,4.481254,-5.600099,1.397062,3.026998,7.013444,1.488955,-4.932304,-6.043982,0.334396,0.025385,0.049361,-0.040862,0.000093,0.000000,0.000000,419.158148,304.472297,1
13.688000,4.217954,-0.286762,0.224802,-0.492091,0.012618,0.504709,-0.376745,1.232506,-0.031603,-1.264109,0.972139,-3.106737,0.079660,3.186397,-0.453591,0.715144,-0.018337,-0.733481,-0.639311,0.237415,-0.006088,-0.243502,0.418633,0.040813,-0.001046,-0.041860,-1.848357,-0.248834,0.006380,0.255214,0.649299,-0.690192,0.017697,0.707889,0.288100,-0.033679,0.000864,0.034543,0.073011,-1.049217,0.026903,1.076120,1.235731,1.131669,-0.029017,-1.160686,-0.309974,-2.578257,0.066109,2.644366,-0.473366,2.244553,-5.118981,-0.541740,2.508820,5.931892,1.557244,-4.265762,-4.590559,-0.197547,-0.002689,0.454299,-0.250575,0.000068,0.000000,0.000000,419.199105,304.462637,1
13.698000,4.218391,-0.286700,0.223207,-0.492091,0.012618,0.504709,-0.421593,1.232506,-0.031603,-1.264109,1.006901,-3.106737,0.079660,3.186397,-0.426567,0.715144,-0.018337,-0.733481,-0.724910,0.237415,-0.006088,-0.243502,0.479559,0.040813,-0.001046,-0.041860,-1.980467,-0.248834,0.006380,0.255214,0.649452,-0.690192,0.017697,0.707889,0.295750,-0.033679,0.000864,0.034543,0.041950,-1.049217,0.026903,1.076120,1.220627,1.131669,-0.029017,-1.160686,-0.247441,-2.578257,0.066109,2.644366,-0.585512,2.097431,-4.901747,-0.574419,2.554197,6.244527,1.705713,-4.192036,-4.577080,-0.152296,-0.030765,0.864447,-0.468688,0.000071,0.000000,0.000000,419.270123,304.443457,1
13.704000,4.223716,-0.286441,0.223537,-0.277200,0.007108,0.284308,-0.472331,1.273948,-0.032665,-1.306614,0.867305,-3.191417,0.081831,3.273248,-0.227759,0.708922,-0.018177,-0.727099,-0.805551,0.618861,-0.015868,-0.634730,0.435245,-0.837923,0.021485,0.859408,-1.698782,-0.517095,0.013259,0.530353,0.778151,-0.598544,0.015347,0.613892,0.374951,-0.071634,0.001837,0.073470,0.044223,-0.907294,0.023264,0.930558,0.981412,1.325464,-0.033986,-1.359450,-0.333874,-2.845994,0.072974,2.918968,-0.177546,2.038682,-4.867313,-0.642092,2.347892,5.928446,1.577883,-3.500012,-3.748380,-0.026157,-0.540861,1.732268,-0.657965,0.000069,0.000000,0.000000,419.311322,304.433446,1
13.714000,4.223938,-0.286624,0.222306,-0.277200,0.007108,0.284308,-0.485851,1.273948,-0.032665,-1.306614,0.809070,-3.191417,0.081831,3.273248,-0.130299,0.708922,-0.018177,-0.727099,-0.849096,0.618861,-0.015868,-0.634730,0.376744,-0.837923,0.021485,0.859408,-1.633622,-0.517095,0.013259,0.530353,0.762191,-0.598544,0.015347,0.613892,0.434674,-0.071634,0.001837,0.073470,0.011664,-0.907294,0.023264,0.930558,0.980410,1.325464,-0.033986,-1.359450,-0.298282,-2.845994,0.072974,2.918968,-0.307763,2.015847,-4.793242,-0.626776,2.473956,5.792143,1.408544,-3.659184,-4.356489,0.246895,-1.998250,6.094110,-2.161173,0.000068,0.000000,0.000000,419.379025,304.417885,1
13.722000,4.262717,-0.320397,0.237700,0.498247,-0.012776,-0.511022,-1.638590,0.454743,-0.011660,-0.466403,-0.064737,-3.323293,0.085213,3.408506,0.505291,0.473156,-0.012132,-0.485288,-0.364637,1.932467,-0.049550,-1.982018,0.261869,-5.562151,0.142619,5.704770,-0.161747,-0.517157,0.013260,0.530418,-0.120340,1.045046,-0.026796,-1.071842,0.773400,-5.571366,0.142856,5.714221,-0.972841,-0.697434,0.017883,0.715316,-0.203064,1.948580,-0.049964,-1.998543,-1.182155,-4.744311,0.121649,4.865960,2.257609,3.448869,-7.867194,-0.190186,0.352944,1.184195,0.481386,0.000000,0.000000,0.000000,-2.607663,7.998166,-1.815941,0.000242,0.000000,0.000000,419.572254,304.482493,1
13.732000,4.264464,-0.321963,0.238445,0.498247,-0.012776,-0.511022,-1.083898,0.454743,-0.011660,-0.466403,-0.256773,-3.323293,0.085213,3.408506,1.129356,0.473156,-0.012132,-0.485288,-0.157422,1.932467,-0.049550,-1.982018,0.128099,-5.562151,0.142619,5.704770,-0.154618,-0.517157,0.013260,0.530418,-0.022502,1.045046,-0.026796,-1.071842,0.313164,-5.571366,0.142856,5.714221,-0.417491,-0.697434,0.017883,0.715316,-0.116307,1.948580,-0.049964,-1.998543,-1.169956,-4.744311,0.121649,4.865960,1.977815,3.473368,-7.940315,-0.267874,0.183621,1.178099,0.643369,0.000000,0.000000,0.000000,-2.452951,6.809394,-1.332222,0.000205,0.000000,0.000000,419.777395,304.608585,1
13.738000,4.234776,-0.294473,0.251185,0.413963,-0.010614,-0.424577,-0.698678,0.602549,-0.015450,-0.617999,-0.397311,-0.258100,0.006618,0.264718,-0.318011,0.768447,-0.019704,-0.788151,-0.855585,2.199707,-0.056403,-2.256109,-0.401561,-2.949169,0.075620,3.024788,-0.148262,0.013954,-0.000358,-0.014312,-0.878977,2.390714,-0.061300,-2.452015,-0.794977,-4.910169,0.125902,5.036071,0.682316,-0.227606,0.005836,0.233442,0.359815,2.652740,-0.068019,-2.720759,-1.398113,-3.287921,0.084306,3.372227,1.426287,2.145103,-5.362968,-1.054498,0.000000,0.000000,0.000000,0.000000,0.000000,0.000000,-2.378220,5.280604,-0.595403,0.000168,0.000000,0.000000,419.877900,304.702699,1
13.748000,4.235085,-0.294499,0.251755,0.413963,-0.010614,-0.424577,-0.389240,0.602549,-0.015450,-0.617999,-0.392297,-0.258100,0.006618,0.264718,-0.113834,0.768447,-0.019704,-0.788151,-0.680690,2.199707,-0.056403,-2.256109,-0.305910,-2.949169,0.075620,3.024788,-0.347738,0.013954,-0.000358,-0.014312,-0.769898,2.390714,-0.061300,-2.452015,-0.850451,-4.910169,0.125902,5.036071,0.675504,-0.227606,0.005836,0.233442,0.192460,2.652740,-0.068019,-2.720759,-1.369540,-3.287921,0.084306,3.372227,1.529898,2.391846,-5.828377,-1.092980,0.000000,0.000000,0.000000,0.000000,0.000000,0.000000,-2.509604,5.758347,-0.685312,0.000171,0.000000,0.000000,420.049348,304.852508,1
13.752000,4.237721,-0.293040,0.242452,0.964151,-0.024722,-0.988873,-0.186595,0.290037,-0.007437,-0.297473,-0.372731,0.454689,-0.011659,-0.466348,-0.101284,0.631507,-0.016192,-0.647700,0.038334,0.916595,-0.023502,-0.940097,0.426330,-2.348731,0.060224,2.408955,-0.450116,0.227359,-0.005830,-0.233188,-0.364044,0.719913,-0.018459,-0.738373,0.043353,-2.907307,0.074546,2.981853,-0.282594,-0.239481,0.006141,0.245621,-0.536753,1.083817,-0.027790,-1.111608,-0.719738,-0.129842,0.003329,0.133172,0.298803,2.965759,-5.630836,-0.280713,0.000000,0.000000,0.000000,0.000000,0.000000,0.000000,-2.162803,6.866099,-1.631500,0.000038,0.000000,0.000000,420.064483,304.847511,1
13.762000,4.238010,-0.292903,0.241468,0.964151,-0.024722,-0.988873,-0.245050,0.290037,-0.007437,-0.297473,-0.307680,0.454689,-0.011659,-0.466348,-0.109564,0.631507,-0.016192,-0.647700,0.031219,0.916595,-0.023502,-0.940097,0.512981,-2.348731,0.060224,2.408955,-0.726047,0.227359,-0.005830,-0.233188,-0.431228,0.719913,-0.018459,-0.738373,0.014484,-2.907307,0.074546,2.981853,-0.444092,-0.239481,0.006141,0.245621,-0.467445,1.083817,-0.027790,-1.111608,-0.665170,-0.129842,0.003329,0.133172,0.169864,3.133332,-6.221648,-0.433585,0.000000,0.000000,0.000000,0.000000,0.000000,0.000000,-2.329067,7.220379,-1.688051,0.000049,0.000000,0.000000,420.113971,304.822975,1
13.768000,4.243424,-0.294273,0.241857,0.877615,-0.022503,-0.900118,-0.149524,0.248327,-0.006367,-0.254694,-0.310091,0.794340,-0.020368,-0.814708,-0.225295,0.550349,-0.014112,-0.564461,0.062998,0.742098,-0.019028,-0.761126,0.667487,-2.096170,0.053748,2.149918,-0.789359,0.187801,-0.004815,-0.192616,-0.452859,0.608293,-0.015597,-0.623890,0.137473,-2.710963,0.069512,2.780475,-0.561601,-0.904303,0.023187,0.927490,-0.016130,1.177704,-0.030198,-1.207901,-0.744984,0.061849,-0.001586,-0.063435,0.091890,3.103040,-6.080461,-0.471235,0.000000,0.000000,0.000000,0.000000,0.000000,0.000000,-2.345923,7.465140,-1.678420,0.000053,0.000000,0.000000,420.145729,304.807828,1
13.778000,4.243819,-0.294312,0.240391,0.877615,-0.022503,-0.900118,-0.181932,0.248327,-0.006367,-0.254694,-0.266481,0.794340,-0.020368,-0.814708,-0.257448,0.550349,-0.014112,-0.564461,0.068737,0.742098,-0.019028,-0.761126,0.740367,-2.096170,0.053748,2.149918,-1.038174,0.187801,-0.004815,-0.192616,-0.514328,0.608293,-0.015597,-0.623890,0.098713,-2.710963,0.069512,2.780475,-0.733977,-0.904303,0.023187,0.927490,0.003876,1.177704,-0.030198,-1.207901,-0.711330,0.061849,-0.001586,-0.063435,0.054537,3.248516,-6.579409,-0.609448,0.000000,0.000000,0.000000,0.000000,0.000000,0.000000,-2.469356,7.694505,-1.698893,0.000063,0.000000,0.000000,420.209163,304.772459,1
13.782000,4.252677,-0.299037,0.239784,0.883926,-0.022665,-0.906591,-0.108882,0.077903,-0.001998,-0.079901,-0.233145,1.601799,-0.041072,-1.642871,-0.590747,0.609332,-0.015624,-0.624956,0.022974,0.193405,-0.004959,-0.198364,0.796331,-1.615958,0.041435,1.657393,-1.055376,0.293560,-0.007527,-0.301087,-0.411791,0.093618,-0.002400,-0.096019,0.294732,-2.242718,0.057506,2.300224,-0.738982,-1.414680,0.036274,1.450954,0.538837,1.083884,-0.027792,-1.111676,-0.739992,0.272243,-0.006981,-0.279224,-0.016461,2.968675,-6.184537,-0.596772,0.000000,0.000000,0.000000,0.000000,0.000000,0.000000,-2.283528,7.096839,-1.724707,0.000065,0.000000,0.000000,420.235045,304.769144,1
13.792000,4.253273,-0.299076,0.238013,0.883926,-0.022665,-0.906591,-0.148613,0.077903,-0.001998,-0.079901,-0.177247,1.601799,-0.041072,-1.642871,-0.645807,0.609332,-0.015624,-0.624956,0.028275,0.193405,-0.004959,-0.198364,0.887385,-1.615958,0.041435,1.657393,-1.311844,0.293560,-0.007527,-0.301087,-0.481095,0.093618,-0.002400,-0.096019,0.281196,-2.242718,0.057506,2.300224,-0.943922,-1.414680,0.036274,1.450954,0.532510,1.083884,-0.027792,-1.111676,-0.676905,0.272243,-0.006981,-0.279224,-0.006225,3.226895,-6.666940,-0.639411,0.000000,0.000000,0.000000,0.000000,0.000000,0.000000,-2.448852,7.433834,-1.773894,0.000074,0.000000,0.000000,420.309522,304.752298,1
13.796000,4.280830,-0.300921,0.254367,0.537068,-0.013771,-0.550839,0.084017,-0.017358,0.000445,0.017803,-0.163092,1.560662,-0.040017,-1.600679,-0.601124,0.449409,-0.011523,-0.460932,-0.014882,-0.584995,0.015000,0.599995,1.123797,-0.984438,0.025242,1.009680,-0.511371,0.297589,-0.007630,-0.305219,-0.414782,-0.733957,0.018819,0.752777,0.734447,-1.238607,0.031759,1.270366,-0.252565,-0.084467,0.002166,0.086633,0.111154,0.568920,-0.014588,-0.583507,-0.479924,0.309363,-0.007932,-0.317295,-0.070326,2.193839,-4.683059,-0.051222,0.000000,0.000000,0.000000,0.000000,0.000000,0.000000,-2.018715,5.968047,-1.493337,0.000035,0.000000,0.000000,420.323607,304.759292,1
13.806000,4.284024,-0.301143,0.255210,1.055679,-0.027069,-1.082748,-0.313296,-0.105760,0.002712,0.108472,-0.066294,2.837976,-0.072769,-2.910744,-1.285975,0.584645,-0.014991,-0.599635,-0.148703,-0.561892,0.014407,0.576300,1.220789,-1.186093,0.030413,1.216505,-0.835159,0.410949,-0.010537,-0.421486,-0.530933,-0.727170,0.018645,0.745816,0.770096,-1.489164,0.038184,1.527348,-0.468344,-0.124856,0.003201,0.128057,0.086794,0.770696,-0.019761,-0.790457,-0.507528,0.432065,-0.011079,-0.443144,-0.105265,2.489155,-5.604813,-0.141539,0.000000,0.000000,0.000000,0.000000,0.000000,0.000000,-2.249790,6.647049,-1.635314,0.000079,0.000000,0.000000,420.402313,304.803228,1
13.810000,4.271021,-0.306295,0.239136,1.125321,-0.028854,-1.154175,-0.180434,-0.089533,0.002296,0.091829,-0.075407,2.901057,-0.074386,-2.975443,-0.920481,0.340309,-0.008726,-0.349034,0.139054,0.238132,-0.006106,-0.244238,1.261983,-0.701636,0.017991,0.719627,-1.749860,0.196753,-0.005045,-0.201798,-0.404023,0.209844,-0.005381,-0.215224,0.493193,-0.991233,0.025416,1.016650,-1.154293,-0.297747,0.007635,0.305381,-0.359746,0.173169,-0.004440,-0.177609,-0.031210,0.179981,-0.004615,-0.184596,0.017955,3.278466,-6.383305,-0.776123,0.000000,0.000000,0.000000,0.000000,0.000000,0.000000,-2.400786,7.567661,-1.565688,0.000060,0.000000,0.000000,420.426513,304.803302,1
13.820000,4.272121,-0.306808,0.236506,1.125321,-0.028854,-1.154175,-0.277766,-0.089533,0.002296,0.091829,-0.061149,2.901057,-0.074386,-2.975443,-1.151597,0.340309,-0.008726,-0.349034,0.107297,0.238132,-0.006106,-0.244238,1.337853,-0.701636,0.017991,0.719627,-1.988551,0.196753,-0.005045,-0.201798,-0.504548,0.209844,-0.005381,-0.215224,0.472708,-0.991233,0.025416,1.016650,-1.357260,-0.297747,0.007635,0.305381,-0.355149,0.173169,-0.004440,-0.177609,-0.085618,0.179981,-0.004615,-0.184596,0.004622,3.403145,-6.717942,-0.892974,0.000000,0.000000,0.000000,0.000000,0.000000,0.000000,-2.519455,7.821092,-1.577719,0.000073,0.000000,0.000000,420.499072,304.808026,1
13.826000,4.274966,-0.299066,0.237822,0.846608,-0.021708,-0.868316,-0.009821,-0.058367,0.001497,0.059863,-0.051866,2.356019,-0.060411,-2.416430,-0.736189,0.250696,-0.006428,-0.257124,0.098281,0.124134,-0.003183,-0.127317,1.372762,-0.758706,0.019454,0.778160,-1.980198,0.079903,-0.002049,-0.081951,-0.499863,0.048824,-0.001252,-0.050076,0.501273,-1.018435,0.026114,1.044548,-1.302047,-0.648226,0.016621,0.664847,-0.126444,0.203851,-0.005227,-0.209078,-0.036736,0.184000,-0.004718,-0.188718,0.012954,3.304370,-6.929720,-0.503970,0.000000,0.000000,0.000000,0.000000,0.000000,0.000000,-2.541512,7.418154,-1.813266,0.000051,0.000000,0.000000,420.529383,304.799748,1
13.836000,4.275670,-0.298951,0.234984,0.846608,-0.021708,-0.868316,-0.043035,-0.058367,0.001497,0.059863,-0.045888,2.356019,-0.060411,-2.416430,-0.908609,0.250696,-0.006428,-0.257124,0.097866,0.124134,-0.003183,-0.127317,1.435440,-0.758706,0.019454,0.778160,-2.185876,0.079903,-0.002049,-0.081951,-0.571258,0.048824,-0.001252,-0.050076,0.467626,-1.018435,0.026114,1.044548,-1.473542,-0.648226,0.016621,0.664847,-0.064608,0.203851,-0.005227,-0.209078,-0.085558,0.184000,-0.004718,-0.188718,0.002432,3.388405,-7.205618,-0.576109,0.000000,0.000000,0.000000,0.000000,0.000000,0.000000,-2.646298,7.595881,-1.840187,0.000058,0.000000,0.000000,420.587536,304.787548,1
13.838000,4.294176,-0.318028,0.237001,0.815513,-0.020911,-0.836424,-0.081018,-0.036461,0.000935,0.037395,-0.045119,2.000805,-0.051303,-2.052107,-0.692256,0.027418,-0.000703,-0.028121,0.475409,-0.226381,0.005805,0.232186,1.501846,-1.013763,0.025994,1.039757,-1.729068,-0.190103,0.004874,0.194978,-0.127269,-0.531954,0.013640,0.545594,0.746497,-0.969188,0.024851,0.994039,-1.236787,-0.385441,0.009883,0.395324,-0.315488,0.113972,-0.002922,-0.116895,-0.018399,0.147102,-0.003772,-0.150874,0.030601,3.374418,-6.450583,-0.904705,0.000000,0.000000,0.000000,0.000000,0.000000,0.000000,-2.444764,7.624793,-1.178802,0.000054,0.000000,0.000000,420.598422,304.785649,1
13.848000,4.295882,-0.319149,0.234152,0.815513,-0.020911,-0.836424,-0.113290,-0.036461,0.000935,0.037395,-0.038533,2.000805,-0.051303,-2.052107,-0.794508,0.027418,-0.000703,-0.028121,0.479050,-0.226381,0.005805,0.232186,1.583328,-1.013763,0.025994,1.039757,-1.918023,-0.190103,0.004874,0.194978,-0.188661,-0.531954,0.013640,0.545594,0.765085,-0.969188,0.024851,0.994039,-1.442596,-0.385441,0.009883,0.395324,-0.285534,0.113972,-0.002922,-0.116895,-0.056817,0.147102,-0.003772,-0.150874,0.014703,3.465372,-6.708737,-1.039282,0.000000,0.000000,0.000000,0.000000,0.000000,0.000000,-2.564067,7.970613,-1.183294,0.000061,0.000000,0.000000,420.659541,304.774867,1
13.854000,4.301236,-0.313135,0.231170,0.627388,-0.016087,-0.643475,-0.010222,-0.029534,0.000757,0.030291,-0.032197,2.027997,-0.052000,-2.079997,-0.819160,0.155123,-0.003978,-0.159101,0.290672,-0.129935,0.003332,0.133267,1.584991,-0.650817,0.016688,0.667505,-1.867946,-0.015552,0.000399,0.015950,-0.515196,-0.153070,0.003925,0.156995,0.557885,-1.025237,0.026288,1.051525,-1.236542,-0.227146,0.005824,0.232970,-0.279976,-0.332953,0.008537,0.341491,0.031490,-0.023392,0.000600,0.023992,0.085926,3.374877,-6.177028,-1.160330,0.000000,0.000000,0.000000,0.000000,0.000000,0.000000,-2.509150,7.502543,-1.037837,0.000047,0.000000,0.000000,420.687680,304.770992,1
13.864000,4.302953,-0.314100,0.228041,0.627388,-0.016087,-0.643475,-0.005759,-0.029534,0.000757,0.030291,-0.037668,2.027997,-0.052000,-2.079997,-0.859054,0.155123,-0.003978,-0.159101,0.326799,-0.129935,0.003332,0.133267,1.669562,-0.650817,0.016688,0.667505,-2.037081,-0.015552,0.000399,0.015950,-0.558685,-0.153070,0.003925,0.156995,0.560380,-1.025237,0.026288,1.051525,-1.422755,-0.227146,0.005824,0.232970,-0.293419,-0.332953,0.008537,0.341491,0.010676,-0.023392,0.000600,0.023992,0.051444,3.467612,-6.390798,-1.284058,0.000000,0.000000,0.000000,0.000000,0.000000,0.000000,-2.597456,7.808432,-1.051677,0.000051,0.000000,0.000000,420.738601,304.762189,1
13.868000,4.298860,-0.311854,0.232386,0.146787,-0.003764,-0.150551,0.065466,-0.015867,0.000407,0.016274,-0.039118,1.862874,-0.047766,-1.910640,-0.701067,0.075605,-0.001939,-0.077543,0.326888,0.215052,-0.005514,-0.220566,1.330856,-1.469840,0.037688,1.507528,-1.955617,0.161833,-0.004150,-0.165982,-0.347399,0.343186,-0.008800,-0.351986,0.324589,-1.894081,0.048566,1.942647,-1.108011,0.213793,-0.005482,-0.219275,-0.517764,-0.352862,0.009048,0.361910,0.065987,-0.035776,0.000917,0.036694,0.123336,3.434677,-7.230870,-0.970712,0.000000,0.000000,0.000000,0.000000,0.000000,0.000000,-2.544874,7.864940,-1.616536,0.000071,0.000000,0.000000,420.766935,304.746168,1
13.878000,4.299900,-0.312472,0.229616,0.146787,-0.003764,-0.150551,0.071446,-0.015867,0.000407,0.016274,-0.046027,1.862874,-0.047766,-1.910640,-0.756156,0.075605,-0.001939,-0.077543,0.315300,0.215052,-0.005514,-0.220566,1.372111,-1.469840,0.037688,1.507528,-2.067771,0.161833,-0.004150,-0.165982,-0.455834,0.343186,-0.008800,-0.351986,0.292999,-1.894081,0.048566,1.942647,-1.257205,0.213793,-0.005482,-0.219275,-0.625575,-0.352862,0.009048,0.361910,0.024382,-0.035776,0.000917,0.036694,0.072278,3.470967,-7.352717,-1.048950,0.000000,0.000000,0.000000,0.000260,-0.001263,0.000937,-2.647600,8.045230,-1.603350,0.000077,0.000000,0.000000,420.843638,304.702846,1
13.882000,4.307986,-0.308213,0.229234,0.154213,-0.003954,-0.158167,0.241787,-0.004602,0.000118,0.004720,-0.049578,2.963228,-0.075980,-3.039209,-0.750198,0.033458,-0.000858,-0.034316,0.310109,0.918383,-0.023548,-0.941931,1.341623,-1.970806,0.050533,2.021339,-1.858415,0.362038,-0.009283,-0.371321,-0.727388,1.280203,-0.032826,-1.313029,-0.130390,-2.546148,0.065286,2.611434,-0.752143,-0.004604,0.000118,0.004722,-1.043993,-0.264934,0.006793,0.271727,0.092601,0.018835,-0.000483,-0.019318,0.202166,3.478373,-7.261266,-0.994974,0.000000,0.000000,0.000000,0.000000,0.000000,0.000000,-2.505354,7.326827,-1.556519,0.000098,0.000000,0.000000,420.882793,304.685663,1
13.892000,4.308975,-0.308662,0.226539,0.154213,-0.003954,-0.158167,0.240013,-0.004602,0.000118,0.004720,-0.063251,2.963228,-0.075980,-3.039209,-1.072494,0.033458,-0.000858,-0.034316,0.317213,0.918383,-0.023548,-0.941931,1.381070,-1.970806,0.050533,2.021339,-1.922607,0.362038,-0.009283,-0.371321,-0.814751,1.280203,-0.032826,-1.313029,-0.148563,-2.546148,0.065286,2.611434,-0.896573,-0.004604,0.000118,0.004722,-0.932455,-0.264934,0.006793,0.271727,0.032422,0.018835,-0.000483,-0.019318,0.106774,3.526026,-7.340144,-1.036308,0.000000,0.000000,0.000000,0.000618,-0.008306,0.005977,-2.589959,7.646762,-1.630550,0.000114,0.000000,0.000000,420.996293,304.647481,1
13.898000,4.324000,-0.318584,0.229866,-0.831370,0.021317,0.852687,0.696033,0.000065,-0.000002,-0.000067,0.358686,0.725590,-0.018605,-0.744195,-1.680244,0.134775,-0.003456,-0.138230,0.551464,1.153320,-0.029572,-1.182892,1.206286,-2.144348,0.054983,2.199331,-1.415875,0.694965,-0.017820,-0.712785,-0.510257,1.870627,-0.047965,-1.918592,-0.323992,-3.111431,0.079780,3.191212,-0.160310,0.654190,-0.016774,-0.670964,-1.279774,-0.165656,0.004248,0.169904,0.150125,-0.865000,0.022179,0.887180,0.538746,3.955209,-5.711473,-0.347529,0.000000,0.000000,0.000000,-3.197562,-5.482103,0.569625,-1.806583,7.212743,-1.512071,0.000093,0.000000,0.000000,421.052214,304.641857,1
13.908000,4.325510,-0.319479,0.228057,-0.831370,0.021317,0.852687,0.857062,0.000065,-0.000002,-0.000067,0.654386,0.725590,-0.018605,-0.744195,-2.346112,0.134775,-0.003456,-0.138230,0.645902,1.153320,-0.029572,-1.182892,1.218413,-2.144348,0.054983,2.199331,-1.327194,0.694965,-0.017820,-0.712785,-0.468927,1.870627,-0.047965,-1.918592,-0.274872,-3.111431,0.079780,3.191212,-0.237308,0.654190,-0.016774,-0.670964,-1.204391,-0.165656,0.004248,0.169904,0.061066,-0.865000,0.022179,0.887180,0.506800,3.888814,-5.388485,-0.259278,0.000000,0.000000,0.000000,-2.985238,-5.508705,0.790084,-1.803422,7.602770,-1.648262,0.000098,0.000000,0.000000,421.150347,304.635854,1
13.912000,4.325907,-0.318277,0.230684,-1.071095,0.027464,1.098559,0.893404,0.022578,-0.000579,-0.023157,-0.266872,-0.340956,0.008742,0.349698,-0.079193,0.702274,-0.018007,-0.720281,0.108161,1.579643,-0.040504,-1.620147,0.869064,-1.669672,0.042812,1.712484,-1.248165,1.433480,-0.036756,-1.470235,-1.180346,3.069052,-0.078694,-3.147745,-0.693624,-3.812166,0.097748,3.909913,-0.201174,0.508505,-0.013039,-0.521543,-1.174213,-0.106802,0.002739,0.109541,0.032393,-0.656223,0.016826,0.673050,0.561723,3.964488,-5.537167,-0.020718,0.000000,0.000000,0.000000,-5.286100,-7.251612,-0.621679,-1.928007,7.863233,-1.843907,0.000103,0.000000,0.000000,421.191699,304.641705,1
13.922000,4.326961,-0.318950,0.228858,-1.071095,0.027464,1.098559,0.668980,0.022578,-0.000579,-0.023157,-0.008527,-0.340956,0.008742,0.349698,-1.553929,0.702274,-0.018007,-0.720281,0.262336,1.579643,-0.040504,-1.620147,0.932905,-1.669672,0.042812,1.712484,-1.339262,1.433480,-0.036756,-1.470235,-1.095081,3.069052,-0.078694,-3.147745,-0.764861,-3.812166,0.097748,3.909913,-0.202067,0.508505,-0.013039,-0.521543,-1.040771,-0.106802,0.002739,0.109541,0.017629,-0.656223,0.016826,0.673050,0.441080,4.286070,-5.318942,0.297956,0.000000,0.000000,0.000000,-4.192256,-7.634589,0.603758,-1.668317,8.038739,-2.107600,0.000109,0.000000,0.000000,421.300916,304.644375,1
13.930000,4.333351,-0.315701,0.228736,-0.538522,0.013808,0.552330,0.976516,0.532535,-0.013655,-0.546190,0.485151,-0.523919,0.013434,0.537353,-2.091411,0.009886,-0.000253,-0.010139,0.678119,1.234905,-0.031664,-1.266569,1.023517,-2.258725,0.057916,2.316642,-0.792904,0.783290,-0.020084,-0.803375,-0.731547,2.295205,-0.058851,-2.354057,-0.580743,-3.568515,0.091500,3.660016,0.075723,0.629732,-0.016147,-0.645879,-1.047497,-0.080545,0.002065,0.082610,-0.006999,-0.448975,0.011512,0.460487,0.300518,3.474078,-4.635169,-0.054327,0.000000,0.000000,0.000000,-2.780677,-5.791309,1.125861,-1.782271,7.474150,-1.787512,0.000081,0.000000,0.000000,421.365842,304.636829,1
13.940000,4.334351,-0.316177,0.227321,-0.538522,0.013808,0.552330,1.101316,0.532535,-0.013655,-0.546190,0.526079,-0.523919,0.013434,0.537353,-2.184787,0.009886,-0.000253,-0.010139,0.752952,1.234905,-0.031664,-1.266569,1.042636,-2.258725,0.057916,2.316642,-0.732736,0.783290,-0.020084,-0.803375,-0.681985,2.295205,-0.058851,-2.354057,-0.500508,-3.568515,0.091500,3.660016,-0.046177,0.629732,-0.016147,-0.645879,-1.020875,-0.080545,0.002065,0.082610,-0.013281,-0.448975,0.011512,0.460487,0.263256,3.408526,-4.525803,-0.060345,0.000000,0.000000,0.000000,-2.545564,-5.512953,1.162332,-1.762705,7.775747,-1.920806,0.000078,0.000000,0.000000,421.443563,304.621408,1
13.946000,4.323958,-0.303794,0.226799,-0.027738,0.000711,0.028450,-0.137132,3.325286,-0.085264,-3.410550,0.222691,-5.907425,0.151472,6.058897,0.298647,-0.128489,0.003295,0.131784,-0.172852,1.307272,-0.033520,-1.340792,0.054323,-2.439696,0.062556,2.502252,0.349547,0.927208,-0.023775,-0.950982,-2.049110,3.235140,-0.082952,-3.318092,-1.280056,-4.970715,0.127454,5.098169,3.002234,1.150773,-0.029507,-1.180280,-0.023447,-0.013140,0.000337,0.013477,0.610739,-1.679289,0.043059,1.722348,-0.832713,1.020940,-2.421196,-0.419306,3.422760,5.655529,0.613740,-3.830707,-5.557340,0.175251,0.000000,0.000000,0.000000,0.000265,0.000000,0.000000,421.602654,304.752980,1
13.956000,4.323273,-0.303906,0.226841,-0.027738,0.000711,0.028450,-0.151588,3.325286,-0.085264,-3.410550,0.121486,-5.907425,0.151472,6.058897,0.247696,-0.128489,0.003295,0.131784,-0.163922,1.307272,-0.033520,-1.340792,-0.011299,-2.439696,0.062556,2.502252,0.209190,0.927208,-0.023775,-0.950982,-1.498166,3.235140,-0.082952,-3.318092,-1.427112,-4.970715,0.127454,5.098169,2.745618,1.150773,-0.029507,-1.180280,-0.006690,-0.013140,0.000337,0.013477,0.479304,-1.679289,0.043059,1.722348,-0.836337,1.009751,-2.560023,-0.496106,3.297055,5.488888,0.627847,-3.820214,-5.645844,0.225265,0.000000,0.000000,0.000000,0.000241,0.000000,0.000000,421.843575,304.956286,1
13.962000,4.363093,-0.307799,0.251437,0.667092,-0.017105,-0.684197,-0.162415,0.869007,-0.022282,-0.891289,0.829306,-5.258379,0.134830,5.393209,0.395745,0.633515,-0.016244,-0.649759,-0.630986,-0.051299,0.001315,0.052615,-0.043879,-4.176991,0.107102,4.284094,2.461495,3.335197,-0.085518,-3.420715,-2.674487,-1.146197,0.029390,1.175586,0.029515,6.868425,-0.176113,-7.044538,-5.290869,1.510203,-0.038723,-1.548926,-0.492190,-1.448930,0.037152,1.486082,2.015216,-2.454613,0.062939,2.517551,-1.452652,0.632485,-0.737606,0.046674,4.808229,9.617422,2.787921,-3.852131,-6.599041,0.216498,0.000000,0.000000,0.000000,0.000678,0.000000,0.000000,422.250444,305.310373,1
13.972000,4.363878,-0.307902,0.251651,0.667092,-0.017105,-0.684197,-0.376101,0.869007,-0.022282,-0.891289,0.781823,-5.258379,0.134830,5.393209,0.199110,0.633515,-0.016244,-0.649759,-0.659703,-0.051299,0.001315,0.052615,-0.101702,-4.176991,0.107102,4.284094,2.097657,3.335197,-0.085518,-3.420715,-2.730944,-1.146197,0.029390,1.175586,0.084045,6.868425,-0.176113,-7.044538,-4.237406,1.510203,-0.038723,-1.548926,-0.589449,-1.448930,0.037152,1.486082,1.751923,-2.454613,0.062939,2.517551,-1.405992,1.598779,-2.573577,-0.109560,4.278300,8.498558,2.410680,-4.246589,-6.832889,0.031830,0.000000,0.000000,0.000000,0.000578,0.000000,0.000000,422.828403,305.803495,1
13.978000,4.347545,-0.303372,0.237596,0.884093,-0.022669,-0.906762,-1.368719,0.328263,-0.008417,-0.336680,0.664910,-3.663250,0.093929,3.757180,-0.329645,0.974747,-0.024994,-0.999740,-0.439610,1.631519,-0.041834,-1.673353,-0.689903,-6.271147,0.160799,6.431946,2.334180,0.276225,-0.007083,-0.283308,-0.450038,-0.270257,0.006930,0.277187,-0.005326,0.387479,-0.009935,-0.397414,-0.171854,1.445077,-0.037053,-1.482130,-0.819090,-0.454694,0.011659,0.466353,0.380190,-3.157746,0.080968,3.238714,-0.473306,0.000000,0.000000,0.000000,3.276012,5.962658,1.196684,-3.808716,-5.309565,0.464198,0.000000,0.000000,0.000000,0.000224,0.000000,0.000000,422.962996,305.902127,1
13.988000,4.350705,-0.305210,0.240069,2.099094,-0.053823,-2.152917,-1.955091,-0.097576,0.002502,0.100078,0.646314,-4.075614,0.104503,4.180117,-0.064918,2.238467,-0.057397,-2.295863,-0.704401,1.951491,-0.050038,-2.001529,-0.663976,-7.949895,0.203843,8.153738,3.790502,-2.139038,0.054847,2.193885,1.006460,0.036714,-0.000941,-0.037656,0.010227,-4.072721,0.104429,4.177149,1.681231,2.641724,-0.067737,-2.709460,-1.713371,-1.091072,0.027976,1.119048,0.393172,-3.113542,0.079834,3.193376,0.288085,0.000000,0.000000,0.000000,3.151565,4.840441,1.006810,-3.324336,-5.471826,0.122832,0.000000,0.000000,0.000000,0.000536,0.000000,0.000000,423.499312,306.433007,1
13.990000,4.371455,-0.310363,0.248409,-0.480818,0.012329,0.493147,0.216250,0.081600,-0.002092,-0.083693,0.665304,-1.378440,0.035345,1.413784,0.249968,-2.302551,0.059040,2.361591,0.524689,-0.553279,0.014187,0.567466,0.026190,5.159351,-0.132291,-5.291642,-2.470864,0.006163,-0.000158,-0.006321,2.272094,-0.006343,0.000163,0.006505,-0.147685,1.694720,-0.043454,-1.738174,-0.271462,-0.378148,0.009696,0.387844,0.879116,0.073533,-0.001885,-0.075418,0.431542,-1.499458,0.038448,1.537906,-0.114443,0.000000,0.000000,0.000000,2.355604,5.073611,1.494636,-2.265846,-3.159260,-0.279844,0.000000,0.000000,0.000000,0.000159,0.000000,0.000000,423.531074,306.463652,1
14.000000,4.369116,-0.310407,0.243757,-0.504054,0.012924,0.516979,-0.109223,0.011532,-0.000296,-0.011827,0.973988,-0.991169,0.025415,1.016583,-0.537682,-0.764317,0.019598,0.783915,0.482940,-0.257148,0.006594,0.263741,-0.014309,1.934684,-0.049607,-1.984291,-1.296736,0.331399,-0.008497,-0.339897,0.585669,-0.000218,0.000006,0.000223,-0.116552,1.950510,-0.050013,-2.000523,-0.907262,-0.391921,0.010049,0.401970,0.704834,0.027211,-0.000698,-0.027908,0.409107,-1.164500,0.029859,1.194359,-0.585691,0.000000,0.000000,0.000000,2.528788,5.767034,1.565376,-3.280650,-4.044858,-0.339622,0.000000,0.000000,0.000000,0.000066,0.000000,0.000000,423.596858,306.498868,1
14.006000,4.370412,-0.305151,0.242587,-0.320096,0.008208,0.328304,-0.028452,-0.054649,0.001401,0.056050,0.755907,-0.818394,0.020984,0.839379,-0.640623,0.043206,-0.001108,-0.044313,-0.320645,-0.092017,0.002359,0.094376,-0.041117,0.354751,-0.009096,-0.363847,-0.049324,-0.276045,0.007078,0.283123,0.697868,-0.001912,0.000049,0.001961,-0.096390,-0.013639,0.000350,0.013988,0.057838,-0.088286,0.002264,0.090550,0.152856,-0.267425,0.006857,0.274283,0.588188,-0.936265,0.024007,0.960272,-0.520158,0.000000,0.000000,0.000000,2.698578,5.565364,1.501512,-2.890096,-4.159025,0.150044,0.000000,0.000000,0.000000,0.000015,0.000000,0.000000,423.605851,306.495253,1
14.016000,4.369032,-0.306472,0.239364,-0.299660,0.007684,0.307344,-0.067854,0.079299,-0.002033,-0.081333,0.919618,-0.833338,0.021368,0.854706,-1.003641,-0.338069,0.008668,0.346737,0.020973,-0.086527,0.002219,0.088746,-0.025178,0.617699,-0.015838,-0.633538,-0.243820,0.504308,-0.012931,-0.517239,0.040402,0.307797,-0.007892,-0.315690,-0.207296,0.147010,-0.003769,-0.150780,-0.074579,-0.117069,0.003002,0.120070,0.389063,-0.118666,0.003043,0.121709,0.503006,-0.892318,0.022880,0.915198,-0.794216,0.000000,0.000000,0.000000,3.011623,6.127185,1.497756,-3.478754,-4.651380,-0.003269,0.000000,0.000000,0.000000,0.000020,0.000000,0.000000,423.626349,306.481682,1
14.020000,4.368311,-0.305592,0.236432,-0.294931,0.007562,0.302494,-0.253996,0.037244,-0.000955,-0.038199,1.046976,-0.790547,0.020270,0.810818,-1.251178,-0.190146,0.004876,0.195021,0.000716,-0.122410,0.003139,0.125549,-0.017991,0.893553,-0.022912,-0.916464,-0.280655,0.637572,-0.016348,-0.653920,0.015942,0.331451,-0.008499,-0.339950,-0.156601,0.195749,-0.005019,-0.200768,-0.053664,-0.143217,0.003672,0.146890,0.479359,-0.032040,0.000822,0.032861,0.334918,-1.052571,0.026989,1.079560,-0.909515,0.000000,0.000000,0.000000,2.998577,6.261212,1.388941,-3.689999,-5.032114,0.166209,0.000000,0.000000,0.000000,0.000025,0.000000,0.000000,423.636464,306.474789,1
14.030000,4.369126,-0.305324,0.234084,-0.294931,0.007562,0.302494,-0.232390,0.037244,-0.000955,-0.038199,1.159329,-0.790547,0.020270,0.810818,-1.554407,-0.190146,0.004876,0.195021,-0.008887,-0.122410,0.003139,0.125549,-0.015038,0.893553,-0.022912,-0.916464,-0.305777,0.637572,-0.016348,-0.653920,0.007377,0.331451,-0.008499,-0.339950,-0.185679,0.195749,-0.005019,-0.200768,-0.030642,-0.143217,0.003672,0.146890,0.551544,-0.032040,0.000822,0.032861,0.365520,-1.052571,0.026989,1.079560,-1.157038,0.000000,0.000000,0.000000,3.231528,6.757796,1.495869,-3.912710,-5.547714,0.323672,0.000000,0.000000,0.000000,0.000031,0.000000,0.000000,423.667214,306.452890,1
14.034000,4.376840,-0.302711,0.238379,-0.239064,0.006130,0.245193,-0.412580,0.091820,-0.002354,-0.094175,1.001775,-1.451988,0.037230,1.489218,-0.864595,-0.228343,0.005855,0.234198,0.012000,-0.080192,0.002056,0.082248,-0.058832,4.465542,-0.114501,-4.580043,-1.751987,0.483281,-0.012392,-0.495672,-0.026402,0.635977,-0.016307,-0.652284,-0.322237,0.436835,-0.011201,-0.448035,-0.042331,-0.045637,0.001170,0.046807,0.488835,0.000447,-0.000011,-0.000459,0.232931,-1.731164,0.044389,1.775553,-0.717033,0.000000,0.000000,0.000000,3.120547,6.161545,1.387393,-3.810643,-5.105388,0.229472,0.000000,0.000000,0.000000,0.000111,0.000000,0.000000,423.711427,306.475014,1
14.044000,4.377752,-0.302386,0.236380,-0.239064,0.006130,0.245193,-0.389249,0.091820,-0.002354,-0.094175,1.116236,-1.451988,0.037230,1.489218,-1.176476,-0.228343,0.005855,0.234198,0.001378,-0.080192,0.002056,0.082248,-0.054225,4.465542,-0.114501,-4.580043,-1.971296,0.483281,-0.012392,-0.495672,-0.008307,0.635977,-0.016307,-0.652284,-0.344406,0.436835,-0.011201,-0.448035,-0.037615,-0.045637,0.001170,0.046807,0.570975,0.000447,-0.000011,-0.000459,0.242961,-1.731164,0.044389,1.775553,-0.957903,0.000000,0.000000,0.000000,3.335405,6.650451,1.505104,-4.032872,-5.633572,0.405453,0.000000,0.000000,0.000000,0.000130,0.000000,0.000000,423.841019,306.531447,1
14.046000,4.409007,-0.306061,0.254332,-0.128175,0.003287,0.131461,-0.324898,-0.241794,0.006200,0.247994,1.077752,-0.827318,0.021213,0.848532,-0.505980,-0.057391,0.001472,0.058863,-0.100159,-0.011965,0.000307,0.012272,-0.041026,2.812748,-0.072122,-2.884870,-1.299482,0.824220,-0.021134,-0.845354,-0.051613,-0.034329,0.000880,0.035209,-0.025214,0.098285,-0.002520,-0.100805,0.010175,0.125118,-0.003208,-0.128326,0.139535,-0.167191,0.004287,0.171478,0.572728,-1.501299,0.038495,1.539793,-0.086693,0.000000,0.000000,0.000000,2.521544,5.730717,1.301363,-3.221557,-4.350314,-0.045603,0.000000,0.000000,0.000000,0.000048,0.000000,0.000000,423.850599,306.538499,1
14.056000,4.411050,-0.306319,0.253096,-0.128175,0.003287,0.131461,-0.267991,-0.241794,0.006200,0.247994,1.249640,-0.827318,0.021213,0.848532,-0.941302,-0.057391,0.001472,0.058863,-0.076373,-0.011965,0.000307,0.012272,-0.029814,2.812748,-0.072122,-2.884870,-1.307199,0.824220,-0.021134,-0.845354,-0.039784,-0.034329,0.000880,0.035209,-0.024164,0.098285,-0.002520,-0.100805,0.008076,0.125118,-0.003208,-0.128326,0.220089,-0.167191,0.004287,0.171478,0.615285,-1.501299,0.038495,1.539793,-0.374110,0.000000,0.000000,0.000000,2.846547,6.464840,1.453192,-3.586325,-5.205962,0.149131,0.000000,0.000000,0.000000,0.000057,0.000000,0.000000,423.907248,306.566253,1
14.060000,4.391145,-0.305904,0.238312,-0.302689,0.007761,0.310450,-0.308759,0.322781,-0.008276,-0.331057,1.312205,-0.812015,0.020821,0.832836,-1.689944,-0.738304,0.018931,0.757234,-0.010554,-0.012320,0.000316,0.012636,-0.030666,2.860454,-0.073345,-2.933799,-0.546025,0.499838,-0.012816,-0.512654,0.069080,0.350658,-0.008991,-0.359649,-0.007431,0.239580,-0.006143,-0.245724,0.016646,-0.102335,0.002624,0.104959,0.362918,0.201253,-0.005160,-0.206413,0.433347,-0.986725,0.025301,1.012026,-1.040098,0.000000,0.000000,0.000000,3.202087,6.924983,1.728627,-4.202653,-5.933990,0.343074,0.000000,0.000000,0.000000,0.000048,0.000000,0.000000,423.926329,306.560313,1
14.070000,4.392112,-0.305725,0.235693,-0.302689,0.007761,0.310450,-0.229385,0.322781,-0.008276,-0.331057,1.388607,-0.812015,0.020821,0.832836,-1.945712,-0.738304,0.018931,0.757234,0.047392,-0.012320,0.000316,0.012636,-0.065021,2.860454,-0.073345,-2.933799,-0.965156,0.499838,-0.012816,-0.512654,0.103330,0.350658,-0.008991,-0.359649,-0.111101,0.239580,-0.006143,-0.245724,-0.001742,-0.102335,0.002624,0.104959,0.502573,0.201253,-0.005160,-0.206413,0.424734,-0.986725,0.025301,1.012026,-1.267822,0.000000,0.000000,0.000000,3.404251,7.235194,1.764392,-4.326622,-6.273122,0.473322,0.000000,0.000000,0.000000,0.000065,0.000000,0.000000,423.991694,306.554160,1
14.074000,4.403413,-0.297504,0.237535,-0.130833,0.003355,0.134188,-0.359721,0.053575,-0.001374,-0.054949,1.373313,-0.724752,0.018583,0.743336,-1.760038,-0.655370,0.016804,0.672175,0.036217,-0.013307,0.000341,0.013648,-0.052947,2.513433,-0.064447,-2.577880,-0.959472,0.264051,-0.006771,-0.270821,0.228558,-0.059778,0.001533,0.061310,-0.010294,0.071747,-0.001840,-0.073587,0.034394,0.063105,-0.001618,-0.064723,0.339935,-0.019218,0.000493,0.019711,0.490902,-0.982783,0.025200,1.007983,-1.133987,0.000000,0.000000,0.000000,3.280213,7.054548,1.385913,-4.077286,-5.787780,0.639545,0.000000,0.000000,0.000000,0.000052,0.000000,0.000000,424.012375,306.553538,1
14.084000,4.404778,-0.296857,0.234784,-0.130833,0.003355,0.134188,-0.341733,0.053575,-0.001374,-0.054949,1.452628,-0.724752,0.018583,0.743336,-1.968922,-0.655370,0.016804,0.672175,0.048159,-0.013307,0.000341,0.013648,-0.046988,2.513433,-0.064447,-2.577880,-1.064105,0.264051,-0.006771,-0.270821,0.260937,-0.059778,0.001533,0.061310,-0.013269,0.071747,-0.001840,-0.073587,0.022299,0.063105,-0.001618,-0.064723,0.429941,-0.019218,0.000493,0.019711,0.499019,-0.982783,0.025200,1.007983,-1.347697,0.000000,0.000000,0.000000,3.445757,7.381410,1.415151,-4.203286,-6.069445,0.770175,0.000000,0.000000,0.000000,0.000058,0.000000,0.000000,424.070722,306.550899,1
14.088000,4.397585,-0.313811,0.235660,-0.151522,0.003885,0.155407,-0.164404,-0.024968,0.000640,0.025608,1.377770,-0.714046,0.018309,0.732355,-1.926670,-0.758378,0.019446,0.777823,0.036317,-0.014136,0.000362,0.014499,-0.051935,2.705101,-0.069362,-2.774463,-1.055965,0.419168,-0.010748,-0.429916,0.178359,-0.171024,0.004385,0.175409,-0.002606,0.047640,-0.001222,-0.048861,0.049524,0.061854,-0.001586,-0.063440,0.498320,-0.050294,0.001290,0.051583,0.397390,-1.094949,0.028076,1.123025,-1.132485,0.000000,0.000000,0.000000,3.286421,6.653650,1.790990,-3.998623,-6.263039,0.275060,0.000000,0.000000,0.000000,0.000058,0.000000,0.000000,424.094058,306.551673,1
14.098000,4.398181,-0.314175,0.232859,-0.151522,0.003885,0.155407,-0.145425,-0.024968,0.000640,0.025608,1.452752,-0.714046,0.018309,0.732355,-2.129024,-0.758378,0.019446,0.777823,0.045287,-0.014136,0.000362,0.014499,-0.040163,2.705101,-0.069362,-2.774463,-1.150459,0.419168,-0.010748,-0.429916,0.153881,-0.171024,0.004385,0.175409,-0.004468,0.047640,-0.001222,-0.048861,0.030312,0.061854,-0.001586,-0.063440,0.584221,-0.050294,0.001290,0.051583,0.402819,-1.094949,0.028076,1.123025,-1.347883,0.000000,0.000000,0.000000,3.445557,6.931911,1.871306,-4.114863,-6.560137,0.349656,0.000000,0.000000,0.000000,0.000065,0.000000,0.000000,424.158925,306.552508,1
14.102000,4.406553,-0.302098,0.227747,-0.212327,0.005444,0.217771,-0.363998,0.196663,-0.005043,-0.201705,1.517641,-0.868289,0.022264,0.890553,-2.137803,-1.130072,0.028976,1.159048,0.213049,-0.011950,0.000306,0.012256,-0.067100,3.366921,-0.086331,-3.453252,-1.317866,1.125058,-0.028848,-1.153906,0.030473,0.244870,-0.006279,-0.251149,-0.087049,0.212567,-0.005450,-0.218017,0.018284,0.059452,-0.001524,-0.060976,0.568041,0.059765,-0.001532,-0.061297,0.374492,-1.125156,0.028850,1.154007,-1.503054,-0.034213,-0.081158,-0.071530,3.490485,7.422318,1.564624,-4.352311,-6.438848,0.836885,0.000000,0.000000,0.000000,0.000089,0.000000,0.000000,424.194689,306.555302,1
14.112000,4.407301,-0.301176,0.225407,-0.195193,0.005005,0.200198,-0.403381,0.191962,-0.004922,-0.196884,1.567171,-0.882396,0.022626,0.905022,-2.256653,-1.209914,0.031023,1.240938,0.344681,-0.011340,0.000291,0.011631,-0.058066,3.661836,-0.093893,-3.755729,-1.601612,1.125711,-0.028864,-1.154576,-0.005533,0.211737,-0.005429,-0.217166,-0.114149,0.205257,-0.005263,-0.210520,0.008976,0.080047,-0.002052,-0.082099,0.601842,0.058740,-0.001506,-0.060246,0.366350,-1.153898,0.029587,1.183485,-1.660206,0.000000,0.000000,0.000000,3.570978,7.613306,1.589878,-4.421517,-6.589223,0.917972,0.000000,0.000000,0.000000,0.000109,0.000000,0.000000,424.304135,306.575338,1
14.116000,4.421306,-0.305724,0.233558,-0.236012,0.006052,0.242064,-0.257481,-0.245975,0.006307,0.252282,1.559665,-0.811856,0.020817,0.832672,-2.023587,-0.665596,0.017067,0.682662,0.045640,-0.022143,0.000568,0.022711,-0.031583,1.912274,-0.049033,-1.961306,-0.776120,0.586677,-0.015043,-0.601720,0.168695,-0.422443,0.010832,0.433275,0.083802,-0.096025,0.002462,0.098487,0.103316,0.106638,-0.002734,-0.109372,0.268212,-0.522313,0.013393,0.535706,0.689626,-0.905168,0.023209,0.928378,-1.252285,0.000000,0.000000,0.000000,3.396969,7.049915,1.562176,-4.375536,-6.223080,0.557721,0.000000,0.000000,0.000000,0.000054,0.000000,0.000000,424.325752,306.572623,1
14.126000,4.422637,-0.305521,0.230612,-0.236012,0.006052,0.242064,-0.226625,-0.245975,0.006307,0.252282,1.631927,-0.811856,0.020817,0.832672,-2.179487,-0.665596,0.017067,0.682662,0.047714,-0.022143,0.000568,0.022711,-0.033306,1.912274,-0.049033,-1.961306,-0.804703,0.586677,-0.015043,-0.601720,0.123426,-0.422443,0.010832,0.433275,0.037761,-0.096025,0.002462,0.098487,0.085216,0.106638,-0.002734,-0.109372,0.365556,-0.522313,0.013393,0.535706,0.722269,-0.905168,0.023209,0.928378,-1.467963,0.000000,0.000000,0.000000,3.593117,7.399693,1.611035,-4.463292,-6.432907,0.656390,0.000000,0.000000,0.000000,0.000058,0.000000,0.000000,424.383569,306.563491,1
14.130000,4.427873,-0.296582,0.225154,0.046443,-0.001191,-0.047634,-0.494874,0.368777,-0.009456,-0.378232,1.349217,-1.423390,0.036497,1.459887,-1.802026,0.183566,-0.004707,-0.188273,-0.231541,-0.009553,0.000245,0.009798,-0.079465,1.179345,-0.030240,-1.209585,-0.583240,-0.903735,0.023173,0.926908,1.052381,-0.763790,0.019584,0.783374,0.146078,-0.220993,0.005666,0.226660,0.272694,-0.150520,0.003859,0.154379,0.531103,0.673207,-0.017262,-0.690469,0.054207,-1.951148,0.050029,2.001177,-0.990263,1.410713,-4.433131,-0.955013,3.230343,7.186525,1.318991,-4.245472,-5.747650,0.851718,0.000000,0.000000,0.000000,0.000072,0.000000,0.000000,424.412238,306.550872,1
14.140000,4.429063,-0.295714,0.222435,0.046443,-0.001191,-0.047634,-0.520347,0.368777,-0.009456,-0.378232,1.381832,-1.423390,0.036497,1.459887,-1.796708,0.183566,-0.004707,-0.188273,-0.498138,-0.009553,0.000245,0.009798,0.328727,1.179345,-0.030240,-1.209585,-1.646742,-0.903735,0.023173,0.926908,1.130903,-0.763790,0.019584,0.783374,0.185331,-0.220993,0.005666,0.226660,0.181745,-0.150520,0.003859,0.154379,0.561182,0.673207,-0.017262,-0.690469,0.079104,-1.951148,0.050029,2.001177,-1.113303,1.958573,-5.549939,-1.037136,3.176732,7.471265,1.472777,-4.291836,-5.466956,0.683998,0.000000,0.000000,0.000000,0.000089,0.000000,0.000000,424.500870,306.530940,1
14.144000,4.433088,-0.303671,0.228280,-0.258004,0.006615,0.264620,-0.176758,1.139704,-0.029223,-1.168927,1.141528,-1.987793,0.050969,2.038762,-1.689515,0.149984,-0.003846,-0.153829,-0.248932,0.001139,-0.000029,-0.001168,-0.044990,1.503372,-0.038548,-1.541920,-0.499712,-0.019021,0.000488,0.019508,1.071343,0.013704,-0.000351,-0.014055,-0.032054,0.095366,-0.002445,-0.097811,0.251394,-0.635920,0.016306,0.652225,0.917828,1.637614,-0.041990,-1.679604,-0.365807,-2.715137,0.069619,2.784755,-0.510265,0.080836,-0.330326,-0.093158,3.193843,6.790373,1.495563,-4.402835,-6.230341,0.693475,0.000000,0.000000,0.000000,0.000083,0.000000,0.000000,424.534127,306.514028,1
14.154000,4.436488,-0.301622,0.226511,-0.088811,0.002277,0.091088,-0.311938,0.839996,-0.021538,-0.861534,1.297172,-2.216632,0.056837,2.273469,-1.570900,0.296290,-0.007597,-0.303887,-0.378323,-0.000911,0.000023,0.000934,-0.099867,1.120567,-0.028732,-1.149300,-0.597156,-0.340587,0.008733,0.349320,1.098620,-0.093055,0.002386,0.095441,-0.026625,0.036432,-0.000934,-0.037366,0.151326,-0.472195,0.012108,0.484303,0.901812,1.224758,-0.031404,-1.256162,-0.163244,-2.755353,0.070650,2.826004,-0.685199,2.473042,-4.954864,-0.323732,3.257893,7.265158,1.625726,-4.534326,-6.129021,0.676453,0.000000,0.000000,0.000000,0.000085,0.000000,0.000000,424.619016,306.465676,1
14.158000,4.424651,-0.324277,0.231509,-0.250116,0.006413,0.256529,0.199351,1.182048,-0.030309,-1.212357,0.754760,-2.198674,0.056376,2.255050,-1.393335,0.874248,-0.022417,-0.896665,-0.880887,0.050788,-0.001302,-0.052090,-0.047128,0.036239,-0.000929,-0.037168,0.078115,-0.528420,0.013549,0.541969,1.284616,-0.228389,0.005856,0.234245,0.324779,-0.018701,0.000480,0.019181,-0.805977,-0.864163,0.022158,0.886321,1.308684,2.062224,-0.052878,-2.115102,-1.021987,-3.331255,0.085417,3.416672,0.260384,0.000000,0.000000,0.000000,2.726650,3.930086,0.771133,-3.239968,-6.493010,0.654015,-0.383482,4.004180,-1.440059,0.000099,0.000000,0.000000,424.658626,306.472682,1
14.168000,4.424741,-0.325087,0.229704,-0.250116,0.006413,0.256529,0.261989,1.182048,-0.030309,-1.212357,0.737687,-2.198674,0.056376,2.255050,-1.526543,0.874248,-0.022417,-0.896665,-0.939076,0.050788,-0.001302,-0.052090,-0.055281,0.036239,-0.000929,-0.037168,0.045588,-0.528420,0.013549,0.541969,1.378273,-0.228389,0.005856,0.234245,0.274866,-0.018701,0.000480,0.019181,-0.979123,-0.864163,0.022158,0.886321,1.379071,2.062224,-0.052878,-2.115102,-1.067868,-3.331255,0.085417,3.416672,0.130445,0.000000,0.000000,0.000000,2.847553,4.228481,0.902958,-3.303590,-6.833756,0.753816,-0.372174,3.726175,-1.329917,0.000100,0.000000,0.000000,424.758699,306.485611,1
14.174000,4.435957,-0.306758,0.225089,-0.017999,0.000462,0.018461,-0.318795,1.213634,-0.031119,-1.244753,0.955536,-2.229315,0.057162,2.286477,-1.179647,0.307714,-0.007890,-0.315604,-0.566146,0.157386,-0.004036,-0.161421,-0.007136,0.411672,-0.010556,-0.422228,-1.518875,-0.306641,0.007863,0.314504,0.945056,0.020226,-0.000519,-0.020745,0.006968,0.021571,-0.000553,-0.022124,0.062541,-0.652659,0.016735,0.669394,1.223129,2.091594,-0.053631,-2.145224,-0.743927,-3.316999,0.085051,3.402050,-0.379589,2.294907,-6.225552,-1.098721,2.920747,6.531079,1.597714,-4.272380,-5.410688,0.208804,-0.005589,0.075269,-0.037308,0.000087,0.000000,0.000000,424.811010,306.475696,1
14.184000,4.436380,-0.306514,0.223078,-0.017999,0.000462,0.018461,-0.449724,1.213634,-0.031119,-1.244753,1.035291,-2.229315,0.057162,2.286477,-1.198340,0.307714,-0.007890,-0.315604,-0.700289,0.157386,-0.004036,-0.161421,0.204888,0.411672,-0.010556,-0.422228,-2.143141,-0.306641,0.007863,0.314504,0.814611,0.020226,-0.000519,-0.020745,0.000791,0.021571,-0.000553,-0.022124,0.037656,-0.652659,0.016735,0.669394,1.132811,2.091594,-0.053631,-2.145224,-0.686661,-3.316999,0.085051,3.402050,-0.451713,2.033063,-6.121896,-1.315357,2.929526,6.995337,1.861768,-4.188515,-5.180134,0.138850,-0.027054,0.210912,-0.098013,0.000092,0.000000,0.000000,424.903221,306.455754,1
14.190000,4.440689,-0.309660,0.227476,0.302742,-0.007763,-0.310505,-0.660113,1.337363,-0.034291,-1.371655,0.717932,-2.599317,0.066649,2.665966,-0.375439,0.528065,-0.013540,-0.541605,-0.939548,0.961023,-0.024642,-0.985664,-0.017000,-1.265852,0.032458,1.298310,-1.631357,-0.674472,0.017294,0.691766,1.065753,0.018930,-0.000485,-0.019415,0.000868,0.019988,-0.000513,-0.020500,0.039768,-0.494476,0.012679,0.507155,1.103449,2.242364,-0.057497,-2.299860,-1.044994,-3.502997,0.089820,3.592817,0.293039,2.089513,-6.180570,-1.324490,2.548824,5.778804,1.328232,-3.523207,-3.912667,-0.084219,-0.025019,0.044653,-0.008711,0.000096,0.000000,0.000000,424.960750,306.464029,1
14.200000,4.440969,-0.309628,0.226350,0.302742,-0.007763,-0.310505,-0.771410,1.337363,-0.034291,-1.371655,0.784747,-2.599317,0.066649,2.665966,-0.351184,0.528065,-0.013540,-0.541605,-1.090034,0.961023,-0.024642,-0.985664,0.066199,-1.265852,0.032458,1.298310,-1.737599,-0.674472,0.017294,0.691766,0.965601,0.018930,-0.000485,-0.019415,-0.008736,0.019988,-0.000513,-0.020500,0.026240,-0.494476,0.012679,0.507155,0.981560,2.242364,-0.057497,-2.299860,-0.880111,-3.502997,0.089820,3.592817,0.082875,1.886880,-5.834298,-1.336773,2.580463,6.378090,1.645800,-3.509089,-3.893381,-0.086581,-0.087995,0.146810,-0.025325,0.000087,0.000000,0.000000,425.047271,306.463863,1
14.206000,4.443065,-0.310852,0.221867,0.305840,-0.007842,-0.313682,-0.726916,1.331113,-0.034131,-1.365244,0.985606,-2.612676,0.066992,2.679667,-0.446922,0.523139,-0.013414,-0.536553,-1.169705,1.014436,-0.026011,-1.040448,0.125402,-1.394116,0.035747,1.429863,-2.041032,-0.698564,0.017912,0.716476,0.893100,0.017516,-0.000449,-0.017965,-0.000034,0.013226,-0.000339,-0.013565,0.021856,-0.496941,0.012742,0.509683,1.170756,2.255031,-0.057821,-2.312852,-0.947354,-3.542658,0.090837,3.633495,0.016586,2.468703,-6.855415,-1.618519,2.506884,6.178940,1.675772,-3.516763,-4.018212,-0.022002,-0.230309,0.526151,-0.161324,0.000099,0.000000,0.000000,425.106886,306.456370,1
14.216000,4.443158,-0.310966,0.220400,0.305840,-0.007842,-0.313682,-0.811598,1.331113,-0.034131,-1.365244,1.011737,-2.612676,0.066992,2.679667,-0.377048,0.523139,-0.013414,-0.536553,-1.322054,1.014436,-0.026011,-1.040448,0.181746,-1.394116,0.035747,1.429863,-2.090580,-0.698564,0.017912,0.716476,0.851359,0.017516,-0.000449,-0.017965,-0.003277,0.013226,-0.000339,-0.013565,0.013748,-0.496941,0.012742,0.509683,1.075901,2.255031,-0.057821,-2.312852,-0.844691,-3.542658,0.090837,3.633495,-0.102939,2.181300,-6.304143,-1.562056,2.488658,6.437233,1.852831,-3.381105,-3.928918,0.011799,-0.489022,1.046922,-0.309270,0.000100,0.000000,0.000000,425.207088,306.437688,1
14.222000,4.482088,-0.330560,0.237667,0.862789,-0.022123,-0.884912,0.869072,0.752631,-0.019298,-0.771930,0.590377,-3.667439,0.094037,3.761476,0.960348,0.809999,-0.020769,-0.830768,0.660195,1.712814,-0.043918,-1.756732,0.502783,-5.206830,0.133508,5.340339,2.896309,-1.381227,0.035416,1.416643,-0.701564,-0.009305,0.000239,0.009543,1.515953,-0.264791,0.006790,0.271581,-0.850610,0.012289,-0.000315,-0.012604,0.705367,1.663533,-0.042655,-1.706188,-0.685769,-4.507397,0.115574,4.622971,2.972782,2.852793,-1.493442,1.444391,0.000000,0.000000,0.000000,-0.937899,-3.166610,1.215501,-2.004489,6.813514,0.112180,0.000379,0.000000,0.000000,425.434473,306.618390,1
14.232000,4.483523,-0.331623,0.237853,0.862789,-0.022123,-0.884912,0.830923,0.752631,-0.019298,-0.771930,0.596918,-3.667439,0.094037,3.761476,0.623857,0.809999,-0.020769,-0.830768,0.681720,1.712814,-0.043918,-1.756732,0.535075,-5.206830,0.133508,5.340339,2.510457,-1.381227,0.035416,1.416643,-0.685527,-0.009305,0.000239,0.009543,1.247582,-0.264791,0.006790,0.271581,-0.756895,0.012289,-0.000315,-0.012604,0.292752,1.663533,-0.042655,-1.706188,-0.783077,-4.507397,0.115574,4.622971,2.563308,2.841293,-2.574635,0.873739,0.000000,0.000000,0.000000,-1.541828,-3.724976,1.209516,-1.909615,6.583590,0.128412,0.000328,0.000000,0.000000,425.762815,306.869076,1
14.240000,4.437317,-0.300540,0.254435,2.006864,-0.051458,-2.058322,-4.768308,0.520147,-0.013337,-0.533485,-0.127826,-1.391672,0.035684,1.427356,-0.139274,2.002369,-0.051343,-2.053712,-0.580316,2.481316,-0.063623,-2.544939,-1.165636,-5.129105,0.131516,5.260621,1.990149,1.989350,-0.051009,-2.040359,0.352990,3.373957,-0.086512,-3.460468,-0.434696,-7.569747,0.194096,7.763843,1.550463,-1.843216,0.047262,1.890478,2.870534,-9.990384,0.256164,10.246548,3.937821,26.624055,-0.682668,-27.306723,-13.212804,2.439129,-2.414635,1.279568,0.000000,0.000000,0.000000,0.000000,0.000000,0.000000,-1.963091,7.998701,-4.379556,0.004455,0.000000,0.000000,429.327179,310.418736,1
14.250000,4.436652,-0.304047,0.257837,1.145965,-0.029384,-1.175348,-3.456196,-0.089335,0.002291,0.091625,0.215548,-2.374712,0.060890,2.435602,0.658610,1.173724,-0.030095,-1.203819,0.165442,1.487218,-0.038134,-1.525352,-0.898308,-5.221442,0.133883,5.355325,2.015471,0.933946,-0.023947,-0.957893,0.100900,1.480335,-0.037957,-1.518292,-0.433878,-6.271703,0.160813,6.432516,1.115294,-1.244210,0.031903,1.276113,2.184473,-6.981845,0.179022,7.160867,3.217693,18.863820,-0.483688,-19.347507,-10.094117,2.863478,-3.467224,1.162082,0.000000,0.000000,0.000000,0.000000,0.000000,0.000000,-1.905731,5.409936,-2.490818,0.002471,0.000000,0.000000,431.798216,312.883856,1
14.254000,4.457696,-0.312709,0.235293,-0.170866,0.004381,0.175247,-0.554293,0.112506,-0.002885,-0.115391,-0.414042,-1.625508,0.041680,1.667187,1.070360,-0.617784,0.015841,0.633625,0.467791,-0.154755,0.003968,0.158724,0.651852,-1.816257,0.046571,1.862828,-0.281229,-1.061332,0.027214,1.088545,-0.271625,-0.922190,0.023646,0.945835,0.127133,-1.254609,0.032169,1.286779,-0.515529,1.333686,-0.034197,-1.367883,-1.083990,-0.368527,0.009449,0.377977,0.082077,-15.811463,0.405422,16.216885,2.947089,-0.071389,-4.283282,-2.145724,11.023056,19.707259,3.906808,0.000000,0.000000,0.000000,-4.258703,0.950488,2.052545,0.000532,0.000000,0.000000,432.011171,313.084171,1
14.264000,4.464398,-0.311409,0.235012,-3.006637,0.077093,3.083731,0.015566,0.995955,-0.025537,-1.021493,-0.416875,-2.760933,0.070793,2.831726,0.729821,-3.737344,0.095829,3.833174,1.558326,-1.942146,0.049799,1.991944,0.573938,-0.658063,0.016873,0.674936,-0.139122,-3.838841,0.098432,3.937273,0.600107,-2.069265,0.053058,2.122323,0.116605,-0.873718,0.022403,0.896121,-0.508860,11.965415,-0.306806,-12.272221,-2.538098,-0.560745,0.014378,0.575123,-0.259930,-15.811463,0.405422,16.216885,0.146205,-0.046576,-0.204804,-0.152301,12.738744,7.101716,-5.441313,0.000000,0.000000,0.000000,-2.898799,0.958663,1.377379,0.000465,0.000000,0.000000,432.476029,313.535041,1
14.270000,4.469595,-0.309893,0.251804,1.141350,-0.029265,-1.170615,-0.677185,0.370832,-0.009509,-0.380341,-0.342522,-2.054528,0.052680,2.107208,0.982106,4.678329,-0.119957,-4.798287,-1.169739,2.173011,-0.055718,-2.228729,0.196130,-2.639639,0.067683,2.707322,0.688260,3.683235,-0.094442,-3.777677,-1.572154,0.924249,-0.023699,-0.947947,0.488511,-2.073521,0.053167,2.126688,-0.350304,-10.920631,0.280016,11.200647,5.092050,-0.295896,0.007587,0.303483,-0.231865,5.658031,-0.145078,-5.803109,-2.281460,4.724348,-4.123476,1.809916,0.000000,0.000000,0.000000,0.000000,0.000000,0.000000,-0.098097,8.587918,-4.050681,0.000884,0.000000,0.000000,433.006412,314.044837,1
14.280000,4.469998,-0.308362,0.251555,1.141350,-0.029265,-1.170615,-0.775641,0.370832,-0.009509,-0.380341,-0.294244,-2.054528,0.052680,2.107208,0.953901,4.678329,-0.119957,-4.798287,-1.358190,2.173011,-0.055718,-2.228729,0.345925,-2.639639,0.067683,2.707322,0.223964,3.683235,-0.094442,-3.777677,-1.825808,0.924249,-0.023699,-0.947947,0.517011,-2.073521,0.053167,2.126688,-0.689046,-10.920631,0.280016,11.200647,6.416799,-0.295896,0.007587,0.303483,-0.181225,5.658031,-0.145078,-5.803109,-2.379361,4.820625,-5.155060,1.468595,0.000000,0.000000,0.000000,0.000000,0.000000,0.000000,-0.603314,9.116924,-4.032159,0.001055,0.000000,0.000000,434.061532,315.044328,1
14.284000,4.483136,-0.322332,0.250931,-0.052718,0.001352,0.054069,0.298527,-0.131044,0.003360,0.134404,-0.098886,-0.667909,0.017126,0.685034,0.165992,1.213864,-0.031125,-1.244989,-0.285542,0.155027,-0.003975,-0.159002,0.785743,-1.542853,0.039560,1.582414,-0.519687,0.829741,-0.021275,-0.851016,-0.693334,-0.352497,0.009038,0.361535,0.585714,-1.499992,0.038461,1.538454,-0.660913,-2.123091,0.054438,2.177529,0.826194,-0.036055,0.000924,0.036980,-0.271618,-3.296319,0.084521,3.380841,1.064814,2.897775,-5.396080,-0.287662,0.000000,0.000000,0.000000,0.000000,0.000000,0.000000,-1.891314,6.944213,-1.786382,0.000087,0.000000,0.000000,434.096226,315.063123,1
14.294000,4.484260,-0.322172,0.249446,-0.052718,0.001352,0.054069,0.268117,-0.131044,0.003360,0.134404,-0.059379,-0.667909,0.017126,0.685034,0.219113,1.213864,-0.031125,-1.244989,-0.309321,0.155027,-0.003975,-0.159002,0.941785,-1.542853,0.039560,1.582414,-0.896678,0.829741,-0.021275,-0.851016,-0.770194,-0.352497,0.009038,0.361535,0.621000,-1.499992,0.038461,1.538454,-0.921756,-2.123091,0.054438,2.177529,0.948832,-0.036055,0.000924,0.036980,-0.203811,-3.296319,0.084521,3.380841,1.392414,3.104587,-6.118267,-0.477258,0.000000,0.000000,0.000000,0.000000,0.000000,0.000000,-2.109907,7.453488,-1.870394,0.000112,0.000000,0.000000,434.208282,315.115133,1
14.300000,4.482145,-0.321095,0.239402,1.218720,-0.031249,-1.249970,-0.329797,-0.593898,0.015228,0.609126,-0.019174,1.751461,-0.044909,-1.796370,-0.684384,0.580958,-0.014896,-0.595855,0.000901,0.232803,-0.005969,-0.238773,1.068947,-1.375206,0.035262,1.410468,-1.468247,0.270203,-0.006928,-0.277131,-0.593405,-0.105176,0.002697,0.107873,0.407805,-1.487556,0.038142,1.525699,-1.147010,-2.251565,0.057732,2.309297,1.188901,-0.172590,0.004425,0.177015,-0.055381,-2.977651,0.076350,3.054001,1.394160,3.200046,-6.621247,-0.740582,0.000000,0.000000,0.000000,0.000000,0.000000,0.000000,-2.541070,7.372914,-1.626036,0.000130,0.000000,0.000000,434.285991,315.143665,1
14.310000,4.482723,-0.321212,0.237043,1.218720,-0.031249,-1.249970,-0.385024,-0.593898,0.015228,0.609126,-0.001002,1.751461,-0.044909,-1.796370,-0.721138,0.580958,-0.014896,-0.595855,0.020655,0.232803,-0.005969,-0.238773,1.165848,-1.375206,0.035262,1.410468,-1.702471,0.270203,-0.006928,-0.277131,-0.646608,-0.105176,0.002697,0.107873,0.409119,-1.487556,0.038142,1.525699,-1.349667,-2.251565,0.057732,2.309297,1.223355,-0.172590,0.004425,0.177015,-0.018932,-2.977651,0.076350,3.054001,1.462522,3.466587,-6.981787,-0.732855,0.000000,0.000000,0.000000,0.000000,0.000000,0.000000,-2.684885,7.659729,-1.661842,0.000140,0.000000,0.000000,434.426459,315.189030,1
14.314000,4.496332,-0.327198,0.238142,0.833803,-0.021380,-0.855182,-0.033667,-0.417666,0.010709,0.428376,-0.027363,2.088843,-0.053560,-2.142403,-0.777107,0.434905,-0.011151,-0.446057,0.126339,0.047639,-0.001222,-0.048860,1.241495,-0.955590,0.024502,0.980092,-1.770028,0.210650,-0.005401,-0.216051,-0.456844,0.073432,-0.001883,-0.075315,0.401058,-1.615411,0.041421,1.656832,-1.078081,-1.720858,0.044125,1.764983,0.278368,-0.096860,0.002484,0.099344,-0.025260,-0.848097,0.021746,0.869843,0.588214,3.513311,-6.680598,-0.654108,0.000000,0.000000,0.000000,0.000000,0.000000,0.000000,-2.526916,7.567476,-1.649933,0.000065,0.000000,0.000000,434.452370,315.185482,1
14.324000,4.497293,-0.327510,0.235597,0.833803,-0.021380,-0.855182,-0.069509,-0.417666,0.010709,0.428376,-0.018875,2.088843,-0.053560,-2.142403,-0.852888,0.434905,-0.011151,-0.446057,0.131815,0.047639,-0.001222,-0.048860,1.317326,-0.955590,0.024502,0.980092,-1.973209,0.210650,-0.005401,-0.216051,-0.519051,0.073432,-0.001883,-0.075315,0.398586,-1.615411,0.041421,1.656832,-1.273910,-1.720858,0.044125,1.764983,0.404193,-0.096860,0.002484,0.099344,-0.022168,-0.848097,0.021746,0.869843,0.511022,3.606599,-6.963115,-0.757125,0.000000,0.000000,0.000000,0.000000,0.000000,0.000000,-2.664104,7.877030,-1.687651,0.000074,0.000000,0.000000,434.526018,315.174969,1
14.328000,4.500225,-0.326409,0.235178,1.095838,-0.028098,-1.123936,-0.159326,-0.434326,0.011137,0.445462,-0.019598,2.831321,-0.072598,-2.903919,-0.898942,0.428951,-0.010999,-0.439950,0.109341,0.191886,-0.004920,-0.196806,1.334052,-0.932495,0.023910,0.956405,-1.966673,0.197343,-0.005060,-0.202403,-0.598325,0.213472,-0.005474,-0.218945,0.322461,-1.570576,0.040271,1.610847,-1.190012,-1.749166,0.044850,1.794017,0.433133,-0.084700,0.002172,0.086872,-0.016198,-0.573724,0.014711,0.588435,0.507558,3.530761,-6.866384,-0.835656,0.000000,0.000000,0.000000,0.000000,0.000000,0.000000,-2.699279,7.751194,-1.571299,0.000082,0.000000,0.000000,434.558720,315.174157,1
14.338000,4.503121,-0.327767,0.232735,0.955349,-0.024496,-0.979845,-0.181192,-0.415685,0.010659,0.426344,-0.019244,2.393149,-0.061363,-2.454512,-0.975233,0.449805,-0.011533,-0.461338,0.133757,0.135792,-0.003482,-0.139274,1.424401,-0.893637,0.022914,0.916551,-2.082553,0.228585,-0.005861,-0.234446,-0.655148,0.169965,-0.004358,-0.174323,0.348510,-1.541120,0.039516,1.580636,-1.338093,-1.586694,0.040684,1.627379,0.406177,-0.084546,0.002168,0.086714,-0.016944,-0.741490,0.019013,0.760503,0.440335,3.625881,-6.903868,-0.907511,0.000000,0.000000,0.000000,0.000000,0.000000,0.000000,-2.749417,7.968229,-1.557607,0.000081,0.000000,0.000000,434.639471,315.167821,1
14.342000,4.501101,-0.318237,0.233555,0.438966,-0.011256,-0.450222,0.008357,-0.266352,0.006830,0.273182,-0.021692,1.893679,-0.048556,-1.942234,-0.783539,0.475341,-0.012188,-0.487529,-0.008261,-0.055476,0.001422,0.056899,1.203423,-0.573901,0.014715,0.588616,-2.067876,0.306194,-0.007851,-0.314045,-0.558462,0.181967,-0.004666,-0.186633,0.169446,-1.508732,0.038685,1.547418,-0.996270,-0.580536,0.014886,0.595422,-0.001938,-0.067242,0.001724,0.068966,-0.001069,-1.177470,0.030192,1.207662,0.570482,2.997019,-6.666924,-0.253922,0.000000,0.000000,0.000000,0.000000,0.000000,0.000000,-2.564313,6.675390,-1.896799,0.000053,0.000000,0.000000,434.660511,315.166450,1
14.352000,4.501515,-0.317711,0.230751,0.438966,-0.011256,-0.450222,0.009816,-0.266352,0.006830,0.273182,-0.013134,1.893679,-0.048556,-1.942234,-0.798899,0.475341,-0.012188,-0.487529,-0.013300,-0.055476,0.001422,0.056899,1.277214,-0.573901,0.014715,0.588616,-2.264551,0.306194,-0.007851,-0.314045,-0.628863,0.181967,-0.004666,-0.186633,0.178720,-1.508732,0.038685,1.547418,-1.212956,-0.580536,0.014886,0.595422,-0.001418,-0.067242,0.001724,0.068966,-0.002854,-1.177470,0.030192,1.207662,0.582212,3.090246,-6.979064,-0.299767,0.000000,0.000000,0.000000,0.000000,0.000000,0.000000,-2.706138,6.979886,-1.996787,0.000058,0.000000,0.000000,434.718348,315.159241,1
14.358000,4.515085,-0.327456,0.231018,1.476018,-0.037847,-1.513865,-0.008687,-0.183152,0.004696,0.187849,-0.035450,4.066174,-0.104261,-4.170435,-0.633104,0.475525,-0.012193,-0.487718,0.209366,0.256862,-0.006586,-0.263449,1.478603,-1.141120,0.029259,1.170380,-2.167773,0.183947,-0.004717,-0.188664,-0.553497,0.055674,-0.001428,-0.057102,0.388491,-1.436818,0.036841,1.473659,-1.354258,-1.828554,0.046886,1.875440,0.000116,0.009722,-0.000249,-0.009971,-0.031585,0.259419,-0.006652,-0.266071,0.176562,3.716255,-7.449470,-0.752931,0.000000,0.000000,0.000000,0.000000,0.000000,0.000000,-2.708007,7.821416,-1.810343,0.000079,0.000000,0.000000,434.765500,315.145190,1
14.368000,4.515914,-0.327729,0.227903,1.476018,-0.037847,-1.513865,-0.206934,-0.183152,0.004696,0.187849,-0.029296,4.066174,-0.104261,-4.170435,-1.324036,0.475525,-0.012193,-0.487718,0.162853,0.256862,-0.006586,-0.263449,1.525254,-1.141120,0.029259,1.170380,-2.318385,0.183947,-0.004717,-0.188664,-0.669226,0.055674,-0.001428,-0.057102,0.370131,-1.436818,0.036841,1.473659,-1.546368,-1.828554,0.046886,1.875440,0.188085,0.009722,-0.000249,-0.009971,-0.042834,0.259419,-0.006652,-0.266071,0.086154,3.774836,-7.593037,-0.810083,0.000000,0.000000,0.000000,0.000000,0.000000,0.000000,-2.832129,8.022749,-1.817550,0.000118,0.000000,0.000000,434.883876,315.153105,1
14.372000,4.530089,-0.334742,0.231936,0.220389,-0.005651,-0.226040,0.086212,-0.093735,0.002403,0.096139,-0.063703,2.530144,-0.064875,-2.595020,-0.816125,-0.086826,0.002226,0.089052,0.412308,0.146734,-0.003762,-0.150497,1.439444,-1.632871,0.041868,1.674739,-1.924160,0.048052,-0.001232,-0.049284,-0.328136,0.294564,-0.007553,-0.302117,0.310385,-2.070550,0.053091,2.123641,-0.979576,0.244981,-0.006282,-0.251263,-0.586304,-0.795475,0.020397,0.815872,0.094946,-0.125919,0.003229,0.129147,0.245530,3.499037,-7.194535,-1.120836,0.000000,0.000000,0.000000,0.000000,0.000000,0.000000,-2.684792,7.800949,-1.509168,0.000081,0.000000,0.000000,434.916140,315.140259,1
14.382000,4.531463,-0.335409,0.229205,0.220389,-0.005651,-0.226040,0.084292,-0.093735,0.002403,0.096139,-0.051923,2.530144,-0.064875,-2.595020,-0.990669,-0.086826,0.002226,0.089052,0.409638,0.146734,-0.003762,-0.150497,1.492515,-1.632871,0.041868,1.674739,-2.027444,0.048052,-0.001232,-0.049284,-0.430451,0.294564,-0.007553,-0.302117,0.295806,-2.070550,0.053091,2.123641,-1.139605,0.244981,-0.006282,-0.251263,-0.682856,-0.795475,0.020397,0.815872,0.134340,-0.125919,0.003229,0.129147,0.143683,3.532087,-7.287886,-1.197195,0.000000,0.000000,0.000000,0.000000,0.000000,0.000000,-2.791583,8.028223,-1.506673,0.000091,0.000000,0.000000,435.006958,315.108005,1
14.386000,4.537877,-0.325054,0.232771,-0.546388,0.014010,0.560398,0.561228,-0.054886,0.001407,0.056294,-0.054622,2.448195,-0.062774,-2.510969,-0.916405,-0.619401,0.015882,0.635283,0.458085,0.298777,-0.007661,-0.306438,1.513714,-1.917608,0.049169,1.966778,-1.778374,-0.227268,0.005827,0.233096,-0.583161,0.782077,-0.020053,-0.802130,-0.034282,-2.680255,0.068724,2.748980,-0.515183,-0.617761,0.015840,0.633602,-0.630163,-1.148513,0.029449,1.177962,0.259160,-0.314824,0.008072,0.322897,0.315670,3.245165,-7.230636,-0.956481,0.000000,0.000000,0.000000,0.000000,0.000000,0.000000,-2.646172,7.159234,-1.612798,0.000093,0.000000,0.000000,435.043987,315.097706,1
14.396000,4.539248,-0.325080,0.230277,-0.546388,0.014010,0.560398,0.737347,-0.054886,0.001407,0.056294,-0.039843,2.448195,-0.062774,-2.510969,-1.003662,-0.619401,0.015882,0.635283,0.599976,0.298777,-0.007661,-0.306438,1.603304,-1.917608,0.049169,1.966778,-1.878054,-0.227268,0.005827,0.233096,-0.539021,0.782077,-0.020053,-0.802130,-0.030858,-2.680255,0.068724,2.748980,-0.641750,-0.617761,0.015840,0.633602,-0.378606,-1.148513,0.029449,1.177962,0.321821,-0.314824,0.008072,0.322897,0.230316,3.324489,-7.381983,-0.995350,-0.001138,0.017863,0.011407,0.000000,0.000000,0.000000,-2.712070,7.376546,-1.668975,0.000101,0.000000,0.000000,435.145084,315.072464,1
14.400000,4.543326,-0.349370,0.221311,-0.683233,0.017519,0.700752,1.325250,-0.010565,0.000271,0.010836,0.611385,0.896684,-0.022992,-0.919676,-2.584566,0.016800,-0.000431,-0.017230,0.927186,1.097454,-0.028140,-1.125594,0.976987,-2.343727,0.060096,2.403822,-0.754796,0.590186,-0.015133,-0.605319,-0.402264,1.779210,-0.045621,-1.824830,-0.429509,-3.240588,0.083092,3.323680,-0.201820,0.418305,-0.010726,-0.429030,-1.036265,-0.544414,0.013959,0.558373,0.293733,-0.088038,0.002257,0.090295,0.287327,3.385322,-4.533738,-0.357389,0.000000,0.000000,0.000000,-2.257979,-5.168854,1.087763,-1.578005,7.136293,-1.479217,0.000086,0.000000,0.000000,435.179384,315.077957,1
14.410000,4.543006,-0.349982,0.219536,-0.684645,0.017555,0.702200,1.459288,-0.010782,0.000276,0.011058,0.605560,0.909839,-0.023329,-0.933168,-2.349544,-0.053557,0.001373,0.054930,0.955246,1.092244,-0.028006,-1.120250,0.848007,-2.382846,0.061099,2.443945,-0.445025,0.524697,-0.013454,-0.538151,-0.342551,1.739037,-0.044591,-1.783628,-0.311855,-3.209069,0.082284,3.291353,-0.315640,0.432711,-0.011095,-0.443806,-0.984847,-0.541374,0.013881,0.555255,0.188301,-0.088670,0.002274,0.090944,0.160466,3.243358,-4.358988,-0.363742,0.000000,0.000000,0.000000,-1.620649,-4.274304,0.962952,-1.625379,7.734080,-1.649460,0.000076,0.000000,0.000000,435.255881,315.092924,1
14.416000,4.560439,-0.332259,0.232277,-0.758994,0.019461,0.778455,0.801160,0.079339,-0.002034,-0.081374,-0.224307,0.093520,-0.002398,-0.095918,-0.080166,0.073182,-0.001876,-0.075059,0.129965,1.248700,-0.032018,-1.280718,1.113502,-2.349565,0.060245,2.409811,-0.946556,0.813878,-0.020869,-0.834747,-1.131971,2.237233,-0.057365,-2.294598,-0.185023,-3.592428,0.092114,3.684542,-0.401964,0.515076,-0.013207,-0.528283,-0.924322,-0.328493,0.008423,0.336916,0.089516,-0.664453,0.017037,0.681490,0.355991,3.677802,-5.974280,-0.604796,0.000000,0.000000,0.000000,-4.566295,-5.636724,-0.625489,-2.303824,7.790946,-1.477039,0.000080,0.000000,0.000000,435.303749,315.078418,1
14.426000,4.562064,-0.332828,0.230499,-0.758994,0.019461,0.778455,0.671325,0.079339,-0.002034,-0.081374,0.237770,0.093520,-0.002398,-0.095918,-1.388405,0.073182,-0.001876,-0.075059,0.341473,1.248700,-0.032018,-1.280718,1.194784,-2.349565,0.060245,2.409811,-1.085654,0.813878,-0.020869,-0.834747,-1.002466,2.237233,-0.057365,-2.294598,-0.324084,-3.592428,0.092114,3.684542,-0.325902,0.515076,-0.013207,-0.528283,-0.829998,-0.328493,0.008423,0.336916,0.057846,-0.664453,0.017037,0.681490,0.350405,3.983308,-5.846416,-0.374884,0.000000,0.000000,0.000000,-3.613976,-6.288201,0.600266,-2.005752,7.676626,-1.653578,0.000083,0.000000,0.000000,435.387000,315.053826,1
14.432000,4.553062,-0.326949,0.225213,-0.412485,0.010577,0.423061,0.896840,1.289601,-0.033067,-1.322667,0.036553,-1.981383,0.050805,2.032187,-1.633052,0.004851,-0.000124,-0.004975,0.565003,1.283306,-0.032905,-1.316211,0.874920,-2.271536,0.058245,2.329780,-0.765564,0.876645,-0.022478,-0.899123,-1.110742,2.640716,-0.067711,-2.708427,-1.086523,-3.992589,0.102374,4.094963,0.373827,0.773972,-0.019845,-0.793818,-0.967578,-0.283761,0.007276,0.291037,0.147955,-0.686446,0.017601,0.704048,0.406454,3.316937,-4.531833,0.167502,0.324710,0.400551,0.082610,-3.626789,-7.230927,1.325663,-1.688244,6.191611,-1.595000,0.000133,0.000000,0.000000,435.466524,315.057690,1
14.442000,4.553609,-0.326861,0.224084,-0.412485,0.010577,0.423061,1.018057,1.289601,-0.033067,-1.322667,0.140155,-1.981383,0.050805,2.032187,-1.860329,0.004851,-0.000124,-0.004975,0.651997,1.283306,-0.032905,-1.316211,0.904027,-2.271536,0.058245,2.329780,-0.661796,0.876645,-0.022478,-0.899123,-1.019075,2.640716,-0.067711,-2.708427,-0.943054,-3.992589,0.102374,4.094963,0.219779,0.773972,-0.019845,-0.793818,-0.904548,-0.283761,0.007276,0.291037,0.148200,-0.686446,0.017601,0.704048,0.339544,3.182566,-4.309810,0.180556,0.629891,0.806978,0.177616,-3.280559,-6.757805,1.350404,-1.730139,6.879965,-1.897507,0.000125,0.000000,0.000000,435.591547,315.048695,1
14.448000,4.554894,-0.329852,0.225009,-0.352547,0.009040,0.361586,1.086491,1.425452,-0.036550,-1.462002,0.168733,-2.436176,0.062466,2.498642,-1.209591,-0.021096,0.000541,0.021637,0.783071,1.324434,-0.033960,-1.358394,0.866017,-2.493727,0.063942,2.557669,-0.175686,0.827852,-0.021227,-0.849079,-0.695148,2.302649,-0.059042,-2.361691,-0.598790,-3.538970,0.090743,3.629713,0.324760,0.866463,-0.022217,-0.888680,-1.014855,-0.285494,0.007320,0.292814,0.102293,-0.661491,0.016961,0.678452,0.329607,2.960330,-3.869938,0.084529,1.112661,1.067158,0.048021,-2.551956,-5.255103,1.175066,-1.629597,7.146162,-1.899415,0.000096,0.000000,0.000000,435.649406,315.047817,1
14.458000,4.555202,-0.329552,0.224085,-0.352547,0.009040,0.361586,1.073090,1.425452,-0.036550,-1.462002,0.094908,-2.436176,0.062466,2.498642,-1.122232,-0.021096,0.000541,0.021637,0.747344,1.324434,-0.033960,-1.358394,0.871162,-2.493727,0.063942,2.557669,-0.205466,0.827852,-0.021227,-0.849079,-0.734795,2.302649,-0.059042,-2.361691,-0.520669,-3.538970,0.090743,3.629713,0.111262,0.866463,-0.022217,-0.888680,-0.915788,-0.285494,0.007320,0.292814,0.136082,-0.661491,0.016961,0.678452,0.230410,2.712866,-4.027149,-0.168385,3.962145,6.114562,1.507736,-2.570813,-5.433797,1.281817,-1.809753,7.047556,-1.716561,0.000083,0.000000,0.000000,435.732639,315.038016,1
14.466000,4.555760,-0.330344,0.225725,-0.477693,0.012249,0.489941,1.227218,1.335685,-0.034248,-1.369933,0.037594,-2.535128,0.065003,2.600131,-1.334655,-0.170314,0.004367,0.174681,0.796745,1.253093,-0.032131,-1.285224,0.656811,-2.582422,0.066216,2.648638,-0.066534,0.671854,-0.017227,-0.689081,-0.681291,2.170346,-0.055650,-2.225996,-0.618455,-3.546218,0.090929,3.637147,0.016464,0.801828,-0.020560,-0.822387,-0.916005,-0.286768,0.007353,0.294121,0.063864,-0.415228,0.010647,0.425875,0.135381,2.801915,-3.887285,-0.016413,0.683756,0.626422,0.007545,-2.416368,-5.578571,1.290710,-1.564613,6.836336,-1.835370,0.000080,0.000000,0.000000,435.796786,315.029488,1
14.476000,4.555632,-0.329811,0.224730,-0.477693,0.012249,0.489941,1.252660,1.335685,-0.034248,-1.369933,-0.050396,-2.535128,0.065003,2.600131,-1.153455,-0.170314,0.004367,0.174681,0.811965,1.253093,-0.032131,-1.285224,0.709949,-2.582422,0.066216,2.648638,-0.118926,0.671854,-0.017227,-0.689081,-0.678127,2.170346,-0.055650,-2.225996,-0.583587,-3.546218,0.090929,3.637147,-0.083765,0.801828,-0.020560,-0.822387,-0.860553,-0.286768,0.007353,0.294121,0.084367,-0.415228,0.010647,0.425875,0.112632,2.736457,-4.042373,-0.128504,1.183229,1.222213,0.107402,-2.315806,-5.315086,1.231460,-1.607065,7.036882,-1.915413,0.000079,0.000000,0.000000,435.875813,315.017890,1
14.480000,4.596142,-0.306892,0.252669,-0.904860,0.023202,0.928061,0.246038,1.412902,-0.036228,-1.449130,0.120712,-4.909356,0.125881,5.035237,1.041878,-0.970771,0.024892,0.995662,0.798178,0.978387,-0.025087,-1.003473,-0.522691,-3.842153,0.098517,3.940670,2.037204,-0.113027,0.002898,0.115925,0.859010,1.764148,-0.045235,-1.809383,-1.432407,-4.673978,0.119846,4.793824,3.496999,1.390067,-0.035643,-1.425709,-0.067920,0.360192,-0.009236,-0.369428,0.927760,-1.748628,0.044837,1.793465,0.000051,0.000000,0.000000,0.000000,3.629975,7.396763,1.284824,-3.493877,-4.346247,-0.136869,-1.284545,1.268593,0.798257,0.000349,0.000000,0.000000,436.015379,315.153315,1
14.490000,4.598262,-0.305540,0.252730,-0.904860,0.023202,0.928061,0.120294,1.412902,-0.036228,-1.449130,0.209812,-4.909356,0.125881,5.035237,0.699083,-0.970771,0.024892,0.995662,0.692144,0.978387,-0.025087,-1.003473,-0.552758,-3.842153,0.098517,3.940670,1.937957,-0.113027,0.002898,0.115925,0.506000,1.764148,-0.045235,-1.809383,-1.139586,-4.673978,0.119846,4.793824,2.725353,1.390067,-0.035643,-1.425709,-0.143292,0.360192,-0.009236,-0.369428,0.912651,-1.748628,0.044837,1.793465,-0.294541,-0.001378,-0.002514,-0.001669,4.126085,7.280123,0.886603,-3.906815,-5.843092,0.434011,-3.643757,5.557056,1.592375,0.000291,0.000000,0.000000,436.306095,315.420642,1
14.494000,4.581980,-0.326331,0.243533,-1.132434,0.029037,1.161471,0.404480,-0.333380,0.008548,0.341928,1.030515,-1.494061,0.038309,1.532370,-0.846409,-1.494214,0.038313,1.532527,1.164153,-0.275791,0.007072,0.282863,-0.349849,2.743398,-0.070344,-2.813741,-1.911168,2.387980,-0.061230,-2.449210,-3.305671,-1.476203,0.037851,1.514054,0.302002,8.942250,-0.229288,-9.171538,-7.770944,0.087505,-0.002244,-0.089748,0.429667,0.380353,-0.009753,-0.390106,1.535143,-2.203925,0.056511,2.260435,-1.870381,0.000000,0.000000,0.000000,4.687436,11.402536,3.599459,-3.462082,-5.878792,0.020530,0.000000,0.000000,0.000000,0.000941,0.000000,0.000000,436.682376,315.746832,1
14.504000,4.576362,-0.327282,0.234644,0.193212,-0.004954,-0.198166,-0.225205,-1.054976,0.027051,1.082027,1.089666,-1.337662,0.034299,1.371961,-1.833908,0.542205,-0.013903,-0.556108,0.106165,0.023728,-0.000608,-0.024337,-0.335512,-1.485860,0.038099,1.523959,0.026139,-0.788918,0.020229,0.809147,0.035762,0.118042,-0.003027,-0.121069,-0.254890,0.037075,-0.000951,-0.038026,-1.155009,0.780637,-0.020016,-0.800653,-0.045116,0.090228,-0.002314,-0.092541,0.861936,-3.011194,0.077210,3.088404,-1.797524,0.000000,0.000000,0.000000,3.974229,9.057082,2.500244,-3.953617,-7.341385,0.684285,0.000000,0.000000,0.000000,0.000096,0.000000,0.000000,436.778554,315.678884,1
14.510000,4.587865,-0.325285,0.235689,0.614549,-0.015758,-0.630307,-1.069710,-0.744085,0.019079,0.763165,1.374317,-0.941490,0.024141,0.965630,-0.909870,0.016715,-0.000429,-0.017144,-0.672776,-0.000397,0.000010,0.000408,-0.118420,0.181509,-0.004654,-0.186163,-0.046116,-0.286218,0.007339,0.293557,1.745064,0.136931,-0.003511,-0.140442,-0.058199,-1.085093,0.027823,1.112916,2.414662,0.665554,-0.017065,-0.682620,-0.308788,-0.992321,0.025444,1.017765,0.762536,-0.710668,0.018222,0.728890,-0.902373,0.000000,0.000000,0.000000,2.692267,5.173840,1.128408,-2.985247,-4.655007,0.414080,-7.172798,10.422726,-0.129125,0.000075,0.000000,0.000000,436.823399,315.705292,1
14.520000,4.588760,-0.325423,0.233741,0.614549,-0.015758,-0.630307,-0.723538,-0.744085,0.019079,0.763165,1.372004,-0.941490,0.024141,0.965630,-1.241733,0.016715,-0.000429,-0.017144,-0.262813,-0.000397,0.000010,0.000408,-0.123903,0.181509,-0.004654,-0.186163,-0.055746,-0.286218,0.007339,0.293557,0.402812,0.136931,-0.003511,-0.140442,0.623041,-1.085093,0.027823,1.112916,0.313214,0.665554,-0.017065,-0.682620,-0.019282,-0.992321,0.025444,1.017765,0.680185,-0.710668,0.018222,0.728890,-1.130064,0.000000,0.000000,0.000000,3.678390,4.173204,0.007946,-2.600447,-5.585902,1.246828,-3.142927,10.116786,-2.354134,0.000048,0.000000,0.000000,436.871405,315.711092,1
14.524000,4.595402,-0.318217,0.247092,-0.175602,0.004503,0.180104,0.005406,0.125889,-0.003228,-0.129117,0.532698,-1.603011,0.041103,1.644114,-0.148560,-1.734321,0.044470,1.778791,0.790376,0.518757,-0.013301,-0.532058,-0.241870,0.391511,-0.010039,-0.401549,-0.173369,1.620158,-0.041543,-1.661701,-0.906171,0.690853,-0.017714,-0.708567,-0.535851,5.227852,-0.134047,-5.361899,-3.233035,0.143427,-0.003678,-0.147104,0.262297,-0.403921,0.010357,0.414278,0.386469,-1.349577,0.034605,1.384181,-0.128160,0.000000,0.000000,0.000000,2.784694,5.204032,1.070335,-2.560681,-3.988893,0.465830,0.000000,0.000000,0.000000,0.000215,0.000000,0.000000,436.957465,315.792920,1
14.534000,4.596859,-0.317864,0.246228,-0.175602,0.004503,0.180104,-0.035106,0.125889,-0.003228,-0.129117,0.701025,-1.603011,0.041103,1.644114,-0.563674,-1.734321,0.044470,1.778791,0.906821,0.518757,-0.013301,-0.532058,-0.281242,0.391511,-0.010039,-0.401549,-0.107989,1.620158,-0.041543,-1.661701,-0.969854,0.690853,-0.017714,-0.708567,-0.511115,5.227852,-0.134047,-5.361899,-2.847080,0.143427,-0.003678,-0.147104,0.273819,-0.403921,0.010357,0.414278,0.484587,-1.349577,0.034605,1.384181,-0.482699,0.000000,0.000000,0.000000,3.137501,6.054648,1.284704,-3.308934,-4.790719,0.426784,0.000000,0.000000,0.000000,0.000210,0.000000,0.000000,437.167248,315.968063,1
14.538000,4.595027,-0.322235,0.238162,0.306542,-0.007860,-0.314402,-0.347466,-0.031250,0.000801,0.032051,1.134821,-0.963314,0.024700,0.988014,-1.385690,-1.434117,0.036772,1.470889,0.325859,0.461865,-0.011843,-0.473708,-0.246993,1.039248,-0.026647,-1.065895,-0.173240,0.874101,-0.022413,-0.896514,-0.007400,-0.160541,0.004116,0.164657,-0.009671,1.112974,-0.028538,-1.141512,-0.209059,0.452979,-0.011615,-0.464594,0.325606,-0.151129,0.003875,0.155005,0.367507,-1.130723,0.028993,1.159715,-0.924974,0.000000,0.000000,0.000000,3.354048,6.178128,1.250878,-3.526371,-5.608774,0.575126,0.000000,0.000000,0.000000,0.000038,0.000000,0.000000,437.182542,315.962600,1
14.548000,4.595891,-0.322049,0.235820,0.306542,-0.007860,-0.314402,-0.372433,-0.031250,0.000801,0.032051,1.250756,-0.963314,0.024700,0.988014,-1.680206,-1.434117,0.036772,1.470889,0.443025,0.461865,-0.011843,-0.473708,-0.263123,1.039248,-0.026647,-1.065895,-0.279964,0.874101,-0.022413,-0.896514,-0.027095,-0.160541,0.004116,0.164657,-0.014608,1.112974,-0.028538,-1.141512,-0.304371,0.452979,-0.011615,-0.464594,0.353257,-0.151129,0.003875,0.155005,0.389930,-1.130723,0.028993,1.159715,-1.160603,0.000000,0.000000,0.000000,3.523412,6.606323,1.370606,-3.791151,-6.078029,0.672229,0.000000,0.000000,0.000000,0.000048,0.000000,0.000000,437.230908,315.947515,1
14.552000,4.598302,-0.319667,0.233434,0.275973,-0.007076,-0.283049,-0.378432,0.014580,-0.000374,-0.014954,1.225743,-0.907113,0.023259,0.930372,-1.735620,-1.550137,0.039747,1.589884,0.484467,0.329622,-0.008452,-0.338074,-0.201637,2.547318,-0.065316,-2.612634,-0.937163,0.909366,-0.023317,-0.932683,-0.037135,-0.144106,0.003695,0.147801,-0.006031,0.581432,-0.014909,-0.596341,-0.070107,0.423400,-0.010856,-0.434257,0.418933,0.022811,-0.000585,-0.023396,0.276940,-1.319078,0.033823,1.352901,-1.164116,0.000000,0.000000,0.000000,3.543267,6.634933,1.333552,-3.755997,-6.049548,0.678066,0.000000,0.000000,0.000000,0.000069,0.000000,0.000000,437.258379,315.947807,1
14.562000,4.599037,-0.319273,0.230697,0.275973,-0.007076,-0.283049,-0.420317,0.014580,-0.000374,-0.014954,1.317456,-0.907113,0.023259,0.930372,-1.979170,-1.550137,0.039747,1.589884,0.581181,0.329622,-0.008452,-0.338074,-0.213859,2.547318,-0.065316,-2.612634,-1.047937,0.909366,-0.023317,-0.932683,-0.046769,-0.144106,0.003695,0.147801,-0.005366,0.581432,-0.014909,-0.596341,-0.093002,0.423400,-0.010856,-0.434257,0.447813,0.022811,-0.000585,-0.023396,0.270651,-1.319078,0.033823,1.352901,-1.362452,0.000000,0.000000,0.000000,3.652410,6.913665,1.405486,-3.940490,-6.381440,0.763220,0.000000,0.000000,0.000000,0.000079,0.000000,0.000000,437.336961,315.948270,1
14.566000,4.604174,-0.323706,0.235140,0.170897,-0.004382,-0.175279,-0.366147,-0.047819,0.001226,0.049045,1.371277,-1.136455,0.029140,1.165595,-1.750019,-1.624271,0.041648,1.665919,0.342521,0.144994,-0.003718,-0.148712,-0.079997,2.854100,-0.073182,-2.927282,-0.561278,1.217886,-0.031228,-1.249113,-0.020425,-0.072558,0.001860,0.074418,-0.025617,2.325594,-0.059631,-2.385224,-0.396887,0.399808,-0.010251,-0.410060,0.388317,-0.289084,0.007412,0.296497,0.487063,-1.166999,0.029923,1.196922,-1.265883,0.000000,0.000000,0.000000,3.593782,6.839487,1.474898,-4.031868,-6.442043,0.704606,0.000000,0.000000,0.000000,0.000072,0.000000,0.000000,437.365719,315.947300,1
14.576000,4.612181,-0.319940,0.241687,0.292054,-0.007489,-0.299542,-0.326583,-0.266396,0.006831,0.273227,1.305040,-0.940145,0.024106,0.964251,-1.853489,-1.337512,0.034295,1.371807,0.472532,0.113925,-0.002921,-0.116846,-0.095549,3.560720,-0.091301,-3.652020,-1.594704,0.613549,-0.015732,-0.629281,-0.005257,-0.099760,0.002558,0.102318,-0.003936,-0.313646,0.008042,0.321688,0.151551,0.473566,-0.012143,-0.485709,0.222172,-0.233307,0.005982,0.239290,0.466920,-1.442380,0.036984,1.479364,-1.122221,0.000000,0.000000,0.000000,3.638513,6.891165,1.589078,-3.925451,-6.515856,0.506374,0.000000,0.000000,0.000000,0.000107,0.000000,0.000000,437.472291,315.982757,1
14.580000,4.616653,-0.320885,0.231774,0.145860,-0.003740,-0.149600,-0.514163,-0.306299,0.007854,0.314153,1.502956,-0.876160,0.022466,0.898626,-1.623852,-0.658616,0.016888,0.675503,0.034134,0.004741,-0.000122,-0.004862,-0.037112,1.396102,-0.035797,-1.431900,-0.520089,0.537334,-0.013778,-0.551112,0.010406,-0.053148,0.001363,0.054511,-0.007811,0.371269,-0.009520,-0.380788,-0.001375,0.335010,-0.008590,-0.343600,0.403561,-0.437595,0.011220,0.448816,0.506241,-1.067185,0.027364,1.094549,-1.129178,0.000000,0.000000,0.000000,3.404344,6.357952,1.494026,-3.947876,-5.694752,0.330854,0.000000,0.000000,0.000000,0.000044,0.000000,0.000000,437.489830,315.977577,1
14.590000,4.619207,-0.321170,0.226892,0.135345,-0.003470,-0.138815,-0.469569,-0.394362,0.010112,0.404474,1.656708,-0.811423,0.020806,0.832229,-1.901028,-0.492535,0.012629,0.505164,-0.001737,-0.008564,0.000220,0.008783,-0.046914,0.967678,-0.024812,-0.992491,-0.345273,0.530282,-0.013597,-0.543879,0.009264,-0.054088,0.001387,0.055474,-0.007440,0.163058,-0.004181,-0.167239,0.002815,0.313550,-0.008040,-0.321590,0.513512,-0.503807,0.012918,0.516725,0.556458,-1.025894,0.026305,1.052199,-1.394131,0.000000,0.000000,0.000000,3.631415,6.661195,1.557435,-4.127345,-6.028890,0.473778,0.000000,0.000000,0.000000,0.000046,0.000000,0.000000,437.535699,315.959018,1
14.594000,4.625416,-0.321081,0.233848,-0.144940,0.003716,0.148656,-0.183742,0.107878,-0.002766,-0.110644,1.452336,-0.752848,0.019304,0.772152,-2.056313,-1.153704,0.029582,1.183286,0.122345,0.004491,-0.000115,-0.004607,-0.048231,2.952685,-0.075710,-3.028394,-0.788666,0.554163,-0.014209,-0.568372,0.233276,-0.041925,0.001075,0.043000,-0.019161,0.903656,-0.023171,-0.926827,0.090743,0.039606,-0.001016,-0.040622,0.500779,0.113163,-0.002902,-0.116065,0.416134,-1.179926,0.030255,1.210181,-1.224166,0.000000,0.000000,0.000000,3.518028,7.090320,1.589415,-4.220875,-6.340908,0.651753,0.000000,0.000000,0.000000,0.000061,0.000000,0.000000,437.560006,315.954978,1
14.604000,4.626437,-0.320896,0.230889,-0.144940,0.003716,0.148656,-0.166118,0.107878,-0.002766,-0.110644,1.512185,-0.752848,0.019304,0.772152,-2.235655,-1.153704,0.029582,1.183286,0.216236,0.004491,-0.000115,-0.004607,-0.060668,2.952685,-0.075710,-3.028394,-1.093678,0.554163,-0.014209,-0.568372,0.192652,-0.041925,0.001075,0.043000,-0.029802,0.903656,-0.023171,-0.926827,-0.094819,0.039606,-0.001016,-0.040622,0.588147,0.113163,-0.002902,-0.116065,0.401370,-1.179926,0.030255,1.210181,-1.418313,0.000000,0.000000,0.000000,3.652154,7.330706,1.628038,-4.346821,-6.567518,0.726267,0.000000,0.000000,0.000000,0.000075,0.000000,0.000000,437.634727,315.953380,1
14.608000,4.637174,-0.317927,0.232284,-0.172349,0.004419,0.176768,-0.257017,0.069622,-0.001785,-0.071407,1.504608,-0.506988,0.013000,0.519988,-2.017441,-0.666689,0.017095,0.683784,-0.001423,-0.002764,0.000071,0.002835,-0.033232,2.218366,-0.056881,-2.275247,-0.727860,0.289866,-0.007432,-0.297299,0.370987,-0.043303,0.001110,0.044413,-0.026723,-0.461564,0.011835,0.473399,0.383038,0.015271,-0.000392,-0.015662,0.556217,0.175149,-0.004491,-0.179640,0.360785,-1.112227,0.028519,1.140746,-1.128993,0.000000,0.000000,0.000000,3.290053,6.991191,1.420429,-4.122041,-5.952911,0.695539,0.000000,0.000000,0.000000,0.000045,0.000000,0.000000,437.652780,315.950026,1
14.618000,4.638496,-0.317555,0.229254,-0.172349,0.004419,0.176768,-0.259086,0.069622,-0.001785,-0.071407,1.579656,-0.506988,0.013000,0.519988,-2.196740,-0.666689,0.017095,0.683784,0.007030,-0.002764,0.000071,0.002835,-0.037025,2.218366,-0.056881,-2.275247,-0.869361,0.289866,-0.007432,-0.297299,0.350198,-0.043303,0.001110,0.044413,-0.024544,-0.461564,0.011835,0.473399,0.303563,0.015271,-0.000392,-0.015662,0.629250,0.175149,-0.004491,-0.179640,0.365631,-1.112227,0.028519,1.140746,-1.337397,0.000000,0.000000,0.000000,3.435591,7.291858,1.463119,-4.240980,-6.189340,0.798163,0.000000,0.000000,0.000000,0.000051,0.000000,0.000000,437.704118,315.941217,1
14.624000,4.644582,-0.317098,0.228649,-0.085389,0.002189,0.087579,-0.313009,0.480060,-0.012309,-0.492370,1.461770,-1.462370,0.037497,1.499867,-2.060557,-0.393364,0.010086,0.403451,-0.028420,-0.000305,0.000008,0.000312,-0.051185,2.599534,-0.066655,-2.666189,-0.772688,0.094496,-0.002423,-0.096919,0.764718,-0.033955,0.000871,0.034826,-0.033460,-0.069682,0.001787,0.071468,0.273467,-0.177160,0.004543,0.181702,0.489663,0.701237,-0.017980,-0.719217,0.200356,-2.024010,0.051898,2.075908,-1.004226,0.000000,0.000000,0.000000,3.328035,7.675751,1.801313,-4.367806,-6.777228,0.891076,0.000000,0.000000,0.000000,0.000083,0.000000,0.000000,437.754050,315.917310,1
14.634000,4.645803,-0.316665,0.225758,-0.085389,0.002189,0.087579,-0.293454,0.480060,-0.012309,-0.492370,1.499990,-1.462370,0.037497,1.499867,-2.157068,-0.393364,0.010086,0.403451,-0.006870,-0.000305,0.000008,0.000312,-0.052871,2.599534,-0.066655,-2.666189,-0.990587,0.094496,-0.002423,-0.096919,0.730071,-0.033955,0.000871,0.034826,-0.031126,-0.069682,0.001787,0.071468,0.153645,-0.177160,0.004543,0.181702,0.606433,0.701237,-0.017980,-0.719217,0.168382,-2.024010,0.051898,2.075908,-1.155727,0.000000,0.000000,0.000000,3.445392,7.831902,1.787297,-4.410396,-6.868008,0.960471,0.000000,0.000000,0.000000,0.000094,0.000000,0.000000,437.847617,315.878988,1
14.638000,4.653644,-0.318597,0.231639,-0.161187,0.004133,0.165320,-0.039828,0.962613,-0.024682,-0.987295,1.191181,-1.842808,0.047251,1.890059,-1.964417,-0.374668,0.009607,0.384275,-0.094132,0.005088,-0.000130,-0.005218,-0.045694,2.551114,-0.065413,-2.616527,-0.837618,-0.418397,0.010728,0.429125,1.105636,-0.283509,0.007269,0.290778,-0.015483,-1.052871,0.026997,1.079867,0.838185,-0.558460,0.014319,0.572780,0.786181,1.516138,-0.038875,-1.555014,-0.208801,-2.673432,0.068550,2.741982,-0.535779,-0.001487,-0.009927,-0.006158,3.480225,6.942524,1.368698,-4.306700,-6.593770,0.962764,0.000000,0.000000,0.000000,0.000108,0.000000,0.000000,437.890624,315.870752,1
14.648000,4.654896,-0.318198,0.229105,-0.161187,0.004133,0.165320,-0.023939,0.962613,-0.024682,-0.987295,1.222061,-1.842808,0.047251,1.890059,-2.013691,-0.374668,0.009607,0.384275,-0.047926,0.005088,-0.000130,-0.005218,-0.045278,2.551114,-0.065413,-2.616527,-1.002985,-0.418397,0.010728,0.429125,1.105510,-0.283509,0.007269,0.290778,-0.025106,-1.052871,0.026997,1.079867,0.682206,-0.558460,0.014319,0.572780,0.895550,1.516138,-0.038875,-1.555014,-0.201968,-2.673432,0.068550,2.741982,-0.695234,-0.035102,-0.261463,-0.158237,3.684546,7.375688,1.441753,-4.466708,-6.650239,0.931374,-0.022078,0.002390,0.012658,0.000116,0.000000,0.000000,438.006736,315.847894,1
